-8.567 -9.372 0.012 131
-8.575 -9.412 0.012 132
-8.575 -9.399 0.012 131
-8.569 -9.381 0.012 130
-8.566 -9.386 0.012 131
-8.574 -9.453 0.012 129
-8.573 -9.406 0.012 133
-8.577 -9.471 0.013 128
-8.563 -9.387 0.012 130
-8.572 -9.356 0.012 130
-8.562 -9.365 0.011 131
-8.571 -9.392 0.012 131
-8.573 -9.356 0.012 130
-8.562 -9.375 0.012 131
-8.886 -9.654 0.414 118
-8.917 -9.718 0.399 151
-8.870 -9.646 0.394 149
-8.876 -9.652 0.397 153
-8.930 -9.728 0.410 140
-8.949 -9.750 0.422 121
-8.892 -9.688 0.387 163
-8.879 -9.650 0.405 131
-8.915 -9.696 0.419 136
-8.899 -9.691 0.396 172
-8.944 -9.741 0.421 133
-8.924 -9.724 0.405 153
-8.866 -9.611 0.424 130
-8.880 -9.632 0.426 114
-8.865 -9.618 0.416 113
-8.846 -9.633 0.367 108
-8.867 -9.609 0.428 131
-8.855 -9.633 0.382 111
-8.897 -9.675 0.410 135
-8.855 -9.637 0.378 106
-8.863 -9.637 0.391 112
-8.895 -9.671 0.411 148
-8.872 -9.614 0.433 118
-8.883 -9.674 0.388 155
-8.851 -9.625 0.383 106
-8.875 -9.653 0.396 153
-8.895 -9.667 0.415 138
-8.861 -9.620 0.406 114
-8.902 -9.682 0.412 133
-8.861 -9.624 0.402 114
-8.853 -9.621 0.392 113
-8.902 -9.664 0.430 140
-8.849 -9.634 0.370 108
-8.885 -9.641 0.425 130
-8.863 -9.644 0.383 125
-8.874 -9.668 0.377 139
-8.897 -9.685 0.399 162
-8.902 -9.666 0.428 137
-8.876 -9.623 0.430 103
-8.904 -9.669 0.430 141
-8.904 -9.680 0.418 116
-8.918 -9.707 0.413 136
-8.876 -9.621 0.431 102
-8.894 -9.674 0.406 146
-8.870 -9.643 0.398 133
-8.889 -9.644 0.430 141
-8.953 -9.759 0.418 156
-8.848 -9.631 0.372 103
-8.913 -9.698 0.413 111
-8.924 -9.723 0.405 150
-8.919 -9.701 0.421 128
-8.867 -9.659 0.375 148
-8.911 -9.684 0.424 112
-8.862 -9.634 0.393 107
-8.910 -9.700 0.406 127
-8.891 -9.654 0.422 130
-8.878 -9.628 0.428 107
-8.927 -9.724 0.410 137
-8.889 -9.681 0.390 166
-8.893 -9.673 0.404 145
-8.885 -9.650 0.415 96
-8.859 -9.654 0.366 93
-8.863 -9.626 0.403 115
-8.935 -9.729 0.420 107
-8.861 -9.624 0.402 114
-8.924 -9.705 0.425 120
-8.939 -9.729 0.426 117
-8.867 -9.650 0.385 153
-8.881 -9.645 0.414 101
-8.853 -9.633 0.379 110
-8.856 -9.633 0.383 105
-8.896 -9.670 0.413 144
-8.869 -9.625 0.415 97
-8.854 -9.648 0.364 112
-8.861 -9.637 0.387 115
-8.855 -9.620 0.397 115
-8.860 -9.628 0.395 114
-8.850 -9.645 0.360 103
-8.899 -9.689 0.399 161
-8.885 -9.679 0.385 159
-8.910 -9.694 0.414 111
-8.892 -9.686 0.389 168
-8.882 -9.681 0.378 133
-8.943 -9.735 0.427 129
-8.926 -9.728 0.405 157
-8.885 -9.658 0.408 134
-8.885 -9.649 0.417 103
-8.859 -9.653 0.368 96
-8.866 -9.652 0.381 156
-8.591 -10.076 0.562 179
-8.647 -10.096 0.585 178
-8.622 -10.088 0.581 179
-8.632 -10.092 0.584 180
-8.667 -10.105 0.604 177
-8.627 -10.090 0.581 178
-8.638 -10.092 0.576 176
-8.584 -10.075 0.565 177
-8.661 -10.101 0.594 179
-8.599 -10.079 0.564 178
-8.565 -10.068 0.557 177
-8.642 -10.095 0.587 179
-8.655 -10.100 0.594 180
-8.678 -10.109 0.610 175
-8.628 -10.089 0.572 177
-8.914 -10.007 0.445 120
-8.895 -10.009 0.471 115
-8.910 -10.008 0.516 106
-8.909 -10.008 0.485 114
-8.900 -10.009 0.482 118
-8.902 -10.009 0.538 111
-8.898 -10.009 0.455 122
-8.926 -10.006 0.404 123
-8.908 -10.008 0.520 127
-8.899 -10.009 0.551 107
-8.898 -10.009 0.492 119
-8.922 -10.006 0.393 111
-8.906 -10.008 0.446 120
-8.911 -10.008 0.480 116
-8.910 -10.008 0.463 118
-8.907 -10.008 0.456 113
-8.902 -10.009 0.526 112
-8.900 -10.009 0.518 114
-8.906 -10.008 0.520 119
-8.897 -10.009 0.521 126
-8.903 -10.009 0.477 120
-8.920 -10.007 0.446 112
-8.910 -10.008 0.439 114
-8.902 -10.009 0.437 127
-8.922 -10.006 0.400 113
-8.922 -10.006 0.432 106
-8.904 -10.008 0.476 114
-8.909 -10.008 0.413 122
-8.909 -10.008 0.407 84
-8.900 -10.009 0.533 125
-8.892 -10.010 0.456 123
-8.901 -10.009 0.414 124
-8.902 -10.009 0.430 128
-8.921 -10.006 0.402 114
-8.897 -10.009 0.435 122
-8.898 -10.009 0.552 95
-8.901 -10.009 0.513 108
-8.897 -10.009 0.527 133
-8.592 -9.602 0.419 113
-8.757 -9.590 0.417 111
-8.726 -9.598 0.423 132
-8.567 -9.603 0.419 155
-8.757 -9.591 0.418 111
-8.764 -9.590 0.418 110
-8.824 -9.600 0.429 138
-8.791 -9.603 0.430 136
-8.641 -9.601 0.421 97
-8.751 -9.580 0.409 163
-8.633 -9.598 0.418 94
-8.768 -9.603 0.429 136
-8.757 -9.596 0.422 122
-8.622 -9.597 0.417 92
-8.597 -9.598 0.417 109
-8.694 -9.603 0.426 99
-8.667 -9.592 0.415 96
-8.749 -9.598 0.423 122
-8.729 -9.600 0.424 131
-8.724 -9.585 0.412 132
-8.739 -9.585 0.412 126
-8.707 -9.602 0.425 131
-8.803 -9.596 0.424 111
-8.604 -9.600 0.419 112
-8.694 -9.595 0.419 97
-8.768 -9.602 0.428 136
-8.852 -9.605 0.434 143
-8.794 -9.599 0.426 133
-8.629 -9.599 0.419 95
-8.729 -9.595 0.420 112
-8.738 -9.597 0.422 115
-8.606 -9.597 0.416 105
-8.679 -9.590 0.414 102
-8.804 -9.604 0.431 137
-8.648 -9.594 0.416 92
-8.784 -9.601 0.428 132
-8.627 -9.597 0.417 91
-8.747 -9.588 0.415 115
-8.659 -9.600 0.421 86
-8.801 -9.593 0.422 104
-8.828 -9.602 0.431 139
-8.729 -9.591 0.417 103
-8.677 -9.590 0.414 101
-8.625 -9.599 0.419 94
-8.738 -9.601 0.426 135
-8.770 -9.598 0.425 125
-8.714 -9.589 0.415 116
-8.796 -9.592 0.421 107
-8.730 -9.583 0.410 133
-8.601 -9.599 0.417 108
-8.841 -9.606 0.434 144
-8.782 -9.601 0.428 132
-8.797 -9.590 0.419 114
-8.574 -9.603 0.419 165
-8.737 -9.589 0.415 112
-8.562 -9.701 0.426 158
-8.733 -9.605 0.429 139
-8.718 -9.684 0.433 117
-8.798 -9.619 0.433 136
-8.640 -9.738 0.433 152
-8.656 -9.622 0.426 107
-8.706 -9.628 0.429 112
-8.698 -9.715 0.434 122
-8.638 -9.675 0.428 136
-8.666 -9.671 0.430 163
-8.547 -9.724 0.427 158
-8.583 -9.768 0.432 127
-8.595 -9.612 0.422 121
-8.817 -9.614 0.434 125
-8.562 -9.687 0.425 158
-8.735 -9.672 0.433 121
-8.626 -9.647 0.426 114
-8.588 -9.684 0.426 126
-8.733 -9.634 0.431 144
-8.848 -9.619 0.436 114
-8.783 -9.636 0.434 158
-8.732 -9.711 0.436 145
-8.668 -9.738 0.434 134
-8.630 -9.800 0.437 150
-8.574 -9.622 0.421 159
-8.741 -9.676 0.434 116
-8.634 -9.808 0.437 147
-8.650 -9.744 0.434 116
-8.607 -9.616 0.422 125
-8.768 -9.693 0.437 109
-8.549 -9.681 0.424 160
-8.591 -9.718 0.429 131
-8.565 -9.701 0.426 157
-8.669 -9.622 0.426 106
-8.543 -9.774 0.430 159
-8.586 -9.781 0.433 133
-8.578 -9.689 0.426 126
-8.626 -9.681 0.428 96
-8.543 -9.791 0.431 158
-8.810 -9.617 0.434 113
-8.587 -9.772 0.432 130
-8.552 -9.656 0.422 157
-8.766 -9.622 0.432 120
-8.529 -9.894 0.438 155
-8.649 -9.770 0.436 135
-8.569 -9.686 0.425 158
-8.633 -9.629 0.425 150
-8.841 -9.631 0.436 116
-8.592 -9.666 0.425 124
-8.598 -9.618 0.422 117
-8.618 -9.613 0.423 101
-8.637 -9.727 0.432 155
-8.664 -9.617 0.426 104
-8.567 -9.688 0.425 158
-8.650 -9.629 0.426 125
-8.569 -9.824 0.435 121
-8.729 -9.634 0.430 142
-8.732 -9.680 0.434 114
-8.607 -9.609 0.422 118
-8.720 -9.715 0.436 139
-8.652 -9.605 0.424 106
-8.774 -9.629 0.433 131
-8.605 -9.741 0.431 117
-8.605 -9.829 0.437 94
-8.766 -9.628 0.432 118
-8.719 -9.669 0.432 113
-8.735 -9.634 0.431 145
-8.667 -9.678 0.430 148
-8.617 -9.774 0.434 117
-8.705 -9.718 0.435 142
-8.578 -9.755 0.431 115
-8.563 -9.660 0.423 158
-8.626 -9.688 0.429 116
-8.624 -9.675 0.428 160
-8.602 -9.740 0.431 126
-8.714 -9.693 0.434 107
-8.638 -9.729 0.432 153
-8.644 -9.690 0.430 133
-8.620 -9.624 0.424 103
-8.559 -9.662 0.423 156
-8.698 -9.647 0.430 95
-8.618 -9.754 0.433 164
-8.615 -9.705 0.429 102
-8.598 -9.700 0.428 124
-8.673 -9.705 0.432 128
-8.657 -9.779 0.437 124
-8.602 -9.793 0.435 103
-8.644 -9.757 0.434 141
-8.646 -9.696 0.430 139
-8.642 -9.767 0.435 140
-8.617 -9.684 0.428 124
-8.619 -9.786 0.435 149
-8.589 -9.715 0.428 132
-8.547 -9.626 0.420 159
-8.702 -9.746 0.437 138
-8.685 -9.738 0.435 132
-8.565 -9.737 0.429 164
-8.649 -9.691 0.430 127
-8.755 -9.648 0.433 145
-8.551 -9.838 0.435 160
-8.609 -9.642 0.424 126
-8.707 -9.723 0.435 142
-8.620 -9.684 0.428 118
-8.597 -9.741 0.431 135
-8.677 -9.741 0.435 135
-8.726 -9.658 0.432 111
-8.660 -9.693 0.431 114
-8.617 -9.689 0.428 112
-8.676 -9.746 0.435 131
-8.598 -9.742 0.431 134
-8.666 -9.699 0.432 113
-8.737 -9.621 0.430 143
-8.539 -9.729 0.427 157
-8.594 -9.726 0.429 132
-8.583 -9.629 0.422 105
-8.759 -9.615 0.431 142
-8.557 -9.866 0.437 170
-8.535 -9.828 0.433 160
-8.602 -9.820 0.436 113
-8.786 -9.639 0.434 144
-8.602 -9.740 0.431 126
-8.533 -9.818 0.433 160
-8.672 -9.758 0.436 134
-8.651 -9.712 0.432 109
-8.547 -9.827 0.434 158
-8.654 -9.670 0.429 108
-8.577 -9.733 0.429 119
-8.639 -9.726 0.432 155
-8.765 -9.681 0.436 119
-8.709 -9.638 0.430 133
-8.852 -9.609 0.436 132
-8.550 -9.679 0.424 160
-8.538 -9.738 0.427 157
-8.767 -9.680 0.436 119
-8.632 -9.790 0.436 156
-8.755 -9.664 0.434 120
-8.586 -9.750 0.431 124
-8.679 -9.716 0.433 133
-8.556 -9.794 0.432 158
-8.721 -9.666 0.432 108
-8.578 -9.670 0.425 117
-8.712 -9.677 0.432 119
-8.720 -9.687 0.434 114
-8.566 -9.687 0.425 158
-8.540 -9.761 0.429 160
-8.681 -9.633 0.428 112
-8.740 -9.715 0.437 156
-8.751 -9.661 0.434 123
-8.612 -9.670 0.427 112
-8.812 -9.614 0.434 119
-8.609 -9.682 0.427 118
-8.653 -9.701 0.431 119
-8.713 -9.697 0.434 107
-8.707 -9.652 0.430 135
-8.673 -9.617 0.426 103
-8.644 -9.639 0.426 131
-8.574 -9.672 0.425 164
-8.616 -9.784 0.435 153
-8.563 -9.723 0.428 159
-8.738 -9.633 0.431 148
-8.578 -9.713 0.428 110
-8.642 -9.755 0.434 142
-8.600 -9.621 0.422 120
-8.580 -9.634 0.422 139
-8.727 -9.610 0.429 133
-8.606 -9.784 0.434 100
-8.606 -9.824 0.437 119
-8.727 -9.672 0.433 119
-8.631 -9.769 0.435 153
-8.736 -9.694 0.435 113
-8.551 -9.797 0.432 159
-8.822 -9.613 0.434 129
-8.554 -9.823 0.434 161
-8.757 -9.628 0.432 119
-8.803 -9.651 0.436 116
-8.531 -9.878 0.437 157
-8.777 -9.626 0.433 129
-8.529 -9.872 0.436 157
-8.592 -9.783 0.433 135
-8.747 -9.628 0.431 139
-8.808 -9.611 0.433 134
-8.672 -9.765 0.436 124
-8.588 -9.834 0.437 125
-8.583 -9.799 0.434 129
-8.591 -9.797 0.434 129
-8.612 -9.606 0.422 115
-8.749 -9.666 0.434 119
-8.581 -9.852 0.438 125
-8.666 -9.609 0.425 107
-8.574 -9.808 0.434 123
-8.608 -9.759 0.432 112
-8.754 -9.659 0.434 121
-8.599 -9.662 0.425 127
-8.723 -9.691 0.434 111
-8.592 -9.675 0.426 126
-8.604 -9.614 0.422 123
-8.597 -9.735 0.430 135
-8.675 -9.617 0.426 104
-8.690 -9.627 0.428 106
-8.554 -9.735 0.428 157
-8.605 -9.793 0.435 93
-8.810 -9.613 0.433 123
-8.673 -9.760 0.436 128
-8.630 -9.641 0.426 99
-8.534 -9.834 0.434 159
-8.667 -9.732 0.434 120
-8.790 -9.633 0.434 146
-8.676 -9.634 0.428 114
-8.577 -9.643 0.423 168
-8.692 -9.641 0.429 119
-8.815 -9.651 0.436 112
-8.640 -9.792 0.437 134
-8.738 -9.630 0.431 150
-8.668 -9.733 0.434 126
-8.837 -9.607 0.434 141
-8.741 -9.686 0.435 103
-8.698 -9.673 0.431 127
-8.535 -9.821 0.433 160
-8.596 -9.698 0.428 123
-8.598 -9.840 0.438 133
-8.601 -9.632 0.423 123
-8.552 -9.876 0.438 152
-8.597 -9.720 0.429 130
-8.665 -9.705 0.432 110
-8.605 -9.726 0.430 125
-8.695 -9.691 0.433 103
-8.703 -9.748 0.437 138
-8.715 -9.700 0.434 107
-8.567 -9.772 0.431 172
-8.576 -9.714 0.428 110
-8.579 -9.693 0.426 113
-8.810 -9.631 0.435 119
-8.545 -9.697 0.425 158
-8.734 -9.609 0.429 135
-8.659 -9.705 0.432 128
-8.745 -9.649 0.432 148
-8.582 -9.692 0.426 113
-8.559 -9.822 0.434 167
-8.604 -9.614 0.422 123
-8.576 -9.626 0.422 157
-8.609 -9.785 0.434 105
-8.795 -9.637 0.434 131
-8.685 -9.670 0.431 123
-8.649 -9.656 0.428 135
-8.549 -9.772 0.430 158
-8.666 -9.618 0.426 101
-8.557 -9.657 0.423 153
-8.612 -9.738 0.431 110
-8.775 -9.657 0.435 123
-8.616 -9.823 0.437 160
-8.707 -9.692 0.433 109
-8.568 -9.603 0.419 155
-8.759 -9.639 0.432 137
-8.546 -9.817 0.433 155
-8.551 -9.714 0.426 158
-8.677 -9.750 0.436 133
-8.707 -9.679 0.432 123
-8.586 -9.806 0.435 128
-8.561 -9.676 0.424 157
-8.551 -9.815 0.433 158
-8.551 -9.677 0.424 160
-8.667 -9.629 0.427 118
-8.672 -9.630 0.427 115
-8.729 -9.666 0.433 117
-8.582 -9.837 0.437 127
-8.626 -9.787 0.436 159
-8.632 -9.799 0.437 150
-8.711 -9.737 0.437 108
-8.761 -9.695 0.436 124
-8.714 -9.736 0.437 101
-8.581 -9.687 0.426 116
-8.732 -9.658 0.432 124
-8.555 -9.659 0.423 153
-8.699 -9.654 0.430 111
-8.737 -9.673 0.434 119
-8.556 -9.653 0.422 159
-8.615 -9.781 0.434 135
-8.643 -9.747 0.434 145
-8.601 -9.753 0.432 129
-8.730 -9.713 0.436 146
-8.553 -9.839 0.435 161
-8.562 -9.776 0.431 160
-8.675 -9.686 0.431 121
-8.641 -9.752 0.434 152
-8.764 -9.659 0.434 121
-8.564 -9.734 0.428 160
-8.761 -9.672 0.435 116
-8.572 -9.827 0.435 121
-8.570 -9.816 0.434 114
-8.566 -9.832 0.435 127
-8.674 -9.639 0.428 107
-8.838 -9.619 0.435 128
-8.596 -9.707 0.428 132
-8.823 -9.642 0.436 113
-8.609 -9.604 0.422 111
-8.558 -9.838 0.435 170
-8.627 -9.690 0.429 123
-8.604 -9.811 0.436 127
-8.770 -9.692 0.437 105
-8.703 -9.641 0.429 139
-8.535 -9.787 0.430 160
-8.837 -9.606 0.434 141
-8.592 -9.843 0.437 129
-8.539 -9.745 0.428 158
-8.569 -9.681 0.425 159
-8.674 -9.716 0.433 122
-8.570 -9.721 0.428 174
-8.752 -9.643 0.432 146
-8.554 -9.798 0.432 159
-8.550 -9.625 0.420 158
-8.571 -9.849 0.437 131
-8.583 -9.660 0.424 109
-8.630 -9.654 0.426 128
-8.643 -9.743 0.433 149
-8.549 -9.694 0.425 158
-8.579 -9.825 0.436 122
-8.724 -9.723 0.436 130
-8.710 -9.690 0.433 110
-8.555 -9.797 0.432 158
-8.640 -9.671 0.428 132
-8.685 -9.678 0.431 127
-8.733 -9.653 0.432 141
-8.648 -9.701 0.431 127
-8.705 -9.652 0.430 135
-8.615 -9.819 0.437 155
-8.584 -9.764 0.432 126
-8.759 -9.681 0.435 116
-8.605 -9.607 0.422 116
-8.682 -9.638 0.428 113
-8.620 -9.747 0.432 153
-8.666 -9.780 0.437 132
-8.536 -9.789 0.431 160
-8.554 -9.829 0.434 164
-8.680 -9.644 0.428 114
-8.662 -9.762 0.436 97
-8.621 -9.729 0.431 116
-8.582 -9.781 0.433 126
-8.674 -9.658 0.429 114
-8.755 -9.666 0.434 120
-8.572 -9.770 0.431 106
-8.546 -9.718 0.426 158
-8.680 -9.642 0.428 114
-8.678 -9.734 0.435 137
-8.846 -9.622 0.436 118
-8.651 -9.774 0.436 115
-8.742 -9.637 0.431 142
-8.658 -9.619 0.426 105
-8.700 -9.706 0.434 111
-8.809 -9.647 0.436 117
-8.587 -9.669 0.425 123
-8.553 -9.627 0.420 158
-8.636 -9.615 0.424 108
-8.579 -9.790 0.433 125
-8.653 -9.617 0.425 111
-8.699 -9.752 0.437 138
-8.749 -9.642 0.432 146
-8.707 -9.669 0.432 112
-8.709 -9.744 0.437 122
-8.666 -9.616 0.426 102
-8.599 -9.825 0.437 122
-8.609 -9.762 0.433 130
-8.684 -9.702 0.433 138
-8.804 -9.644 0.435 120
-8.759 -9.689 0.436 117
-8.544 -9.854 0.436 155
-8.636 -9.752 0.434 156
-8.678 -9.691 0.432 124
-8.568 -9.715 0.427 163
-8.551 -9.831 0.434 158
-8.720 -9.626 0.429 115
-8.666 -9.777 0.437 133
-8.654 -9.642 0.427 113
-8.584 -9.735 0.430 123
-8.577 -9.646 0.423 169
-8.599 -9.737 0.430 134
-8.716 -9.669 0.432 113
-8.577 -9.661 0.424 154
-8.708 -9.664 0.431 114
-8.570 -9.851 0.437 127
-8.623 -9.690 0.429 107
-8.593 -9.695 0.427 126
-8.809 -9.639 0.435 122
-8.599 -9.605 0.421 113
-8.568 -9.814 0.434 114
-8.683 -9.737 0.435 132
-8.675 -9.729 0.434 126
-8.546 -9.665 0.423 159
-8.647 -9.772 0.436 116
-8.660 -9.697 0.431 114
-8.727 -9.667 0.433 111
-8.578 -9.732 0.429 119
-8.744 -9.635 0.431 138
-8.617 -9.666 0.427 92
-8.567 -9.660 0.423 155
-8.628 -9.751 0.433 147
-8.612 -9.792 0.435 150
-8.722 -9.621 0.429 123
-8.576 -9.699 0.427 142
-8.612 -9.656 0.426 122
-8.550 -9.822 0.434 154
-8.546 -9.673 0.423 160
-8.568 -9.697 0.426 162
-8.542 -9.777 0.430 159
-8.662 -9.647 0.428 114
-8.544 -9.768 0.430 158
-8.789 -9.625 0.433 137
-8.640 -9.734 0.433 148
-8.537 -9.773 0.430 159
-8.671 -9.618 0.426 103
-8.708 -9.685 0.433 118
-8.734 -9.715 0.436 147
-8.667 -9.782 0.437 132
-8.743 -9.605 0.429 137
-8.551 -9.768 0.430 158
-8.752 -9.652 0.433 141
-8.694 -9.643 0.429 120
-8.754 -9.689 0.436 116
-8.849 -9.616 0.436 118
-8.588 -9.806 0.435 128
-8.529 -9.877 0.436 157
-8.819 -9.609 0.434 133
-8.644 -9.624 0.425 120
-8.642 -9.624 0.425 121
-8.556 -9.819 0.434 162
-8.756 -9.663 0.434 120
-8.648 -9.760 0.435 99
-8.580 -9.630 0.422 151
-8.542 -9.777 0.430 159
-8.783 -9.669 0.436 111
-8.765 -9.668 0.435 118
-8.556 -9.633 0.421 156
-8.629 -9.698 0.429 135
-8.735 -9.625 0.430 144
-8.790 -9.609 0.432 146
-8.706 -9.703 0.434 108
-8.587 -9.608 0.421 109
-8.721 -9.631 0.430 119
-8.786 -9.653 0.435 126
-8.696 -9.726 0.435 124
-8.559 -9.862 0.437 168
-8.565 -9.628 0.421 153
-8.578 -9.799 0.434 125
-8.556 -9.685 0.425 156
-8.698 -9.738 0.436 129
-8.806 -9.644 0.435 120
-8.689 -9.693 0.432 128
-8.827 -9.632 0.436 122
-8.594 -9.715 0.429 127
-8.627 -9.752 0.433 146
-8.549 -9.712 0.426 158
-8.564 -9.747 0.429 163
-8.718 -9.625 0.429 116
-8.825 -9.612 0.434 133
-8.629 -9.707 0.430 142
-8.724 -9.670 0.433 115
-8.590 -9.670 0.425 125
-8.555 -9.609 0.419 159
-8.818 -9.607 0.434 140
-8.668 -9.757 0.436 130
-8.685 -9.624 0.427 108
-8.545 -9.671 0.423 160
-8.617 -9.793 0.435 141
-8.692 -9.611 0.427 111
-8.753 -9.607 0.430 139
-8.665 -9.687 0.431 95
-8.717 -9.713 0.435 129
-8.722 -9.677 0.433 123
-8.740 -9.649 0.432 150
-8.747 -9.614 0.430 139
-8.608 -9.700 0.428 123
-8.541 -9.856 0.436 157
-8.580 -9.787 0.433 124
-8.553 -9.847 0.436 161
-8.677 -9.646 0.428 104
-8.593 -9.775 0.433 132
-8.718 -9.661 0.432 99
-8.558 -9.732 0.428 157
-8.618 -9.700 0.429 113
-8.612 -9.657 0.426 122
-8.762 -9.629 0.432 112
-8.785 -9.678 0.437 132
-8.802 -9.623 0.434 121
-8.674 -9.671 0.430 109
-8.566 -9.724 0.428 161
-8.569 -9.730 0.428 175
-8.715 -9.707 0.435 110
-8.910 -9.847 0.421 112
-8.916 -9.778 0.426 119
-8.883 -9.667 0.433 116
-8.918 -9.785 0.425 111
-8.894 -9.918 0.417 109
-8.954 -9.777 0.426 137
-8.881 -9.705 0.430 116
-8.918 -9.778 0.426 120
-8.933 -9.718 0.429 129
-8.939 -9.811 0.424 121
-8.927 -9.793 0.425 122
-8.899 -9.891 0.419 130
-8.937 -9.820 0.423 126
-8.956 -9.798 0.424 123
-8.913 -9.793 0.425 110
-8.881 -9.711 0.430 112
-8.936 -9.828 0.423 105
-8.911 -9.866 0.420 124
-8.890 -9.718 0.429 149
-8.956 -9.790 0.425 116
-8.926 -9.716 0.429 109
-8.878 -9.754 0.427 127
-8.933 -9.762 0.427 124
-8.885 -9.788 0.425 141
-8.908 -9.810 0.424 133
-8.943 -9.791 0.425 104
-8.910 -9.825 0.423 109
-8.891 -9.990 0.413 111
-8.893 -9.914 0.417 112
-8.871 -9.629 0.435 102
-8.917 -9.911 0.417 129
-8.887 -9.974 0.414 120
-8.941 -9.831 0.422 100
-8.944 -9.803 0.424 110
-8.904 -9.723 0.429 126
-8.890 -9.832 0.422 115
-8.931 -9.723 0.429 130
-8.887 -9.670 0.432 116
-8.907 -9.826 0.423 109
-8.896 -9.727 0.429 140
-8.907 -9.799 0.424 99
-8.899 -9.676 0.432 136
-8.930 -9.856 0.421 130
-8.921 -9.909 0.418 132
-8.886 -9.850 0.421 120
-8.884 -9.907 0.418 123
-8.909 -9.757 0.427 109
-8.952 -9.805 0.424 117
-8.902 -9.901 0.418 133
-8.905 -9.760 0.427 118
-8.897 -9.942 0.416 132
-8.941 -9.777 0.426 128
-8.894 -9.715 0.430 148
-8.873 -9.658 0.433 142
-8.886 -9.771 0.426 153
-8.928 -9.727 0.429 131
-8.927 -9.811 0.424 115
-8.904 -9.858 0.421 119
-8.900 -9.802 0.424 105
-8.894 -9.838 0.422 99
-8.927 -9.744 0.428 109
-8.919 -9.782 0.425 116
-8.959 -9.791 0.425 125
-8.904 -9.928 0.416 121
-8.936 -9.776 0.426 125
-8.882 -9.677 0.432 128
-8.904 -9.678 0.432 129
-8.895 -9.749 0.427 135
-8.920 -9.866 0.420 126
-8.889 -9.791 0.425 140
-8.962 -9.768 0.426 140
-8.881 -9.640 0.434 130
-8.937 -9.817 0.423 127
-8.927 -9.715 0.430 109
-8.895 -9.935 0.416 135
-8.926 -9.887 0.419 104
-8.938 -9.772 0.426 127
-8.890 -9.997 0.412 114
-8.898 -9.903 0.418 129
-8.957 -9.762 0.427 121
-8.908 -9.833 0.422 98
-8.903 -9.915 0.417 120
-8.886 -9.713 0.430 129
-8.888 -9.672 0.432 126
-8.922 -9.818 0.423 120
-8.882 -9.839 0.422 127
-8.909 -9.923 0.417 113
-8.886 -9.839 0.422 121
-8.918 -9.875 0.420 125
-8.924 -9.713 0.430 100
-8.940 -9.792 0.425 104
-8.899 -9.730 0.429 142
-8.905 -9.923 0.417 120
-8.875 -9.694 0.431 140
-8.891 -9.992 0.413 112
-8.919 -9.775 0.426 125
-8.907 -9.923 0.417 119
-8.891 -9.766 0.426 158
-8.894 -9.681 0.432 137
-8.905 -9.852 0.421 119
-8.936 -9.736 0.428 126
-8.889 -9.722 0.429 146
-8.892 -9.894 0.419 133
-8.918 -9.846 0.421 109
-8.928 -9.873 0.420 104
-8.907 -9.720 0.429 120
-8.930 -9.728 0.429 130
-8.903 -9.758 0.427 124
-8.912 -9.827 0.423 104
-8.881 -9.792 0.425 138
-8.909 -9.820 0.423 121
-8.945 -9.801 0.424 104
-8.925 -9.808 0.424 120
-8.886 -9.895 0.418 130
-8.914 -9.690 0.431 134
-8.871 -9.616 0.436 113
-8.951 -9.804 0.424 117
-8.878 -9.645 0.434 136
-8.928 -9.841 0.422 95
-8.895 -9.673 0.432 128
-8.941 -9.772 0.426 127
-8.881 -9.732 0.429 141
-8.886 -9.645 0.434 133
-8.930 -9.782 0.425 127
-8.895 -9.841 0.422 100
-8.902 -9.813 0.424 137
-8.898 -9.781 0.425 131
-8.892 -9.960 0.414 119
-8.937 -9.826 0.423 114
-8.903 -9.666 0.433 130
-8.897 -9.867 0.420 102
-8.909 -9.778 0.426 120
-8.952 -9.781 0.425 121
-8.940 -9.820 0.423 126
-8.872 -9.618 0.436 113
-8.930 -9.846 0.421 104
-8.936 -9.861 0.420 132
-8.910 -9.745 0.428 125
-8.915 -9.840 0.422 112
-8.890 -9.825 0.423 128
-8.937 -9.827 0.423 114
-8.891 -9.781 0.425 137
-8.938 -9.857 0.421 136
-8.874 -9.641 0.434 135
-8.892 -9.842 0.422 106
-8.888 -9.955 0.415 118
-8.896 -9.714 0.430 149
-8.910 -9.830 0.422 101
-8.889 -9.811 0.424 138
-8.909 -9.795 0.425 100
-8.890 -9.854 0.421 124
-8.911 -9.927 0.416 109
-8.890 -9.913 0.417 113
-8.901 -9.691 0.431 140
-8.900 -9.837 0.422 91
-8.931 -9.873 0.420 98
-8.907 -9.845 0.422 113
-8.889 -9.848 0.421 114
-8.884 -9.721 0.429 143
-8.880 -9.631 0.435 117
-8.918 -9.889 0.419 121
-8.897 -9.983 0.413 118
-8.912 -9.682 0.432 131
-8.877 -9.655 0.433 144
-8.906 -9.953 0.415 133
-8.892 -9.903 0.418 133
-8.893 -9.948 0.415 127
-8.935 -9.792 0.425 112
-8.905 -9.927 0.416 121
-8.902 -9.935 0.416 129
-8.895 -9.816 0.423 137
-8.897 -9.784 0.425 128
-8.910 -9.929 0.416 107
-8.907 -9.827 0.423 103
-8.928 -9.760 0.427 128
-8.891 -9.669 0.432 113
-8.879 -9.804 0.424 141
-8.903 -9.750 0.427 124
-8.917 -9.902 0.418 140
-8.910 -9.851 0.421 117
-8.844 -9.750 0.429 134
-8.613 -9.885 0.434 143
-8.754 -9.768 0.433 139
-8.864 -9.859 0.422 128
-8.678 -9.818 0.435 127
-8.719 -9.903 0.427 132
-8.775 -9.814 0.429 152
-8.765 -9.742 0.434 108
-8.848 -9.851 0.423 141
-8.781 -9.840 0.427 137
-8.810 -9.660 0.437 111
-8.624 -9.886 0.434 154
-8.827 -9.665 0.435 127
-8.595 -9.871 0.436 109
-8.746 -9.946 0.423 120
-8.720 -9.904 0.427 132
-8.647 -9.821 0.436 136
-8.618 -9.885 0.434 147
-8.599 -9.858 0.437 129
-8.827 -9.947 0.419 165
-8.723 -9.868 0.429 142
-8.875 -9.982 0.414 113
-8.654 -9.908 0.431 124
-8.683 -9.822 0.434 131
-8.599 -9.913 0.433 168
-8.794 -9.774 0.431 128
-8.775 -9.714 0.435 144
-8.553 -9.887 0.437 160
-8.866 -9.796 0.425 106
-8.554 -9.892 0.437 157
-8.692 -9.764 0.437 127
-8.833 -9.860 0.423 131
-8.756 -9.736 0.435 134
-8.660 -9.901 0.431 136
-8.689 -9.936 0.427 147
-8.750 -9.907 0.425 142
-8.827 -9.912 0.421 135
-8.874 -9.825 0.423 130
-8.810 -9.676 0.436 140
-8.770 -9.829 0.429 147
-8.767 -9.899 0.425 150
-8.669 -9.813 0.435 136
-8.720 -9.932 0.425 138
-8.568 -9.892 0.436 118
-8.729 -9.870 0.429 142
-8.641 -9.914 0.431 155
-8.762 -9.797 0.431 140
-8.750 -9.879 0.427 146
-8.822 -9.870 0.423 110
-8.817 -9.800 0.428 137
-8.853 -9.773 0.427 170
-8.750 -9.906 0.425 142
-8.663 -9.889 0.431 136
-8.740 -9.725 0.437 123
-8.749 -9.755 0.434 134
-8.860 -9.888 0.420 131
-8.701 -9.925 0.427 144
-8.874 -9.818 0.424 136
-8.759 -9.804 0.431 141
-8.778 -9.700 0.436 123
-8.836 -9.745 0.430 118
-8.621 -9.835 0.437 145
-8.715 -9.851 0.431 72
-8.711 -9.925 0.426 152
-8.737 -9.756 0.435 147
-8.609 -9.838 0.437 92
-8.718 -9.886 0.428 153
-8.764 -9.821 0.430 130
-8.867 -9.894 0.419 131
-8.823 -9.681 0.435 146
-8.864 -9.632 0.435 110
-8.852 -9.674 0.433 137
-8.655 -9.819 0.436 130
-8.824 -9.675 0.435 146
-8.735 -9.939 0.424 144
-8.794 -9.946 0.420 84
-8.850 -9.927 0.418 111
-8.720 -9.924 0.426 135
-8.826 -9.763 0.429 149
-8.753 -9.743 0.435 127
-8.845 -9.772 0.428 166
-8.827 -9.648 0.436 110
-8.611 -9.856 0.436 133
-8.829 -9.866 0.423 128
-8.873 -9.705 0.430 117
-8.775 -9.969 0.420 118
-8.836 -9.770 0.428 145
-8.678 -9.808 0.435 126
-8.773 -9.885 0.425 153
-8.853 -9.985 0.415 121
-8.774 -9.702 0.436 113
-8.673 -9.836 0.434 121
-8.766 -9.881 0.426 132
-8.764 -9.895 0.425 162
-8.777 -9.787 0.431 145
-8.642 -9.845 0.435 117
-8.796 -9.884 0.424 135
-8.846 -9.708 0.432 106
-8.810 -9.900 0.422 114
-8.853 -9.798 0.426 151
-8.648 -9.818 0.436 126
-8.735 -9.821 0.431 144
-8.773 -9.876 0.426 157
-8.846 -9.847 0.423 139
-8.871 -9.940 0.416 130
-8.835 -9.699 0.433 140
-8.683 -9.785 0.436 130
-8.753 -9.922 0.424 139
-8.747 -9.733 0.436 142
-8.691 -9.868 0.431 137
-8.685 -9.818 0.434 140
-8.744 -9.911 0.425 136
-8.861 -9.703 0.431 162
-8.759 -9.806 0.431 141
-8.833 -9.981 0.416 140
-8.720 -9.920 0.426 139
-8.660 -9.804 0.436 107
-8.744 -9.814 0.431 124
-8.850 -9.893 0.420 136
-8.852 -9.974 0.416 122
-8.811 -9.902 0.422 109
-8.710 -9.839 0.431 128
-8.836 -9.888 0.421 122
-8.807 -9.699 0.434 117
-8.831 -9.682 0.434 146
-8.859 -9.823 0.424 133
-8.839 -9.678 0.434 136
-8.864 -9.842 0.423 132
-8.839 -9.832 0.425 150
-8.855 -9.961 0.416 127
-8.837 -9.658 0.435 121
-8.769 -9.780 0.432 134
-8.785 -9.820 0.428 115
-8.762 -9.817 0.430 130
-8.736 -9.723 0.437 133
-8.815 -9.673 0.435 137
-8.802 -9.740 0.432 122
-8.706 -9.954 0.425 128
-8.583 -9.906 0.435 122
-8.758 -9.898 0.425 83
-8.809 -9.771 0.430 143
-8.826 -9.713 0.432 148
-8.730 -9.964 0.423 138
-8.874 -9.840 0.422 134
-8.670 -9.797 0.436 132
-8.704 -9.952 0.425 133
-8.756 -9.959 0.422 138
-8.829 -9.802 0.427 146
-8.847 -9.750 0.429 143
-8.638 -9.807 0.437 141
-8.744 -9.923 0.425 114
-8.690 -9.927 0.427 142
-8.774 -9.819 0.429 149
-8.690 -9.924 0.428 142
-8.777 -9.953 0.421 144
-8.834 -9.914 0.420 121
-8.686 -9.876 0.431 135
-8.847 -9.628 0.436 114
-8.835 -9.670 0.435 136
-8.848 -9.878 0.421 97
-8.711 -9.935 0.426 87
-8.779 -9.782 0.431 149
-8.704 -9.953 0.425 128
-8.591 -9.847 0.438 130
-8.849 -9.737 0.430 147
-8.756 -9.843 0.429 149
-8.751 -9.952 0.423 131
-8.868 -9.694 0.431 157
-8.857 -9.976 0.415 119
-8.871 -9.845 0.422 135
-8.685 -9.880 0.430 132
-8.858 -9.873 0.421 93
-8.855 -9.757 0.428 161
-8.624 -9.923 0.431 103
-8.841 -9.697 0.433 124
-8.795 -9.840 0.427 153
-8.826 -9.815 0.426 145
-8.579 -9.913 0.435 120
-8.844 -9.858 0.423 147
-8.790 -9.890 0.424 140
-8.611 -9.923 0.432 138
-8.767 -9.735 0.434 119
-8.764 -9.914 0.424 136
-8.840 -9.695 0.433 124
-8.798 -9.966 0.419 133
-8.801 -9.744 0.432 122
-8.700 -9.940 0.426 126
-8.788 -9.766 0.431 146
-8.747 -9.918 0.425 128
-8.849 -9.651 0.435 111
-8.848 -9.704 0.432 105
-8.879 -9.968 0.414 94
-8.773 -9.847 0.428 145
-8.854 -9.633 0.436 105
-8.657 -9.814 0.436 127
-8.728 -9.796 0.433 138
-8.772 -9.877 0.426 153
-8.637 -9.867 0.434 122
-8.690 -9.783 0.436 125
-8.866 -9.933 0.417 130
-8.772 -9.784 0.431 146
-8.635 -9.933 0.430 122
-8.834 -9.708 0.432 128
-8.863 -9.880 0.420 113
-8.868 -9.952 0.416 129
-8.876 -9.829 0.423 132
-8.672 -9.780 0.437 139
-8.717 -9.738 0.437 92
-8.756 -9.964 0.422 148
-8.856 -9.877 0.421 95
-8.552 -9.898 0.437 164
-8.660 -9.799 0.437 160
-8.705 -9.950 0.425 133
-8.832 -9.746 0.430 124
-8.791 -9.952 0.420 136
-8.820 -9.870 0.423 110
-8.568 -9.906 0.436 121
-8.845 -9.857 0.423 147
-8.673 -9.842 0.433 137
-8.651 -9.926 0.430 130
-8.848 -9.908 0.420 113
-8.686 -9.877 0.431 135
-8.706 -9.916 0.427 135
-8.698 -9.840 0.432 142
-8.775 -9.956 0.421 131
-8.798 -9.811 0.428 145
-8.733 -9.747 0.436 136
-8.816 -9.672 0.436 133
-8.702 -9.752 0.437 135
-8.882 -9.974 0.414 115
-8.706 -9.862 0.430 133
-8.829 -9.859 0.424 129
-8.663 -9.849 0.434 127
-8.763 -9.875 0.426 140
-8.831 -9.821 0.426 134
-8.726 -9.935 0.425 139
-8.642 -9.899 0.432 131
-8.790 -9.925 0.422 136
-8.725 -9.829 0.431 140
-8.878 -9.863 0.421 133
-8.806 -9.785 0.429 136
-8.742 -9.864 0.428 155
-8.867 -9.759 0.427 136
-8.737 -9.761 0.435 142
-8.748 -9.758 0.434 137
-8.798 -9.948 0.420 137
-8.849 -9.791 0.427 163
-8.726 -9.954 0.424 138
-8.721 -9.861 0.430 141
-8.688 -9.772 0.437 137
-8.647 -9.799 0.437 83
-8.839 -9.949 0.418 114
-8.840 -9.917 0.420 96
-8.781 -9.704 0.436 145
-8.734 -9.847 0.430 145
-8.791 -9.726 0.434 147
-8.567 -9.874 0.437 126
-8.704 -9.836 0.432 135
-8.853 -9.807 0.425 149
-8.839 -9.635 0.436 113
-8.724 -9.897 0.427 116
-8.612 -9.894 0.434 153
-8.801 -9.712 0.434 114
-8.636 -9.897 0.432 133
-8.820 -9.790 0.428 121
-8.855 -9.677 0.433 148
-8.772 -9.895 0.425 148
-8.861 -9.666 0.433 143
-8.810 -9.679 0.435 140
-8.612 -9.853 0.436 140
-8.776 -9.710 0.435 136
-8.864 -9.838 0.423 111
-8.859 -9.702 0.431 164
-8.703 -9.854 0.431 141
-8.649 -9.841 0.435 90
-8.711 -9.937 0.426 87
-8.857 -9.630 0.436 108
-8.794 -9.857 0.426 136
-8.766 -9.719 0.435 139
-8.743 -9.844 0.429 151
-8.792 -9.891 0.424 131
-8.703 -9.868 0.430 138
-8.868 -9.819 0.424 132
-8.807 -9.919 0.421 132
-8.666 -9.794 0.437 131
-8.871 -9.631 0.435 113
-8.876 -9.976 0.414 104
-8.739 -9.871 0.428 138
-8.831 -9.984 0.416 164
-8.785 -9.785 0.431 130
-8.829 -9.983 0.416 175
-8.742 -9.884 0.427 152
-8.837 -9.827 0.425 148
-8.697 -9.803 0.434 121
-8.843 -9.809 0.426 157
-8.725 -9.889 0.428 144
-8.736 -9.892 0.427 150
-8.706 -9.841 0.432 128
-8.682 -9.795 0.436 102
-8.731 -9.881 0.428 150
-8.857 -9.630 0.436 105
-8.786 -9.733 0.434 146
-8.871 -9.715 0.430 124
-8.785 -9.879 0.425 145
-8.785 -9.976 0.419 160
-8.658 -9.892 0.431 133
-8.819 -9.987 0.417 96
-8.853 -9.947 0.417 120
-8.866 -9.878 0.420 113
-8.778 -9.741 0.434 146
-8.734 -9.725 0.437 112
-8.599 -9.861 0.436 112
-8.676 -9.862 0.432 131
-8.794 -9.930 0.421 151
-8.767 -9.760 0.433 148
-8.703 -9.762 0.436 134
-8.805 -9.664 0.437 113
-8.770 -9.774 0.432 142
-8.878 -9.830 0.423 137
-8.791 -9.927 0.422 142
-8.716 -9.819 0.432 134
-8.680 -9.926 0.428 138
-8.703 -9.884 0.429 136
-8.787 -9.853 0.426 139
-8.625 -9.922 0.431 97
-8.653 -9.801 0.437 80
-8.834 -9.675 0.434 138
-8.827 -9.862 0.424 121
-8.839 -9.869 0.423 130
-8.839 -9.769 0.428 152
-8.802 -9.695 0.435 130
-8.813 -9.716 0.433 155
-8.763 -9.919 0.424 143
-8.873 -9.896 0.419 133
-8.755 -9.826 0.430 91
-8.684 -9.911 0.429 142
-8.549 -9.896 0.437 162
-8.713 -9.842 0.431 93
-8.825 -9.780 0.429 128
-8.525 -9.905 0.438 159
-8.703 -9.925 0.427 110
-8.822 -9.687 0.434 146
-8.819 -9.898 0.422 126
-8.772 -9.709 0.436 120
-8.802 -9.693 0.435 138
-8.760 -9.765 0.433 138
-8.850 -9.841 0.424 119
-8.879 -9.979 0.414 114
-8.812 -9.750 0.431 142
-8.840 -9.912 0.420 108
-8.795 -9.695 0.435 144
-8.701 -9.871 0.430 141
-8.815 -9.830 0.426 117
-8.697 -9.820 0.433 131
-8.798 -9.759 0.431 146
-8.632 -9.848 0.435 140
-8.747 -9.842 0.429 148
-8.856 -9.634 0.436 105
-8.754 -9.726 0.436 141
-8.648 -9.933 0.429 133
-8.746 -9.920 0.425 129
-8.833 -9.990 0.416 114
-8.755 -9.904 0.425 116
-8.796 -9.813 0.428 136
-8.793 -9.875 0.425 134
-8.837 -9.974 0.416 113
-8.773 -9.751 0.433 145
-8.687 -9.772 0.437 130
-8.559 -9.874 0.438 158
-8.792 -9.740 0.433 131
-8.648 -9.927 0.430 126
-8.779 -9.803 0.430 152
-8.604 -9.862 0.436 158
-8.797 -9.733 0.433 136
-8.633 -9.893 0.433 132
-8.875 -9.833 0.423 133
-8.679 -9.933 0.428 119
-8.595 -9.870 0.436 109
-8.714 -9.742 0.437 107
-8.704 -9.922 0.427 125
-8.660 -9.820 0.435 132
-8.723 -9.867 0.429 142
-8.826 -9.725 0.432 151
-8.670 -9.865 0.432 134
-8.871 -9.674 0.432 150
-8.663 -9.860 0.433 139
-8.857 -9.714 0.431 168
-8.799 -9.776 0.430 124
-8.784 -9.877 0.425 133
-8.749 -9.825 0.430 91
-8.765 -9.744 0.434 112
-8.706 -9.808 0.434 135
-8.830 -9.928 0.420 137
-8.723 -9.916 0.426 138
-8.750 -9.884 0.427 119
-8.869 -9.966 0.415 108
-8.800 -9.687 0.435 146
-8.694 -9.823 0.433 131
-8.833 -9.663 0.435 129
-8.823 -9.885 0.422 129
-8.741 -9.951 0.423 135
-8.755 -9.950 0.422 128
-8.734 -9.785 0.433 138
-8.703 -9.852 0.431 135
-8.636 -9.924 0.431 75
-8.574 -9.866 0.438 129
-8.754 -9.779 0.433 117
-8.737 -9.785 0.433 139
-8.693 -9.942 0.426 136
-8.791 -9.889 0.424 140
-8.713 -9.829 0.432 127
-8.757 -9.952 0.422 136
-8.799 -9.675 0.436 136
-8.616 -9.870 0.435 149
-8.657 -9.868 0.433 125
-8.621 -9.867 0.435 148
-8.864 -9.932 0.417 131
-8.740 -9.941 0.424 106
-8.823 -9.964 0.418 124
-8.762 -9.878 0.426 140
-8.816 -9.950 0.419 136
-8.804 -9.709 0.434 116
-8.746 -9.816 0.431 104
-8.722 -9.803 0.433 128
-8.688 -9.782 0.436 133
-8.644 -9.894 0.432 131
-8.657 -9.904 0.431 140
-8.728 -9.904 0.427 138
-8.698 -9.760 0.437 130
-8.779 -9.738 0.434 149
-8.773 -9.776 0.432 148
-8.708 -9.752 0.437 137
-8.864 -9.954 0.416 128
-8.840 -9.870 0.422 130
-8.677 -9.802 0.436 136
-8.792 -9.852 0.426 141
-8.742 -9.820 0.431 113
-8.850 -9.884 0.421 108
-8.803 -9.709 0.434 105
-8.803 -9.746 0.432 129
-8.765 -9.742 0.434 108
-8.800 -9.806 0.428 148
-8.676 -9.931 0.428 96
-8.753 -9.806 0.431 133
-8.813 -9.862 0.424 130
-8.869 -9.614 0.436 114
-8.776 -9.865 0.426 114
-8.812 -9.719 0.433 151
-8.868 -9.827 0.423 117
-8.861 -9.912 0.419 124
-8.689 -9.806 0.435 84
-8.652 -9.928 0.429 137
-8.761 -9.848 0.428 146
-8.723 -9.865 0.429 138
-8.738 -9.895 0.427 139
-8.835 -9.898 0.421 136
-8.786 -9.957 0.420 139
-8.755 -9.898 0.425 72
-8.827 -9.832 0.425 132
-8.795 -9.845 0.426 150
-8.667 -9.933 0.428 128
-8.838 -9.779 0.428 124
-8.806 -9.740 0.432 124
-8.865 -9.874 0.421 98
-8.753 -9.725 0.436 146
-8.767 -9.851 0.428 148
-8.850 -9.741 0.429 147
-8.730 -9.778 0.434 122
-8.737 -9.805 0.432 131
-8.778 -9.702 0.436 123
-8.796 -9.970 0.419 137
-8.676 -9.827 0.434 129
-8.859 -9.698 0.432 162
-8.861 -9.741 0.429 153
-8.759 -9.802 0.431 141
-8.795 -9.692 0.435 146
-8.624 -9.838 0.436 148
-8.762 -9.735 0.435 115
-8.811 -9.922 0.421 139
-8.876 -9.765 0.427 147
-8.848 -9.809 0.426 152
-8.792 -9.868 0.425 123
-8.533 -9.903 0.438 155
-8.837 -9.727 0.431 146
-8.683 -9.829 0.434 123
-8.856 -9.705 0.431 154
-8.684 -9.877 0.431 121
-8.768 -9.800 0.431 152
-8.683 -9.929 0.428 138
-8.781 -9.941 0.421 87
-8.770 -9.871 0.426 141
-8.872 -9.710 0.430 123
-8.887 -9.992 0.412 110
-8.651 -9.912 0.430 135
-8.619 -9.870 0.435 148
-8.747 -9.854 0.429 154
-8.772 -9.755 0.433 150
-8.793 -9.848 0.426 147
-8.731 -9.907 0.426 144
-8.854 -9.962 0.416 123
-8.746 -9.844 0.429 153
-8.818 -9.848 0.425 155
-8.740 -9.719 0.437 146
-8.723 -9.793 0.434 139
-8.696 -9.873 0.430 145
-8.830 -9.736 0.431 141
-8.873 -9.968 0.415 97
-8.720 -9.879 0.429 137
-8.777 -9.751 0.433 150
-8.799 -9.731 0.433 138
-8.555 -9.900 0.437 134
-8.865 -9.898 0.419 133
-8.829 -9.710 0.432 141
-8.842 -9.901 0.420 135
-8.846 -9.956 0.417 98
-8.612 -9.897 0.434 153
-8.614 -9.829 0.438 164
-8.797 -9.721 0.434 140
-8.773 -9.866 0.426 113
-8.779 -9.782 0.431 149
-8.715 -9.752 0.436 126
-8.652 -9.803 0.437 80
-8.702 -9.787 0.435 140
-8.636 -9.817 0.437 144
-8.643 -9.806 0.437 133
-8.771 -9.920 0.423 146
-8.717 -9.819 0.432 136
-8.872 -9.645 0.434 141
-8.719 -9.912 0.427 134
-8.778 -9.779 0.431 147
-8.841 -9.892 0.421 127
-8.818 -9.850 0.425 153
-8.670 -9.869 0.432 131
-8.736 -9.886 0.427 157
-8.749 -9.760 0.434 142
-8.827 -9.948 0.419 165
-8.878 -9.989 0.413 109
-8.835 -9.661 0.435 129
-8.679 -9.873 0.431 126
-8.640 -9.811 0.437 129
-8.805 -9.923 0.421 142
-8.799 -9.773 0.430 128
-8.787 -9.972 0.419 150
-8.789 -9.844 0.427 152
-8.676 -9.790 0.436 134
-8.832 -9.711 0.432 134
-8.831 -9.831 0.425 137
-8.667 -9.856 0.433 138
-8.648 -9.807 0.437 132
-8.647 -9.837 0.435 174
-8.728 -9.809 0.432 124
-8.647 -9.835 0.435 174
-8.752 -9.787 0.432 117
-8.853 -9.622 0.436 112
-8.713 -9.753 0.436 135
-8.834 -9.847 0.424 150
-8.856 -9.705 0.431 154
-8.581 -9.859 0.438 126
-8.590 -9.851 0.438 131
-8.844 -9.680 0.433 138
-8.705 -9.923 0.427 111
-8.877 -9.829 0.423 136
-8.781 -9.722 0.434 141
-8.839 -9.986 0.416 138
-8.830 -9.926 0.420 131
-8.581 -9.891 0.436 121
-8.837 -9.877 0.422 123
-8.802 -9.857 0.425 145
-8.649 -9.913 0.431 135
-8.787 -9.795 0.430 122
-8.803 -9.921 0.421 145
-8.803 -9.907 0.422 117
-8.882 -9.902 0.418 135
-8.756 -9.887 0.426 98
-8.679 -9.778 0.437 129
-8.644 -9.854 0.434 135
-8.816 -9.916 0.421 106
-8.600 -9.853 0.437 126
-8.849 -9.821 0.425 155
-8.691 -9.809 0.434 84
-8.817 -9.654 0.436 111
-8.832 -9.847 0.424 147
-8.865 -9.730 0.429 159
-8.815 -9.828 0.426 124
-8.781 -9.770 0.432 146
-8.771 -9.734 0.434 129
-8.753 -9.801 0.431 136
-8.833 -9.762 0.429 151
-8.827 -9.890 0.422 129
-8.873 -9.952 0.416 125
-8.725 -9.803 0.433 129
-8.744 -9.853 0.429 160
-8.788 -9.747 0.433 139
-8.847 -9.851 0.423 141
-8.704 -9.783 0.435 137
-8.800 -9.728 0.433 138
-8.717 -9.897 0.428 99
-8.788 -9.930 0.422 164
-8.837 -9.754 0.429 132
-8.849 -9.955 0.417 108
-8.806 -9.982 0.418 147
-8.654 -9.821 0.436 130
-8.812 -9.969 0.418 139
-8.681 -9.924 0.428 140
-8.808 -9.820 0.427 150
-8.835 -9.946 0.418 133
-8.664 -9.902 0.430 131
-8.664 -9.793 0.437 134
-8.602 -9.905 0.434 161
-8.828 -9.667 0.435 134
-8.735 -9.727 0.437 112
-8.777 -9.852 0.427 144
-8.762 -9.805 0.431 146
-8.846 -9.680 0.433 138
-8.690 -9.815 0.434 133
-8.765 -9.909 0.424 136
-8.718 -9.833 0.431 132
-8.776 -9.704 0.436 133
-8.838 -9.707 0.432 116
-8.710 -9.958 0.424 143
-8.717 -9.779 0.435 116
-8.874 -9.765 0.427 146
-8.741 -9.879 0.427 157
-8.847 -9.816 0.425 159
-8.735 -9.726 0.437 112
-8.801 -9.714 0.434 123
-8.838 -9.707 0.432 116
-8.759 -9.804 0.431 141
-8.823 -9.906 0.421 120
-8.780 -9.736 0.434 149
-8.612 -9.856 0.436 139
-8.768 -9.927 0.423 143
-8.837 -9.650 0.436 117
-8.861 -9.975 0.415 124
-8.783 -9.747 0.433 148
-8.852 -9.952 0.417 114
-8.817 -9.763 0.430 151
-8.667 -9.869 0.432 129
-8.750 -9.762 0.434 142
-8.800 -9.849 0.426 143
-8.835 -9.942 0.418 139
-8.854 -9.628 0.436 111
-8.859 -9.937 0.417 129
-8.739 -9.727 0.437 117
-8.834 -9.661 0.435 126
-8.655 -9.886 0.432 123
-8.828 -9.879 0.423 129
-8.733 -9.898 0.427 146
-8.778 -9.705 0.436 133
-8.844 -9.731 0.430 144
-8.764 -9.794 0.431 141
-8.695 -9.864 0.431 142
-8.842 -9.762 0.429 159
-8.881 -9.961 0.415 104
-8.641 -9.892 0.432 131
-8.824 -9.981 0.417 172
-8.886 -9.962 0.414 111
-8.803 -9.698 0.435 121
-8.836 -9.872 0.422 130
-8.847 -9.632 0.436 112
-8.677 -9.900 0.430 133
-8.735 -9.889 0.427 145
-8.875 -9.968 0.415 93
-8.767 -9.762 0.433 145
-8.735 -9.846 0.430 145
-8.678 -9.911 0.429 134
-8.655 -9.943 0.428 128
-8.706 -9.897 0.428 106
-8.818 -9.846 0.425 155
-8.613 -9.876 0.435 149
-8.752 -9.790 0.432 123
-8.652 -9.806 0.437 105
-8.862 -9.780 0.426 134
-8.805 -9.710 0.434 116
-8.760 -9.923 0.424 137
-8.872 -9.880 0.420 124
-8.823 -9.760 0.430 144
-8.734 -9.824 0.431 139
-8.729 -9.796 0.433 138
-8.685 -9.922 0.428 142
-8.828 -9.834 0.425 137
-8.776 -9.846 0.427 145
-8.630 -9.832 0.436 145
-8.788 -9.940 0.421 145
-8.879 -9.890 0.419 117
-8.774 -9.891 0.425 152
-8.863 -9.968 0.415 121
-8.806 -9.703 0.434 110
-8.766 -9.973 0.420 141
-8.758 -9.726 0.435 137
-8.779 -9.909 0.424 142
-8.862 -9.937 0.417 132
-8.831 -9.676 0.434 140
-8.770 -9.902 0.424 147
-8.683 -9.837 0.433 114
-8.826 -9.784 0.428 121
-8.864 -9.952 0.416 129
-8.713 -9.939 0.425 121
-8.849 -9.986 0.415 134
-8.694 -9.838 0.432 125
-8.877 -9.794 0.425 138
-8.843 -9.971 0.416 131
-8.848 -9.784 0.427 164
-8.674 -9.808 0.435 130
-8.824 -9.853 0.424 140
-8.778 -9.746 0.433 152
-8.593 -9.852 0.437 128
-8.786 -9.796 0.430 137
-8.810 -9.839 0.426 139
-8.846 -9.756 0.429 149
-8.737 -9.746 0.436 140
-8.756 -9.958 0.422 138
-8.608 -9.911 0.433 133
-8.676 -9.876 0.431 96
-8.682 -9.922 0.428 140
-8.629 -9.924 0.431 92
-8.764 -9.738 0.434 107
-8.743 -9.721 0.437 143
-8.787 -9.925 0.422 134
-8.719 -9.934 0.425 122
-8.866 -9.675 0.432 164
-8.857 -9.917 0.419 114
-8.886 -10.001 0.412 116
-8.794 -9.744 0.432 119
-8.769 -9.872 0.426 143
-8.744 -9.827 0.430 96
-8.748 -9.942 0.423 83
-8.608 -10.000 0.406 112
-8.688 -10.010 0.405 121
-8.587 -9.997 0.407 107
-8.662 -9.979 0.415 102
-8.610 -9.938 0.429 134
-8.784 -10.008 0.409 131
-8.722 -9.984 0.416 145
-8.828 -10.007 0.411 117
-8.597 -10.014 0.401 180
-8.614 -9.941 0.428 127
-8.594 -9.958 0.421 130
-8.755 -10.003 0.410 137
-8.677 -10.023 0.400 137
-8.561 -9.953 0.422 127
-8.592 -9.958 0.421 129
-8.678 -10.024 0.400 137
-8.599 -10.014 0.401 180
-8.567 -9.982 0.411 109
-8.580 -10.029 0.395 171
-8.594 -9.959 0.421 127
-8.786 -10.005 0.410 128
-8.637 -10.005 0.405 102
-8.730 -9.998 0.411 138
-8.786 -9.988 0.416 77
-8.761 -9.987 0.416 145
-8.801 -10.010 0.409 128
-8.847 -10.013 0.409 121
-8.779 -10.014 0.407 131
-8.669 -9.985 0.414 119
-8.843 -9.998 0.414 124
-8.569 -10.005 0.403 94
-8.725 -10.003 0.409 132
-8.683 -9.959 0.424 137
-8.650 -10.026 0.398 169
-8.570 -9.942 0.426 118
-8.696 -9.970 0.420 110
-8.700 -9.998 0.410 118
-8.601 -9.968 0.418 132
-8.716 -10.021 0.402 143
-8.649 -9.972 0.418 91
-8.624 -10.028 0.397 176
-8.644 -10.030 0.397 172
-8.696 -9.991 0.412 122
-8.724 -9.976 0.418 141
-8.626 -10.011 0.403 186
-8.582 -9.993 0.408 105
-8.579 -10.027 0.396 177
-8.549 -9.955 0.421 124
-8.627 -9.968 0.418 117
-8.618 -9.962 0.420 122
-8.812 -10.014 0.408 124
-8.611 -10.029 0.396 175
-8.627 -9.960 0.421 116
-8.592 -9.978 0.414 114
-8.716 -9.969 0.421 143
-8.686 -9.994 0.411 127
-8.766 -10.019 0.404 120
-8.741 -10.007 0.408 131
-8.676 -10.013 0.404 123
-8.543 -9.934 0.428 175
-8.558 -9.945 0.425 123
-8.859 -10.006 0.412 123
-8.802 -10.002 0.411 128
-8.645 -9.994 0.409 120
-8.547 -9.966 0.417 124
-8.595 -9.936 0.429 119
-8.706 -9.976 0.418 88
-8.591 -10.000 0.406 102
-8.617 -9.991 0.410 123
-8.586 -9.950 0.424 181
-8.771 -9.993 0.414 130
-8.700 -9.979 0.417 68
-8.601 -9.996 0.407 114
-8.637 -9.945 0.427 130
-8.600 -10.005 0.404 114
-8.703 -9.989 0.413 121
-8.596 -10.005 0.404 115
-8.606 -10.031 0.395 170
-8.637 -9.957 0.423 132
-8.752 -10.016 0.405 124
-8.582 -9.957 0.421 99
-8.604 -10.007 0.403 156
-8.641 -9.962 0.421 136
-8.540 -9.935 0.428 173
-8.758 -10.018 0.405 127
-8.616 -9.991 0.410 125
-8.788 -9.997 0.413 122
-8.642 -9.940 0.429 128
-8.766 -9.984 0.417 147
-8.626 -9.941 0.428 126
-8.781 -10.016 0.406 129
-8.645 -9.998 0.408 114
-8.578 -9.977 0.414 108
-8.680 -9.980 0.416 132
-8.591 -9.999 0.406 102
-8.637 -9.969 0.418 132
-8.575 -10.013 0.400 112
-8.675 -9.963 0.422 132
-8.764 -9.990 0.415 142
-8.751 -10.002 0.410 135
-8.680 -9.980 0.416 132
-8.679 -10.004 0.407 118
-8.757 -10.012 0.407 130
-8.581 -10.024 0.397 182
-8.551 -9.974 0.414 123
-8.665 -10.024 0.399 134
-8.707 -9.994 0.412 125
-8.591 -9.975 0.415 110
-8.695 -9.988 0.413 125
-8.664 -10.019 0.401 136
-8.620 -9.981 0.413 117
-8.709 -9.998 0.410 120
-8.833 -10.006 0.411 114
-8.780 -10.014 0.407 131
-8.778 -9.995 0.413 145
-8.689 -10.020 0.401 129
-8.658 -10.021 0.400 136
-8.731 -10.015 0.405 119
-8.667 -9.992 0.411 126
-8.575 -9.943 0.426 114
-8.531 -9.919 0.433 154
-8.670 -10.025 0.399 137
-8.562 -9.963 0.418 122
-8.616 -9.984 0.412 120
-8.546 -9.929 0.430 168
-8.586 -9.984 0.411 114
-8.628 -9.979 0.414 112
-8.640 -9.961 0.421 136
-8.633 -9.990 0.410 110
-8.765 -10.015 0.406 128
-8.600 -9.999 0.406 112
-8.556 -9.994 0.407 108
-8.639 -9.981 0.414 120
-8.828 -10.003 0.412 119
-8.735 -9.999 0.411 131
-8.564 -10.004 0.403 92
-8.697 -9.998 0.410 115
-8.790 -10.002 0.411 125
-8.637 -10.015 0.402 180
-8.656 -10.009 0.404 102
-8.702 -9.982 0.416 92
-8.877 -10.008 0.412 159
-8.785 -10.004 0.410 128
-8.725 -9.969 0.421 144
-8.742 -10.014 0.405 124
-8.763 -10.020 0.404 118
-8.560 -9.916 0.435 126
-8.732 -9.970 0.421 141
-8.711 -10.010 0.406 124
-8.697 -9.966 0.421 111
-8.628 -9.943 0.428 121
-8.657 -9.967 0.420 128
-8.713 -10.000 0.409 122
-8.621 -10.020 0.400 177
-8.698 -9.974 0.418 66
-8.646 -9.958 0.422 132
-8.746 -9.984 0.416 71
-8.600 -9.957 0.422 138
-8.590 -9.998 0.406 102
-8.558 -9.927 0.431 126
-8.653 -10.021 0.400 169
-8.559 -9.946 0.424 124
-8.604 -10.001 0.406 107
-8.559 -9.993 0.407 111
-8.664 -10.018 0.401 138
-8.596 -9.926 0.433 118
-8.607 -9.948 0.425 134
-8.810 -10.011 0.408 122
-8.770 -9.987 0.416 105
-8.580 -10.003 0.404 105
-8.710 -10.022 0.402 153
-8.740 -10.019 0.403 118
-8.705 -9.969 0.420 151
-8.682 -9.988 0.413 129
-8.773 -10.009 0.408 129
-8.592 -9.962 0.419 131
-8.740 -10.005 0.408 131
-8.599 -9.976 0.415 123
-8.690 -10.010 0.405 114
-8.545 -9.951 0.422 117
-8.665 -10.015 0.403 136
-8.676 -9.990 0.412 125
-8.542 -9.932 0.429 168
-8.559 -9.952 0.422 124
-8.691 -10.020 0.402 130
-8.567 -9.969 0.416 101
-8.661 -9.998 0.409 117
-8.567 -9.971 0.415 107
-8.767 -9.984 0.417 147
-8.653 -9.963 0.421 99
-8.665 -10.012 0.404 136
-8.578 -10.023 0.397 178
-8.574 -10.009 0.402 110
-8.708 -10.005 0.408 123
-8.564 -9.978 0.413 117
-8.556 -9.997 0.406 88
-8.784 -10.008 0.409 129
-8.563 -9.967 0.417 118
-8.817 -10.012 0.408 129
-8.559 -9.920 0.434 127
-8.693 -10.015 0.403 116
-8.556 -9.968 0.416 123
-8.775 -9.999 0.412 137
-8.598 -9.996 0.407 109
-8.701 -9.964 0.422 107
-8.644 -10.026 0.398 177
-8.600 -9.953 0.423 128
-8.713 -9.961 0.424 147
-8.713 -10.003 0.408 126
-8.553 -9.937 0.427 120
-8.702 -9.970 0.420 146
-8.712 -9.976 0.418 139
-8.801 -9.990 0.416 142
-8.694 -9.960 0.423 125
-8.592 -9.963 0.419 131
-8.595 -9.945 0.426 131
-8.691 -9.955 0.425 134
-8.617 -9.978 0.414 124
-8.661 -9.959 0.423 128
-8.620 -9.976 0.415 112
-8.726 -9.967 0.422 145
-8.548 -9.929 0.430 168
-8.628 -10.010 0.403 193
-8.745 -9.989 0.415 133
-8.645 -9.993 0.410 119
-8.542 -9.942 0.425 157
-8.660 -10.022 0.400 133
-8.599 -9.963 0.419 131
-8.676 -9.956 0.424 134
-8.533 -9.743 0.422 157
-8.534 -9.731 0.422 157
-8.530 -9.770 0.423 159
-8.541 -9.704 0.425 158
-8.539 -9.673 0.418 160
-8.534 -9.703 0.417 157
-8.527 -9.867 0.436 156
-8.532 -9.748 0.422 158
-8.525 -9.724 0.411 157
-8.529 -9.804 0.427 160
-8.540 -9.666 0.418 160
-8.533 -9.772 0.427 159
-8.538 -9.662 0.416 159
-8.539 -9.673 0.418 160
-8.540 -9.681 0.420 161
-8.526 -9.776 0.420 159
-8.549 -9.607 0.419 158
-8.527 -9.822 0.429 161
-8.536 -9.668 0.414 160
-8.528 -9.713 0.412 158
-8.533 -9.745 0.423 158
-8.534 -9.724 0.420 157
-8.528 -9.833 0.431 159
-8.534 -9.711 0.419 157
-8.532 -9.739 0.421 158
-8.542 -9.648 0.418 157
-8.529 -9.760 0.421 159
-8.526 -9.758 0.417 159
-8.531 -9.778 0.425 159
-8.525 -9.884 0.436 157
-8.543 -9.639 0.417 157
-8.537 -9.736 0.425 157
-8.521 -9.876 0.412 159
-8.522 -9.891 0.424 156
-8.523 -9.754 0.401 158
-8.523 -9.753 0.402 158
-8.523 -9.803 0.409 160
-8.522 -9.796 0.406 160
-8.522 -9.887 0.420 159
-8.525 -9.804 0.422 160
-8.521 -9.862 0.412 158
-8.525 -9.787 0.420 160
-8.524 -9.890 0.432 153
-8.523 -9.876 0.427 157
-8.525 -9.776 0.417 159
-8.522 -9.863 0.415 158
-8.523 -9.845 0.422 155
-8.523 -9.764 0.404 158
-8.524 -9.758 0.413 159
-8.523 -9.771 0.402 159
-8.523 -9.792 0.407 159
-8.523 -9.872 0.424 157
-8.521 -9.817 0.404 159
-8.521 -9.842 0.404 155
-8.524 -9.895 0.434 159
-8.522 -9.896 0.425 159
-8.522 -9.815 0.410 159
-8.521 -9.848 0.408 157
-8.524 -9.782 0.414 159
-8.523 -9.772 0.405 159
-8.522 -9.821 0.405 159
-8.523 -9.846 0.417 156
-8.522 -9.770 0.399 158
-8.522 -9.856 0.412 157
-8.522 -9.851 0.413 154
-8.523 -9.840 0.419 156
-8.521 -9.848 0.407 157
-8.522 -9.724 0.405 157
-8.521 -9.722 0.405 157
-8.522 -9.723 0.406 157
-8.521 -9.756 0.397 157
-8.771 -9.566 0.611 195
-8.836 -9.580 0.625 153
-8.745 -9.562 0.602 202
-8.769 -9.569 0.604 206
-8.743 -9.560 0.605 196
-8.728 -9.556 0.603 192
-8.764 -9.564 0.611 198
-8.757 -9.566 0.602 211
-8.724 -9.559 0.594 202
-8.750 -9.561 0.607 196
-8.770 -9.568 0.607 214
-8.801 -9.574 0.615 183
-8.806 -9.575 0.616 176
-8.741 -9.563 0.598 205
-8.829 -9.578 0.625 159
-8.698 -9.551 0.594 196
-8.676 -9.545 0.592 146
-8.704 -9.553 0.594 199
-8.788 -9.569 0.617 194
-8.947 -9.576 0.399 86
-8.879 -9.608 0.328 125
-8.913 -9.594 0.385 178
-8.873 -9.615 0.366 178
-8.958 -9.560 0.298 96
-8.956 -9.569 0.383 91
-8.932 -9.580 0.357 123
-8.933 -9.577 0.327 111
-8.966 -9.566 0.405 186
-8.970 -9.559 0.362 116
-8.953 -9.572 0.397 88
-8.960 -9.565 0.364 99
-8.930 -9.583 0.372 133
-8.939 -9.577 0.366 108
-8.934 -9.583 0.393 183
-8.942 -9.581 0.421 86
-8.947 -9.577 0.407 96
-8.909 -9.593 0.350 121
-8.957 -9.573 0.426 91
-8.859 -9.621 0.342 175
-8.942 -9.570 0.317 86
-8.954 -9.567 0.353 83
-8.873 -9.612 0.333 119
-8.884 -9.609 0.364 179
-8.971 -9.566 0.435 173
-8.932 -9.574 0.298 125
-8.902 -9.593 0.315 119
-8.874 -9.613 0.349 171
-8.945 -9.572 0.351 97
-8.951 -9.574 0.402 89
-8.964 -9.571 0.454 184
-8.885 -9.608 0.366 177
-8.958 -9.569 0.399 138
-8.950 -9.561 0.273 84
-8.943 -9.567 0.289 85
-8.961 -9.561 0.330 106
-8.964 -9.553 0.274 133
-8.943 -9.567 0.292 86
-8.968 -9.566 0.418 192
-8.933 -9.573 0.292 110
-8.910 -9.589 0.315 120
-8.908 -9.591 0.333 116
-8.942 -9.578 0.395 93
-8.908 -9.590 0.316 120
-8.955 -9.571 0.394 99
-8.950 -9.568 0.334 90
-8.913 -9.590 0.345 127
-8.905 -9.600 0.400 144
-8.957 -9.575 0.446 109
-8.919 -9.590 0.382 179
-8.857 -9.624 0.364 180
-8.973 -9.563 0.417 179
-8.875 -9.610 0.334 118
-8.942 -9.578 0.389 96
-8.924 -9.587 0.377 182
-8.949 -9.578 0.428 114
-8.947 -9.565 0.290 84
-8.957 -9.564 0.340 96
-8.967 -9.566 0.419 192
-8.952 -9.561 0.280 89
-8.917 -9.590 0.369 161
-8.934 -9.581 0.381 168
-8.952 -9.571 0.383 91
-8.959 -9.557 0.279 107
-8.965 -9.568 0.422 177
-8.918 -9.583 0.300 113
-8.939 -9.575 0.350 106
-8.863 -9.618 0.343 169
-8.945 -9.572 0.355 96
-8.893 -9.599 0.319 122
-8.893 -9.599 0.322 120
-8.924 -9.589 0.401 179
-8.873 -9.615 0.368 178
-8.917 -9.587 0.340 119
-8.936 -9.579 0.370 114
-8.959 -9.562 0.332 98
-8.900 -9.594 0.309 121
-8.944 -9.572 0.343 95
-8.943 -9.582 0.434 152
-8.933 -9.583 0.396 183
-8.937 -9.573 0.317 97
-8.953 -9.572 0.396 88
-8.946 -9.569 0.324 87
-8.957 -9.569 0.384 91
-8.931 -9.586 0.410 191
-8.939 -9.580 0.398 154
-8.955 -9.568 0.363 88
-8.956 -9.561 0.307 95
-8.930 -9.579 0.334 120
-8.916 -9.583 0.297 109
-8.959 -9.558 0.295 105
-8.895 -9.601 0.346 118
-8.920 -9.583 0.319 116
-8.934 -9.583 0.394 183
-8.879 -9.610 0.356 179
-8.949 -9.569 0.338 90
-8.897 -9.600 0.354 132
-8.954 -9.575 0.431 96
-8.941 -9.576 0.367 100
-8.944 -9.567 0.296 87
-8.959 -9.568 0.391 109
-8.921 -9.589 0.381 181
-8.942 -9.574 0.355 102
-8.930 -9.583 0.371 133
-8.857 -9.624 0.363 180
-8.868 -9.616 0.350 180
-8.949 -9.565 0.309 81
-8.970 -9.561 0.390 132
-8.921 -9.586 0.354 123
-8.969 -9.563 0.402 187
-8.941 -9.570 0.305 92
-8.966 -9.556 0.318 126
-8.906 -9.594 0.342 124
-8.927 -9.581 0.338 121
-8.936 -9.578 0.361 107
-8.933 -9.579 0.349 120
-8.972 -9.563 0.410 183
-8.966 -9.569 0.437 179
-8.923 -9.582 0.327 117
-8.920 -9.591 0.394 179
-8.910 -9.592 0.347 121
-8.967 -9.561 0.365 115
-8.907 -9.597 0.388 177
-8.973 -9.567 0.460 179
-8.892 -9.601 0.332 124
-8.917 -9.585 0.318 116
-8.929 -9.576 0.295 123
-8.861 -9.620 0.345 178
-8.965 -9.568 0.423 174
-8.962 -9.567 0.398 161
-8.926 -9.587 0.386 178
-8.961 -9.560 0.325 108
-8.909 -9.594 0.364 150
-8.895 -9.601 0.352 124
-8.893 -9.599 0.318 122
-8.879 -9.610 0.350 155
-8.951 -9.578 0.448 96
-8.925 -9.582 0.338 118
-8.943 -9.569 0.312 88
-8.891 -9.603 0.347 116
-8.913 -9.589 0.341 121
-8.956 -9.571 0.400 110
-8.926 -9.581 0.334 121
-8.955 -9.562 0.307 95
-8.951 -9.564 0.304 83
-8.954 -9.561 0.293 83
-8.909 -9.594 0.357 130
-8.887 -9.603 0.329 124
-8.898 -9.596 0.321 119
-8.937 -9.578 0.370 114
-8.903 -9.594 0.332 121
-8.927 -9.587 0.398 179
-8.948 -9.569 0.342 88
-8.948 -9.568 0.328 85
-8.974 -9.567 0.461 179
-8.968 -9.569 0.451 186
-8.962 -9.567 0.402 161
-8.919 -9.592 0.406 183
-8.900 -9.594 0.309 121
-8.938 -9.576 0.354 115
-8.960 -9.568 0.395 128
-8.970 -9.561 0.381 117
-8.947 -9.567 0.314 81
-8.953 -9.569 0.364 88
-8.932 -9.587 0.491 125
-8.926 -9.588 0.478 117
-8.931 -9.586 0.474 125
-8.959 -9.575 0.487 125
-8.912 -9.595 0.486 127
-8.925 -9.586 0.457 194
-8.926 -9.593 0.520 115
-8.906 -9.594 0.458 114
-8.948 -9.579 0.480 123
-8.948 -9.577 0.465 97
-8.890 -9.601 0.462 116
-8.894 -9.600 0.464 123
-8.953 -9.579 0.496 123
-8.960 -9.573 0.468 178
-8.946 -9.581 0.492 123
-8.948 -9.581 0.494 123
-8.921 -9.589 0.469 116
-8.893 -9.598 0.449 136
-8.904 -9.596 0.468 125
-8.886 -9.601 0.444 123
-8.927 -9.593 0.524 115
-8.930 -9.586 0.471 127
-8.950 -9.579 0.487 123
-8.951 -9.577 0.469 99
-8.952 -9.579 0.490 122
-8.925 -9.589 0.485 120
-8.932 -9.588 0.500 119
-8.945 -9.578 0.462 106
-8.894 -9.600 0.472 122
-8.921 -9.594 0.511 116
-8.924 -9.591 0.494 121
-8.928 -9.590 0.500 118
-8.920 -9.594 0.506 123
-8.899 -9.596 0.453 179
-8.914 -9.593 0.474 117
-8.918 -9.590 0.464 117
-8.916 -9.590 0.462 109
-8.950 -9.577 0.468 99
-8.911 -9.592 0.455 205
-8.892 -9.600 0.457 137
-8.924 -9.591 0.499 115
-8.913 -9.595 0.428 88
-8.886 -9.610 0.393 137
-8.919 -9.591 0.437 131
-8.911 -9.592 0.443 144
-8.889 -9.601 0.431 136
-8.953 -9.577 0.456 104
-8.866 -9.619 0.384 126
-8.871 -9.610 0.419 138
-8.937 -9.581 0.456 104
-8.953 -9.576 0.459 108
-8.926 -9.589 0.436 102
-8.856 -9.622 0.382 133
-8.877 -9.608 0.420 141
-8.904 -9.596 0.436 142
-8.909 -9.596 0.429 127
-8.879 -9.609 0.412 107
-8.886 -9.606 0.414 94
-8.869 -9.612 0.409 116
-8.937 -9.583 0.448 148
-8.902 -9.598 0.430 135
-8.893 -9.600 0.433 133
-8.922 -9.592 0.430 102
-8.941 -9.582 0.449 121
-8.870 -9.610 0.419 138
-8.912 -9.593 0.437 132
-8.850 -9.626 0.373 170
-8.893 -9.604 0.413 99
-8.922 -9.590 0.437 133
-8.897 -9.599 0.431 140
-8.879 -9.613 0.391 144
-8.910 -9.593 0.441 142
-8.956 -9.575 0.458 120
-8.881 -9.611 0.398 125
-8.889 -9.602 0.428 146
-8.846 -9.627 0.371 165
-8.883 -9.609 0.404 119
-8.902 -9.599 0.422 92
-8.896 -9.603 0.416 104
-8.879 -9.604 0.436 113
-8.882 -9.607 0.416 123
-8.897 -9.601 0.422 107
-9.009 -9.893 0.704 103
-9.017 -9.917 0.696 102
-9.028 -9.827 0.727 135
-9.031 -9.846 0.721 124
-9.036 -9.779 0.744 91
-9.008 -9.886 0.706 90
-9.022 -9.860 0.716 95
-9.011 -9.883 0.708 91
-9.035 -9.795 0.738 156
-9.010 -9.874 0.710 67
-9.019 -9.902 0.701 129
-9.041 -9.763 0.749 137
-9.021 -9.870 0.712 94
-9.013 -9.873 0.711 80
-9.032 -9.832 0.725 134
-9.026 -9.852 0.719 118
-9.010 -9.896 0.703 113
-9.019 -9.889 0.706 120
-9.041 -9.761 0.750 137
-9.016 -9.863 0.714 71
-9.027 -9.805 0.734 136
-9.014 -9.866 0.713 70
-9.035 -9.812 0.732 149
-9.025 -9.819 0.730 132
-9.037 -9.777 0.744 64
-8.979 -9.587 0.601 178
-8.979 -9.581 0.596 189
-8.957 -9.567 0.591 187
-8.979 -9.562 0.579 181
-8.933 -9.582 0.613 122
-8.925 -9.588 0.621 97
-8.932 -9.579 0.611 139
-8.914 -9.585 0.622 110
-8.977 -9.550 0.568 181
-8.939 -9.593 0.621 89
-8.963 -9.572 0.594 187
-8.899 -9.584 0.627 109
-8.941 -9.555 0.585 182
-8.944 -9.602 0.627 75
-8.981 -9.584 0.598 188
-8.971 -9.587 0.604 168
-8.929 -9.597 0.628 74
-8.970 -9.584 0.602 176
-8.959 -9.562 0.585 183
-8.906 -9.581 0.621 116
-8.957 -9.569 0.593 187
-8.934 -9.598 0.627 87
-8.977 -9.581 0.596 189
-8.962 -9.605 0.623 88
-8.979 -9.541 0.560 183
-8.963 -9.600 0.618 91
-8.920 -9.575 0.612 138
-8.908 -9.590 0.629 100
-8.914 -9.568 0.607 164
-8.964 -9.559 0.581 181
-8.940 -9.601 0.628 68
-8.924 -9.597 0.630 77
-8.911 -9.585 0.623 103
-8.971 -9.568 0.587 185
-8.952 -9.574 0.599 178
-8.882 -9.588 0.636 118
-8.950 -9.564 0.590 185
-8.922 -9.592 0.626 88
-8.976 -9.560 0.578 181
-8.932 -9.574 0.606 154
-8.961 -9.555 0.578 178
-8.967 -9.570 0.590 189
-8.963 -9.573 0.594 188
-8.927 -9.564 0.598 178
-8.900 -9.585 0.627 109
-8.939 -9.567 0.597 180
-8.979 -9.555 0.572 180
-8.967 -9.570 0.590 189
-8.959 -9.569 0.592 187
-8.922 -9.572 0.607 157
-8.983 -9.585 0.598 188
-8.950 -9.574 0.599 174
-8.970 -9.595 0.612 128
-8.899 -9.581 0.624 120
-8.950 -9.572 0.598 179
-8.903 -9.587 0.628 102
-8.935 -9.568 0.600 176
-8.979 -9.610 0.622 91
-8.898 -9.578 0.622 133
-8.932 -9.603 0.642 128
-8.974 -9.610 0.627 84
-8.947 -9.605 0.636 80
-8.974 -9.621 0.675 172
-8.919 -9.601 0.649 122
-8.977 -9.619 0.663 171
-8.930 -9.599 0.631 74
-8.944 -9.608 0.653 164
-8.892 -9.592 0.640 131
-8.919 -9.601 0.650 122
-8.982 -9.616 0.645 125
-8.970 -9.615 0.650 172
-8.911 -9.599 0.650 100
-8.944 -9.605 0.639 181
-8.986 -9.628 0.688 87
-8.997 -9.628 0.677 169
-8.971 -9.618 0.665 173
-8.905 -9.594 0.637 113
-8.997 -9.622 0.653 144
-8.889 -9.591 0.642 126
-8.953 -9.606 0.633 75
-8.993 -9.627 0.678 172
-8.933 -9.602 0.639 117
-8.951 -9.613 0.664 179
-8.940 -9.610 0.666 171
-8.988 -9.613 0.625 92
-8.949 -9.608 0.646 182
-8.977 -9.618 0.658 187
-8.936 -9.601 0.630 66
-8.960 -9.611 0.646 166
-8.977 -9.621 0.671 178
-8.925 -9.601 0.642 145
-8.976 -9.612 0.632 93
-8.944 -9.604 0.636 171
-8.957 -9.609 0.640 123
-8.991 -9.628 0.686 140
-8.982 -9.622 0.667 169
-8.990 -9.617 0.638 119
-8.959 -9.616 0.671 158
-8.933 -9.607 0.657 179
-8.960 -9.607 0.629 80
-8.923 -9.599 0.636 103
-8.912 -9.595 0.635 100
-8.950 -9.606 0.635 75
-8.959 -9.611 0.648 180
-8.966 -9.609 0.630 81
-8.960 -9.613 0.654 181
-8.987 -9.625 0.675 172
-8.987 -9.615 0.631 103
-8.910 -9.595 0.635 99
-8.937 -9.609 0.663 168
-8.922 -9.599 0.640 155
-8.986 -9.619 0.652 155
-8.991 -9.726 0.648 182
-9.001 -9.656 0.668 166
-8.986 -9.760 0.639 158
-9.002 -9.633 0.667 165
-8.982 -9.738 0.622 116
-9.010 -9.655 0.695 90
-8.986 -9.699 0.630 120
-9.001 -9.678 0.670 167
-9.004 -9.678 0.679 170
-8.997 -9.624 0.652 146
-8.987 -9.656 0.625 100
-8.990 -9.658 0.636 108
-8.994 -9.712 0.656 167
-9.005 -9.657 0.680 178
-8.987 -9.670 0.630 105
-8.990 -9.670 0.637 107
-8.990 -9.740 0.647 174
-8.991 -9.671 0.642 112
-9.003 -9.693 0.678 167
-8.996 -9.640 0.649 132
-8.990 -9.754 0.648 169
-9.006 -9.653 0.682 172
-8.990 -9.718 0.644 188
-8.992 -9.658 0.641 111
-8.996 -9.719 0.661 161
-8.995 -9.627 0.645 122
-8.990 -9.676 0.638 109
-8.988 -9.685 0.633 113
-8.980 -9.793 0.626 117
-9.003 -9.637 0.672 166
-9.005 -9.649 0.678 168
-9.002 -9.643 0.669 167
-8.996 -9.721 0.664 157
-8.989 -9.648 0.632 102
-8.977 -9.808 0.617 126
-8.986 -9.707 0.631 124
-8.996 -9.653 0.653 169
-8.987 -9.679 0.630 104
-8.990 -9.665 0.635 111
-8.985 -9.703 0.626 115
-8.994 -9.673 0.650 179
-9.001 -9.633 0.666 171
-8.984 -9.763 0.632 121
-8.994 -9.697 0.652 183
-8.992 -9.713 0.648 195
-9.000 -9.677 0.669 160
-9.009 -9.664 0.694 101
-8.992 -9.641 0.639 113
-8.988 -9.716 0.639 133
-8.986 -9.724 0.633 113
-8.991 -9.729 0.648 177
-8.987 -9.681 0.629 107
-9.006 -9.670 0.685 179
-9.006 -9.665 0.685 182
-8.990 -9.695 0.640 133
-9.009 -9.634 0.688 168
-9.003 -9.685 0.679 168
-8.997 -9.662 0.656 179
-8.988 -9.671 0.631 105
-9.010 -9.650 0.695 107
-9.006 -9.676 0.685 179
-8.983 -9.771 0.629 114
-8.989 -9.681 0.636 107
-8.994 -9.712 0.654 171
-8.988 -9.669 0.631 108
-8.986 -9.756 0.637 151
-8.986 -9.650 0.622 99
-8.988 -9.645 0.628 100
-8.990 -9.752 0.648 173
-8.987 -9.720 0.635 123
-8.983 -9.708 0.621 109
-9.000 -9.682 0.667 161
-8.979 -9.799 0.622 125
-8.983 -9.730 0.625 114
-8.997 -9.654 0.655 181
-8.987 -9.671 0.628 105
-8.979 -9.774 0.618 126
-8.993 -9.643 0.642 114
-8.992 -9.641 0.639 113
-8.993 -9.661 0.645 120
-8.999 -9.635 0.660 179
-8.992 -9.628 0.637 115
-8.992 -9.711 0.649 192
-9.004 -9.636 0.674 166
-8.984 -9.773 0.633 128
-8.982 -9.763 0.626 118
-8.990 -9.616 0.629 111
-8.999 -9.686 0.666 164
-9.002 -9.651 0.671 168
-8.981 -9.776 0.625 119
-8.978 -9.773 0.617 115
-8.989 -9.737 0.645 179
-8.983 -9.746 0.628 115
-8.988 -9.691 0.634 114
-8.997 -9.717 0.667 111
-8.989 -9.704 0.663 105
-8.970 -9.694 0.647 116
-8.965 -9.676 0.649 104
-8.973 -9.731 0.639 146
-8.983 -9.707 0.656 119
-8.992 -9.697 0.668 121
-8.997 -9.714 0.668 109
-8.989 -9.717 0.659 109
-8.959 -9.695 0.636 155
-8.967 -9.717 0.638 150
-8.990 -9.706 0.663 105
-8.956 -9.688 0.636 153
-8.991 -9.740 0.654 128
-8.979 -9.733 0.645 104
-8.961 -9.710 0.634 153
-8.976 -9.753 0.636 143
-8.979 -9.783 0.630 129
-9.000 -9.657 0.688 134
-8.982 -9.709 0.654 116
-8.968 -9.700 0.644 148
-8.967 -9.741 0.631 137
-8.975 -9.736 0.639 141
-8.997 -9.668 0.682 133
-8.996 -9.657 0.684 134
-8.999 -9.667 0.683 134
-8.973 -9.773 0.627 186
-8.985 -9.725 0.653 106
-8.976 -9.789 0.625 72
-9.003 -9.672 0.686 136
-8.988 -9.707 0.661 104
-8.959 -9.751 0.619 142
-8.963 -9.682 0.644 134
-9.004 -9.651 0.693 136
-9.005 -9.666 0.690 134
-8.960 -9.702 0.635 144
-8.976 -9.694 0.654 112
-8.990 -9.666 0.675 131
-8.980 -9.728 0.647 100
-8.988 -9.655 0.677 140
-9.003 -9.666 0.687 135
-8.979 -9.749 0.640 145
-8.995 -9.661 0.682 136
-8.960 -9.729 0.628 144
-8.986 -9.685 0.666 111
-8.938 -9.707 0.613 126
-8.980 -9.753 0.640 152
-8.953 -9.724 0.623 114
-8.953 -9.710 0.626 130
-8.963 -9.672 0.647 107
-8.976 -9.670 0.661 104
-8.952 -9.729 0.620 103
-8.987 -9.680 0.668 119
-8.974 -9.760 0.632 169
-8.976 -9.675 0.659 106
-9.012 -9.644 0.703 122
-8.978 -9.704 0.652 113
-8.995 -9.661 0.682 136
-8.961 -9.747 0.623 132
-8.977 -9.786 0.627 80
-8.987 -9.754 0.646 164
-8.947 -9.700 0.624 105
-8.953 -9.727 0.622 128
-8.982 -9.711 0.654 114
-8.972 -9.729 0.640 146
-8.956 -9.689 0.636 155
-8.961 -9.737 0.626 145
-8.970 -9.795 0.617 129
-8.964 -9.764 0.621 171
-8.943 -9.687 0.624 85
-8.978 -9.788 0.627 80
-8.999 -9.703 0.673 132
-8.973 -9.790 0.622 86
-8.971 -9.717 0.642 147
-8.993 -9.724 0.661 88
-9.002 -9.677 0.684 137
-8.951 -9.695 0.629 103
-8.993 -9.652 0.682 131
-8.990 -9.694 0.667 124
-8.966 -9.745 0.628 130
-8.964 -9.741 0.627 134
-8.990 -9.661 0.677 145
-8.953 -9.734 0.619 99
-8.939 -9.696 0.618 100
-8.971 -9.767 0.627 172
-8.973 -9.668 0.659 102
-8.944 -9.706 0.619 85
-8.987 -9.701 0.662 108
-8.962 -9.742 0.626 134
-8.979 -9.696 0.655 117
-8.967 -9.741 0.630 137
-8.984 -9.717 0.654 118
-8.969 -9.777 0.622 142
-8.940 -9.657 0.640 112
-8.992 -9.634 0.693 108
-8.911 -9.630 0.635 133
-8.986 -9.640 0.685 60
-8.943 -9.636 0.655 104
-8.956 -9.647 0.658 110
-8.924 -9.644 0.635 133
-8.912 -9.608 0.651 134
-8.884 -9.594 0.639 137
-8.951 -9.651 0.651 101
-8.885 -9.598 0.636 136
-8.924 -9.642 0.637 132
-8.943 -9.667 0.635 112
-8.931 -9.676 0.619 122
-8.949 -9.660 0.644 107
-8.937 -9.632 0.654 126
-8.934 -9.615 0.662 125
-8.921 -9.609 0.657 129
-8.939 -9.658 0.638 112
-8.945 -9.630 0.661 114
-8.951 -9.633 0.663 113
-8.971 -9.663 0.659 106
-8.960 -9.631 0.671 34
-8.966 -9.661 0.656 105
-9.013 -9.639 0.706 126
-8.931 -9.657 0.633 122
-8.966 -9.630 0.677 38
-8.926 -9.638 0.641 128
-8.908 -9.609 0.647 135
-8.976 -9.653 0.669 127
-8.997 -9.648 0.688 137
-8.928 -9.667 0.624 132
-8.894 -9.602 0.641 147
-8.943 -9.664 0.637 115
-8.956 -9.632 0.668 110
-8.910 -9.623 0.640 133
-8.941 -9.615 0.667 123
-8.900 -9.625 0.630 140
-8.950 -9.647 0.653 81
-8.930 -9.644 0.640 128
-8.951 -9.649 0.653 91
-8.981 -9.638 0.682 76
-8.918 -9.642 0.632 130
-8.898 -9.605 0.641 141
-8.987 -9.640 0.686 44
-9.005 -9.641 0.699 126
-8.922 -9.613 0.655 135
-8.907 -9.634 0.630 137
-8.930 -9.655 0.633 135
-8.879 -9.592 0.636 133
-8.956 -9.652 0.655 104
-8.968 -9.659 0.659 107
-8.918 -9.614 0.652 135
-8.965 -9.659 0.657 113
-8.998 -9.638 0.696 124
-8.944 -9.671 0.633 101
-8.938 -9.630 0.656 126
-8.883 -9.596 0.637 136
-8.966 -9.647 0.665 139
-8.979 -9.649 0.674 137
-8.919 -9.664 0.618 137
-8.883 -9.590 0.640 133
-8.947 -9.673 0.634 84
-8.914 -9.628 0.639 133
-8.884 -9.602 0.634 139
-8.893 -9.615 0.632 143
-8.922 -9.615 0.654 137
-8.993 -9.649 0.685 139
-8.894 -9.613 0.634 143
-8.960 -9.620 0.679 31
-8.940 -9.627 0.659 116
-8.926 -9.660 0.627 129
-8.935 -9.684 0.617 131
-8.937 -9.670 0.628 106
-8.908 -9.611 0.646 135
-8.935 -9.663 0.632 114
-8.941 -9.618 0.666 121
-8.974 -9.641 0.675 30
-9.013 -9.833 0.691 93
-9.036 -9.768 0.738 152
-9.005 -9.877 0.694 111
-9.022 -9.815 0.719 169
-9.006 -9.874 0.701 100
-9.004 -9.887 0.705 94
-9.040 -9.754 0.747 122
-9.017 -9.819 0.695 113
-9.009 -9.870 0.708 99
-9.010 -9.840 0.681 132
-9.015 -9.829 0.695 91
-9.024 -9.806 0.721 145
-9.020 -9.818 0.714 158
-9.037 -9.766 0.743 137
-9.017 -9.818 0.693 105
-9.005 -9.874 0.692 112
-9.025 -9.809 0.728 162
-9.012 -9.838 0.692 91
-9.017 -9.833 0.712 152
-9.008 -9.861 0.697 108
-9.015 -9.838 0.706 133
-9.032 -9.782 0.733 157
-9.014 -9.839 0.705 128
-9.010 -9.862 0.707 98
-9.030 -9.793 0.738 159
-9.042 -9.748 0.748 125
-9.020 -9.831 0.725 176
-9.017 -9.826 0.703 131
-9.036 -9.763 0.738 149
-9.006 -9.874 0.698 108
-9.012 -9.838 0.691 91
-9.015 -9.825 0.691 86
-9.035 -9.774 0.740 167
-9.013 -9.853 0.714 154
-9.015 -9.847 0.719 168
-9.017 -9.821 0.701 120
-9.001 -9.901 0.700 110
-9.028 -9.790 0.720 169
-9.041 -9.753 0.751 123
-9.009 -9.855 0.695 97
-9.001 -9.899 0.700 112
-9.029 -9.796 0.733 166
-9.027 -9.801 0.730 181
-9.023 -9.803 0.709 160
-8.630 -10.067 0.588 172
-8.692 -10.058 0.616 178
-8.648 -10.072 0.596 178
-8.592 -10.060 0.571 82
-8.638 -10.095 0.592 72
-8.624 -10.089 0.586 90
-8.595 -10.069 0.572 80
-8.553 -10.059 0.553 164
-8.689 -10.084 0.615 180
-8.576 -10.062 0.564 141
-8.593 -10.075 0.572 164
-8.692 -10.098 0.617 177
-8.679 -10.065 0.610 175
-8.606 -10.082 0.577 123
-8.644 -10.077 0.595 177
-8.704 -10.072 0.622 176
-8.626 -10.061 0.586 173
-8.593 -10.057 0.571 86
-8.632 -10.091 0.589 74
-8.672 -10.061 0.607 180
-8.665 -10.070 0.604 181
-8.674 -10.069 0.608 178
-8.556 -10.060 0.555 175
-8.613 -10.058 0.580 163
-8.663 -10.103 0.604 87
-8.668 -10.059 0.605 181
-8.693 -10.083 0.617 174
-8.674 -10.105 0.608 119
-8.592 -10.072 0.571 140
-8.650 -10.097 0.597 88
-8.621 -10.080 0.584 81
-8.716 -10.058 0.627 176
-8.587 -10.057 0.569 89
-8.683 -10.107 0.613 158
-8.674 -10.102 0.609 150
-8.717 -10.048 0.627 172
-8.685 -10.074 0.613 176
-8.679 -10.066 0.610 175
-8.664 -10.094 0.604 171
-8.650 -10.055 0.597 174
-8.632 -10.068 0.589 172
-8.623 -10.054 0.585 171
-8.681 -10.067 0.611 180
-8.629 -10.082 0.588 91
-8.638 -10.073 0.592 174
-8.665 -10.073 0.604 177
-8.644 -10.054 0.594 170
-8.693 -10.077 0.617 178
-8.692 -10.054 0.616 179
-8.631 -10.083 0.589 90
-8.671 -10.104 0.607 102
-8.646 -10.095 0.596 85
-8.545 -10.060 0.550 175
-8.610 -10.083 0.579 107
-8.671 -10.064 0.607 174
-8.669 -10.095 0.606 166
-8.588 -10.075 0.569 173
-8.688 -10.052 0.614 176
-8.569 -10.058 0.560 131
-8.652 -10.094 0.598 105
-8.684 -10.102 0.613 182
-8.601 -10.081 0.575 160
-8.587 -10.070 0.561 188
-8.619 -10.084 0.567 188
-8.590 -10.067 0.564 189
-8.695 -10.059 0.612 111
-8.682 -10.053 0.610 110
-8.694 -10.054 0.614 106
-8.631 -10.059 0.585 181
-8.665 -10.055 0.602 126
-8.705 -10.055 0.618 105
-8.632 -10.075 0.577 186
-8.628 -10.077 0.574 186
-8.582 -10.069 0.559 189
-8.644 -10.077 0.581 185
-8.573 -10.057 0.562 190
-8.614 -10.063 0.576 185
-8.606 -10.055 0.577 186
-8.622 -10.071 0.575 184
-8.662 -10.065 0.595 176
-8.623 -10.083 0.569 187
-8.644 -10.061 0.590 182
-8.597 -10.056 0.573 187
-8.590 -10.063 0.566 188
-8.706 -10.050 0.622 105
-8.627 -10.077 0.574 186
-8.653 -10.056 0.596 148
-8.652 -10.075 0.586 183
-8.646 -10.066 0.587 179
-8.577 -10.063 0.560 189
-8.672 -10.059 0.602 145
-8.623 -10.057 0.583 184
-8.605 -10.076 0.565 187
-8.652 -10.064 0.592 179
-8.627 -10.066 0.579 184
-8.677 -10.064 0.602 168
-8.717 -10.049 0.627 120
-8.684 -10.060 0.607 144
-8.611 -10.082 0.564 188
-8.601 -10.071 0.566 188
-8.699 -10.052 0.617 106
-8.636 -10.086 0.573 187
-8.681 -10.053 0.610 110
-8.669 -10.101 0.600 173
-8.707 -10.065 0.621 117
-8.669 -10.095 0.599 170
-8.661 -10.099 0.594 178
-8.691 -10.091 0.614 172
-8.697 -10.080 0.616 179
-8.661 -10.094 0.592 177
-8.694 -10.087 0.616 177
-8.652 -10.080 0.583 184
-8.662 -10.100 0.594 178
-8.701 -10.067 0.617 145
-8.683 -10.075 0.605 176
-8.693 -10.072 0.612 179
-8.712 -10.061 0.624 108
-8.662 -10.078 0.590 181
-8.677 -10.075 0.601 176
-8.686 -10.095 0.612 167
-8.686 -10.100 0.613 166
-8.707 -10.074 0.623 172
-8.689 -10.076 0.610 180
-8.701 -10.082 0.620 178
-8.689 -10.092 0.613 168
-8.689 -10.081 0.611 177
-8.700 -10.083 0.620 177
-8.689 -10.096 0.614 167
-8.688 -10.081 0.610 177
-8.962 -9.591 0.572 192
-8.965 -9.556 0.547 185
-8.976 -9.561 0.565 180
-8.942 -9.595 0.548 108
-8.958 -9.584 0.561 181
-8.977 -9.560 0.567 180
-8.965 -9.559 0.549 185
-8.977 -9.585 0.586 193
-8.937 -9.594 0.541 108
-8.970 -9.554 0.552 183
-8.980 -9.577 0.583 191
-8.964 -9.599 0.581 183
-8.983 -9.598 0.605 163
-8.962 -9.566 0.551 185
-8.946 -9.592 0.552 109
-8.979 -9.559 0.567 180
-8.959 -9.575 0.554 184
-8.965 -9.563 0.552 184
-8.986 -9.604 0.612 79
-8.948 -9.574 0.540 188
-8.960 -9.597 0.573 151
-8.928 -9.595 0.531 110
-8.982 -9.546 0.561 186
-8.953 -9.566 0.540 188
-8.983 -9.588 0.596 198
-8.977 -9.556 0.563 181
-8.984 -9.580 0.591 197
-8.954 -9.593 0.562 192
-8.964 -9.566 0.554 184
-8.982 -9.571 0.581 185
-8.975 -9.602 0.597 176
-8.980 -9.572 0.580 184
-8.960 -9.587 0.566 174
-8.967 -9.569 0.560 179
-8.930 -9.593 0.531 104
-8.981 -9.568 0.578 182
-8.955 -9.588 0.560 182
-8.987 -9.601 0.611 137
-8.960 -9.575 0.556 182
-8.970 -9.590 0.580 193
-8.985 -9.603 0.611 137
-8.953 -9.576 0.548 184
-8.940 -9.581 0.534 187
-8.974 -9.615 0.606 99
-8.929 -9.624 0.556 158
-8.933 -9.654 0.587 115
-8.932 -9.603 0.542 104
-8.945 -9.626 0.579 169
-8.934 -9.606 0.548 105
-8.971 -9.621 0.608 77
-8.938 -9.626 0.569 173
-8.938 -9.665 0.603 97
-8.938 -9.626 0.570 173
-8.952 -9.643 0.601 81
-8.934 -9.658 0.592 81
-8.939 -9.671 0.609 98
-8.968 -9.621 0.604 84
-8.943 -9.636 0.584 178
-8.961 -9.607 0.583 177
-8.967 -9.632 0.612 98
-8.972 -9.612 0.601 166
-8.954 -9.638 0.600 74
-8.949 -9.631 0.587 175
-8.929 -9.626 0.558 165
-8.951 -9.611 0.573 177
-8.943 -9.651 0.597 79
-8.945 -9.627 0.580 168
-8.935 -9.639 0.577 170
-8.931 -9.651 0.582 162
-8.932 -9.604 0.543 104
-8.938 -9.602 0.550 109
-8.961 -9.632 0.604 79
-8.933 -9.629 0.566 177
-8.929 -9.627 0.558 165
-8.938 -9.660 0.598 87
-8.947 -9.638 0.592 143
-8.929 -9.598 0.535 112
-8.928 -9.627 0.557 160
-8.944 -9.606 0.561 139
-8.976 -9.627 0.619 108
-8.930 -9.644 0.574 170
-8.934 -9.682 0.612 103
-8.947 -9.612 0.569 180
-8.937 -9.637 0.577 171
-8.966 -9.620 0.601 130
-8.968 -9.623 0.606 74
-8.956 -9.634 0.600 77
-8.961 -9.636 0.607 91
-8.965 -9.633 0.610 94
-8.935 -9.597 0.541 103
-8.934 -9.619 0.558 171
-8.934 -9.668 0.600 95
-8.961 -9.621 0.596 163
-8.950 -9.660 0.613 101
-8.964 -9.628 0.605 78
-8.521 -9.708 0.376 156
-8.524 -9.713 0.382 158
-8.994 -9.940 0.693 126
-9.008 -9.942 0.691 115
-9.008 -9.935 0.692 101
-8.995 -9.926 0.696 139
-8.984 -9.960 0.691 101
-9.002 -9.941 0.692 108
-8.981 -9.946 0.694 146
-8.971 -9.973 0.690 104
-8.998 -9.922 0.696 139
-8.976 -9.964 0.691 128
-8.968 -9.972 0.690 122
-8.993 -9.938 0.694 126
-8.990 -9.938 0.694 124
-8.982 -9.950 0.693 137
-8.967 -9.964 0.692 144
-9.001 -9.935 0.693 117
-9.007 -9.914 0.697 137
-9.009 -9.940 0.691 113
-8.993 -9.941 0.693 130
-8.989 -9.933 0.695 143
-9.000 -9.939 0.693 93
