-9.062 -12.252 1.262 66
-9.057 -12.252 1.248 54
-9.014 -12.254 1.125 63
-8.973 -12.253 1.168 50
-9.046 -12.252 1.267 77
-8.976 -12.255 1.083 60
-8.997 -12.254 1.142 58
-8.977 -12.254 1.094 64
-9.060 -12.252 1.252 57
-9.042 -12.254 1.168 56
-9.094 -12.252 1.277 69
-8.984 -12.254 1.115 61
-8.999 -12.253 1.191 53
-9.041 -12.253 1.198 58
-9.115 -12.252 1.298 65
-9.032 -12.252 1.246 54
-8.981 -12.253 1.146 57
-9.015 -12.252 1.214 55
-8.979 -12.254 1.107 63
-8.992 -12.253 1.182 53
-9.067 -12.252 1.266 71
-8.986 -12.255 1.074 39
-9.092 -12.252 1.275 66
-8.975 -12.254 1.091 60
-9.076 -12.252 1.286 68
-9.059 -12.252 1.272 76
-8.978 -12.253 1.176 50
-8.983 -12.255 1.073 40
-9.068 -12.253 1.241 52
-8.982 -12.254 1.095 65
-9.007 -12.253 1.185 51
-9.005 -12.254 1.143 55
-8.994 -12.253 1.153 56
-9.041 -12.253 1.219 53
-9.051 -12.252 1.238 52
-8.997 -12.252 1.209 56
-9.005 -12.253 1.187 51
-9.024 -12.254 1.131 59
-9.032 -12.254 1.152 57
-9.039 -12.253 1.179 54
-8.978 -12.253 1.155 55
-9.059 -12.253 1.210 52
-9.033 -12.254 1.156 57
-8.971 -12.253 1.172 55
-9.039 -12.253 1.216 51
-9.043 -12.252 1.252 58
-9.048 -12.254 1.173 59
-9.066 -12.252 1.274 73
-9.027 -12.253 1.188 49
-9.103 -12.252 1.295 67
-9.045 -12.253 1.191 55
-9.108 -12.251 1.325 64
-9.044 -12.252 1.266 77
-9.016 -12.253 1.201 55
-9.023 -12.254 1.141 60
-9.011 -12.253 1.172 55
-9.059 -12.252 1.278 74
-9.105 -12.252 1.294 67
-9.027 -12.254 1.141 61
-9.119 -12.252 1.320 66
-9.068 -12.253 1.218 54
-8.975 -12.253 1.167 54
-8.986 -12.253 1.156 55
-9.046 -12.252 1.240 53
-9.088 -12.252 1.283 70
-8.996 -12.253 1.158 55
-9.072 -12.252 1.257 61
-8.992 -12.255 1.081 65
-8.985 -12.253 1.178 52
-9.030 -12.253 1.214 53
-8.970 -12.252 1.199 55
-8.999 -12.253 1.188 52
-9.002 -12.254 1.134 60
-8.976 -12.254 1.131 61
-9.015 -12.253 1.199 54
-9.079 -12.252 1.279 68
-8.983 -12.253 1.188 52
-9.076 -12.253 1.235 50
-9.019 -12.252 1.233 54
-9.078 -12.252 1.293 67
-9.098 -12.252 1.282 72
-9.071 -12.252 1.267 70
-9.030 -12.252 1.234 53
-9.015 -12.254 1.139 62
-9.095 -12.252 1.292 68
-9.092 -12.252 1.272 65
-9.013 -12.254 1.144 56
-9.085 -12.252 1.295 68
-9.000 -12.254 1.108 64
-8.984 -12.254 1.111 62
-9.056 -12.253 1.233 52
-9.109 -12.252 1.315 63
-8.986 -12.252 1.206 55
-9.001 -12.253 1.169 55
-9.103 -12.252 1.302 68
-9.031 -12.253 1.184 51
-8.980 -12.252 1.208 56
-9.133 -12.251 1.336 74
-9.115 -12.252 1.308 65
-8.982 -12.252 1.205 55
-9.074 -12.252 1.257 61
-9.002 -12.254 1.126 60
-9.083 -12.253 1.254 57
-9.028 -12.253 1.197 53
-9.001 -12.255 1.098 61
-8.978 -12.254 1.131 61
-9.020 -12.253 1.193 51
-9.078 -12.252 1.282 69
-9.079 -12.253 1.235 50
-8.973 -12.253 1.156 55
-9.013 -12.254 1.148 57
-9.102 -12.252 1.300 67
-8.984 -12.254 1.119 61
-9.047 -12.253 1.186 53
-9.066 -12.253 1.208 51
-9.047 -12.253 1.214 52
-9.043 -12.253 1.190 54
-9.053 -12.253 1.214 51
-9.044 -12.253 1.209 54
-9.021 -12.254 1.158 58
-9.073 -12.252 1.292 67
-9.004 -12.254 1.120 62
-8.982 -12.254 1.114 61
-9.036 -12.254 1.166 56
-8.998 -12.255 1.091 62
-9.072 -12.252 1.260 64
-9.008 -12.254 1.124 63
-9.100 -12.252 1.289 68
-8.989 -12.253 1.194 55
-9.017 -12.252 1.220 53
-9.017 -12.252 1.223 54
-8.988 -12.253 1.167 54
-9.090 -12.252 1.281 70
-8.996 -12.253 1.152 57
-9.003 -12.254 1.120 62
-9.061 -12.252 1.250 57
-9.027 -12.253 1.175 55
-8.986 -12.255 1.068 27
-9.073 -12.253 1.221 52
-8.970 -12.252 1.201 55
-9.053 -12.253 1.200 60
-8.978 -12.253 1.154 55
-9.079 -12.253 1.244 52
-9.055 -12.252 1.260 67
-9.066 -12.253 1.233 51
-8.979 -12.254 1.133 60
-9.023 -12.252 1.235 53
-9.048 -12.253 1.191 54
-8.977 -12.255 1.083 60
-8.994 -12.253 1.165 53
-8.935 -12.247 1.168 59
-8.877 -12.238 1.126 65
-8.853 -12.234 1.134 17
-8.896 -12.240 1.157 63
-8.944 -12.249 1.124 55
-8.962 -12.252 1.105 59
-8.969 -12.253 1.171 55
-8.912 -12.244 1.115 60
-8.907 -12.243 1.090 64
-8.909 -12.243 1.150 59
-8.927 -12.246 1.161 58
-8.905 -12.243 1.114 58
-8.954 -12.251 1.089 55
-8.956 -12.251 1.132 57
-8.890 -12.240 1.138 59
-8.954 -12.251 1.091 55
-8.893 -12.241 1.102 61
-8.916 -12.244 1.106 55
-8.935 -12.248 1.093 55
-8.900 -12.242 1.126 58
-8.922 -12.245 1.164 59
-8.914 -12.244 1.155 60
-8.876 -12.238 1.125 66
-8.953 -12.250 1.179 54
-8.847 -12.233 1.142 28
-8.862 -12.235 1.124 29
-8.955 -12.251 1.077 39
-8.959 -12.252 1.071 26
-8.844 -12.232 1.137 41
-8.933 -12.247 1.173 59
-8.918 -12.244 1.140 59
-8.918 -12.244 1.164 60
-8.930 -12.247 1.089 56
-8.973 -12.254 1.086 61
-8.854 -12.234 1.124 19
-8.909 -12.243 1.120 58
-8.910 -12.244 1.095 60
-8.946 -12.249 1.125 55
-8.934 -12.247 1.163 57
-8.887 -12.239 1.133 61
-8.954 -12.250 1.184 54
-8.909 -12.243 1.131 57
-8.915 -12.245 1.088 62
-8.923 -12.245 1.128 56
-8.949 -12.249 1.147 55
-8.973 -12.255 1.065 27
-8.951 -12.251 1.073 29
-8.933 -12.248 1.079 40
-8.928 -12.246 1.154 58
-8.912 -12.244 1.098 60
-8.940 -12.248 1.136 56
-8.910 -12.243 1.113 59
-8.919 -12.245 1.106 57
-8.940 -12.249 1.074 24
-8.922 -12.245 1.140 58
-8.944 -12.248 1.173 56
-8.868 -12.236 1.125 47
-8.926 -12.245 1.182 61
-8.916 -12.245 1.096 58
-8.952 -12.251 1.091 55
-8.871 -12.236 1.146 58
-8.951 -12.250 1.140 55
-8.900 -12.241 1.142 60
-8.963 -12.252 1.154 54
-8.942 -12.248 1.158 55
-8.924 -12.246 1.083 48
-8.976 -12.255 1.072 34
-8.911 -12.243 1.152 59
-8.894 -12.240 1.141 60
-8.928 -12.246 1.151 58
-8.852 -12.233 1.134 19
-8.915 -12.244 1.153 58
-8.944 -12.248 1.180 56
-8.941 -12.248 1.175 56
-8.916 -12.244 1.176 61
-8.950 -12.250 1.134 56
-8.922 -12.246 1.092 57
-8.906 -12.243 1.099 60
-8.954 -12.250 1.155 55
-8.912 -12.243 1.167 61
-8.933 -12.247 1.158 57
-8.970 -12.253 1.109 58
-8.894 -12.241 1.100 58
-8.958 -12.251 1.146 54
-8.931 -12.246 1.174 60
-8.897 -12.241 1.163 63
-8.865 -12.235 1.153 37
-8.841 -12.232 1.136 50
-8.907 -12.243 1.120 58
-8.971 -12.254 1.066 25
-8.912 -12.244 1.129 57
-8.923 -12.246 1.114 58
-8.924 -12.246 1.098 57
-8.950 -12.249 1.180 55
-8.956 -12.250 1.178 54
-8.905 -12.242 1.169 64
-8.887 -12.240 1.107 58
-8.924 -12.246 1.090 57
-8.948 -12.250 1.130 56
-8.929 -12.247 1.108 57
-8.932 -12.248 1.076 31
-8.945 -12.249 1.130 54
-8.934 -12.248 1.100 56
-8.942 -12.248 1.173 56
-8.900 -12.242 1.129 58
-8.940 -12.248 1.185 58
-8.902 -12.242 1.121 59
-8.965 -12.253 1.106 59
-8.936 -12.248 1.125 55
-8.902 -12.242 1.143 60
-8.953 -12.250 1.175 55
-8.889 -12.257 1.063 25
-8.913 -12.251 1.069 25
-8.836 -12.233 1.131 76
-8.859 -12.245 1.097 63
-8.867 -12.238 1.111 41
-8.876 -12.260 1.059 26
-8.922 -12.249 1.073 25
-8.861 -12.246 1.095 57
-8.894 -12.258 1.060 25
-8.838 -12.235 1.126 83
-8.886 -12.249 1.082 58
-8.893 -12.259 1.058 26
-8.913 -12.254 1.064 26
-8.851 -12.237 1.117 22
-8.884 -12.249 1.082 58
-8.890 -12.241 1.099 59
-8.896 -12.257 1.061 25
-8.908 -12.253 1.067 25
-8.892 -12.251 1.075 36
-8.849 -12.237 1.118 22
-8.902 -12.255 1.064 26
-8.875 -12.247 1.090 61
-8.867 -12.242 1.101 59
-8.910 -12.250 1.073 27
-8.920 -12.254 1.061 26
-8.930 -12.247 1.074 30
-8.842 -12.234 1.128 47
-8.917 -12.247 1.079 34
-8.857 -12.242 1.106 62
-8.875 -12.251 1.080 51
-8.878 -12.261 1.057 26
-8.856 -12.243 1.103 69
-8.907 -12.251 1.072 28
-8.865 -12.242 1.102 63
-8.924 -12.256 1.056 27
-8.902 -12.251 1.072 28
-8.868 -12.255 1.072 38
-8.878 -12.257 1.066 26
-8.891 -12.251 1.075 36
-8.872 -12.242 1.100 59
-8.898 -12.253 1.220 54
-8.879 -12.256 1.237 54
-8.891 -12.245 1.189 61
-8.869 -12.243 1.186 61
-8.950 -12.249 1.193 55
-8.869 -12.239 1.170 72
-8.899 -12.249 1.202 56
-8.886 -12.259 1.248 60
-8.924 -12.256 1.225 58
-8.836 -12.239 1.177 19
-8.899 -12.253 1.221 54
-8.951 -12.254 1.212 57
-8.890 -12.242 1.177 64
-8.940 -12.248 1.191 59
-8.879 -12.251 1.215 52
-8.877 -12.252 1.222 53
-8.875 -12.239 1.169 75
-8.899 -12.245 1.186 61
-8.930 -12.248 1.193 58
-8.839 -12.244 1.194 22
-8.942 -12.254 1.214 57
-8.862 -12.237 1.164 40
-8.873 -12.258 1.244 57
-8.906 -12.245 1.185 60
-8.859 -12.261 1.262 59
-8.887 -12.260 1.249 60
-8.852 -12.243 1.190 63
-8.860 -12.246 1.198 59
-8.852 -12.253 1.230 55
-8.909 -12.245 1.185 59
-8.915 -12.250 1.204 55
-8.884 -12.251 1.215 54
-8.905 -12.252 1.216 55
-8.871 -12.240 1.174 69
-8.929 -12.252 1.209 55
-8.864 -12.244 1.189 64
-8.864 -12.240 1.176 67
-8.858 -12.235 1.155 17
-8.851 -12.233 1.149 27
-8.892 -12.243 1.180 62
-8.948 -12.252 1.205 54
-8.850 -12.238 1.169 21
-8.839 -12.247 1.209 63
-8.865 -12.248 1.205 54
-8.842 -12.247 1.206 59
-8.861 -12.252 1.223 52
-8.845 -12.244 1.196 52
-8.859 -12.248 1.208 56
-8.954 -12.253 1.208 55
-8.897 -12.259 1.243 58
-8.850 -12.235 1.157 28
-8.904 -12.257 1.233 56
-8.850 -12.236 1.163 17
-8.891 -12.252 1.216 53
-8.853 -12.242 1.183 49
-8.859 -12.235 1.155 21
-8.848 -12.246 1.201 72
-8.843 -12.240 1.181 25
-8.842 -12.241 1.182 20
-8.899 -12.248 1.199 57
-8.886 -12.255 1.231 54
-8.884 -12.240 1.170 64
-8.850 -12.261 1.262 60
-8.850 -12.241 1.180 35
-8.890 -12.254 1.224 53
-8.961 -12.252 1.204 55
-8.947 -12.250 1.197 55
-8.943 -12.251 1.201 55
-8.941 -12.250 1.199 55
-8.915 -12.257 1.231 56
-8.949 -12.250 1.197 54
-8.843 -12.244 1.195 52
-8.899 -12.247 1.196 59
-8.855 -12.241 1.179 59
-8.904 -12.248 1.199 58
-8.833 -12.231 1.143 80
-8.922 -12.253 1.213 54
-8.874 -12.255 1.235 57
-8.867 -12.258 1.246 59
-8.846 -12.254 1.236 59
-8.869 -12.246 1.198 60
-8.840 -12.235 1.159 26
-8.874 -12.239 1.168 75
-8.856 -12.259 1.252 60
-8.834 -12.232 1.147 73
-8.855 -12.261 1.263 60
-8.856 -12.256 1.242 57
-8.847 -12.266 1.283 59
-8.870 -12.249 1.208 54
-8.838 -12.238 1.174 12
-8.852 -12.254 1.235 56
-8.874 -12.242 1.182 58
-8.892 -12.246 1.194 60
-8.869 -12.251 1.217 53
-8.911 -12.253 1.219 54
-8.869 -12.241 1.179 60
-8.897 -12.259 1.245 60
-8.843 -12.259 1.257 59
-8.815 -12.228 1.169 95
-8.824 -12.242 1.222 58
-8.819 -12.226 1.152 89
-8.819 -12.234 1.188 79
-8.832 -12.254 1.260 66
-8.815 -12.231 1.185 87
-8.825 -12.247 1.244 60
-8.796 -12.229 1.227 100
-8.807 -12.229 1.196 89
-8.810 -12.241 1.253 69
-8.809 -12.238 1.244 73
-8.807 -12.237 1.242 73
-8.803 -12.233 1.232 90
-8.841 -12.260 1.269 62
-8.822 -12.249 1.262 59
-8.833 -12.249 1.232 62
-8.816 -12.239 1.226 75
-8.840 -12.260 1.272 62
-8.823 -12.250 1.266 60
-8.811 -12.242 1.258 69
-8.830 -12.246 1.222 42
-8.813 -12.228 1.176 92
-8.826 -12.239 1.200 60
-8.845 -12.264 1.278 59
-8.824 -12.241 1.215 65
-8.804 -12.233 1.231 86
-8.838 -12.250 1.226 62
-8.799 -12.232 1.238 90
-8.822 -12.250 1.266 60
-8.830 -12.245 1.220 49
-8.833 -12.242 1.196 16
-8.810 -12.228 1.183 92
-8.825 -12.244 1.230 59
-8.827 -12.237 1.185 69
-8.810 -12.235 1.220 86
-8.808 -12.228 1.193 90
-8.795 -12.225 1.211 102
-8.803 -12.233 1.231 90
-8.829 -12.252 1.262 62
-8.809 -12.225 1.172 98
-8.807 -12.230 1.205 88
-8.844 -12.262 1.271 61
-8.830 -12.245 1.221 49
-8.786 -12.226 1.242 105
-8.830 -12.238 1.183 17
-8.831 -12.245 1.217 40
-8.809 -12.226 1.176 97
-8.793 -12.228 1.232 102
-8.837 -12.259 1.274 78
-8.829 -12.249 1.241 58
-8.790 -12.225 1.223 103
-8.812 -12.238 1.234 76
-8.810 -12.239 1.243 70
-8.812 -12.237 1.227 80
-8.795 -12.230 1.240 94
-8.807 -12.228 1.193 90
-9.303 -12.255 1.066 33
-9.204 -12.261 1.364 65
-9.172 -12.255 1.055 23
-9.152 -12.257 1.141 62
-9.203 -12.255 1.069 46
-9.301 -12.258 1.237 27
-9.160 -12.258 1.209 49
-9.137 -12.260 1.272 64
-9.160 -12.257 1.171 65
-9.298 -12.257 1.204 54
-9.192 -12.258 1.202 81
-9.132 -12.259 1.267 62
-9.092 -12.258 1.185 52
-9.279 -12.259 1.270 26
-9.028 -12.256 1.073 50
-9.264 -12.258 1.221 138
-9.286 -12.263 1.455 15
-9.146 -12.259 1.255 73
-9.098 -12.255 1.061 26
-9.131 -12.258 1.205 54
-9.312 -12.262 1.419 75
-9.203 -12.256 1.115 72
-9.058 -12.256 1.097 59
-9.121 -12.259 1.247 58
-9.143 -12.255 1.062 21
-9.054 -12.257 1.117 60
-9.274 -12.263 1.458 18
-9.293 -12.258 1.232 33
-9.177 -12.257 1.152 69
-9.285 -12.257 1.188 132
-9.053 -12.255 1.057 24
-9.276 -12.256 1.149 132
-9.200 -12.257 1.144 72
-9.149 -12.259 1.272 70
-9.243 -12.260 1.305 62
-9.104 -12.256 1.074 54
-9.306 -12.258 1.232 26
-9.188 -12.260 1.321 53
-9.200 -12.259 1.267 60
-9.128 -12.257 1.129 63
-9.299 -12.257 1.173 40
-9.280 -12.257 1.169 139
-9.135 -12.259 1.259 65
-9.174 -12.257 1.142 71
-9.108 -12.258 1.184 54
-9.273 -12.259 1.283 19
-9.200 -12.258 1.232 55
-9.120 -12.258 1.197 52
-9.175 -12.255 1.056 24
-9.201 -12.257 1.148 68
-9.223 -12.261 1.376 60
-9.227 -12.257 1.186 54
-9.286 -12.255 1.074 127
-9.169 -12.260 1.300 67
-9.195 -12.258 1.231 58
-9.292 -12.264 1.508 23
-9.085 -12.256 1.099 55
-9.107 -12.258 1.194 52
-9.081 -12.257 1.130 61
-9.301 -12.256 1.155 38
-9.179 -12.260 1.313 58
-9.254 -12.259 1.291 39
-9.205 -12.258 1.213 49
-8.999 -12.256 1.067 25
-9.312 -12.256 1.133 81
-9.247 -12.261 1.345 48
-9.051 -12.257 1.155 55
-9.292 -12.260 1.315 26
-9.309 -12.259 1.288 29
-9.204 -12.255 1.082 59
-9.075 -12.257 1.119 61
-9.270 -12.259 1.283 19
-9.249 -12.258 1.240 53
-9.190 -12.258 1.231 58
-9.066 -12.256 1.091 56
-9.313 -12.260 1.323 60
-9.208 -12.259 1.265 62
-9.100 -12.257 1.151 55
-9.194 -12.257 1.156 69
-9.282 -12.256 1.136 122
-9.195 -12.257 1.185 70
-9.074 -12.256 1.109 58
-9.263 -12.256 1.115 31
-9.294 -12.259 1.284 27
-9.147 -12.260 1.276 69
-9.286 -12.260 1.339 30
-9.040 -12.256 1.105 61
-9.248 -12.258 1.214 138
-9.127 -12.258 1.181 51
-9.288 -12.258 1.230 35
-9.204 -12.255 1.060 21
-9.040 -12.255 1.058 24
-9.219 -12.258 1.239 75
-9.294 -12.260 1.340 30
-9.042 -12.257 1.131 56
-9.262 -12.262 1.400 16
-9.130 -12.255 1.072 55
-9.291 -12.263 1.493 24
-9.272 -12.262 1.404 21
-9.111 -12.256 1.111 58
-9.117 -12.259 1.229 57
-9.196 -12.261 1.368 62
-9.041 -12.257 1.133 56
-9.237 -12.256 1.123 40
-9.204 -12.256 1.114 72
-9.183 -12.259 1.279 64
-9.295 -12.258 1.216 80
-9.097 -12.258 1.208 53
-9.143 -12.260 1.289 63
-9.180 -12.259 1.252 76
-9.069 -12.256 1.104 59
-9.119 -12.257 1.145 56
-9.310 -12.262 1.445 45
-9.158 -12.255 1.073 57
-9.290 -12.258 1.225 104
-9.232 -12.257 1.172 47
-9.107 -12.258 1.191 52
-9.228 -12.256 1.123 56
-9.223 -12.261 1.379 58
-9.220 -12.256 1.107 52
-9.078 -12.258 1.181 54
-9.290 -12.257 1.198 107
-9.271 -12.260 1.337 12
-9.145 -12.260 1.275 67
-9.294 -12.263 1.460 16
-9.243 -12.258 1.199 44
-9.135 -12.259 1.246 61
-9.065 -12.256 1.097 55
-8.992 -12.256 1.058 25
-9.197 -12.256 1.097 54
-9.092 -12.257 1.142 55
-9.156 -12.259 1.259 75
-9.180 -12.257 1.166 67
-9.281 -12.255 1.098 126
-9.220 -12.261 1.347 64
-9.222 -12.260 1.305 84
-9.221 -12.256 1.133 58
-9.177 -12.258 1.221 60
-9.255 -12.261 1.363 16
-9.176 -12.257 1.154 66
-9.303 -12.263 1.462 21
-9.144 -12.258 1.192 53
-9.105 -12.258 1.175 54
-9.104 -12.258 1.200 53
-9.197 -12.260 1.293 64
-9.236 -12.259 1.278 72
-9.246 -12.257 1.182 43
-9.287 -12.259 1.295 25
-9.228 -12.260 1.293 82
-9.148 -12.259 1.272 69
-9.261 -12.257 1.165 135
-9.112 -12.257 1.147 60
-9.060 -12.256 1.063 25
-9.254 -12.262 1.425 24
-9.209 -12.256 1.134 63
-9.035 -12.256 1.074 49
-9.292 -12.261 1.371 20
-9.292 -12.259 1.274 31
-9.301 -12.262 1.448 14
-9.182 -12.257 1.145 71
-9.300 -12.263 1.472 17
-9.181 -12.255 1.072 44
-9.312 -12.257 1.192 101
-9.289 -12.263 1.462 16
-9.255 -12.259 1.264 34
-9.250 -12.261 1.361 25
-9.070 -12.257 1.155 54
-9.019 -12.256 1.100 65
-9.215 -12.255 1.075 68
-9.304 -12.258 1.226 40
-9.290 -12.254 1.058 89
-9.182 -12.257 1.160 67
-9.084 -12.255 1.064 22
-9.250 -12.255 1.096 43
-9.159 -12.257 1.172 64
-9.189 -12.260 1.309 59
-9.237 -12.259 1.263 68
-9.144 -12.256 1.086 73
-9.159 -12.259 1.255 78
-9.312 -12.260 1.332 32
-9.280 -12.262 1.437 20
-9.110 -12.256 1.113 57
-9.093 -12.257 1.142 55
-9.156 -12.257 1.139 64
-9.089 -12.257 1.127 57
-9.150 -12.256 1.086 73
-9.195 -12.257 1.178 67
-9.287 -12.259 1.300 26
-9.202 -12.255 1.066 29
-9.212 -12.256 1.127 65
-9.294 -12.258 1.247 33
-9.248 -12.256 1.132 35
-9.292 -12.260 1.338 30
-9.224 -12.256 1.138 52
-9.095 -12.258 1.187 52
-9.172 -12.256 1.085 72
-9.259 -12.261 1.357 16
-9.280 -12.259 1.297 22
-9.172 -12.256 1.102 70
-9.238 -12.257 1.154 40
-9.232 -12.262 1.427 50
-9.240 -12.259 1.261 60
-9.272 -12.263 1.466 18
-9.092 -12.256 1.080 55
-9.206 -12.256 1.096 53
-9.175 -12.259 1.276 71
-9.129 -12.259 1.252 60
-9.184 -12.259 1.252 73
-9.170 -12.256 1.110 68
-9.263 -12.256 1.144 132
-9.266 -12.258 1.214 137
-9.290 -12.256 1.146 128
-9.308 -12.263 1.473 21
-9.233 -12.261 1.355 62
-9.240 -12.255 1.083 61
-9.304 -12.258 1.256 30
-9.184 -12.256 1.136 73
-9.148 -12.255 1.071 59
-9.196 -12.257 1.172 66
-9.237 -12.259 1.245 68
-9.117 -12.258 1.193 51
-9.241 -12.258 1.239 60
-9.270 -12.261 1.382 21
-9.161 -12.255 1.068 34
-9.220 -12.260 1.299 84
-9.219 -12.256 1.129 59
-9.313 -12.256 1.130 77
-9.203 -12.260 1.306 74
-9.238 -12.259 1.245 68
-9.262 -12.257 1.184 138
-9.213 -12.255 1.072 61
-9.084 -12.256 1.081 54
-9.277 -12.262 1.419 24
-9.067 -12.255 1.055 25
-9.091 -12.256 1.069 26
-9.230 -12.258 1.210 42
-9.276 -12.255 1.078 24
-9.246 -12.257 1.189 34
-9.262 -12.255 1.073 22
-9.292 -12.257 1.184 112
-9.301 -12.261 1.357 21
-9.275 -12.257 1.187 135
-9.081 -12.258 1.174 55
-9.198 -12.256 1.109 70
-9.208 -12.257 1.159 68
-9.023 -12.256 1.061 25
-9.105 -12.257 1.163 53
-9.189 -12.257 1.156 70
-9.307 -12.263 1.483 25
-9.110 -12.257 1.133 60
-9.213 -12.256 1.123 69
-9.243 -12.257 1.153 37
-9.301 -12.257 1.208 44
-9.028 -12.256 1.086 59
-9.256 -12.260 1.342 24
-9.276 -12.262 1.431 25
-9.138 -12.257 1.144 60
-9.257 -12.259 1.259 32
-9.209 -12.257 1.148 66
-9.221 -12.258 1.226 51
-9.288 -12.260 1.325 24
-9.305 -12.264 1.533 20
-9.243 -12.257 1.156 37
-9.273 -12.256 1.136 131
-9.243 -12.257 1.164 30
-9.153 -12.259 1.248 75
-9.038 -12.257 1.122 58
-9.308 -12.264 1.530 33
-9.060 -12.257 1.121 60
-9.222 -12.258 1.200 50
-9.298 -12.255 1.070 75
-9.297 -12.258 1.234 34
-9.194 -12.259 1.246 64
-9.141 -12.256 1.118 68
-9.305 -12.262 1.407 21
-9.256 -12.262 1.422 20
-9.171 -12.258 1.186 65
-9.298 -12.262 1.444 11
-9.185 -12.260 1.288 60
-9.294 -12.257 1.205 77
-9.127 -12.257 1.130 62
-9.267 -12.258 1.230 20
-9.251 -12.260 1.341 43
-9.096 -12.258 1.210 55
-9.232 -12.262 1.418 50
-9.314 -12.264 1.505 48
-9.223 -12.261 1.363 72
-9.118 -12.257 1.166 56
-9.296 -12.261 1.392 25
-9.202 -12.260 1.320 70
-9.046 -12.256 1.101 62
-9.292 -12.262 1.402 22
-9.267 -12.259 1.291 16
-9.301 -12.262 1.405 26
-9.172 -12.260 1.297 67
-9.311 -12.260 1.329 30
-9.111 -12.256 1.093 62
-9.243 -12.258 1.205 33
-9.284 -12.260 1.309 28
-9.173 -12.258 1.197 60
-9.223 -12.257 1.163 62
-9.285 -12.256 1.139 125
-9.094 -12.257 1.127 58
-9.227 -12.256 1.144 55
-9.145 -12.256 1.095 70
-9.284 -12.258 1.246 32
-9.067 -12.256 1.075 56
-9.271 -12.255 1.093 24
-9.305 -12.257 1.202 30
-9.096 -12.256 1.080 57
-9.139 -12.258 1.216 55
-9.284 -12.259 1.271 32
-9.269 -12.258 1.223 129
-9.076 -12.256 1.079 54
-9.103 -12.257 1.137 57
-9.067 -12.258 1.172 57
-9.260 -12.261 1.392 15
-9.124 -12.256 1.077 78
-9.308 -12.264 1.509 22
-9.049 -12.257 1.142 56
-9.256 -12.258 1.239 35
-9.114 -12.257 1.139 59
-9.300 -12.257 1.164 33
-9.191 -12.259 1.253 63
-9.271 -12.258 1.212 136
-9.169 -12.259 1.260 79
-9.209 -12.256 1.138 66
-9.180 -12.258 1.207 53
-9.152 -12.258 1.183 57
-9.240 -12.256 1.140 40
-9.103 -12.256 1.079 57
-9.074 -12.258 1.169 56
-9.276 -12.256 1.133 126
-9.264 -12.259 1.278 20
-9.219 -12.257 1.155 65
-9.225 -12.261 1.370 69
-9.269 -12.255 1.070 20
-9.169 -12.256 1.130 71
-9.254 -12.261 1.378 19
-9.190 -12.255 1.077 50
-9.198 -12.260 1.286 62
-9.234 -12.260 1.305 75
-9.124 -12.259 1.253 61
-9.280 -12.260 1.316 27
-9.044 -12.256 1.092 60
-9.306 -12.256 1.119 41
-9.291 -12.261 1.376 22
-9.247 -12.260 1.339 56
-9.205 -12.256 1.109 67
-9.047 -12.257 1.125 58
-9.242 -12.258 1.245 60
-9.161 -12.258 1.210 48
-9.265 -12.255 1.087 32
-9.295 -12.255 1.064 100
-9.307 -12.261 1.370 34
-9.234 -12.260 1.295 78
-9.225 -12.256 1.117 58
-9.265 -12.259 1.297 25
-9.266 -12.258 1.218 135
-9.196 -12.258 1.215 44
-9.286 -12.255 1.108 120
-9.299 -12.262 1.432 11
-9.143 -12.260 1.277 67
-9.087 -12.256 1.110 57
-9.213 -12.260 1.320 76
-9.269 -12.258 1.204 131
-9.276 -12.263 1.473 23
-9.265 -12.256 1.150 136
-9.026 -12.256 1.062 25
-9.262 -12.256 1.132 28
-9.269 -12.255 1.089 16
-9.264 -12.258 1.209 137
-9.037 -12.256 1.088 61
-9.296 -12.259 1.285 26
-9.280 -12.256 1.139 132
-9.229 -12.260 1.303 80
-9.253 -12.262 1.437 33
-9.172 -12.258 1.230 61
-9.241 -12.256 1.133 38
-9.300 -12.260 1.337 26
-9.010 -12.256 1.075 61
-9.218 -12.256 1.135 57
-9.292 -12.257 1.181 113
-9.167 -12.260 1.292 67
-9.203 -12.258 1.217 47
-9.305 -12.254 1.062 29
-9.171 -12.259 1.255 79
-9.312 -12.261 1.373 43
-9.232 -12.256 1.127 49
-9.226 -12.256 1.107 53
-9.228 -12.259 1.282 81
-9.221 -12.257 1.184 56
-9.259 -12.263 1.463 28
-9.253 -12.260 1.342 35
-9.085 -12.256 1.088 53
-9.032 -12.256 1.084 58
-9.276 -12.261 1.382 23
-9.138 -12.257 1.148 59
-9.299 -12.260 1.307 27
-9.140 -12.255 1.065 23
-9.224 -12.259 1.270 80
-9.052 -12.257 1.129 56
-9.304 -12.257 1.176 32
-9.267 -12.259 1.283 20
-9.264 -12.255 1.089 25
-9.171 -12.257 1.167 67
-9.274 -12.255 1.067 14
-9.194 -12.257 1.163 68
-9.207 -12.255 1.064 21
-9.284 -12.262 1.404 24
-9.057 -12.257 1.125 60
-9.213 -12.260 1.331 61
-9.159 -12.260 1.308 59
-9.270 -12.258 1.240 20
-9.142 -12.257 1.131 62
-9.197 -12.261 1.371 62
-9.278 -12.257 1.192 131
-9.157 -12.258 1.179 61
-9.127 -12.258 1.174 53
-9.249 -12.260 1.319 51
-9.091 -12.258 1.172 53
-9.304 -12.255 1.111 28
-9.212 -12.256 1.102 55
-9.186 -12.257 1.172 69
-9.308 -12.255 1.112 40
-9.103 -12.256 1.097 57
-9.242 -12.259 1.264 52
-9.235 -12.256 1.104 53
-9.208 -12.255 1.055 23
-9.258 -12.260 1.323 38
-9.287 -12.259 1.255 34
-9.265 -12.258 1.205 136
-9.231 -12.262 1.402 46
-9.109 -12.259 1.233 56
-9.239 -12.261 1.360 52
-9.194 -12.256 1.119 77
-9.225 -12.256 1.117 58
-9.170 -12.260 1.285 71
-9.120 -12.258 1.196 52
-9.104 -12.255 1.062 28
-8.998 -12.256 1.068 25
-9.211 -12.261 1.369 66
-9.280 -12.258 1.210 131
-9.135 -12.255 1.058 22
-9.058 -12.256 1.091 57
-9.278 -12.255 1.091 125
-9.290 -12.261 1.394 28
-9.314 -12.258 1.257 66
-9.244 -12.260 1.341 53
-9.257 -12.260 1.338 23
-9.221 -12.255 1.092 55
-9.278 -12.262 1.426 19
-9.312 -12.261 1.397 48
-9.208 -12.261 1.337 61
-9.161 -12.258 1.211 49
-9.219 -12.255 1.090 55
-9.184 -12.257 1.160 66
-9.255 -12.256 1.132 31
-9.213 -12.261 1.372 65
-9.167 -12.256 1.102 71
-9.215 -12.255 1.072 57
-9.243 -12.258 1.200 45
-9.168 -12.255 1.069 34
-9.193 -12.259 1.276 56
-9.294 -12.255 1.093 103
-9.066 -12.255 1.057 25
-9.230 -12.260 1.334 54
-9.116 -12.256 1.076 69
-9.293 -12.262 1.407 22
-9.193 -12.255 1.062 24
-9.158 -12.260 1.290 66
-9.147 -12.259 1.239 70
-9.243 -12.256 1.112 45
-9.174 -12.259 1.261 75
-9.138 -12.258 1.191 52
-9.241 -12.258 1.216 36
-9.158 -12.256 1.112 70
-9.162 -12.257 1.156 64
-9.125 -12.256 1.107 67
-9.196 -12.257 1.183 67
-9.094 -12.256 1.111 56
-9.288 -12.263 1.472 22
-9.244 -12.258 1.201 45
-9.270 -12.258 1.213 136
-9.198 -12.257 1.184 68
-9.153 -12.256 1.092 76
-9.299 -12.260 1.332 27
-9.086 -12.257 1.141 55
-9.258 -12.258 1.221 141
-9.154 -12.258 1.186 56
-9.238 -12.260 1.339 60
-9.224 -12.257 1.171 54
-9.129 -12.258 1.208 55
-9.078 -12.257 1.117 59
-9.067 -12.257 1.135 57
-9.211 -12.256 1.126 70
-9.282 -12.259 1.301 23
-9.124 -12.257 1.139 60
-9.312 -12.257 1.208 105
-9.158 -12.258 1.188 57
-9.195 -12.256 1.129 72
-9.050 -12.256 1.073 46
-9.230 -12.256 1.118 55
-9.244 -12.263 1.440 59
-9.285 -12.260 1.308 28
-9.298 -12.260 1.339 27
-8.992 -12.256 1.061 24
-9.277 -12.256 1.115 126
-9.292 -12.258 1.238 31
-9.279 -12.263 1.478 23
-9.279 -12.262 1.445 18
-9.197 -12.255 1.067 29
-9.168 -12.256 1.115 69
-9.267 -12.260 1.323 16
-9.311 -12.259 1.308 30
-9.228 -12.258 1.240 76
-9.058 -12.256 1.106 64
-9.242 -12.255 1.077 58
-9.195 -12.259 1.251 63
-9.148 -12.256 1.128 66
-9.169 -12.255 1.059 24
-9.303 -12.262 1.448 22
-9.255 -12.257 1.176 29
-9.225 -12.256 1.108 53
-9.156 -12.256 1.123 72
-9.245 -12.261 1.390 30
-9.270 -12.262 1.428 21
-9.068 -12.257 1.123 61
-9.215 -12.258 1.222 51
-9.220 -12.256 1.120 69
-9.061 -12.257 1.143 55
-9.082 -12.256 1.086 50
-9.036 -12.256 1.093 61
-9.312 -12.258 1.224 96
-9.215 -12.255 1.086 57
-9.293 -12.262 1.432 15
-9.234 -12.256 1.137 44
-9.253 -12.256 1.114 35
-9.156 -12.260 1.303 62
-9.145 -12.256 1.125 67
-9.237 -12.255 1.087 61
-9.174 -12.260 1.322 57
-9.077 -12.257 1.143 56
-9.312 -12.255 1.092 75
-9.310 -12.262 1.410 47
-9.113 -12.257 1.138 60
-9.177 -12.260 1.294 67
-9.187 -12.255 1.060 24
-9.257 -12.256 1.143 27
-9.272 -12.261 1.359 19
-9.310 -12.259 1.293 46
-9.169 -12.260 1.282 72
-9.199 -12.260 1.295 69
-9.110 -12.259 1.221 61
-9.220 -12.259 1.282 82
-9.273 -12.260 1.343 11
-9.284 -12.260 1.329 21
-9.288 -12.260 1.316 27
-9.190 -12.256 1.104 63
-9.262 -12.262 1.416 20
-9.042 -12.257 1.130 56
-9.085 -12.258 1.196 51
-9.194 -12.258 1.196 75
-9.199 -12.261 1.341 56
-9.275 -12.256 1.152 129
-9.090 -12.256 1.101 54
-9.263 -12.258 1.242 26
-9.241 -12.256 1.135 37
-9.273 -12.258 1.238 21
-9.281 -12.261 1.354 20
-9.262 -12.260 1.329 17
-9.214 -12.260 1.322 77
-9.230 -12.256 1.104 53
-9.174 -12.256 1.123 67
-9.177 -12.259 1.241 76
-9.216 -12.257 1.183 56
-9.185 -12.256 1.104 64
-9.221 -12.255 1.075 67
-9.235 -12.258 1.223 40
-9.295 -12.255 1.081 110
-9.100 -12.256 1.082 54
-9.228 -12.257 1.186 54
-9.269 -12.261 1.352 17
-9.282 -12.258 1.243 29
-9.182 -12.260 1.329 57
-9.303 -12.262 1.407 21
-9.312 -12.262 1.410 47
-9.211 -12.260 1.317 75
-9.303 -12.260 1.336 26
-9.171 -12.258 1.220 56
-9.086 -12.258 1.184 52
-9.299 -12.257 1.185 41
-9.180 -12.260 1.288 66
-9.311 -12.261 1.395 48
-9.307 -12.256 1.137 30
-9.256 -12.255 1.056 22
-9.036 -12.257 1.108 57
-9.305 -12.255 1.078 44
-9.279 -12.263 1.457 19
-9.209 -12.257 1.183 58
-9.277 -12.262 1.427 19
-9.202 -12.255 1.059 20
-9.295 -12.263 1.492 22
-9.147 -12.255 1.056 25
-9.105 -12.256 1.108 56
-9.204 -12.257 1.159 68
-9.194 -12.260 1.300 66
-9.165 -12.260 1.321 61
-9.157 -12.260 1.309 59
-9.146 -12.260 1.294 64
-9.313 -12.256 1.151 83
-9.208 -12.256 1.106 58
-9.297 -12.260 1.339 29
-9.186 -12.255 1.076 52
-9.109 -12.256 1.112 57
-9.217 -12.257 1.162 65
-9.257 -12.262 1.397 21
-9.238 -12.262 1.407 38
-9.198 -12.256 1.139 72
-9.176 -12.255 1.069 33
-9.170 -12.255 1.071 47
-9.276 -12.260 1.308 21
-9.221 -12.255 1.068 35
-9.085 -12.257 1.140 55
-9.297 -12.260 1.322 17
-9.039 -12.257 1.109 58
-9.234 -12.260 1.322 63
-9.283 -12.255 1.060 100
-9.246 -12.261 1.370 33
-9.088 -12.255 1.064 22
-9.205 -12.255 1.070 62
-9.104 -12.258 1.211 56
-9.300 -12.256 1.128 24
-9.214 -12.261 1.365 69
-9.281 -12.260 1.312 26
-9.228 -12.259 1.251 79
-9.251 -12.260 1.331 49
-9.267 -12.260 1.309 23
-9.206 -12.255 1.082 57
-9.125 -12.256 1.119 65
-9.304 -12.257 1.197 31
-9.119 -12.257 1.168 54
-9.021 -12.257 1.108 60
-9.221 -12.259 1.259 80
-9.251 -12.258 1.207 136
-9.270 -12.261 1.355 16
-9.279 -12.260 1.324 21
-9.273 -12.262 1.421 23
-9.272 -12.256 1.152 123
-9.215 -12.260 1.325 69
-9.077 -12.256 1.107 58
-9.156 -12.258 1.206 49
-9.130 -12.258 1.205 54
-9.156 -12.259 1.250 76
-9.047 -12.256 1.097 60
-9.155 -12.257 1.136 63
-9.110 -12.256 1.113 57
-9.138 -12.257 1.168 57
-9.258 -12.255 1.093 29
-9.102 -12.256 1.083 54
-9.152 -12.258 1.195 52
-9.062 -12.257 1.136 55
-9.186 -12.257 1.180 70
-9.147 -12.256 1.088 74
-9.208 -12.257 1.157 68
-9.283 -12.256 1.117 126
-9.209 -12.257 1.174 57
-9.235 -12.257 1.182 47
-9.171 -12.255 1.056 24
-9.250 -12.258 1.220 140
-9.222 -12.259 1.266 78
-9.198 -12.258 1.190 68
-9.242 -12.256 1.120 33
-9.219 -12.258 1.203 50
-9.116 -12.257 1.139 60
-9.272 -12.256 1.119 131
-9.279 -12.259 1.254 27
-9.212 -12.255 1.087 57
-9.222 -12.257 1.160 65
-9.182 -12.258 1.223 68
-9.309 -12.255 1.068 64
-9.132 -12.255 1.065 21
-9.251 -12.262 1.394 26
-9.061 -12.256 1.088 57
-9.129 -12.256 1.091 69
-9.124 -12.256 1.115 66
-9.299 -12.259 1.269 30
-9.269 -12.257 1.185 134
-9.108 -12.256 1.110 57
-9.146 -12.257 1.153 61
-9.285 -12.259 1.255 31
-9.043 -12.256 1.086 60
-9.314 -12.263 1.480 53
-9.233 -12.260 1.302 75
-9.258 -12.262 1.442 19
-9.240 -12.256 1.116 35
-9.134 -12.256 1.101 69
-9.131 -12.255 1.074 71
-9.278 -12.261 1.352 21
-9.103 -12.257 1.140 57
-9.281 -12.260 1.340 22
-9.305 -12.261 1.388 13
-9.283 -12.256 1.121 122
-9.305 -12.258 1.230 26
-9.019 -12.256 1.085 60
-9.189 -12.261 1.351 58
-9.229 -12.255 1.079 71
-9.169 -12.261 1.330 60
-9.103 -12.259 1.231 56
-9.189 -12.258 1.197 81
-9.251 -12.260 1.334 49
-9.274 -12.263 1.453 15
-9.060 -12.256 1.079 63
-9.192 -12.257 1.184 68
-9.197 -12.256 1.136 72
-9.285 -12.262 1.407 21
-9.260 -12.258 1.245 33
-9.229 -12.259 1.243 75
-9.280 -12.259 1.276 26
-9.195 -12.257 1.150 66
-9.259 -12.263 1.462 28
-9.013 -12.256 1.091 61
-9.269 -12.262 1.411 19
-9.271 -12.262 1.412 19
-9.273 -12.260 1.340 12
-9.255 -12.262 1.417 21
-9.311 -12.257 1.202 107
-9.257 -12.261 1.379 16
-9.219 -12.262 1.390 53
-9.155 -12.259 1.273 75
-9.296 -12.263 1.457 11
-9.312 -12.255 1.068 83
-9.294 -12.258 1.211 81
-9.148 -12.258 1.215 52
-9.267 -12.261 1.389 16
-9.231 -12.255 1.064 26
-9.007 -12.256 1.065 24
-9.127 -12.257 1.158 59
-9.238 -12.255 1.079 65
-9.110 -12.258 1.215 57
-9.105 -12.259 1.219 60
-9.196 -12.258 1.213 49
-9.231 -12.259 1.248 74
-9.185 -12.256 1.094 63
-9.204 -12.259 1.264 61
-9.303 -12.262 1.449 14
-9.247 -12.257 1.177 37
-9.206 -12.258 1.206 56
-9.165 -12.256 1.102 71
-9.162 -12.259 1.263 76
-9.070 -12.256 1.082 55
-9.232 -12.260 1.298 79
-9.152 -12.258 1.206 50
-9.178 -12.256 1.098 68
-9.168 -12.260 1.292 67
-9.300 -12.261 1.385 15
-9.293 -12.263 1.492 24
-9.248 -12.260 1.296 61
-9.165 -12.257 1.173 64
-9.245 -12.255 1.079 52
-9.242 -12.257 1.184 34
-9.227 -12.255 1.092 57
-9.230 -12.257 1.149 50
-9.270 -12.262 1.444 19
-9.314 -12.263 1.473 51
-9.301 -12.261 1.366 18
-9.119 -12.259 1.247 56
-9.276 -12.259 1.290 18
-9.068 -12.255 1.059 23
-9.100 -12.258 1.209 54
-9.275 -12.256 1.114 126
-9.149 -12.256 1.101 71
-9.247 -12.263 1.447 51
-9.004 -12.256 1.071 32
-9.286 -12.256 1.112 123
-9.274 -12.261 1.371 20
-9.085 -12.256 1.108 57
-9.131 -12.257 1.157 60
-9.173 -12.260 1.280 69
-9.287 -12.258 1.209 132
-9.136 -12.256 1.104 69
-9.170 -12.257 1.175 66
-9.246 -12.259 1.274 49
-9.200 -12.260 1.303 71
-9.235 -12.258 1.243 70
-9.164 -12.256 1.086 72
-9.278 -12.256 1.122 128
-9.267 -12.263 1.451 15
-9.159 -12.257 1.154 63
-9.312 -12.259 1.261 42
-9.314 -12.262 1.444 61
-9.106 -12.257 1.164 53
-9.285 -12.259 1.291 24
-9.152 -12.260 1.279 71
-9.186 -12.260 1.320 53
-9.286 -12.255 1.094 125
-9.248 -12.255 1.063 24
-9.266 -12.260 1.304 21
-9.068 -12.257 1.151 55
-9.273 -12.256 1.110 128
-9.282 -12.256 1.127 127
-9.228 -12.259 1.246 77
-9.293 -12.264 1.504 20
-9.291 -12.259 1.272 32
-9.184 -12.259 1.251 73
-9.309 -12.262 1.435 48
-9.189 -12.258 1.207 66
-9.165 -12.257 1.177 63
-9.275 -12.255 1.106 133
-9.306 -12.258 1.241 25
-9.248 -12.255 1.082 42
-9.302 -12.262 1.440 16
-9.282 -12.258 1.236 30
-9.056 -12.256 1.096 59
-9.298 -12.257 1.174 51
-9.191 -12.260 1.295 61
-9.277 -12.259 1.262 25
-9.037 -12.256 1.064 23
-9.192 -12.261 1.336 61
-9.105 -12.256 1.118 56
-9.019 -12.257 1.102 64
-9.119 -12.259 1.241 55
-9.275 -12.259 1.258 24
-9.205 -12.258 1.217 47
-9.155 -12.255 1.063 22
-9.269 -12.258 1.238 21
-9.151 -12.260 1.297 64
-9.272 -12.261 1.386 21
-9.267 -12.261 1.354 14
-9.194 -12.256 1.106 63
-9.261 -12.261 1.381 14
-9.099 -12.258 1.207 54
-9.176 -12.255 1.083 71
-9.239 -12.256 1.109 50
-9.205 -12.258 1.223 56
-9.202 -12.255 1.085 56
-9.295 -12.255 1.088 105
-9.031 -12.257 1.124 58
-9.154 -12.258 1.221 51
-9.199 -12.256 1.091 55
-9.286 -12.260 1.333 26
-9.194 -12.257 1.172 67
-9.277 -12.258 1.233 25
-9.293 -12.256 1.112 99
-9.308 -12.256 1.136 49
-9.246 -12.257 1.149 35
-9.262 -12.257 1.183 138
-9.255 -12.255 1.086 31
-9.158 -12.259 1.275 76
-9.170 -12.259 1.259 80
-9.149 -12.257 1.146 62
-9.104 -12.259 1.237 55
-9.244 -12.261 1.459 52
-9.146 -12.253 1.344 70
-9.088 -12.254 1.241 51
-9.038 -12.254 1.152 57
-9.163 -12.258 1.341 59
-9.083 -12.257 1.208 52
-9.144 -12.255 1.327 66
-9.292 -12.262 1.533 28
-9.179 -12.260 1.356 51
-9.089 -12.256 1.230 49
-9.207 -12.258 1.414 62
-9.149 -12.252 1.353 72
-9.179 -12.254 1.389 55
-9.207 -12.257 1.418 59
-9.210 -12.261 1.399 56
-9.242 -12.259 1.467 58
-9.078 -12.254 1.220 53
-9.039 -12.256 1.142 56
-9.295 -12.261 1.546 26
-9.009 -12.255 1.099 63
-9.167 -12.259 1.338 57
-9.068 -12.256 1.194 53
-9.164 -12.252 1.377 60
-9.032 -12.254 1.142 58
-9.232 -12.259 1.449 54
-9.281 -12.259 1.532 25
-9.205 -12.257 1.418 59
-9.211 -12.259 1.417 57
-9.175 -12.253 1.388 57
-9.243 -12.261 1.453 53
-9.180 -12.256 1.378 50
-9.149 -12.258 1.317 60
-9.216 -12.256 1.443 59
-9.165 -12.260 1.331 58
-9.155 -12.252 1.361 70
-9.126 -12.257 1.282 66
-9.106 -12.254 1.271 66
-9.203 -12.258 1.406 60
-9.204 -12.254 1.432 55
-9.259 -12.260 1.486 37
-9.091 -12.254 1.241 50
-9.247 -12.261 1.462 52
-9.245 -12.262 1.453 53
-9.268 -12.263 1.487 26
-9.056 -12.257 1.165 58
-9.296 -12.263 1.529 18
-9.111 -12.254 1.277 63
-9.147 -12.256 1.323 61
-9.228 -12.256 1.458 59
-9.135 -12.259 1.287 63
-9.103 -12.254 1.262 61
-9.197 -12.255 1.416 55
-9.156 -12.258 1.328 58
-9.279 -12.260 1.521 26
-9.130 -12.253 1.313 63
-9.297 -12.262 1.541 28
-9.164 -12.258 1.340 59
-9.306 -12.264 1.541 44
-9.146 -12.259 1.303 62
-9.049 -12.257 1.152 56
-9.156 -12.253 1.358 69
-9.121 -12.256 1.280 65
-9.146 -12.255 1.331 68
-9.209 -12.256 1.430 58
-9.128 -12.255 1.300 64
-9.238 -12.257 1.470 60
-9.177 -12.259 1.357 49
-9.209 -12.258 1.418 56
-9.198 -12.257 1.405 59
-9.041 -12.256 1.144 56
-8.987 -12.256 1.060 24
-9.295 -12.259 1.552 29
-9.115 -12.257 1.266 68
-9.204 -12.257 1.416 59
-9.171 -12.260 1.342 58
-9.146 -12.253 1.340 70
-9.301 -12.261 1.554 32
-9.138 -12.257 1.304 65
-9.084 -12.255 1.225 52
-9.238 -12.261 1.446 55
-9.296 -12.262 1.540 28
-9.194 -12.254 1.414 52
-9.118 -12.254 1.288 64
-9.151 -12.260 1.310 59
-9.070 -12.257 1.191 52
-9.134 -12.258 1.289 65
-9.181 -12.260 1.355 56
-9.040 -12.256 1.145 56
-9.224 -12.258 1.441 58
-9.178 -12.256 1.375 47
-9.119 -12.254 1.289 65
-9.223 -12.259 1.432 60
-9.254 -12.258 1.492 53
-9.196 -12.258 1.394 59
-9.130 -12.259 1.281 66
-9.147 -12.255 1.328 61
-9.246 -12.258 1.481 62
-9.263 -12.259 1.501 36
-9.199 -12.261 1.381 62
-9.201 -12.254 1.428 54
-9.170 -12.256 1.363 51
-9.242 -12.260 1.457 54
-9.035 -12.255 1.145 58
-9.080 -12.257 1.208 52
-9.105 -12.256 1.257 60
-9.214 -12.255 1.442 60
-9.185 -12.254 1.400 57
-9.069 -12.256 1.196 52
-9.201 -12.258 1.400 61
-9.053 -12.255 1.172 58
-9.290 -12.260 1.541 26
-9.075 -12.254 1.217 54
-9.246 -12.258 1.479 63
-9.078 -12.255 1.216 52
-9.149 -12.253 1.349 72
-9.051 -12.255 1.172 59
-9.234 -12.262 1.436 54
-9.232 -12.260 1.440 54
-9.144 -12.252 1.343 71
-9.169 -12.254 1.372 59
-9.156 -12.259 1.319 58
-9.283 -12.259 1.535 24
-9.041 -12.255 1.153 58
-9.209 -12.258 1.493 49
-9.158 -12.257 1.441 55
-9.139 -12.257 1.433 56
-9.256 -12.262 1.564 34
-9.271 -12.263 1.582 27
-9.248 -12.260 1.540 42
-9.158 -12.254 1.405 53
-9.224 -12.255 1.460 57
-9.170 -12.258 1.466 47
-9.218 -12.255 1.459 53
-9.289 -12.263 1.603 26
-9.229 -12.256 1.473 59
-9.171 -12.258 1.465 47
-9.240 -12.259 1.519 40
-9.125 -12.258 1.435 59
-9.162 -12.258 1.456 51
-9.223 -12.259 1.512 47
-9.197 -12.256 1.449 52
-9.262 -12.261 1.551 31
-9.196 -12.259 1.492 48
-9.202 -12.254 1.435 54
-9.190 -12.255 1.433 46
-9.196 -12.261 1.516 50
-9.184 -12.255 1.437 48
-9.190 -12.254 1.421 53
-9.311 -12.262 1.596 29
-9.181 -12.255 1.437 50
-9.165 -12.255 1.422 52
-9.170 -12.260 1.490 51
-9.181 -12.259 1.478 51
-9.181 -12.260 1.499 48
-9.242 -12.257 1.494 63
-9.238 -12.261 1.539 47
-9.199 -12.257 1.474 60
-9.238 -12.258 1.499 61
-9.256 -12.258 1.519 36
-9.133 -12.257 1.435 60
-9.177 -12.258 1.470 44
-9.237 -12.256 1.480 64
-9.195 -12.258 1.485 61
-9.285 -12.262 1.580 23
-9.218 -12.259 1.505 46
-9.256 -12.258 1.512 35
-9.239 -12.261 1.543 47
-9.221 -12.260 1.522 48
-9.222 -12.259 1.505 47
-9.231 -12.258 1.499 54
-9.144 -12.257 1.437 60
-9.278 -12.262 1.580 24
-9.186 -12.257 1.455 52
-9.152 -12.253 1.389 57
-9.227 -12.257 1.482 65
-9.178 -12.259 1.481 58
-9.291 -12.263 1.597 26
-9.145 -12.259 1.468 51
-9.210 -12.260 1.509 47
-9.261 -12.258 1.521 38
-9.174 -12.259 1.478 47
-9.302 -12.260 1.564 31
-9.294 -12.260 1.569 26
-9.153 -12.256 1.425 54
-9.180 -12.253 1.405 60
-9.160 -12.254 1.413 55
-9.297 -12.261 1.581 28
-9.212 -12.259 1.506 45
-9.269 -12.263 1.586 27
-9.226 -12.257 1.490 69
-9.152 -12.252 1.381 58
-9.134 -12.258 1.443 59
-9.133 -12.258 1.445 59
-9.154 -12.253 1.396 60
-9.240 -12.257 1.494 63
-9.131 -12.257 1.423 56
-9.175 -12.254 1.414 58
-9.221 -12.259 1.507 45
-9.199 -12.258 1.475 62
-9.251 -12.261 1.555 42
-9.172 -12.256 1.444 49
-9.253 -12.258 1.510 38
-9.269 -12.261 1.558 30
-9.134 -12.259 1.453 60
-9.128 -12.257 1.428 55
-9.191 -12.260 1.500 47
-9.265 -12.260 1.540 32
-9.309 -12.263 1.611 23
-9.180 -12.259 1.486 57
-9.153 -12.256 1.423 55
-9.264 -12.258 1.524 36
-9.152 -12.256 1.426 55
-9.174 -12.253 1.402 57
-9.197 -12.258 1.484 64
-9.170 -12.255 1.429 52
-9.174 -12.253 1.407 55
-9.157 -12.258 1.457 53
-9.275 -12.260 1.557 28
-9.228 -12.259 1.515 47
-9.202 -12.258 1.482 65
-9.139 -12.258 1.444 59
-9.151 -12.258 1.452 60
-9.312 -12.262 1.603 38
-9.217 -12.260 1.524 48
-9.136 -12.258 1.442 59
-9.277 -12.260 1.549 26
-9.268 -12.262 1.575 26
-9.237 -12.261 1.543 47
-9.158 -12.259 1.467 48
-9.260 -12.261 1.552 34
-9.171 -12.255 1.431 52
-9.227 -12.260 1.525 49
-9.192 -12.260 1.506 44
-9.188 -12.257 1.459 48
-9.156 -12.256 1.436 57
-9.147 -12.259 1.459 56
-9.232 -12.258 1.506 47
-9.172 -12.260 1.494 49
-9.154 -12.259 1.471 49
-9.256 -12.257 1.502 34
-9.147 -12.257 1.444 58
-9.253 -12.259 1.525 37
-9.297 -12.260 1.570 25
-9.282 -12.262 1.580 23
-9.285 -12.260 1.555 29
-9.151 -12.257 1.438 59
-9.192 -12.256 1.451 48
-9.215 -12.260 1.514 47
-9.201 -12.261 1.516 49
-9.233 -12.256 1.474 59
-9.161 -12.252 1.387 56
-9.306 -12.262 1.596 25
-9.161 -12.252 1.376 59
-9.297 -12.263 1.601 32
-9.294 -12.259 1.556 25
-9.200 -12.254 1.428 54
-9.189 -12.260 1.506 46
-9.177 -12.259 1.478 48
-9.159 -12.256 1.437 57
-9.168 -12.259 1.474 44
-9.235 -12.256 1.476 64
-9.205 -12.255 1.451 54
-9.275 -12.259 1.534 31
-9.284 -12.261 1.573 22
-9.126 -12.258 1.443 58
-9.308 -12.261 1.583 24
-9.132 -12.258 1.439 59
-9.153 -12.272 1.540 59
-9.095 -12.292 1.597 53
-9.073 -12.274 1.489 64
-9.069 -12.286 1.544 79
-9.181 -12.273 1.567 52
-9.064 -12.281 1.515 69
-9.020 -12.302 1.592 63
-9.252 -12.264 1.580 31
-9.192 -12.264 1.531 51
-9.143 -12.282 1.584 53
-9.194 -12.273 1.580 52
-9.179 -12.269 1.545 54
-9.114 -12.278 1.543 71
-9.109 -12.267 1.480 58
-9.212 -12.287 1.665 23
-9.194 -12.264 1.531 51
-9.115 -12.287 1.590 53
-9.142 -12.287 1.610 55
-9.281 -12.278 1.675 66
-9.191 -12.284 1.634 68
-8.984 -12.305 1.576 55
-9.179 -12.276 1.584 52
-9.099 -12.266 1.467 55
-9.299 -12.271 1.651 34
-9.109 -12.294 1.620 56
-9.031 -12.296 1.569 70
-9.243 -12.265 1.576 37
-9.027 -12.296 1.565 81
-9.110 -12.264 1.465 57
-9.093 -12.271 1.487 63
-9.287 -12.271 1.645 28
-9.059 -12.299 1.604 54
-9.254 -12.280 1.664 31
-9.118 -12.282 1.563 58
-9.217 -12.285 1.658 24
-9.079 -12.273 1.487 64
-9.177 -12.289 1.648 65
-9.087 -12.276 1.508 67
-9.052 -12.287 1.536 74
-9.245 -12.273 1.621 20
-9.193 -12.263 1.524 51
-9.138 -12.292 1.631 76
-9.114 -12.269 1.495 59
-9.170 -12.291 1.650 67
-9.225 -12.283 1.655 21
-9.148 -12.281 1.585 52
-9.165 -12.289 1.637 71
-9.240 -12.278 1.643 21
-9.182 -12.274 1.577 51
-9.195 -12.275 1.589 50
-9.257 -12.269 1.609 22
-9.247 -12.267 1.593 46
-9.173 -12.279 1.595 49
-9.132 -12.284 1.584 53
-9.085 -12.277 1.513 71
-9.034 -12.297 1.573 56
-9.289 -12.266 1.621 36
-9.051 -12.296 1.584 59
-9.297 -12.277 1.685 148
-9.139 -12.273 1.533 62
-9.284 -12.273 1.651 28
-9.106 -12.265 1.469 52
-9.296 -12.273 1.663 97
-9.228 -12.286 1.674 27
-9.172 -12.286 1.626 73
-9.223 -12.284 1.658 24
-9.104 -12.272 1.503 62
-9.207 -12.282 1.634 76
-9.239 -12.271 1.603 49
-9.182 -12.276 1.586 53
-9.178 -12.281 1.606 50
-9.289 -12.269 1.633 28
-9.206 -12.275 1.597 47
-9.298 -12.278 1.688 163
-9.207 -12.277 1.608 62
-9.201 -12.273 1.584 50
-9.084 -12.282 1.538 80
-9.190 -12.266 1.542 51
-9.195 -12.273 1.578 52
-9.163 -12.275 1.567 48
-9.230 -12.275 1.619 47
-9.188 -12.277 1.592 51
-9.020 -12.294 1.546 66
-9.254 -12.279 1.657 28
-9.175 -12.264 1.517 51
-9.016 -12.295 1.551 65
-9.143 -12.281 1.578 52
-9.127 -12.292 1.623 56
-9.284 -12.281 1.690 147
-9.224 -12.286 1.669 27
-9.144 -12.285 1.598 52
-9.200 -12.276 1.597 48
-9.295 -12.268 1.631 27
-9.099 -12.267 1.470 54
-9.056 -12.290 1.556 85
-9.205 -12.286 1.656 31
-9.054 -12.300 1.604 54
-9.183 -12.277 1.593 52
-9.285 -12.278 1.680 119
-9.125 -12.261 1.464 57
-9.183 -12.290 1.656 81
-9.161 -12.263 1.502 57
-9.105 -12.267 1.474 52
-9.124 -12.265 1.483 56
-9.225 -12.278 1.630 41
-9.190 -12.282 1.622 67
-9.148 -12.280 1.580 52
-9.064 -12.277 1.497 62
-9.299 -12.269 1.641 39
-9.094 -12.282 1.545 81
-9.118 -12.291 1.612 54
-9.133 -12.263 1.479 53
-9.052 -12.300 1.606 54
-9.140 -12.270 1.522 61
-9.264 -12.265 1.591 35
-9.104 -12.271 1.495 62
-9.210 -12.275 1.601 45
-9.051 -12.291 1.556 84
-9.112 -12.293 1.614 54
-9.095 -12.296 1.618 56
-9.089 -12.276 1.513 68
-9.052 -12.295 1.579 58
-9.145 -12.286 1.605 51
-9.287 -12.272 1.647 31
-9.112 -12.289 1.596 53
-9.300 -12.272 1.657 85
-9.196 -12.267 1.549 50
-9.138 -12.260 1.466 55
-9.139 -12.261 1.473 49
-9.117 -12.290 1.605 52
-9.032 -12.299 1.584 58
-9.146 -12.262 1.484 52
-9.116 -12.262 1.462 59
-9.192 -12.264 1.532 51
-9.024 -12.301 1.585 60
-9.298 -12.278 1.689 156
-9.126 -12.261 1.464 57
-9.288 -12.279 1.684 148
-9.115 -12.278 1.544 71
-9.240 -12.276 1.630 14
-9.163 -12.286 1.618 56
-9.267 -12.266 1.602 18
-9.094 -12.281 1.543 82
-9.004 -12.301 1.570 63
-9.303 -12.269 1.648 46
-9.156 -12.262 1.490 54
-9.101 -12.294 1.614 54
-9.109 -12.294 1.621 56
-9.152 -12.292 1.645 70
-9.083 -12.288 1.565 65
-9.229 -12.279 1.635 29
-9.233 -12.267 1.578 38
-9.191 -12.282 1.622 67
-9.191 -12.263 1.525 51
-9.165 -12.260 1.490 50
-9.185 -12.284 1.631 67
-9.128 -12.266 1.487 54
-9.216 -12.280 1.633 62
-9.155 -12.287 1.622 64
-9.187 -12.267 1.541 52
-9.144 -12.272 1.532 60
-9.312 -12.275 1.686 155
-9.032 -12.299 1.582 58
-9.065 -12.286 1.544 79
-9.094 -12.293 1.600 52
-9.255 -12.264 1.583 30
-9.151 -12.272 1.541 59
-9.256 -12.274 1.632 22
-9.146 -12.278 1.566 52
-9.018 -12.294 1.547 66
-9.206 -12.280 1.624 68
-9.261 -12.274 1.639 34
-9.203 -12.271 1.575 53
-9.130 -12.264 1.482 54
-9.221 -12.265 1.559 52
-9.025 -12.294 1.553 75
-9.023 -12.294 1.549 68
-9.045 -12.298 1.591 62
-9.257 -12.264 1.584 26
-9.115 -12.265 1.476 54
-9.128 -12.279 1.555 67
-9.169 -12.272 1.556 51
-9.126 -12.284 1.583 53
-9.182 -12.287 1.643 69
-9.096 -12.266 1.466 55
-9.016 -12.295 1.551 65
-9.077 -12.282 1.534 76
-9.115 -12.279 1.549 74
-9.084 -12.285 1.553 84
-9.277 -12.268 1.619 30
-9.093 -12.286 1.563 70
-9.301 -12.278 1.690 151
-9.081 -12.296 1.608 53
-9.060 -12.284 1.526 74
-9.184 -12.271 1.562 52
-9.208 -12.263 1.541 49
-9.204 -12.276 1.602 49
-9.240 -12.270 1.602 49
-9.150 -12.275 1.556 53
-9.141 -12.284 1.594 51
-9.154 -12.286 1.615 54
-9.081 -12.287 1.560 84
-9.275 -12.265 1.603 20
-9.059 -12.286 1.540 75
-9.187 -12.270 1.558 51
-9.118 -12.273 1.517 68
-9.180 -12.286 1.633 69
-9.311 -12.277 1.692 151
-9.303 -12.274 1.671 154
-9.099 -12.270 1.485 61
-9.121 -12.264 1.476 53
-9.236 -12.284 1.669 28
-9.110 -12.267 1.480 58
-9.083 -12.272 1.484 61
-9.147 -12.286 1.607 53
-9.143 -12.285 1.599 52
-9.094 -12.296 1.618 54
-9.261 -12.265 1.589 36
-8.987 -12.302 1.565 65
-9.049 -12.295 1.576 55
-9.267 -12.279 1.666 29
-9.168 -12.271 1.549 54
-9.035 -12.295 1.564 79
-9.155 -12.266 1.512 58
-9.145 -12.292 1.640 73
-9.131 -12.291 1.620 55
-9.243 -12.266 1.583 32
-9.202 -12.282 1.634 74
-9.204 -12.286 1.653 45
-9.010 -12.297 1.556 70
-9.189 -12.278 1.603 51
-9.010 -12.298 1.559 73
-9.145 -12.285 1.600 52
-9.314 -12.268 1.650 140
-9.115 -12.269 1.495 59
-9.057 -12.298 1.596 57
-9.247 -12.282 1.667 30
-9.274 -12.266 1.606 18
-9.024 -12.301 1.586 60
-9.245 -12.282 1.666 30
-9.097 -12.287 1.571 51
-9.133 -12.281 1.572 54
-9.124 -12.285 1.586 53
-9.096 -12.277 1.522 72
-9.262 -12.282 1.680 26
-9.076 -12.290 1.573 55
-9.107 -12.282 1.556 75
-9.067 -12.277 1.496 64
-9.078 -12.276 1.504 62
-9.074 -12.293 1.586 56
-9.094 -12.276 1.513 69
-9.072 -12.285 1.541 79
-9.106 -12.295 1.624 56
-9.189 -12.289 1.659 65
-9.150 -12.290 1.631 75
-9.236 -12.268 1.588 31
-9.129 -12.265 1.488 53
-9.211 -12.285 1.653 28
-9.310 -12.277 1.692 151
-9.122 -12.272 1.514 68
-9.159 -12.265 1.508 58
-9.132 -12.287 1.599 52
-9.033 -12.299 1.587 61
-9.205 -12.270 1.570 52
-9.123 -12.279 1.551 69
-9.156 -12.262 1.490 54
-9.190 -12.263 1.525 51
-9.242 -12.277 1.636 22
-9.163 -12.264 1.508 52
-9.107 -12.279 1.542 76
-9.170 -12.274 1.563 48
-9.278 -12.270 1.628 36
-9.117 -12.274 1.520 69
-9.172 -12.280 1.598 49
-9.093 -12.284 1.556 80
-9.100 -12.278 1.531 76
-9.313 -12.278 1.699 154
-9.134 -12.271 1.521 64
-9.114 -12.288 1.594 53
-9.160 -12.290 1.638 71
-9.071 -12.295 1.593 56
-9.223 -12.276 1.616 65
-9.094 -12.270 1.481 60
-9.012 -12.300 1.570 64
-9.078 -12.287 1.559 85
-9.204 -12.263 1.535 49
-9.064 -12.288 1.552 85
-9.124 -12.280 1.559 60
-9.143 -12.281 1.580 52
-9.103 -12.287 1.576 52
-9.104 -12.278 1.534 78
-9.107 -12.275 1.517 70
-9.282 -12.278 1.678 90
-9.098 -12.292 1.599 51
-9.109 -12.294 1.618 55
-9.176 -12.280 1.602 50
-9.295 -12.270 1.646 35
-9.138 -12.272 1.529 64
-9.183 -12.283 1.620 72
-9.097 -12.293 1.605 53
-9.111 -12.282 1.557 73
-9.193 -12.288 1.655 25
-9.140 -12.261 1.473 49
-9.086 -12.277 1.514 71
-9.218 -12.276 1.613 69
-9.248 -12.280 1.656 27
-9.214 -12.270 1.579 49
-9.260 -12.267 1.602 18
-9.120 -12.273 1.520 69
-9.187 -12.288 1.653 55
-9.120 -12.266 1.485 57
-9.028 -12.291 1.538 68
-9.106 -12.271 1.498 61
-9.148 -12.262 1.487 51
-9.035 -12.294 1.558 80
-9.175 -12.266 1.525 54
-9.286 -12.273 1.653 33
-9.138 -12.288 1.610 55
-9.209 -12.287 1.662 21
-9.084 -12.290 1.577 53
-9.223 -12.275 1.613 70
-9.180 -12.284 1.626 72
-9.236 -12.285 1.676 28
-9.131 -12.287 1.601 51
-9.081 -12.295 1.602 54
-9.056 -12.294 1.577 55
-9.207 -12.282 1.637 75
-9.139 -12.266 1.497 56
-9.065 -12.291 1.569 62
-9.157 -12.287 1.622 66
-9.106 -12.289 1.591 52
-9.258 -12.282 1.676 28
-9.031 -12.300 1.587 60
-9.189 -12.284 1.631 68
-9.044 -12.300 1.599 56
-9.223 -12.262 1.545 53
-9.160 -12.283 1.606 51
-9.297 -12.276 1.679 166
-9.107 -12.293 1.614 54
-9.142 -12.277 1.555 60
-9.095 -12.271 1.491 64
-9.217 -12.283 1.647 23
-9.208 -12.266 1.552 50
-9.283 -12.278 1.673 53
-9.298 -12.270 1.649 37
-9.209 -12.265 1.552 50
-9.201 -12.279 1.613 67
-9.073 -12.275 1.490 64
-9.059 -12.293 1.572 56
-9.071 -12.284 1.535 75
-9.183 -12.286 1.636 66
-9.241 -12.269 1.594 46
-9.138 -12.271 1.522 61
-9.231 -12.264 1.565 54
-9.096 -12.294 1.607 53
-9.146 -12.275 1.550 59
-9.232 -12.270 1.593 44
-9.106 -12.296 1.625 55
-9.061 -12.299 1.606 54
-9.273 -12.266 1.608 20
-9.000 -12.299 1.558 70
-9.144 -12.262 1.484 52
-9.106 -12.263 1.457 56
-9.260 -12.278 1.657 30
-9.203 -12.284 1.641 60
-9.146 -12.287 1.611 54
-9.120 -12.275 1.530 70
-9.080 -12.291 1.580 55
-9.105 -12.291 1.598 52
-9.068 -12.289 1.558 88
-9.198 -12.283 1.636 69
-9.269 -12.264 1.593 27
-9.260 -12.278 1.656 30
-9.151 -12.274 1.551 58
-9.269 -12.269 1.619 25
-9.071 -12.291 1.573 56
-9.284 -12.282 1.696 159
-9.139 -12.288 1.614 56
-9.121 -12.269 1.499 60
-9.277 -12.277 1.666 34
-9.142 -12.275 1.550 61
-9.312 -12.279 1.702 154
-9.103 -12.295 1.617 55
-9.241 -12.264 1.570 44
-9.299 -12.269 1.642 39
-9.002 -12.301 1.569 69
-9.115 -12.286 1.581 54
-9.268 -12.282 1.687 25
-9.124 -12.276 1.539 69
-9.196 -12.275 1.590 50
-9.295 -12.275 1.672 111
-9.110 -12.271 1.499 62
-9.121 -12.285 1.582 55
-9.259 -12.273 1.630 24
-9.099 -12.291 1.596 52
-9.092 -12.276 1.512 69
-9.296 -12.277 1.682 148
-9.176 -12.280 1.603 49
-9.242 -12.277 1.636 22
-9.177 -12.270 1.551 53
-9.229 -12.271 1.597 47
-9.138 -12.274 1.539 63
-9.128 -12.259 1.456 59
-9.105 -12.264 1.462 57
-9.314 -12.272 1.672 151
-9.206 -12.264 1.542 49
-9.198 -12.288 1.661 38
-9.251 -12.266 1.587 41
-8.970 -12.271 1.702 71
-9.082 -12.270 1.727 68
-8.993 -12.269 1.737 77
-9.230 -12.269 1.754 26
-8.994 -12.269 1.741 74
-9.241 -12.269 1.736 84
-9.202 -12.270 1.724 71
-9.112 -12.270 1.728 68
-9.114 -12.268 1.765 29
-9.131 -12.269 1.739 70
-9.095 -12.270 1.718 67
-8.965 -12.269 1.741 79
-8.922 -12.269 1.753 60
-9.184 -12.269 1.752 24
-9.220 -12.269 1.733 74
-9.065 -12.269 1.758 23
-8.952 -12.269 1.750 65
-9.243 -12.269 1.758 31
-8.998 -12.270 1.720 71
-9.027 -12.270 1.708 69
-9.031 -12.269 1.758 23
-9.100 -12.269 1.752 33
-9.181 -12.269 1.757 26
-9.253 -12.269 1.738 96
-8.985 -12.269 1.744 81
-8.935 -12.269 1.748 88
-9.202 -12.269 1.753 18
-9.207 -12.269 1.758 27
-9.147 -12.269 1.759 25
-9.012 -12.269 1.753 30
-9.239 -12.269 1.753 24
-9.198 -12.269 1.738 73
-8.982 -12.269 1.754 33
-9.034 -12.271 1.698 66
-8.978 -12.271 1.689 68
-9.045 -12.269 1.744 75
-9.156 -12.269 1.745 66
-9.303 -12.269 1.751 21
-9.220 -12.269 1.737 77
-9.209 -12.269 1.731 74
-9.306 -12.269 1.745 18
-9.123 -12.269 1.740 70
-9.041 -12.270 1.706 69
-9.139 -12.270 1.730 70
-9.195 -12.269 1.748 30
-8.942 -12.270 1.738 80
-9.121 -12.269 1.752 29
-8.928 -12.270 1.725 77
-9.248 -12.269 1.744 81
-8.911 -12.269 1.763 31
-9.221 -12.269 1.737 76
-9.009 -12.270 1.734 76
-9.306 -12.268 1.764 42
-9.038 -12.270 1.717 70
-9.068 -12.270 1.723 70
-9.115 -12.270 1.711 66
-9.071 -12.269 1.739 71
-9.157 -12.269 1.733 70
-8.900 -12.269 1.763 30
-9.118 -12.270 1.730 70
-9.122 -12.269 1.745 73
-8.965 -12.270 1.729 76
-9.065 -12.270 1.731 69
-8.970 -12.271 1.699 70
-8.930 -12.270 1.718 76
-8.972 -12.271 1.690 68
-9.069 -12.269 1.744 74
-9.276 -12.269 1.751 28
-9.047 -12.270 1.726 71
-9.269 -12.269 1.752 33
-9.254 -12.269 1.734 85
-9.152 -12.270 1.721 68
-9.202 -12.269 1.734 73
-9.281 -12.269 1.743 22
-8.967 -12.271 1.698 70
-9.139 -12.270 1.721 67
-9.290 -12.269 1.752 18
-9.012 -12.270 1.729 77
-8.997 -12.270 1.727 74
-8.988 -12.270 1.731 75
-8.965 -12.271 1.697 70
-9.206 -12.268 1.764 30
-9.216 -12.270 1.727 69
-9.005 -12.270 1.732 76
-9.219 -12.269 1.759 31
-9.044 -12.270 1.733 74
-9.057 -12.270 1.716 68
-9.163 -12.270 1.721 68
-9.141 -12.269 1.739 69
-9.042 -12.269 1.762 27
-9.065 -12.270 1.706 69
-9.263 -12.268 1.764 32
-9.032 -12.270 1.719 70
-9.133 -12.269 1.758 25
-9.028 -12.269 1.765 25
-9.038 -12.270 1.709 69
-8.977 -12.271 1.701 70
-9.201 -12.268 1.763 27
-9.182 -12.269 1.761 33
-8.891 -12.269 1.762 32
-9.003 -12.271 1.705 69
-9.093 -12.270 1.733 73
-8.901 -12.269 1.757 23
-9.161 -12.269 1.732 68
-9.079 -12.270 1.707 68
-9.053 -12.269 1.755 27
-8.954 -12.270 1.720 74
-9.059 -12.269 1.742 76
-9.312 -12.268 1.763 76
-9.027 -12.270 1.712 70
-9.019 -12.269 1.758 23
-9.232 -12.269 1.757 26
-9.113 -12.268 1.765 29
-9.077 -12.270 1.716 69
-9.075 -12.269 1.743 74
-9.002 -12.270 1.718 72
-9.156 -12.268 1.763 30
-8.972 -12.270 1.735 76
-8.973 -12.270 1.722 74
-9.115 -12.269 1.751 18
-9.094 -12.269 1.743 75
-9.118 -12.269 1.750 41
-9.231 -12.269 1.743 72
-9.125 -12.270 1.730 69
-8.971 -12.270 1.710 70
-9.010 -12.271 1.701 69
-9.006 -12.269 1.750 60
-8.979 -12.270 1.736 75
-8.975 -12.270 1.727 74
-8.919 -12.269 1.763 30
-9.173 -12.269 1.733 69
-9.033 -12.269 1.760 26
-9.070 -12.270 1.730 68
-9.199 -12.270 1.727 71
-9.039 -12.269 1.759 23
-8.914 -12.269 1.758 26
-8.984 -12.271 1.706 70
-9.073 -12.270 1.728 67
-9.107 -12.269 1.736 70
-9.137 -12.270 1.723 67
-9.228 -12.269 1.734 80
-9.155 -12.270 1.719 69
-9.019 -12.270 1.731 73
-9.056 -12.269 1.738 76
-8.942 -12.270 1.724 77
-8.953 -12.270 1.709 72
-9.020 -12.270 1.730 73
-9.290 -12.269 1.741 10
-9.034 -12.270 1.723 73
-9.107 -12.270 1.731 69
-9.198 -12.270 1.724 70
-8.897 -12.269 1.765 35
-9.117 -12.269 1.749 48
-9.046 -12.269 1.758 25
-9.200 -12.269 1.757 27
-9.160 -12.269 1.754 22
-8.945 -12.269 1.754 37
-9.233 -12.268 1.762 28
-9.298 -12.269 1.755 19
-9.264 -12.269 1.747 31
-9.221 -12.269 1.738 76
-9.046 -12.270 1.731 71
-9.076 -12.270 1.715 69
-8.981 -12.271 1.693 69
-9.041 -12.269 1.747 79
-8.953 -12.271 1.700 70
-8.956 -12.271 1.700 70
-8.994 -12.270 1.709 70
-8.995 -12.270 1.736 76
-9.014 -12.270 1.724 72
-8.956 -12.269 1.740 78
-9.290 -12.269 1.739 11
-9.296 -12.269 1.746 10
-9.042 -12.269 1.739 73
-9.282 -12.269 1.746 26
-9.022 -12.269 1.761 27
-9.138 -12.269 1.741 68
-9.035 -12.269 1.741 74
-8.940 -12.270 1.730 77
-9.164 -12.269 1.759 28
-9.026 -12.270 1.712 70
-9.202 -12.269 1.734 73
-9.067 -12.269 1.764 31
-9.113 -12.269 1.753 18
-8.957 -12.269 1.752 64
-8.990 -12.269 1.748 84
-8.978 -12.269 1.760 33
-9.015 -12.270 1.722 72
-9.083 -12.269 1.735 71
-8.962 -12.269 1.764 34
-8.995 -12.270 1.720 72
-9.210 -12.269 1.756 26
-9.072 -12.269 1.763 33
-9.065 -12.270 1.704 69
-9.252 -12.269 1.734 84
-9.020 -12.269 1.748 76
-9.081 -12.270 1.718 69
-9.060 -12.270 1.723 70
-9.129 -12.269 1.758 24
-9.278 -12.269 1.745 25
-9.177 -12.269 1.747 74
-8.990 -12.269 1.743 78
-9.251 -12.269 1.736 84
-9.033 -12.270 1.724 73
-9.078 -12.270 1.714 68
-9.275 -12.268 1.765 32
-9.061 -12.269 1.762 28
-8.965 -12.270 1.713 71
-9.295 -12.269 1.757 12
-9.076 -12.270 1.713 68
-9.174 -12.269 1.745 75
-9.105 -12.269 1.735 70
-9.162 -12.269 1.735 69
-8.967 -12.271 1.695 68
-8.969 -12.270 1.713 70
-8.959 -12.270 1.736 78
-9.105 -12.277 1.689 63
-9.297 -12.276 1.716 136
-9.064 -12.274 1.692 67
-8.981 -12.299 1.601 61
-9.016 -12.298 1.611 63
-9.109 -12.274 1.697 64
-8.980 -12.278 1.666 63
-9.291 -12.272 1.726 14
-9.199 -12.288 1.666 51
-9.181 -12.277 1.698 68
-9.110 -12.296 1.630 54
-9.136 -12.290 1.652 55
-9.045 -12.291 1.637 64
-9.187 -12.288 1.664 81
-8.988 -12.272 1.688 67
-9.020 -12.271 1.694 67
-9.202 -12.280 1.692 69
-9.164 -12.280 1.686 69
-9.184 -12.282 1.682 71
-9.036 -12.279 1.670 60
-9.089 -12.296 1.627 53
-9.080 -12.283 1.667 64
-9.145 -12.283 1.674 67
-9.037 -12.296 1.620 55
-9.025 -12.288 1.641 58
-8.975 -12.304 1.585 58
-9.043 -12.278 1.677 63
-9.193 -12.276 1.701 69
-9.088 -12.280 1.675 62
-9.130 -12.285 1.666 50
-9.190 -12.279 1.694 69
-9.008 -12.282 1.659 61
-9.086 -12.280 1.676 62
-9.081 -12.293 1.636 60
-9.055 -12.286 1.653 59
-9.298 -12.278 1.709 151
-9.098 -12.294 1.634 58
-9.070 -12.294 1.630 52
-9.139 -12.273 1.705 68
-9.277 -12.278 1.708 12
-9.273 -12.282 1.693 113
-9.153 -12.280 1.685 70
-9.206 -12.278 1.698 74
-9.164 -12.278 1.693 67
-8.988 -12.281 1.659 62
-9.094 -12.271 1.704 65
-9.152 -12.278 1.692 69
-9.085 -12.277 1.686 66
-9.021 -12.301 1.603 61
-9.097 -12.291 1.643 67
-9.233 -12.276 1.708 60
-9.073 -12.272 1.700 69
-9.090 -12.282 1.669 65
-8.970 -12.290 1.629 61
-9.263 -12.281 1.696 82
-9.031 -12.289 1.639 57
-9.062 -12.278 1.680 66
-9.005 -12.282 1.657 62
-9.019 -12.287 1.646 61
-9.118 -12.295 1.634 71
-9.223 -12.270 1.723 70
-9.150 -12.289 1.655 67
-9.188 -12.278 1.696 69
-9.148 -12.274 1.701 67
-9.214 -12.278 1.697 79
-9.205 -12.272 1.716 72
-9.128 -12.278 1.688 64
-9.143 -12.277 1.691 68
-8.986 -12.277 1.671 63
-9.197 -12.286 1.672 76
-9.192 -12.271 1.718 70
-9.037 -12.285 1.652 69
-9.037 -12.293 1.629 60
-8.965 -12.274 1.679 63
-9.176 -12.282 1.682 67
-9.208 -12.279 1.696 79
-9.165 -12.273 1.709 66
-9.029 -12.285 1.651 69
-9.157 -12.284 1.673 66
-9.248 -12.279 1.699 24
-8.998 -12.278 1.671 62
-9.247 -12.274 1.716 37
-9.058 -12.274 1.691 66
-9.259 -12.284 1.687 23
-9.271 -12.280 1.699 108
-9.146 -12.285 1.668 64
-9.028 -12.279 1.669 60
-9.065 -12.282 1.666 62
-9.154 -12.273 1.706 68
-9.293 -12.274 1.722 51
-9.008 -12.273 1.686 65
-9.307 -12.274 1.723 157
-8.997 -12.280 1.662 62
-8.995 -12.303 1.590 59
-9.132 -12.281 1.679 66
-9.012 -12.296 1.615 61
-9.064 -12.277 1.683 66
-9.146 -12.272 1.708 68
-9.245 -12.282 1.690 23
-9.122 -12.281 1.678 65
-9.113 -12.271 1.708 66
-9.200 -12.283 1.682 79
-9.135 -12.279 1.685 64
-8.983 -12.275 1.677 63
-9.063 -12.287 1.650 62
-9.268 -12.276 1.711 20
-9.165 -12.276 1.699 67
-9.176 -12.272 1.713 67
-8.983 -12.286 1.643 61
-8.979 -12.294 1.619 62
-8.971 -12.291 1.626 60
-9.230 -12.270 1.725 79
-9.034 -12.294 1.626 58
-9.048 -12.278 1.678 64
-8.975 -12.284 1.648 61
-9.135 -12.278 1.689 65
-9.033 -12.295 1.621 55
-9.089 -12.276 1.688 63
-9.054 -12.290 1.641 62
-9.097 -12.273 1.699 64
-9.289 -12.272 1.727 12
-9.167 -12.290 1.654 68
-8.972 -12.278 1.666 63
-9.299 -12.274 1.723 137
-9.016 -12.295 1.619 61
-9.095 -12.286 1.659 61
-9.043 -12.278 1.677 63
-9.028 -12.273 1.689 66
-9.067 -12.279 1.676 65
-9.250 -12.271 1.726 72
-8.987 -12.292 1.624 63
-9.054 -12.274 1.691 66
-9.111 -12.280 1.678 62
-9.257 -12.280 1.699 17
-9.110 -12.279 1.681 61
-9.067 -12.283 1.663 62
-9.041 -12.296 1.620 54
-9.184 -12.282 1.681 71
-9.191 -12.288 1.663 54
-9.096 -12.281 1.673 63
-9.164 -12.290 1.655 68
-8.982 -12.297 1.609 62
-9.154 -12.283 1.675 67
-9.231 -12.280 1.694 26
-8.978 -12.284 1.649 61
-9.053 -12.300 1.609 54
-9.276 -12.278 1.708 12
-9.146 -12.287 1.663 65
-9.029 -12.279 1.670 59
-9.242 -12.276 1.710 38
-9.193 -12.270 1.719 70
-9.221 -12.280 1.694 51
-9.137 -12.277 1.693 68
-9.043 -12.293 1.630 63
-8.993 -12.296 1.614 63
-9.056 -12.273 1.695 67
-9.094 -12.275 1.692 63
-8.987 -12.283 1.652 61
-8.966 -12.287 1.638 60
-8.989 -12.288 1.637 60
-9.002 -12.304 1.590 60
-9.093 -12.280 1.676 61
-9.141 -12.270 1.713 68
-9.038 -12.279 1.672 61
-9.038 -12.282 1.662 60
-9.247 -12.279 1.700 26
-9.263 -12.270 1.731 27
-9.107 -12.282 1.671 65
-9.064 -12.271 1.699 67
-9.000 -12.288 1.638 60
-9.183 -12.278 1.695 68
-9.126 -12.270 1.711 67
-9.133 -12.274 1.702 66
-9.153 -12.292 1.647 71
-9.068 -12.287 1.650 65
-9.271 -12.276 1.713 9
-9.014 -12.281 1.663 63
-8.985 -12.276 1.673 64
-9.061 -12.292 1.635 55
-9.185 -12.275 1.703 69
-9.123 -12.275 1.695 65
-9.040 -12.278 1.675 63
-9.275 -12.279 1.704 29
-9.104 -12.290 1.646 54
-9.013 -12.288 1.640 61
-9.046 -12.280 1.671 60
-9.158 -12.279 1.688 70
-9.069 -12.287 1.652 65
-8.996 -12.281 1.659 62
-9.026 -12.287 1.647 59
-9.172 -12.282 1.679 63
-9.193 -12.283 1.679 71
-8.981 -12.287 1.641 60
-9.213 -12.282 1.686 58
-9.122 -12.277 1.689 65
-9.007 -12.276 1.677 64
-9.093 -12.271 1.703 65
-9.108 -12.289 1.649 50
-9.188 -12.289 1.660 65
-9.066 -12.276 1.686 66
-9.304 -12.270 1.734 80
-9.290 -12.278 1.709 152
-9.104 -12.296 1.629 53
-8.979 -12.305 1.582 57
-9.148 -12.283 1.675 68
-9.155 -12.292 1.648 69
-8.984 -12.301 1.597 60
-9.141 -12.271 1.712 68
-9.239 -12.272 1.721 80
-9.152 -12.291 1.649 70
-9.169 -12.283 1.677 63
-9.000 -12.288 1.639 61
-9.214 -12.275 1.709 75
-9.144 -12.292 1.646 70
-9.016 -12.291 1.630 62
-8.977 -12.274 1.680 64
-9.111 -12.291 1.645 63
-9.006 -12.287 1.644 61
-9.000 -12.304 1.589 59
-8.970 -12.282 1.653 61
-9.009 -12.277 1.674 63
-8.981 -12.284 1.649 61
-9.030 -12.284 1.655 64
-9.246 -12.282 1.691 23
-9.216 -12.282 1.687 43
-9.170 -12.284 1.673 66
-9.305 -12.279 1.707 156
-9.019 -12.275 1.682 65
-9.100 -12.279 1.679 58
-9.245 -12.272 1.722 68
-9.090 -12.294 1.632 52
-9.027 -12.300 1.607 57
-9.061 -12.299 1.614 54
-9.163 -12.270 1.716 68
-9.205 -12.278 1.696 73
-8.986 -12.301 1.598 61
-9.075 -12.278 1.681 65
-9.048 -12.293 1.630 60
-9.122 -12.283 1.671 62
-8.965 -12.282 1.652 60
-9.176 -12.275 1.703 67
-8.995 -12.293 1.623 64
-9.168 -12.286 1.668 67
-9.075 -12.291 1.639 66
-9.211 -12.285 1.678 44
-9.030 -12.300 1.604 58
-9.226 -12.275 1.709 83
-9.144 -12.272 1.710 69
-9.066 -12.280 1.674 63
-9.058 -12.300 1.611 54
-9.144 -12.282 1.677 67
-9.056 -12.291 1.638 62
-9.023 -12.294 1.622 60
-9.003 -12.300 1.601 65
-9.190 -12.283 1.680 70
-9.264 -12.274 1.717 21
-9.031 -12.271 1.696 66
-9.144 -12.274 1.703 68
-9.174 -12.275 1.701 66
-9.314 -12.279 1.711 159
-9.044 -12.296 1.621 54
-9.066 -12.294 1.630 51
-8.970 -12.291 1.627 61
-9.124 -12.286 1.660 54
-8.764 -12.272 1.755 40
-8.746 -12.272 1.764 47
-8.790 -12.271 1.762 29
-8.792 -12.271 1.761 28
-8.747 -12.233 1.071 90
-8.745 -12.227 1.108 95
-8.745 -12.231 1.090 89
-8.747 -12.234 1.065 87
-8.746 -12.231 1.087 90
-8.744 -12.227 1.116 96
-8.751 -12.228 1.060 89
-8.744 -12.233 1.089 89
-8.749 -12.228 1.754 131
-8.747 -12.230 1.760 132
-8.880 -12.257 1.411 65
-8.844 -12.264 1.340 62
-8.866 -12.259 1.415 62
-8.859 -12.259 1.424 62
-8.861 -12.261 1.375 64
-8.857 -12.262 1.346 62
-8.867 -12.261 1.339 61
-8.846 -12.264 1.346 64
-8.835 -12.262 1.427 61
-8.852 -12.260 1.432 61
-8.888 -12.258 1.366 62
-8.907 -12.254 1.407 63
-8.876 -12.257 1.436 60
-8.880 -12.258 1.377 61
-8.836 -12.261 1.451 59
-8.864 -12.260 1.374 64
-8.853 -12.262 1.362 62
-8.880 -12.258 1.386 62
-8.873 -12.260 1.349 63
-8.862 -12.262 1.331 61
-8.846 -12.261 1.411 61
-8.889 -12.258 1.369 62
-8.908 -12.254 1.393 60
-8.889 -12.256 1.405 61
-8.847 -12.261 1.419 61
-8.855 -12.260 1.429 61
-8.909 -12.254 1.403 60
-8.887 -12.257 1.386 61
-8.862 -12.261 1.364 63
-8.852 -12.261 1.403 63
-8.897 -12.255 1.425 63
-8.841 -12.261 1.440 58
-8.888 -12.256 1.422 63
-8.871 -12.261 1.343 62
-8.900 -12.255 1.406 63
-8.866 -12.259 1.413 62
-8.836 -12.261 1.458 59
-8.899 -12.255 1.412 64
-8.874 -12.259 1.376 63
-8.849 -12.264 1.334 61
-8.864 -12.262 1.327 60
-8.849 -12.264 1.336 61
-8.859 -12.263 1.331 61
-8.871 -12.260 1.369 63
-8.857 -12.262 1.352 64
-8.870 -12.260 1.376 64
-8.868 -12.261 1.339 61
-8.847 -12.261 1.413 61
-8.870 -12.259 1.395 64
-8.865 -12.258 1.447 59
-8.867 -12.262 1.328 60
-8.878 -12.258 1.381 64
-8.875 -12.257 1.434 60
-8.884 -12.259 1.351 62
-8.862 -12.260 1.399 65
-8.879 -12.257 1.419 64
-8.867 -12.262 1.322 58
-8.856 -12.260 1.415 62
-8.841 -12.262 1.401 63
-8.841 -12.261 1.437 58
-8.907 -12.254 1.399 60
-8.835 -12.261 1.463 60
-8.856 -12.262 1.370 64
-8.906 -12.254 1.415 65
-8.885 -12.256 1.429 60
-8.890 -12.256 1.405 61
-8.903 -12.254 1.412 64
-8.889 -12.255 1.428 60
-8.898 -12.255 1.399 61
-8.874 -12.259 1.383 64
-8.878 -12.258 1.402 62
-8.853 -12.260 1.419 61
-8.873 -12.258 1.414 62
-8.845 -12.260 1.459 58
-8.861 -12.262 1.334 61
-8.857 -12.259 1.436 61
-8.837 -12.263 1.386 63
-8.850 -12.259 1.455 58
-8.860 -12.263 1.307 59
-8.845 -12.263 1.377 65
-8.908 -12.254 1.400 60
-8.836 -12.263 1.404 61
-8.857 -12.263 1.316 58
-8.903 -12.255 1.404 61
-8.858 -12.259 1.433 62
