-17.720 -11.218 0.047 91
-17.720 -11.222 0.026 98
-17.719 -11.224 0.040 99
-17.720 -11.223 0.024 98
-17.778 -10.797 0.620 179
-17.783 -10.816 0.639 169
-17.800 -10.830 0.648 108
-17.705 -10.764 0.610 173
-17.714 -10.764 0.607 169
-17.684 -10.763 0.616 161
-17.684 -10.766 0.619 148
-17.793 -10.781 0.599 114
-17.688 -10.760 0.611 180
-17.773 -10.796 0.621 182
-17.656 -10.747 0.609 176
-17.660 -10.733 0.592 182
-17.754 -10.767 0.597 165
-17.776 -10.808 0.633 184
-17.779 -10.783 0.605 119
-17.838 -10.842 0.648 101
-17.669 -10.755 0.612 186
-17.674 -10.744 0.599 177
-17.709 -10.768 0.613 138
-17.726 -10.742 0.579 178
-17.715 -10.766 0.609 152
-17.701 -10.748 0.595 182
-17.759 -10.805 0.635 181
-17.669 -10.748 0.605 180
-17.747 -10.769 0.601 154
-17.723 -10.748 0.587 180
-17.817 -10.839 0.652 90
-17.801 -10.816 0.633 187
-17.789 -10.781 0.600 111
-17.777 -10.767 0.589 185
-17.795 -10.818 0.637 179
-17.621 -10.732 0.604 175
-17.668 -10.759 0.617 168
-17.625 -10.733 0.604 173
-17.643 -10.739 0.604 175
-17.709 -10.747 0.590 181
-17.772 -10.816 0.642 159
-17.761 -10.767 0.594 174
-17.783 -10.792 0.614 167
-17.613 -10.734 0.608 178
-17.713 -10.760 0.603 179
-17.666 -10.749 0.608 179
-17.722 -10.750 0.589 180
-17.733 -10.793 0.632 185
-17.777 -10.817 0.642 161
-17.837 -10.842 0.648 101
-17.788 -10.812 0.633 182
-17.694 -10.762 0.611 180
-17.750 -10.795 0.628 187
-17.756 -10.780 0.610 115
-17.647 -10.748 0.612 174
-17.763 -10.797 0.625 187
-17.742 -10.772 0.606 130
-17.749 -10.784 0.616 133
-17.821 -10.823 0.633 183
-17.708 -10.758 0.602 181
-17.711 -10.751 0.594 181
-17.770 -10.801 0.627 191
-17.743 -10.799 0.634 187
-17.795 -10.781 0.598 114
-17.641 -10.739 0.604 174
-17.788 -10.816 0.637 180
-17.703 -10.757 0.603 180
-17.779 -10.783 0.605 119
-17.808 -10.825 0.640 149
-17.774 -10.814 0.640 169
-17.746 -10.751 0.583 177
-17.782 -10.811 0.634 184
-17.732 -10.794 0.632 187
-17.707 -10.782 0.629 146
-17.713 -10.755 0.598 181
-17.751 -10.799 0.632 187
-17.724 -10.741 0.579 179
-17.709 -10.742 0.585 182
-17.804 -10.819 0.636 185
-17.771 -10.756 0.580 176
-17.817 -10.835 0.647 107
-17.691 -10.765 0.615 156
-17.789 -10.793 0.613 166
-17.645 -10.740 0.605 174
-17.723 -10.784 0.625 156
-17.730 -10.791 0.630 181
-17.668 -10.753 0.611 185
-17.745 -10.796 0.631 190
-17.814 -10.836 0.649 102
-17.740 -10.758 0.592 180
-17.762 -10.769 0.596 158
-17.714 -10.780 0.624 127
-17.835 -10.838 0.644 114
-17.748 -10.777 0.610 117
-17.767 -10.777 0.603 107
-17.715 -10.769 0.611 138
-17.742 -10.753 0.586 176
-17.694 -10.745 0.594 181
-17.715 -10.751 0.593 180
-17.767 -10.795 0.622 182
-17.798 -10.817 0.635 184
-17.768 -10.799 0.626 190
-17.660 -10.750 0.610 180
-17.769 -10.777 0.602 107
-17.814 -10.833 0.646 110
-17.734 -10.775 0.612 118
-17.740 -10.773 0.608 123
-17.655 -10.749 0.611 177
-17.662 -10.738 0.597 180
-17.733 -10.761 0.597 179
-17.755 -10.755 0.584 178
-17.774 -10.805 0.630 187
-17.743 -10.793 0.627 188
-17.705 -10.739 0.584 183
-17.771 -10.788 0.613 147
-17.696 -10.752 0.600 183
-17.707 -10.782 0.628 146
-17.662 -10.743 0.602 176
-17.779 -10.802 0.625 192
-17.685 -10.751 0.603 183
-17.689 -10.746 0.596 181
-17.754 -10.802 0.633 185
-17.773 -10.791 0.615 170
-17.763 -10.781 0.608 119
-17.779 -10.774 0.596 148
-17.709 -10.765 0.610 155
-17.630 -10.743 0.613 178
-17.664 -10.738 0.596 178
-17.688 -10.761 0.613 168
-17.638 -10.731 0.598 182
-17.722 -10.772 0.613 119
-17.734 -10.773 0.609 126
-17.720 -10.764 0.605 174
-17.818 -10.834 0.647 107
-17.722 -10.755 0.595 180
-17.679 -10.743 0.596 178
-17.753 -10.797 0.629 188
-17.699 -10.745 0.592 180
-17.762 -10.811 0.641 174
-17.495 -10.700 0.628 83
-17.558 -10.687 0.669 141
-17.527 -10.687 0.640 110
-17.513 -10.707 0.652 145
-17.524 -10.687 0.638 110
-17.543 -10.695 0.665 149
-17.488 -10.685 0.603 112
-17.516 -10.694 0.640 104
-17.500 -10.693 0.624 84
-17.491 -10.695 0.618 94
-17.535 -10.695 0.658 141
-17.520 -10.691 0.639 104
-17.481 -10.700 0.615 115
-17.583 -10.690 0.695 188
-17.548 -10.685 0.658 119
-17.516 -10.706 0.654 149
-17.528 -10.697 0.654 127
-17.508 -10.686 0.623 89
-17.553 -10.697 0.677 180
-17.485 -10.711 0.631 95
-17.552 -10.684 0.661 124
-17.550 -10.700 0.677 186
-17.537 -10.696 0.660 145
-17.498 -10.697 0.627 81
-17.549 -10.691 0.665 141
-17.511 -10.697 0.639 97
-17.471 -10.710 0.618 122
-17.505 -10.705 0.642 107
-17.489 -10.689 0.609 113
-17.512 -10.710 0.655 155
-17.523 -10.692 0.644 103
-17.498 -10.714 0.647 119
-17.503 -10.696 0.631 85
-17.499 -10.690 0.620 87
-17.480 -10.703 0.618 109
-17.514 -10.686 0.629 98
-17.518 -10.706 0.655 152
-17.469 -10.722 0.630 116
-17.488 -10.694 0.615 110
-17.497 -10.698 0.628 81
-17.565 -10.694 0.684 185
-17.548 -10.700 0.675 178
-17.496 -10.699 0.627 82
-17.509 -10.708 0.650 137
-17.511 -10.683 0.622 89
-17.541 -10.684 0.651 109
-17.369 -10.904 0.430 111
-17.445 -10.758 0.427 131
-17.396 -10.863 0.429 107
-17.499 -10.785 0.423 105
-17.576 -10.842 0.417 118
-17.568 -10.808 0.418 97
-17.538 -10.810 0.420 100
-17.430 -10.754 0.428 115
-17.425 -10.883 0.427 111
-17.581 -10.759 0.418 106
-17.389 -10.860 0.430 131
-17.406 -10.851 0.429 129
-17.585 -10.826 0.417 110
-17.441 -10.803 0.427 69
-17.572 -10.771 0.419 117
-17.473 -10.849 0.424 160
-17.460 -10.723 0.427 117
-17.615 -10.783 0.415 132
-17.478 -10.678 0.426 118
-17.377 -10.901 0.430 103
-17.513 -10.718 0.423 111
-17.662 -10.792 0.412 122
-17.555 -10.723 0.420 145
-17.309 -10.975 0.433 83
-17.472 -10.857 0.424 145
-17.475 -10.728 0.426 68
-17.550 -10.834 0.419 122
-17.355 -10.931 0.431 118
-17.394 -10.913 0.428 96
-17.466 -10.882 0.424 125
-17.546 -10.810 0.420 109
-17.623 -10.750 0.415 144
-17.487 -10.684 0.425 122
-17.510 -10.759 0.423 107
-17.285 -11.002 0.435 91
-17.515 -10.812 0.422 139
-17.401 -10.817 0.429 134
-17.470 -10.762 0.426 95
-17.336 -10.947 0.432 110
-17.391 -10.832 0.430 131
-17.460 -10.845 0.425 148
-17.453 -10.818 0.426 110
-17.403 -10.898 0.428 96
-17.349 -10.915 0.431 116
-17.609 -10.795 0.416 124
-17.519 -10.859 0.421 123
-17.593 -10.745 0.417 112
-17.602 -10.753 0.417 117
-17.418 -10.824 0.428 105
-17.538 -10.841 0.420 120
-17.542 -10.713 0.421 102
-17.579 -10.717 0.419 165
-17.528 -10.777 0.421 183
-17.547 -10.762 0.420 153
-17.652 -10.769 0.413 104
-17.443 -10.866 0.426 117
-17.416 -10.905 0.427 110
-17.576 -10.717 0.419 165
-17.595 -10.728 0.418 153
-17.649 -10.780 0.413 128
-17.642 -10.795 0.413 82
-17.605 -10.741 0.417 180
-17.580 -10.754 0.418 98
-17.461 -10.735 0.426 116
-17.372 -10.922 0.430 108
-17.471 -10.793 0.425 124
-17.549 -10.798 0.420 111
-17.420 -10.872 0.427 101
-17.429 -10.784 0.428 122
-17.514 -10.854 0.421 116
-17.467 -10.789 0.425 127
-17.486 -10.701 0.425 112
-17.448 -10.788 0.427 119
-17.473 -10.787 0.425 117
-17.647 -10.738 0.414 166
-17.548 -10.756 0.420 156
-17.451 -10.854 0.425 106
-17.467 -10.741 0.426 128
-17.539 -10.765 0.421 170
-17.352 -10.947 0.431 111
-17.647 -10.738 0.414 166
-17.641 -10.795 0.414 85
-17.476 -10.798 0.425 109
-17.475 -10.829 0.424 145
-17.361 -10.905 0.431 121
-17.574 -10.795 0.418 120
-17.529 -10.760 0.422 144
-17.593 -10.720 0.418 150
-17.295 -10.995 0.434 107
-17.559 -10.785 0.419 118
-17.671 -10.751 0.412 167
-17.437 -10.910 0.426 146
-17.409 -10.889 0.428 117
-17.491 -10.769 0.424 115
-17.444 -10.763 0.427 122
-17.490 -10.770 0.424 114
-17.581 -10.710 0.419 186
-17.416 -10.787 0.429 124
-17.524 -10.860 0.420 116
-17.331 -10.961 0.432 100
-17.470 -10.755 0.426 124
-17.501 -10.680 0.425 121
-17.609 -10.807 0.416 132
-17.530 -10.796 0.421 125
-17.514 -10.686 0.424 124
-17.458 -10.844 0.425 126
-17.520 -10.724 0.423 115
-17.619 -10.803 0.415 123
-17.558 -10.728 0.420 172
-17.591 -10.766 0.417 108
-17.587 -10.739 0.418 103
-17.433 -10.921 0.426 139
-17.321 -10.962 0.433 100
-17.630 -10.805 0.414 119
-17.669 -10.754 0.412 167
-17.532 -10.769 0.421 170
-17.579 -10.819 0.417 87
-17.589 -10.823 0.417 109
-17.430 -10.838 0.427 105
-17.458 -10.814 0.426 100
-17.459 -10.710 0.427 104
-17.377 -10.839 0.431 105
-17.545 -10.702 0.421 120
-17.375 -10.892 0.430 124
-17.373 -10.902 0.430 108
-17.578 -10.807 0.418 86
-17.459 -10.891 0.424 134
-17.503 -10.735 0.424 133
-17.510 -10.764 0.423 100
-17.527 -10.786 0.421 159
-17.555 -10.702 0.421 112
-17.492 -10.855 0.423 117
-17.543 -10.693 0.422 140
-17.551 -10.763 0.420 127
-17.499 -10.846 0.422 103
-17.462 -10.811 0.425 113
-17.651 -10.750 0.413 169
-17.429 -10.793 0.428 116
-17.473 -10.684 0.426 124
-17.560 -10.807 0.419 129
-17.571 -10.706 0.420 161
-17.637 -10.795 0.414 76
-17.490 -10.781 0.424 105
-17.605 -10.727 0.417 177
-17.333 -10.945 0.432 109
-17.406 -10.806 0.429 123
-17.569 -10.831 0.418 115
-17.379 -10.837 0.431 119
-17.447 -10.883 0.425 166
-17.528 -10.796 0.421 125
-17.469 -10.691 0.427 104
-17.534 -10.696 0.422 140
-17.560 -10.846 0.418 68
-17.556 -10.815 0.419 124
-17.661 -10.787 0.412 127
-17.328 -10.933 0.433 97
-17.376 -10.916 0.430 106
-17.473 -10.792 0.425 117
-17.558 -10.742 0.420 166
-17.524 -10.796 0.421 136
-17.438 -10.849 0.426 117
-17.387 -10.924 0.429 101
-17.463 -10.732 0.426 109
-17.545 -10.827 0.420 108
-17.633 -10.771 0.414 125
-17.532 -10.750 0.422 144
-17.448 -10.785 0.427 119
-17.401 -10.824 0.429 134
-17.509 -10.725 0.423 122
-17.507 -10.706 0.424 108
-17.509 -10.817 0.422 132
-17.480 -10.860 0.423 128
-17.456 -10.722 0.427 110
-17.534 -10.696 0.422 140
-17.404 -10.900 0.428 75
-17.447 -10.851 0.426 101
-17.327 -10.966 0.432 93
-17.630 -10.763 0.415 118
-17.383 -10.898 0.429 76
-17.610 -10.751 0.416 103
-17.500 -10.680 0.425 118
-17.575 -10.839 0.417 120
-17.440 -10.756 0.428 131
-17.456 -10.751 0.427 115
-17.476 -10.779 0.425 124
-17.380 -10.910 0.429 95
-17.466 -10.789 0.425 123
-17.567 -10.772 0.419 109
-17.538 -10.775 0.421 151
-17.383 -10.925 0.429 94
-17.505 -10.808 0.422 162
-17.417 -10.887 0.427 98
-17.583 -10.768 0.418 121
-17.501 -10.680 0.425 121
-17.483 -10.672 0.426 112
-17.505 -10.756 0.423 110
-17.405 -10.936 0.427 135
-17.349 -10.910 0.432 122
-17.524 -10.751 0.422 123
-17.396 -10.915 0.428 94
-17.304 -10.969 0.434 105
-17.445 -10.801 0.427 77
-17.406 -10.854 0.428 126
-17.520 -10.708 0.423 115
-17.316 -10.982 0.433 102
-17.579 -10.808 0.418 86
-17.456 -10.704 0.427 104
-17.654 -10.786 0.413 128
-17.394 -10.940 0.428 124
-17.473 -10.851 0.424 148
-17.410 -10.878 0.428 105
-17.458 -10.834 0.425 110
-17.341 -10.905 0.432 96
-17.498 -10.858 0.422 86
-17.456 -10.833 0.425 107
-17.570 -10.778 0.419 112
-17.493 -10.716 0.425 115
-17.601 -10.722 0.417 175
-17.330 -10.936 0.432 102
-17.394 -10.930 0.428 113
-17.488 -10.825 0.423 160
-17.374 -10.872 0.430 124
-17.584 -10.752 0.418 109
-17.602 -10.735 0.417 179
-17.303 -10.995 0.433 98
-17.477 -10.802 0.424 99
-17.509 -10.693 0.424 131
-17.318 -10.959 0.433 100
-17.422 -10.915 0.427 153
-17.364 -10.946 0.430 119
-17.395 -10.888 0.429 123
-17.640 -10.742 0.414 167
-17.540 -10.780 0.421 137
-17.401 -10.845 0.429 129
-17.584 -10.836 0.417 114
-17.490 -10.790 0.424 108
-17.515 -10.726 0.423 119
-17.631 -10.736 0.415 171
-17.469 -10.769 0.425 112
-17.631 -10.732 0.415 168
-17.516 -10.756 0.423 105
-17.526 -10.708 0.422 124
-17.588 -10.821 0.417 95
-17.529 -10.721 0.422 107
-17.467 -10.691 0.427 104
-17.639 -10.792 0.414 76
-17.443 -10.904 0.425 140
-17.577 -10.751 0.418 84
-17.429 -10.844 0.427 105
-17.512 -10.740 0.423 116
-17.554 -10.775 0.420 108
-17.478 -10.834 0.424 176
-17.561 -10.836 0.418 121
-17.638 -10.739 0.415 171
-17.462 -10.828 0.425 101
-17.533 -10.732 0.422 91
-17.373 -10.950 0.429 99
-17.384 -10.916 0.429 99
-17.391 -10.871 0.429 126
-17.420 -10.818 0.428 116
-17.416 -10.868 0.428 83
-17.514 -10.729 0.423 119
-17.580 -10.756 0.418 114
-17.403 -10.824 0.429 134
-17.468 -10.888 0.424 117
-17.417 -10.876 0.427 103
-17.544 -10.717 0.421 103
-17.475 -10.797 0.425 119
-17.522 -10.752 0.422 123
-17.682 -10.782 0.411 108
-17.442 -10.834 0.426 115
-17.512 -10.680 0.424 125
-17.369 -10.935 0.430 59
-17.346 -10.925 0.432 119
-17.345 -10.929 0.432 117
-17.436 -10.875 0.426 123
-17.480 -10.734 0.425 73
-17.426 -10.880 0.427 103
-17.441 -10.829 0.426 92
-17.555 -10.701 0.421 111
-17.529 -10.800 0.421 113
-17.634 -10.756 0.415 168
-17.369 -10.956 0.430 100
-17.527 -10.745 0.422 114
-17.431 -10.875 0.426 103
-17.600 -10.740 0.417 149
-17.529 -10.690 0.423 122
-17.561 -10.821 0.419 120
-17.301 -10.976 0.434 127
-17.644 -10.752 0.414 179
-17.591 -10.815 0.417 108
-17.442 -10.845 0.426 122
-17.466 -10.845 0.425 160
-17.671 -10.755 0.412 167
-17.571 -10.824 0.418 104
-17.348 -10.922 0.431 118
-17.487 -10.761 0.424 122
-17.575 -10.799 0.418 120
-17.571 -10.808 0.418 77
-17.560 -10.816 0.419 119
-17.305 -10.994 0.433 98
-17.477 -10.701 0.426 110
-17.319 -10.986 0.432 94
-17.371 -10.874 0.431 118
-17.484 -10.819 0.424 141
-17.425 -10.809 0.428 113
-17.528 -10.714 0.422 104
-17.409 -10.831 0.429 137
-17.482 -10.861 0.423 117
-17.607 -10.771 0.416 120
-17.518 -10.795 0.422 144
-17.464 -10.766 0.426 92
-17.413 -10.896 0.427 105
-17.505 -10.854 0.422 116
-17.451 -10.717 0.427 104
-17.642 -10.764 0.414 100
-17.500 -10.763 0.423 110
-17.327 -10.930 0.433 79
-17.425 -10.873 0.427 100
-17.411 -10.924 0.427 139
-17.536 -10.861 0.420 116
-17.479 -10.724 0.425 83
-17.606 -10.774 0.416 105
-17.473 -10.819 0.425 118
-17.494 -10.799 0.423 131
-17.538 -10.792 0.421 102
-17.591 -10.796 0.417 122
-17.345 -10.900 0.432 103
-17.495 -10.845 0.423 107
-17.383 -10.875 0.430 129
-17.397 -10.830 0.429 139
-17.438 -10.855 0.426 109
-17.629 -10.811 0.414 117
-17.663 -10.785 0.412 127
-17.546 -10.851 0.419 127
-17.531 -10.698 0.422 136
-17.512 -10.720 0.423 111
-17.491 -10.731 0.425 114
-17.545 -10.748 0.421 170
-17.528 -10.784 0.421 168
-17.519 -10.701 0.423 131
-17.457 -10.892 0.425 134
-17.444 -10.782 0.427 121
-17.463 -10.738 0.426 121
-17.465 -10.784 0.425 125
-17.557 -10.721 0.420 142
-17.477 -10.711 0.426 114
-17.532 -10.837 0.420 117
-17.550 -10.771 0.420 118
-17.449 -10.753 0.427 116
-17.629 -10.745 0.415 170
-17.655 -10.784 0.413 128
-17.326 -10.955 0.432 103
-17.573 -10.746 0.419 108
-17.471 -10.712 0.426 119
-17.393 -10.835 0.430 141
-17.494 -10.803 0.423 159
-17.621 -10.743 0.416 172
-17.427 -10.880 0.427 103
-17.494 -10.706 0.425 109
-17.460 -10.796 0.426 119
-17.397 -10.814 0.430 131
-17.536 -10.862 0.420 116
-17.457 -10.831 0.425 107
-17.528 -10.833 0.421 91
-17.626 -10.754 0.415 110
-17.377 -10.873 0.430 124
-17.526 -10.754 0.422 136
-17.370 -10.953 0.429 92
-17.527 -10.803 0.421 114
-17.505 -10.809 0.422 167
-17.439 -10.733 0.428 113
-17.515 -10.749 0.423 99
-17.506 -10.814 0.422 139
-17.622 -10.747 0.415 174
-17.619 -10.767 0.415 122
-17.419 -10.790 0.429 121
-17.354 -10.914 0.431 120
-17.415 -10.868 0.428 83
-17.349 -10.893 0.432 103
-17.482 -10.882 0.423 118
-17.578 -10.786 0.418 126
-17.510 -10.778 0.423 137
-17.536 -10.747 0.421 144
-17.558 -10.802 0.419 124
-17.552 -10.783 0.420 103
-17.496 -10.742 0.424 133
-17.457 -10.716 0.427 108
-17.358 -10.950 0.430 103
-17.333 -10.948 0.432 109
-17.483 -10.724 0.425 92
-17.641 -10.783 0.414 126
-17.475 -10.668 0.426 96
-17.480 -10.837 0.424 172
-17.400 -10.924 0.428 104
-17.402 -10.820 0.429 135
-17.517 -10.741 0.423 82
-17.461 -10.833 0.425 110
-17.439 -10.745 0.428 123
-17.440 -10.818 0.427 107
-17.459 -10.708 0.427 103
-17.527 -10.751 0.422 136
-17.680 -10.769 0.411 180
-17.410 -10.820 0.429 135
-17.308 -10.986 0.433 103
-17.442 -10.900 0.425 146
-17.418 -10.927 0.427 142
-17.479 -10.679 0.426 118
-17.411 -10.845 0.428 136
-17.446 -10.806 0.426 93
-17.524 -10.747 0.422 95
-17.372 -10.899 0.430 122
-17.478 -10.750 0.425 122
-17.408 -10.926 0.427 131
-17.435 -10.856 0.427 116
-17.451 -10.733 0.427 117
-17.476 -10.751 0.425 125
-17.636 -10.790 0.414 71
-17.460 -10.712 0.427 106
-17.498 -10.723 0.424 125
-17.511 -10.797 0.422 149
-17.504 -10.685 0.424 126
-17.451 -10.717 0.427 104
-17.463 -10.846 0.425 152
-17.417 -10.931 0.427 137
-17.518 -10.712 0.423 109
-17.504 -10.678 0.424 113
-17.386 -10.877 0.429 122
-17.561 -10.824 0.419 120
-17.621 -10.815 0.415 122
-17.424 -10.868 0.427 87
-17.417 -10.920 0.427 146
-17.313 -10.989 0.433 101
-17.445 -10.777 0.427 125
-17.545 -10.786 0.420 72
-17.613 -10.745 0.416 136
-17.606 -10.814 0.416 122
-17.447 -10.790 0.427 124
-17.401 -10.848 0.429 131
-17.432 -10.840 0.427 100
-17.539 -10.742 0.421 143
-17.522 -10.719 0.423 108
-17.478 -10.889 0.423 123
-17.457 -10.875 0.425 142
-17.559 -10.786 0.419 118
-17.472 -10.825 0.424 110
-17.494 -10.864 0.422 108
-17.484 -10.803 0.424 112
-17.334 -10.939 0.432 109
-17.478 -10.813 0.424 107
-17.387 -10.918 0.429 111
-17.553 -10.754 0.420 154
-17.529 -10.789 0.421 138
-17.313 -10.964 0.433 82
-17.536 -10.828 0.420 116
-17.441 -10.750 0.428 129
-17.355 -10.940 0.431 110
-17.423 -10.842 0.427 88
-17.387 -10.944 0.429 121
-17.504 -10.823 0.422 129
-17.366 -10.907 0.430 122
-17.509 -10.795 0.422 149
-17.570 -10.725 0.419 175
-17.538 -10.736 0.421 122
-17.530 -10.864 0.420 117
-17.630 -10.733 0.415 170
-17.474 -10.875 0.424 116
-17.461 -10.898 0.424 117
-17.472 -10.846 0.424 161
-17.665 -10.753 0.413 165
-17.362 -10.879 0.431 118
-17.667 -10.767 0.412 158
-17.470 -10.818 0.425 109
-17.463 -10.852 0.425 143
-17.401 -10.821 0.429 132
-17.390 -10.910 0.429 81
-17.374 -10.904 0.430 115
-17.483 -10.691 0.426 111
-17.510 -10.818 0.422 132
-17.504 -10.762 0.423 107
-17.446 -10.876 0.425 153
-17.455 -10.742 0.427 124
-17.548 -10.789 0.420 88
-17.526 -10.798 0.421 131
-17.521 -10.836 0.421 89
-17.520 -10.697 0.423 127
-17.367 -10.956 0.430 108
-17.523 -10.761 0.422 136
-17.474 -10.769 0.425 126
-17.481 -10.818 0.424 139
-17.577 -10.835 0.417 114
-17.438 -10.779 0.427 119
-17.591 -10.780 0.417 78
-17.541 -10.751 0.421 160
-17.388 -10.824 0.430 127
-17.563 -10.817 0.418 116
-17.667 -10.780 0.412 119
-17.619 -10.740 0.416 167
-17.475 -10.671 0.426 71
-17.459 -10.799 0.426 121
-17.468 -10.814 0.425 109
-17.563 -10.705 0.420 107
-17.549 -10.841 0.419 118
-17.374 -10.844 0.431 110
-17.502 -10.874 0.422 89
-17.518 -10.716 0.423 110
-17.563 -10.737 0.420 169
-17.435 -10.788 0.427 106
-17.452 -10.797 0.426 98
-17.485 -10.880 0.423 128
-17.548 -10.763 0.420 138
-17.357 -10.916 0.431 120
-17.764 -10.903 0.390 122
-17.821 -10.843 0.396 117
-17.833 -10.872 0.392 120
-17.757 -10.852 0.397 106
-17.799 -10.920 0.387 125
-17.749 -10.819 0.401 135
-17.816 -10.895 0.390 125
-17.753 -10.853 0.397 123
-17.749 -10.816 0.402 131
-17.801 -10.915 0.387 124
-17.731 -10.790 0.405 171
-17.771 -10.859 0.396 128
-17.765 -10.916 0.388 125
-17.763 -10.839 0.398 82
-17.797 -10.806 0.402 162
-17.757 -10.827 0.400 131
-17.805 -10.807 0.401 161
-17.769 -10.891 0.391 124
-17.779 -10.852 0.396 128
-17.746 -10.847 0.398 131
-17.786 -10.824 0.400 118
-17.761 -10.794 0.404 163
-17.774 -10.814 0.401 124
-17.819 -10.805 0.401 156
-17.751 -10.785 0.406 159
-17.784 -10.803 0.402 166
-17.872 -10.831 0.396 161
-17.803 -10.909 0.388 107
-17.773 -10.796 0.404 162
-17.769 -10.836 0.399 117
-17.769 -10.856 0.396 119
-17.816 -10.865 0.393 106
-17.763 -10.790 0.405 162
-17.782 -10.866 0.394 126
-17.853 -10.822 0.398 163
-17.773 -10.879 0.393 123
-17.776 -10.830 0.399 131
-17.845 -10.820 0.399 165
-17.758 -10.812 0.402 117
-17.781 -10.875 0.393 122
-17.850 -10.828 0.397 168
-17.810 -10.869 0.393 89
-17.759 -10.828 0.400 131
-17.803 -10.879 0.392 121
-17.754 -10.862 0.396 126
-17.816 -10.807 0.401 166
-17.746 -10.897 0.391 114
-17.786 -10.830 0.399 129
-17.822 -10.882 0.391 131
-17.809 -10.804 0.402 168
-17.827 -10.811 0.400 158
-17.795 -10.866 0.394 120
-17.730 -10.800 0.404 125
-17.735 -10.824 0.401 82
-17.759 -10.874 0.394 86
-17.802 -10.911 0.388 106
-17.790 -10.863 0.394 131
-17.754 -10.843 0.398 115
-17.784 -10.934 0.386 83
-17.820 -10.887 0.391 125
-17.770 -10.856 0.396 119
-17.816 -10.822 0.399 177
-17.768 -10.925 0.387 132
-17.794 -10.876 0.393 121
-17.739 -10.867 0.395 132
-17.768 -10.956 0.383 105
-17.781 -10.925 0.387 71
-17.813 -10.844 0.396 121
-17.781 -10.858 0.395 131
-17.753 -10.808 0.403 116
-17.822 -10.881 0.391 131
-17.830 -10.879 0.391 132
-17.854 -10.824 0.398 163
-17.759 -10.929 0.387 112
-17.794 -10.910 0.388 114
-17.796 -10.907 0.389 107
-17.757 -10.943 0.385 117
-17.812 -10.827 0.399 161
-17.771 -10.843 0.398 90
-17.834 -10.875 0.392 125
-17.853 -10.827 0.397 164
-17.754 -10.877 0.394 80
-17.756 -10.789 0.405 163
-17.751 -10.880 0.393 77
-17.845 -10.854 0.394 114
-17.739 -10.840 0.399 124
-17.813 -10.888 0.391 125
-17.791 -10.875 0.393 125
-17.788 -10.874 0.393 125
-17.769 -10.833 0.399 134
-17.772 -10.822 0.400 129
-17.819 -10.887 0.391 126
-17.857 -10.828 0.397 163
-17.766 -10.934 0.386 121
-17.790 -10.871 0.393 129
-17.815 -10.901 0.389 125
-17.726 -10.796 0.405 121
-17.835 -10.812 0.400 162
-17.801 -10.856 0.395 90
-17.769 -10.879 0.393 117
-17.729 -10.773 0.408 164
-17.753 -10.850 0.397 122
-17.825 -10.885 0.391 129
-17.830 -10.877 0.392 126
-17.757 -10.891 0.392 111
-17.799 -10.805 0.402 162
-17.805 -10.829 0.398 112
-17.778 -10.856 0.396 129
-17.796 -10.903 0.389 86
-17.854 -10.844 0.395 171
-17.742 -10.864 0.396 134
-17.782 -10.901 0.390 126
-17.812 -10.843 0.396 121
-17.813 -10.849 0.396 127
-17.778 -10.920 0.388 107
-17.788 -10.810 0.401 173
-17.863 -10.820 0.398 162
-17.756 -10.824 0.400 140
-17.781 -10.817 0.401 125
-17.810 -10.830 0.398 116
-17.868 -10.828 0.397 164
-17.843 -10.838 0.396 183
-17.774 -10.863 0.395 127
-17.736 -10.787 0.406 168
-17.758 -10.937 0.386 115
-17.777 -10.885 0.392 125
-17.814 -10.850 0.396 127
-17.729 -10.778 0.407 166
-17.809 -10.802 0.402 168
-17.722 -10.800 0.404 130
-17.779 -10.799 0.403 164
-17.787 -10.920 0.387 110
-17.856 -10.829 0.397 163
-17.752 -10.855 0.397 121
-17.787 -10.817 0.400 160
-17.799 -10.876 0.393 121
-17.782 -10.910 0.389 120
-17.785 -10.890 0.391 126
-17.817 -10.847 0.396 121
-17.748 -10.845 0.398 138
-17.811 -10.814 0.400 166
-17.801 -10.877 0.392 119
-17.793 -10.859 0.395 122
-17.816 -10.899 0.389 125
-17.870 -10.827 0.397 162
-17.759 -10.841 0.398 98
-17.824 -10.834 0.397 124
-17.718 -10.783 0.407 172
-17.765 -10.929 0.387 126
-17.818 -10.874 0.392 115
-17.816 -10.875 0.392 115
-17.769 -10.886 0.392 120
-17.689 -11.079 0.430 128
-17.709 -10.943 0.415 112
-17.742 -10.886 0.393 112
-17.694 -10.991 0.426 121
-17.719 -10.849 0.407 122
-17.699 -11.031 0.423 124
-17.711 -10.866 0.413 128
-17.743 -10.903 0.393 125
-17.718 -10.866 0.408 128
-17.683 -11.097 0.435 142
-17.714 -10.867 0.411 130
-17.725 -10.878 0.404 127
-17.757 -10.966 0.385 119
-17.696 -11.073 0.426 130
-17.732 -11.009 0.402 81
-17.726 -10.891 0.403 115
-17.703 -11.005 0.420 89
-17.701 -11.076 0.423 127
-17.721 -11.056 0.410 129
-17.719 -10.821 0.407 78
-17.736 -10.858 0.397 126
-17.702 -10.936 0.420 104
-17.743 -10.888 0.393 112
-17.708 -10.896 0.415 116
-17.717 -10.958 0.411 126
-17.685 -11.135 0.435 154
-17.734 -10.879 0.398 119
-17.696 -11.078 0.426 126
-17.686 -11.076 0.433 131
-17.723 -10.981 0.407 120
-17.743 -10.890 0.393 110
-17.709 -11.051 0.418 126
-17.727 -10.957 0.404 128
-17.719 -10.837 0.407 90
-17.736 -10.908 0.397 112
-17.712 -11.040 0.416 123
-17.721 -11.047 0.410 126
-17.709 -10.943 0.415 112
-17.707 -10.945 0.416 115
-17.747 -10.959 0.391 134
-17.753 -10.935 0.388 113
-17.684 -11.089 0.434 117
-17.751 -10.969 0.389 119
-17.715 -10.772 0.408 166
-17.718 -10.953 0.410 116
-17.728 -10.866 0.402 129
-17.740 -10.914 0.395 73
-17.715 -11.037 0.413 120
-17.707 -10.912 0.416 124
-17.706 -10.866 0.416 122
-17.716 -11.036 0.413 123
-17.693 -11.019 0.427 88
-17.727 -10.976 0.405 126
-17.722 -11.007 0.408 71
-17.702 -10.971 0.421 138
-17.711 -10.909 0.414 121
-17.706 -10.906 0.417 111
-17.683 -11.119 0.435 154
-17.730 -10.944 0.402 115
-17.697 -10.944 0.423 108
-17.720 -11.041 0.410 125
-17.745 -10.959 0.393 131
-17.692 -11.018 0.427 88
-17.741 -10.982 0.396 120
-17.695 -11.108 0.427 158
-17.755 -10.970 0.387 109
-17.738 -10.956 0.397 125
-17.695 -10.971 0.425 129
-17.755 -10.964 0.386 135
-17.741 -10.937 0.395 111
-17.749 -10.929 0.390 105
-17.722 -10.805 0.404 124
-17.682 -11.114 0.436 158
-17.730 -10.902 0.402 123
-17.702 -10.963 0.420 125
-17.730 -10.927 0.402 104
-17.752 -10.985 0.389 118
-17.695 -11.070 0.427 129
-17.728 -11.020 0.405 97
-17.737 -10.926 0.398 101
-17.738 -11.011 0.398 97
-17.711 -10.814 0.412 129
-17.754 -10.946 0.387 116
-17.720 -10.910 0.408 110
-17.709 -10.893 0.415 117
-17.717 -11.000 0.412 115
-17.735 -10.897 0.398 113
-17.718 -11.061 0.412 130
-17.734 -11.020 0.401 95
-17.709 -10.969 0.416 129
-17.727 -11.026 0.406 118
-17.720 -11.024 0.410 101
-17.752 -10.984 0.389 118
-17.728 -10.890 0.402 115
-17.694 -10.995 0.426 122
-17.701 -10.932 0.420 102
-17.685 -11.123 0.434 150
-17.718 -10.857 0.408 129
-17.717 -10.969 0.411 132
-17.722 -10.837 0.405 91
-17.732 -10.910 0.400 103
-17.754 -10.971 0.387 101
-17.712 -10.989 0.414 119
-17.706 -10.932 0.417 103
-17.721 -10.948 0.408 116
-17.729 -11.019 0.404 100
-17.735 -10.881 0.398 115
-17.699 -10.926 0.421 82
-17.731 -10.902 0.400 116
-17.738 -10.891 0.396 114
-17.729 -10.911 0.402 93
-17.719 -10.952 0.409 116
-17.729 -10.858 0.401 126
-17.710 -11.038 0.417 121
-17.737 -10.964 0.398 133
-17.715 -10.775 0.408 166
-17.716 -11.017 0.412 91
-17.753 -10.933 0.388 113
-17.719 -10.879 0.407 130
-17.696 -10.969 0.424 129
-17.717 -10.810 0.408 126
-17.726 -11.002 0.405 92
-17.732 -10.995 0.402 116
-17.739 -10.972 0.397 123
-17.708 -11.085 0.419 118
-17.711 -10.865 0.413 128
-17.693 -10.989 0.426 121
-17.733 -10.975 0.401 122
-17.720 -10.863 0.407 127
-17.713 -10.939 0.413 106
-17.721 -11.023 0.409 106
-17.717 -10.937 0.410 110
-17.711 -10.913 0.414 96
-17.705 -10.898 0.417 116
-17.718 -10.833 0.407 85
-17.699 -10.928 0.421 85
-17.732 -10.877 0.400 128
-17.704 -10.966 0.419 127
-17.735 -10.935 0.399 109
-17.738 -10.986 0.398 120
-17.718 -10.825 0.407 83
-17.730 -10.856 0.400 127
-17.752 -10.973 0.389 111
-17.712 -10.983 0.414 121
-17.685 -11.127 0.434 152
-17.731 -10.847 0.400 126
-17.698 -11.063 0.425 130
-17.711 -10.980 0.415 129
-17.739 -10.973 0.397 123
-17.692 -11.108 0.429 162
-17.695 -10.992 0.425 118
-17.713 -10.888 0.412 124
-17.704 -10.871 0.417 126
-17.625 -10.972 0.426 98
-17.470 -11.072 0.437 118
-17.468 -10.944 0.427 99
-17.382 -11.030 0.435 121
-17.604 -10.949 0.425 125
-17.616 -11.033 0.431 127
-17.403 -10.961 0.429 107
-17.652 -11.113 0.437 118
-17.582 -10.947 0.425 120
-17.664 -10.848 0.416 107
-17.624 -11.008 0.429 133
-17.597 -11.061 0.434 123
-17.653 -11.056 0.432 118
-17.472 -10.919 0.425 125
-17.619 -10.871 0.419 121
-17.471 -11.017 0.432 115
-17.634 -11.079 0.434 126
-17.512 -10.929 0.425 81
-17.531 -11.051 0.434 113
-17.644 -10.906 0.421 125
-17.648 -10.923 0.422 116
-17.520 -11.013 0.431 95
-17.702 -10.829 0.414 80
-17.603 -11.052 0.433 112
-17.688 -10.957 0.424 93
-17.545 -10.923 0.424 120
-17.538 -11.010 0.431 118
-17.646 -10.826 0.415 126
-17.481 -11.072 0.436 118
-17.530 -11.032 0.432 136
-17.518 -10.949 0.426 125
-17.539 -10.991 0.429 135
-17.605 -10.932 0.424 79
-17.515 -11.000 0.430 110
-17.583 -11.113 0.438 105
-17.510 -10.995 0.430 106
-17.679 -11.010 0.428 128
-17.666 -11.052 0.432 78
-17.510 -10.988 0.429 110
-17.377 -10.958 0.429 117
-17.350 -11.012 0.434 114
-17.693 -10.920 0.421 85
-17.345 -10.993 0.432 93
-17.643 -10.940 0.424 62
-17.635 -10.934 0.423 105
-17.640 -11.130 0.438 114
-17.577 -10.843 0.417 118
-17.605 -10.878 0.419 133
-17.579 -11.072 0.435 119
-17.500 -10.895 0.422 127
-17.640 -10.996 0.428 130
-17.649 -10.831 0.415 126
-17.342 -11.025 0.435 110
-17.560 -10.920 0.423 117
-17.537 -10.961 0.427 119
-17.648 -10.815 0.414 134
-17.672 -10.987 0.427 123
-17.579 -10.880 0.420 109
-17.578 -11.104 0.437 127
-17.456 -10.982 0.430 127
-17.667 -10.882 0.419 123
-17.624 -10.994 0.428 116
-17.678 -10.866 0.417 86
-17.680 -10.898 0.420 129
-17.363 -10.964 0.430 109
-17.323 -11.013 0.434 65
-17.499 -11.039 0.434 121
-17.406 -10.954 0.428 117
-17.505 -11.084 0.437 125
-17.499 -10.992 0.430 116
-17.535 -10.937 0.425 131
-17.617 -10.875 0.419 132
-17.697 -10.801 0.412 121
-17.656 -11.003 0.428 96
-17.665 -11.049 0.432 80
-17.619 -10.860 0.418 115
-17.607 -11.004 0.429 135
-17.584 -10.996 0.429 127
-17.602 -10.907 0.422 114
-17.602 -10.843 0.417 113
-17.639 -11.093 0.435 74
-17.616 -11.024 0.430 127
-17.595 -10.930 0.424 113
-17.668 -10.977 0.426 111
-17.627 -10.978 0.427 84
-17.645 -11.042 0.431 124
-17.699 -10.910 0.420 114
-17.382 -11.018 0.434 129
-17.462 -10.969 0.429 105
-17.667 -11.041 0.431 96
-17.526 -11.068 0.435 90
-17.500 -10.923 0.425 131
-17.691 -10.883 0.418 117
-17.502 -11.067 0.436 128
-17.392 -10.962 0.429 107
-17.507 -10.977 0.429 124
-17.318 -11.003 0.434 88
-17.681 -11.060 0.432 120
-17.634 -11.017 0.430 126
-17.559 -11.047 0.433 122
-17.564 -11.005 0.430 89
-17.611 -10.970 0.426 125
-17.684 -11.025 0.429 118
-17.615 -11.001 0.429 123
-17.650 -10.923 0.422 114
-17.651 -10.986 0.427 107
-17.571 -11.032 0.432 117
-17.460 -11.026 0.433 114
-17.607 -10.912 0.422 107
-17.630 -11.028 0.431 80
-17.607 -11.032 0.431 115
-17.648 -10.856 0.417 75
-17.542 -11.067 0.435 122
-17.603 -10.887 0.420 122
-17.705 -10.840 0.415 92
-17.498 -10.962 0.428 96
-17.578 -11.105 0.437 127
-17.549 -10.877 0.420 116
-17.559 -10.905 0.422 126
-17.548 -11.075 0.436 115
-17.637 -10.876 0.419 116
-17.550 -11.036 0.432 100
-17.549 -11.018 0.431 108
-17.513 -11.006 0.431 89
-17.557 -11.079 0.436 88
-17.431 -11.036 0.434 124
-17.673 -11.093 0.435 128
-17.595 -10.992 0.428 130
-17.672 -11.072 0.433 118
-17.688 -10.872 0.418 91
-17.567 -11.091 0.436 111
-17.696 -10.922 0.421 71
-17.600 -10.942 0.424 118
-17.601 -10.859 0.418 111
-17.583 -11.057 0.434 94
-17.484 -10.910 0.424 89
-17.530 -10.869 0.420 118
-17.513 -10.972 0.428 122
-17.495 -10.912 0.424 121
-17.615 -11.100 0.436 125
-17.534 -11.096 0.437 127
-17.565 -11.093 0.437 111
-17.557 -10.972 0.427 128
-17.681 -10.936 0.423 111
-17.446 -10.985 0.430 116
-17.642 -11.066 0.433 110
-17.667 -10.822 0.414 107
-17.428 -10.999 0.432 115
-17.683 -11.006 0.428 128
-17.470 -10.915 0.424 133
-17.548 -11.028 0.432 66
-17.578 -10.856 0.418 123
-17.479 -10.935 0.426 130
-17.571 -10.981 0.428 121
-17.618 -11.043 0.432 110
-17.416 -10.988 0.431 124
-17.526 -10.939 0.425 126
-17.576 -11.005 0.430 118
-17.685 -11.048 0.431 113
-17.555 -11.002 0.430 108
-17.583 -11.019 0.431 111
-17.591 -10.881 0.420 101
-17.608 -10.956 0.425 125
-17.673 -10.820 0.414 91
-17.539 -11.040 0.433 78
-17.468 -10.963 0.428 114
-17.519 -10.915 0.424 91
-17.639 -10.941 0.424 70
-17.623 -10.874 0.419 114
-17.690 -11.008 0.428 72
-17.593 -10.881 0.420 101
-17.616 -10.845 0.417 107
-17.553 -11.086 0.436 77
-17.477 -10.906 0.424 70
-17.547 -11.036 0.432 91
-17.574 -11.023 0.431 117
-17.621 -10.958 0.425 124
-17.633 -11.037 0.431 91
-17.693 -10.801 0.412 129
-17.297 -11.015 0.435 86
-17.520 -11.015 0.431 99
-17.591 -11.084 0.435 124
-17.600 -11.094 0.436 122
-17.630 -11.018 0.430 129
-17.683 -10.962 0.425 84
-17.611 -11.036 0.431 118
-17.666 -11.117 0.437 118
-17.600 -10.946 0.425 116
-17.420 -10.940 0.427 125
-17.572 -10.859 0.419 119
-17.385 -10.992 0.432 73
-17.423 -11.027 0.434 119
-17.570 -10.988 0.428 109
-17.698 -10.793 0.411 124
-17.420 -10.974 0.430 128
-17.412 -11.052 0.436 112
-17.564 -10.934 0.424 130
-17.648 -11.069 0.433 104
-17.649 -11.000 0.428 80
-17.586 -11.061 0.434 110
-17.596 -10.913 0.422 133
-17.613 -10.974 0.427 101
-17.532 -11.020 0.432 136
-17.545 -11.103 0.438 124
-17.652 -11.056 0.432 122
-17.367 -11.029 0.435 87
-17.645 -11.056 0.432 110
-17.351 -10.978 0.431 109
-17.660 -10.833 0.415 123
-17.435 -10.963 0.429 115
-17.622 -10.917 0.422 108
-17.627 -11.064 0.433 103
-17.504 -11.054 0.435 132
-17.565 -10.869 0.419 114
-17.431 -11.044 0.435 124
-17.713 -10.766 0.409 168
-17.593 -10.835 0.416 110
-17.352 -11.029 0.435 98
-17.642 -10.951 0.424 93
-17.545 -10.916 0.423 124
-17.506 -10.904 0.423 119
-17.617 -11.119 0.438 116
-17.629 -11.011 0.429 128
-17.482 -11.019 0.432 129
-17.661 -10.948 0.424 123
-17.450 -11.012 0.432 124
-17.639 -11.020 0.430 131
-17.442 -10.966 0.429 108
-17.390 -11.006 0.433 111
-17.664 -11.110 0.436 125
-17.401 -11.017 0.433 126
-17.578 -10.999 0.429 114
-17.646 -10.909 0.421 128
-17.660 -11.003 0.428 100
-17.573 -10.978 0.428 126
-17.506 -11.068 0.436 130
-17.650 -11.096 0.435 89
-17.638 -10.845 0.416 134
-17.483 -11.066 0.436 120
-17.627 -10.883 0.420 63
-17.633 -11.112 0.437 118
-17.649 -10.888 0.420 123
-17.321 -11.002 0.434 83
-17.566 -11.018 0.431 112
-17.497 -11.044 0.434 103
-17.450 -10.948 0.427 112
-17.616 -10.936 0.424 114
-17.650 -11.137 0.439 119
-17.384 -11.013 0.433 125
-17.547 -10.922 0.424 122
-17.376 -10.958 0.429 117
-17.637 -10.900 0.421 115
-17.711 -10.785 0.411 181
-17.654 -11.142 0.439 114
-17.532 -11.092 0.437 127
-17.404 -11.021 0.434 126
-17.459 -11.001 0.431 122
-17.646 -10.856 0.417 75
-17.523 -10.969 0.428 124
-17.577 -10.906 0.422 90
-17.628 -10.961 0.425 118
-17.627 -10.940 0.424 133
-17.306 -11.004 0.434 88
-17.698 -10.823 0.414 108
-17.642 -11.010 0.429 130
-17.517 -11.060 0.435 108
-17.523 -11.048 0.434 125
-17.593 -10.872 0.419 76
-17.534 -10.923 0.424 124
-17.686 -10.978 0.426 120
-17.628 -11.003 0.429 129
-17.533 -10.958 0.427 122
-17.434 -11.056 0.436 120
-17.432 -10.971 0.429 96
-17.402 -10.947 0.428 157
-17.576 -10.898 0.421 72
-17.553 -10.875 0.420 113
-17.473 -11.040 0.434 133
-17.512 -10.950 0.426 127
-17.565 -10.883 0.420 111
-17.621 -11.037 0.431 118
-17.541 -10.956 0.426 127
-17.540 -10.977 0.428 94
-17.540 -10.872 0.420 105
-17.606 -10.925 0.423 84
-17.562 -10.900 0.422 131
-17.642 -10.998 0.428 117
-17.505 -11.043 0.434 122
-17.564 -11.021 0.431 114
-17.612 -11.057 0.433 94
-17.685 -10.982 0.426 120
-17.579 -11.049 0.433 72
-17.610 -11.114 0.437 111
-17.704 -10.829 0.414 80
-17.666 -11.097 0.435 122
-17.672 -10.852 0.416 129
-17.665 -11.082 0.434 113
-17.655 -10.951 0.424 127
-17.675 -10.862 0.417 123
-17.312 -11.008 0.434 92
-17.585 -10.921 0.423 133
-17.595 -10.946 0.425 122
-17.657 -10.986 0.427 105
-17.546 -10.964 0.427 123
-17.488 -11.047 0.434 70
-17.597 -11.113 0.438 101
-17.495 -11.079 0.437 126
-17.491 -11.076 0.436 128
-17.473 -10.947 0.427 122
-17.524 -10.932 0.425 112
-17.580 -11.114 0.438 121
-17.524 -11.014 0.431 113
-17.636 -10.856 0.417 119
-17.603 -10.901 0.421 113
-17.603 -10.926 0.423 70
-17.567 -11.098 0.437 120
-17.612 -11.029 0.431 122
-17.485 -11.013 0.432 133
-17.671 -11.077 0.434 119
-17.644 -11.053 0.432 116
-17.682 -11.004 0.428 128
-17.586 -10.909 0.422 136
-17.656 -11.054 0.432 124
-17.331 -10.996 0.433 81
-17.666 -10.904 0.420 68
-17.605 -10.920 0.423 70
-17.685 -10.964 0.425 102
-17.547 -11.067 0.435 124
-17.549 -11.081 0.436 119
-17.650 -10.806 0.413 142
-17.687 -10.845 0.416 136
-17.533 -11.033 0.432 130
-17.504 -11.060 0.435 131
-17.592 -10.921 0.423 149
-17.670 -10.804 0.413 101
-17.632 -10.968 0.426 122
-17.593 -10.948 0.425 122
-17.551 -10.941 0.425 71
-17.441 -11.058 0.436 123
-17.625 -11.090 0.435 122
-17.645 -11.012 0.429 131
-17.575 -11.063 0.434 117
-17.517 -10.978 0.429 127
-17.615 -11.061 0.433 87
-17.502 -11.036 0.433 117
-17.430 -10.983 0.430 92
-17.510 -11.064 0.435 137
-17.687 -11.042 0.431 119
-17.434 -10.963 0.429 114
-17.315 -11.009 0.434 96
-17.584 -10.842 0.417 111
-17.696 -10.824 0.414 130
-17.584 -11.063 0.434 110
-17.399 -11.051 0.436 85
-17.493 -11.074 0.436 128
-17.694 -10.908 0.420 121
-17.599 -11.052 0.433 128
-17.616 -11.016 0.430 125
-17.359 -10.976 0.431 92
-17.390 -11.018 0.434 130
-17.570 -10.981 0.428 126
-17.381 -10.961 0.429 127
-17.612 -11.048 0.432 110
-17.638 -10.951 0.424 91
-17.643 -10.945 0.424 89
-17.667 -11.109 0.436 122
-17.503 -10.952 0.427 125
-17.415 -11.006 0.432 81
-17.577 -11.065 0.434 113
-17.551 -10.886 0.421 112
-17.438 -11.020 0.433 121
-17.419 -10.997 0.432 114
-17.616 -10.907 0.422 109
-17.518 -10.882 0.421 123
-17.557 -10.979 0.428 131
-17.602 -11.064 0.434 118
-17.439 -11.043 0.435 123
-17.561 -10.858 0.419 86
-17.664 -10.854 0.417 119
-17.466 -10.952 0.427 119
-17.381 -11.035 0.435 116
-17.588 -10.956 0.426 67
-17.567 -10.871 0.420 115
-17.599 -10.973 0.427 123
-17.402 -11.023 0.434 128
-17.667 -11.014 0.429 129
-17.518 -11.024 0.432 126
-17.683 -10.878 0.418 89
-17.577 -10.916 0.423 116
-17.473 -10.918 0.425 125
-17.436 -10.965 0.429 112
-17.579 -10.866 0.419 124
-17.697 -10.853 0.416 126
-17.604 -10.952 0.425 127
-17.445 -10.972 0.429 72
-17.444 -10.931 0.426 107
-17.668 -10.934 0.423 120
-17.607 -10.889 0.420 127
-17.496 -11.084 0.437 119
-17.680 -10.952 0.424 82
-17.437 -11.042 0.435 123
-17.673 -11.112 0.436 115
-17.670 -10.950 0.424 107
-17.355 -10.974 0.431 120
-17.343 -11.012 0.434 101
-17.568 -10.992 0.429 74
-17.609 -11.120 0.438 107
-17.705 -10.844 0.415 107
-17.613 -10.932 0.423 104
-17.390 -10.976 0.430 103
-17.434 -10.937 0.427 102
-17.474 -10.924 0.425 126
-17.614 -10.997 0.428 119
-17.565 -10.931 0.424 126
-17.656 -11.088 0.435 96
-17.513 -11.025 0.432 102
-17.620 -10.855 0.417 117
-17.354 -10.990 0.432 84
-17.576 -10.868 0.419 121
-17.631 -11.001 0.429 132
-17.494 -11.049 0.434 86
-17.569 -11.010 0.430 108
-17.600 -10.883 0.420 122
-17.612 -11.067 0.434 68
-17.379 -11.045 0.436 110
-17.623 -11.088 0.435 123
-17.591 -10.905 0.422 128
-17.531 -10.952 0.426 125
-17.496 -10.898 0.423 128
-17.455 -10.954 0.428 106
-17.682 -10.909 0.421 128
-17.534 -10.947 0.426 131
-17.338 -10.985 0.432 88
-17.449 -10.981 0.430 108
-17.603 -10.860 0.418 112
-17.571 -11.017 0.431 113
-17.534 -11.095 0.437 127
-17.658 -11.126 0.438 124
-17.644 -10.843 0.416 93
-17.441 -10.934 0.426 105
-17.524 -10.976 0.428 78
-17.647 -10.811 0.414 129
-17.681 -10.819 0.414 111
-17.408 -10.987 0.431 124
-17.504 -10.972 0.428 130
-17.480 -11.039 0.434 124
-17.311 -11.001 0.434 89
-17.350 -11.012 0.434 114
-17.319 -11.024 0.435 92
-17.684 -10.926 0.422 122
-17.504 -11.028 0.433 115
-17.619 -10.897 0.421 113
-17.560 -10.922 0.424 112
-17.666 -11.000 0.428 105
-17.491 -10.920 0.425 123
-17.436 -11.020 0.433 121
-17.629 -10.939 0.424 130
-17.306 -11.004 0.434 88
-17.633 -10.896 0.420 85
-17.470 -11.017 0.432 117
-17.626 -11.034 0.431 100
-17.628 -10.876 0.419 100
-17.669 -10.801 0.413 115
-17.547 -11.094 0.437 113
-17.537 -10.922 0.424 125
-17.639 -10.974 0.426 121
-17.641 -10.880 0.419 108
-17.605 -11.003 0.429 129
-17.401 -11.045 0.436 80
-17.628 -10.980 0.427 84
-17.406 -10.946 0.428 136
-17.540 -11.038 0.433 78
-17.579 -11.085 0.436 124
-17.504 -11.085 0.437 125
-17.532 -11.063 0.435 113
-17.604 -10.925 0.423 70
-17.455 -10.952 0.428 96
-17.547 -10.916 0.423 124
-17.624 -10.952 0.425 121
-17.581 -10.985 0.428 121
-17.610 -10.928 0.423 87
-17.665 -11.092 0.435 124
-17.608 -10.838 0.416 93
-17.607 -10.857 0.418 116
-17.393 -10.961 0.429 107
-17.662 -10.929 0.422 117
-17.416 -11.044 0.435 129
-17.678 -10.925 0.422 131
-17.576 -11.085 0.436 125
-17.500 -10.892 0.422 122
-17.350 -10.972 0.431 114
-17.520 -10.902 0.423 116
-17.578 -11.109 0.438 119
-17.434 -11.004 0.432 122
-17.598 -11.111 0.437 101
-17.399 -11.032 0.435 122
-17.677 -10.802 0.412 133
-17.643 -11.003 0.428 112
-17.382 -11.046 0.436 113
-17.565 -10.995 0.429 74
-17.443 -10.926 0.426 117
-17.612 -10.980 0.427 97
-17.625 -10.882 0.419 81
-17.524 -11.045 0.434 125
-17.526 -11.081 0.436 99
-17.663 -11.037 0.431 127
-17.635 -10.919 0.422 119
-17.572 -10.945 0.425 137
-17.458 -10.952 0.428 93
-17.469 -11.007 0.432 111
-17.612 -10.986 0.428 98
-17.527 -10.921 0.424 90
-17.656 -10.830 0.415 124
-17.603 -10.923 0.423 63
-17.517 -11.052 0.434 126
-17.642 -11.028 0.430 95
-17.665 -11.105 0.436 124
-17.687 -10.904 0.420 124
-17.599 -11.055 0.433 128
-17.532 -11.014 0.431 115
-17.527 -10.952 0.426 125
-17.600 -11.020 0.430 92
-17.434 -10.995 0.431 119
-17.667 -11.000 0.428 121
-17.505 -10.947 0.426 125
-17.561 -10.931 0.424 121
-17.440 -10.943 0.427 115
-17.609 -10.923 0.423 74
-17.527 -11.060 0.435 100
-17.632 -11.071 0.434 119
-17.510 -10.991 0.430 113
-17.674 -11.031 0.430 127
-17.499 -10.952 0.427 89
-17.625 -11.034 0.431 100
-17.538 -10.875 0.420 96
-17.513 -11.029 0.432 116
-17.579 -10.907 0.422 99
-17.491 -10.925 0.425 127
-17.386 -11.021 0.434 129
-17.668 -11.111 0.436 118
-17.670 -11.049 0.432 84
-17.452 -11.055 0.436 123
-17.672 -11.040 0.431 114
-17.676 -10.842 0.416 137
-17.656 -11.004 0.428 96
-17.627 -11.105 0.437 115
-17.616 -10.888 0.420 133
-17.581 -10.985 0.428 121
-17.468 -10.926 0.425 128
-17.397 -11.030 0.435 123
-17.516 -10.979 0.429 127
-17.469 -10.937 0.426 96
-17.571 -10.918 0.423 113
-17.691 -10.902 0.420 122
-17.516 -11.086 0.437 127
-17.423 -11.029 0.434 119
-17.598 -10.962 0.426 111
-17.527 -10.997 0.430 114
-17.558 -10.935 0.425 100
-17.646 -10.887 0.420 118
-17.654 -11.050 0.432 130
-17.615 -11.047 0.432 110
-17.480 -10.907 0.424 77
-17.527 -11.088 0.437 128
-17.678 -11.113 0.436 153
-17.602 -10.870 0.419 107
-17.599 -10.835 0.416 117
-17.543 -10.983 0.429 120
-17.513 -11.063 0.435 139
-17.488 -11.076 0.437 122
-17.680 -10.865 0.417 86
-17.532 -10.888 0.421 76
-17.590 -10.951 0.425 112
-17.520 -10.935 0.425 107
-17.474 -10.938 0.426 129
-17.517 -10.918 0.424 73
-17.549 -11.029 0.432 70
-17.596 -11.029 0.431 107
-17.533 -11.100 0.438 126
-17.692 -10.899 0.420 126
-17.586 -10.849 0.418 112
-17.589 -10.873 0.419 71
-17.433 -10.949 0.428 112
-17.368 -10.971 0.430 90
-17.537 -10.933 0.425 130
-17.569 -10.951 0.426 132
-17.651 -10.864 0.418 113
-17.678 -10.899 0.420 129
-17.647 -11.094 0.435 85
-17.452 -10.991 0.431 127
-17.684 -11.000 0.428 121
-17.634 -10.861 0.418 125
-17.520 -11.015 0.431 99
-17.666 -11.094 0.435 124
-17.612 -11.084 0.435 113
-17.553 -11.076 0.436 103
-17.617 -10.981 0.427 74
-17.492 -10.912 0.424 120
-17.664 -10.857 0.417 123
-17.577 -10.979 0.428 121
-17.395 -10.952 0.429 115
-17.398 -11.034 0.435 118
-17.618 -11.099 0.436 123
-17.682 -10.844 0.416 139
-17.507 -10.998 0.430 116
-17.635 -11.062 0.433 115
-17.641 -10.938 0.424 61
-17.420 -11.041 0.435 125
-17.684 -10.835 0.415 133
-17.552 -11.099 0.437 127
-17.655 -10.906 0.421 101
-17.582 -11.010 0.430 135
-17.467 -10.961 0.428 112
-17.431 -10.965 0.429 126
-17.690 -10.830 0.414 126
-17.486 -10.933 0.426 132
-17.664 -10.828 0.415 125
-17.675 -11.095 0.435 124
-17.650 -10.911 0.421 100
-17.614 -10.941 0.424 118
-17.554 -11.072 0.435 117
-17.475 -11.000 0.431 91
-17.625 -10.995 0.428 116
-17.454 -10.999 0.431 123
-17.687 -10.971 0.425 116
-17.681 -11.109 0.436 147
-17.688 -10.884 0.419 113
-17.501 -10.890 0.422 122
-17.555 -10.969 0.427 127
-17.494 -11.070 0.436 128
-17.323 -11.017 0.435 77
-17.639 -10.928 0.423 115
-17.420 -11.007 0.432 81
-17.481 -10.908 0.424 77
-17.555 -10.984 0.428 133
-17.438 -10.992 0.431 121
-17.663 -10.876 0.418 124
-17.551 -11.045 0.433 108
-17.423 -11.009 0.432 87
-17.591 -10.915 0.423 141
-17.669 -10.811 0.413 80
-17.647 -10.995 0.428 101
-17.607 -11.060 0.433 103
-17.439 -10.935 0.427 105
-17.593 -10.865 0.419 58
-17.445 -10.999 0.431 126
-17.460 -11.002 0.431 122
-17.652 -11.023 0.430 130
-17.453 -10.974 0.429 104
-17.464 -10.983 0.430 128
-17.620 -10.852 0.417 117
-17.616 -11.065 0.434 67
-17.417 -11.011 0.433 77
-17.629 -10.941 0.424 130
-17.496 -11.011 0.431 144
-17.673 -11.136 0.438 152
-17.627 -11.021 0.430 126
-17.620 -11.055 0.433 109
-17.324 -10.991 0.433 87
-17.669 -10.909 0.421 86
-17.510 -10.934 0.425 117
-17.627 -10.989 0.428 105
-17.700 -10.909 0.420 114
-17.384 -11.014 0.433 125
-17.506 -10.965 0.428 134
-17.612 -10.990 0.428 128
-17.623 -10.855 0.417 120
-17.656 -11.117 0.437 119
-17.610 -10.988 0.428 124
-17.587 -10.874 0.419 79
-17.659 -11.028 0.430 132
-17.443 -10.944 0.427 133
-17.683 -10.854 0.416 125
-17.679 -10.809 0.413 94
-17.344 -11.024 0.435 109
-17.600 -10.949 0.425 124
-17.527 -11.063 0.435 84
-17.652 -10.847 0.416 66
-17.546 -10.925 0.424 121
-17.414 -11.042 0.435 129
-17.588 -11.091 0.436 123
-17.539 -10.875 0.420 96
-17.501 -10.948 0.427 121
-17.665 -10.868 0.418 123
-17.554 -10.904 0.422 126
-17.526 -10.933 0.425 121
-17.658 -10.946 0.424 123
-17.647 -11.126 0.438 116
-17.576 -11.080 0.435 126
-17.632 -10.881 0.419 74
-17.457 -11.061 0.436 129
-17.533 -11.001 0.430 117
-17.516 -10.930 0.425 100
-17.658 -10.826 0.415 133
-17.689 -10.878 0.418 100
-17.509 -11.061 0.435 136
-17.611 -10.923 0.423 76
-17.637 -11.002 0.428 133
-17.633 -11.048 0.432 110
-17.659 -10.925 0.422 117
-17.373 -10.963 0.430 111
-17.516 -10.959 0.427 126
-17.698 -10.870 0.417 108
-17.369 -10.999 0.433 125
-17.628 -10.903 0.421 110
-17.626 -10.900 0.421 100
-17.595 -11.100 0.437 79
-17.573 -11.005 0.430 103
-17.633 -10.911 0.422 113
-17.550 -11.043 0.433 108
-17.455 -10.981 0.430 127
-17.378 -10.985 0.431 101
-17.645 -10.966 0.426 123
-17.633 -10.992 0.428 128
-17.582 -10.919 0.423 131
-17.574 -11.049 0.433 72
-17.630 -11.112 0.437 116
-17.563 -10.985 0.428 110
-17.546 -10.887 0.421 97
-17.590 -11.075 0.435 125
-17.605 -11.101 0.437 109
-17.599 -10.906 0.422 117
-17.520 -11.095 0.437 124
-17.411 -10.985 0.431 128
-17.470 -10.983 0.430 103
-17.533 -11.005 0.430 117
-17.574 -10.985 0.428 129
-17.700 -10.797 0.412 125
-17.499 -10.992 0.430 116
-17.508 -11.061 0.435 134
-17.568 -11.078 0.435 129
-17.683 -11.055 0.432 113
-17.431 -10.934 0.427 121
-17.479 -10.977 0.429 107
-17.469 -11.012 0.432 117
-17.535 -10.977 0.428 77
-17.507 -11.039 0.433 120
-17.670 -10.804 0.413 90
-17.574 -11.031 0.432 118
-17.629 -10.818 0.414 125
-17.610 -10.988 0.428 124
-17.570 -11.023 0.431 118
-17.641 -10.825 0.415 132
-17.512 -10.912 0.424 109
-17.653 -11.120 0.437 118
-17.656 -10.878 0.419 121
-17.650 -11.083 0.434 65
-17.408 -10.982 0.431 122
-17.598 -11.095 0.436 121
-17.509 -10.928 0.425 83
-17.484 -11.010 0.432 134
-17.534 -11.012 0.431 111
-17.506 -11.088 0.437 120
-17.662 -10.844 0.416 129
-17.632 -11.021 0.430 119
-17.584 -11.050 0.433 84
-17.367 -10.969 0.430 109
-17.490 -11.046 0.434 81
-17.458 -11.023 0.433 111
-17.576 -10.922 0.423 124
-17.519 -11.091 0.437 120
-17.592 -10.964 0.426 96
-17.466 -10.953 0.427 119
-17.588 -10.981 0.428 130
-17.662 -11.036 0.431 127
-17.680 -11.115 0.436 157
-17.655 -11.048 0.432 130
-17.683 -10.808 0.413 126
-17.486 -10.924 0.425 130
-17.615 -10.892 0.420 120
-17.682 -10.901 0.420 128
-17.406 -10.965 0.429 72
-17.639 -10.928 0.423 115
-17.605 -10.968 0.426 125
-17.510 -10.951 0.427 128
-17.568 -11.009 0.430 100
-17.635 -10.917 0.422 117
-17.614 -10.856 0.418 112
-17.593 -11.031 0.431 107
-17.456 -10.912 0.424 120
-17.559 -10.966 0.427 130
-17.440 -11.033 0.434 121
-17.637 -11.027 0.430 89
-17.573 -10.929 0.424 128
-17.650 -10.932 0.423 113
-17.682 -11.000 0.428 124
-17.605 -11.065 0.434 92
-17.678 -10.879 0.418 111
-17.619 -10.838 0.416 90
-17.511 -10.985 0.429 108
-17.624 -11.055 0.433 113
-17.668 -10.916 0.421 104
-17.527 -10.958 0.427 123
-17.598 -10.946 0.425 124
-17.580 -10.877 0.420 116
-17.631 -11.039 0.431 86
-17.687 -10.844 0.416 136
-17.564 -10.894 0.421 133
-17.668 -10.862 0.417 124
-17.621 -10.970 0.426 97
-17.512 -11.041 0.434 123
-17.523 -10.919 0.424 75
-17.566 -10.916 0.423 98
-17.624 -11.022 0.430 129
-17.648 -10.878 0.419 119
-17.408 -11.084 0.404 101
-17.354 -11.054 0.406 72
-17.284 -11.018 0.389 103
-17.402 -11.083 0.386 118
-17.395 -11.080 0.371 115
-17.375 -11.067 0.392 115
-17.293 -11.019 0.421 88
-17.409 -11.086 0.393 117
-17.451 -11.109 0.392 110
-17.373 -11.065 0.401 103
-17.410 -11.087 0.393 117
-17.327 -11.038 0.421 103
-17.299 -11.029 0.366 117
-17.322 -11.036 0.413 96
-17.314 -11.031 0.419 92
-17.431 -11.100 0.377 112
-17.410 -11.088 0.382 116
-17.287 -11.020 0.382 114
-17.334 -11.049 0.358 117
-17.419 -11.091 0.397 101
-17.457 -11.114 0.378 107
-17.283 -11.017 0.388 105
-17.298 -11.025 0.392 82
-17.330 -11.046 0.360 116
-17.408 -11.085 0.397 104
-17.351 -11.055 0.382 119
-17.375 -11.070 0.363 114
-17.341 -11.048 0.392 115
-17.327 -11.040 0.398 91
-17.302 -11.025 0.409 51
-17.340 -11.047 0.407 61
-17.297 -11.021 0.426 100
-17.297 -11.021 0.419 82
-17.425 -11.097 0.371 112
-17.287 -11.024 0.349 125
-17.345 -11.054 0.366 126
-17.432 -11.098 0.395 109
-17.303 -11.027 0.401 96
-17.353 -11.053 0.408 69
-17.375 -11.067 0.401 103
-17.388 -11.074 0.400 96
-17.423 -11.094 0.389 110
-17.442 -11.104 0.389 102
-17.393 -11.077 0.391 122
-17.355 -11.059 0.365 120
-17.356 -11.060 0.366 121
-17.368 -11.063 0.399 99
-17.324 -11.041 0.371 124
-17.284 -11.014 0.419 107
-17.392 -11.077 0.383 117
-17.341 -11.045 0.421 90
-17.417 -11.091 0.386 113
-17.464 -11.116 0.391 101
-17.307 -11.032 0.372 117
-17.309 -11.034 0.371 114
-17.404 -11.085 0.375 113
-17.300 -11.028 0.373 121
-17.299 -11.023 0.418 85
-17.489 -11.131 0.382 105
-17.331 -11.046 0.360 119
-17.361 -11.058 0.408 74
-17.468 -11.120 0.378 102
-17.348 -11.055 0.369 116
-17.345 -11.053 0.376 120
-17.399 -11.081 0.389 122
-17.290 -11.017 0.428 91
-17.294 -11.024 0.381 118
-17.287 -11.022 0.361 124
-17.384 -11.070 0.410 72
-17.342 -11.049 0.395 100
-17.321 -11.037 0.397 98
-17.311 -11.033 0.384 120
-17.353 -11.055 0.392 119
-17.288 -11.018 0.411 112
-17.317 -11.038 0.374 116
-17.320 -11.039 0.381 114
-17.311 -11.036 0.354 116
-17.340 -11.049 0.384 119
-17.402 -11.084 0.372 116
-17.386 -11.074 0.384 117
-17.450 -11.109 0.382 110
-17.381 -11.073 0.365 111
-17.378 -11.070 0.379 116
-17.298 -11.026 0.379 115
-17.402 -11.082 0.395 104
-17.284 -11.015 0.416 103
-17.314 -11.036 0.368 112
-17.481 -11.126 0.388 96
-17.366 -11.062 0.390 121
-17.444 -11.106 0.391 106
-17.407 -11.085 0.389 117
-17.292 -11.020 0.406 116
-17.280 -11.012 0.423 104
-17.315 -11.036 0.382 117
-17.315 -11.032 0.416 88
-17.303 -11.027 0.397 104
-17.446 -11.107 0.383 105
-17.393 -11.077 0.399 99
-17.419 -11.091 0.400 93
-17.305 -11.029 0.394 89
-17.327 -11.041 0.390 109
-17.365 -11.062 0.389 119
-17.442 -11.104 0.396 101
-17.358 -11.056 0.413 70
-17.337 -11.047 0.388 126
-17.416 -11.090 0.391 108
-17.297 -11.026 0.379 115
-17.352 -11.053 0.409 68
-17.383 -11.072 0.388 120
-17.381 -11.069 0.407 99
-17.343 -11.047 0.414 74
-17.511 -11.111 0.418 103
-17.545 -11.124 0.418 103
-17.355 -11.048 0.424 92
-17.641 -11.148 0.432 118
-17.566 -11.136 0.413 91
-17.423 -11.069 0.429 104
-17.493 -11.129 0.391 113
-17.471 -11.084 0.432 75
-17.610 -11.141 0.426 103
-17.569 -11.138 0.412 88
-17.565 -11.114 0.438 120
-17.293 -11.015 0.435 89
-17.496 -11.090 0.436 125
-17.577 -11.145 0.408 89
-17.522 -11.099 0.437 126
-17.309 -11.024 0.432 89
-17.572 -11.139 0.413 89
-17.599 -11.142 0.421 97
-17.410 -11.078 0.413 92
-17.441 -11.094 0.408 74
-17.524 -11.101 0.435 125
-17.511 -11.127 0.400 60
-17.518 -11.103 0.431 88
-17.453 -11.109 0.396 101
-17.615 -11.147 0.421 105
-17.487 -11.092 0.430 120
-17.495 -11.121 0.400 66
-17.419 -11.088 0.406 64
-17.420 -11.077 0.418 97
-17.540 -11.113 0.428 108
-17.588 -11.125 0.436 118
-17.629 -11.141 0.435 120
-17.613 -11.140 0.428 111
-17.315 -11.029 0.429 106
-17.599 -11.136 0.427 96
-17.496 -11.108 0.415 101
-17.415 -11.072 0.422 102
-17.603 -11.129 0.437 126
-17.554 -11.139 0.405 88
-17.333 -11.033 0.431 93
-17.336 -11.041 0.424 93
-17.435 -11.086 0.415 94
-17.432 -11.084 0.416 94
-17.488 -11.120 0.398 89
-17.465 -11.104 0.407 76
-17.502 -11.134 0.388 100
-17.522 -11.137 0.394 92
-17.524 -11.122 0.411 95
-17.530 -11.109 0.428 110
-17.622 -11.145 0.427 111
-17.655 -11.150 0.435 109
-17.311 -11.027 0.429 102
-17.433 -11.086 0.414 96
-17.482 -11.102 0.417 92
-17.566 -11.142 0.406 91
-17.474 -11.093 0.423 100
-17.593 -11.142 0.418 88
-17.485 -11.089 0.433 109
-17.508 -11.105 0.424 113
-17.434 -11.068 0.435 75
-17.382 -11.056 0.426 99
-17.484 -11.102 0.418 92
-17.613 -11.142 0.426 110
-17.519 -11.112 0.420 89
-17.601 -11.146 0.417 90
-17.455 -11.109 0.397 100
-17.605 -11.144 0.421 101
-17.549 -11.131 0.412 89
-17.370 -11.054 0.424 99
-17.445 -11.075 0.431 112
-17.423 -11.083 0.413 97
-17.421 -11.070 0.427 98
-17.633 -11.148 0.428 127
-17.525 -11.110 0.425 92
-17.486 -11.096 0.425 104
-17.377 -11.048 0.434 104
-17.517 -11.135 0.394 91
-17.435 -11.081 0.421 102
-17.415 -11.069 0.426 105
-17.584 -11.144 0.412 91
-17.520 -11.106 0.428 93
-17.431 -11.071 0.429 107
-17.417 -11.081 0.413 95
-17.355 -11.052 0.419 87
-17.564 -11.138 0.410 91
-17.506 -11.110 0.417 98
-17.505 -11.113 0.414 101
-17.569 -11.127 0.425 116
-17.530 -11.124 0.412 95
-17.458 -11.091 0.419 101
-17.377 -11.062 0.417 94
-17.577 -11.133 0.421 115
-17.396 -11.077 0.409 68
-17.514 -11.098 0.434 88
-17.496 -11.126 0.395 92
-17.457 -11.110 0.397 100
-17.518 -11.128 0.403 81
-17.367 -11.047 0.431 101
-17.552 -11.133 0.410 88
-17.619 -11.137 0.434 119
-17.369 -11.056 0.421 89
-17.495 -11.106 0.417 101
-17.627 -11.139 0.435 121
-17.553 -11.129 0.416 99
-17.525 -11.112 0.423 93
-17.512 -11.113 0.416 97
-17.599 -11.130 0.434 120
-17.504 -11.096 0.433 106
-17.341 -11.035 0.433 88
-17.493 -11.116 0.405 89
-17.553 -11.132 0.413 97
-17.397 -11.065 0.422 98
-17.498 -11.106 0.419 106
-17.427 -11.072 0.427 103
-17.439 -11.086 0.417 96
-17.449 -11.088 0.418 100
-17.360 -11.051 0.422 99
-17.504 -11.100 0.428 128
-17.468 -11.092 0.422 103
-17.349 -11.042 0.428 97
-17.381 -11.065 0.415 95
-17.555 -11.128 0.418 89
-17.365 -11.046 0.430 100
-17.639 -11.146 0.433 114
-17.522 -11.105 0.430 101
-17.525 -11.117 0.417 95
-17.392 -11.068 0.417 92
-17.501 -11.127 0.396 92
-17.486 -11.128 0.388 100
-17.462 -11.102 0.408 101
-17.399 -11.074 0.413 95
-17.455 -11.078 0.432 126
-17.446 -11.093 0.411 93
-17.478 -11.099 0.418 90
-17.525 -11.123 0.410 94
-17.419 -11.082 0.413 94
-17.580 -11.123 0.434 121
-17.572 -11.143 0.408 89
-17.581 -11.127 0.430 121
-17.521 -11.127 0.404 93
-17.615 -11.138 0.431 118
-17.381 -11.065 0.416 95
-17.381 -11.062 0.419 95
-17.502 -11.118 0.407 98
-17.380 -11.055 0.427 101
-17.509 -11.118 0.409 97
-17.384 -11.057 0.426 99
-17.640 -11.209 0.356 146
-17.599 -11.187 0.366 136
-17.644 -11.179 0.395 88
-17.663 -11.202 0.375 168
-17.664 -11.185 0.396 99
-17.661 -11.171 0.412 113
-17.575 -11.169 0.377 109
-17.545 -11.152 0.386 107
-17.682 -11.214 0.368 98
-17.612 -11.190 0.368 153
-17.565 -11.155 0.390 91
-17.596 -11.166 0.390 76
-17.676 -11.211 0.369 92
-17.573 -11.161 0.386 89
-17.666 -11.200 0.378 83
-17.559 -11.149 0.395 63
-17.584 -11.172 0.378 104
-17.660 -11.167 0.416 114
-17.628 -11.197 0.366 161
-17.594 -11.179 0.374 170
-17.663 -11.160 0.427 111
-17.660 -11.160 0.425 111
-17.573 -11.147 0.404 86
-17.568 -11.153 0.394 59
-17.637 -11.152 0.426 121
-17.683 -11.240 0.337 171
-17.663 -11.177 0.406 103
-17.630 -11.208 0.353 138
-17.560 -11.147 0.397 81
-17.594 -11.159 0.398 91
-17.667 -11.162 0.425 146
-17.655 -11.187 0.390 78
-17.606 -11.178 0.379 178
-17.576 -11.147 0.404 89
-17.647 -11.197 0.374 171
-17.581 -11.175 0.373 101
-17.657 -11.181 0.398 91
-17.638 -11.165 0.410 93
-17.578 -11.176 0.370 103
-17.572 -11.147 0.404 82
-17.529 -11.150 0.381 103
-17.685 -11.237 0.341 166
-17.599 -11.160 0.398 86
-17.676 -11.165 0.426 152
-17.643 -11.176 0.399 93
-17.649 -11.185 0.390 82
-17.675 -11.179 0.409 102
-17.524 -11.145 0.385 96
-17.631 -11.163 0.410 101
-17.627 -11.175 0.392 85
-17.672 -11.214 0.364 89
-17.568 -11.146 0.403 91
-17.650 -11.185 0.391 82
-17.614 -11.190 0.369 154
-17.600 -11.172 0.384 85
-17.621 -11.153 0.417 114
-17.639 -11.214 0.350 82
-17.616 -11.169 0.394 92
-17.566 -11.164 0.380 107
-17.641 -11.153 0.426 115
-17.542 -11.149 0.388 104
-17.575 -11.165 0.381 110
-17.653 -11.191 0.384 60
-17.639 -11.160 0.416 77
-17.676 -11.219 0.359 110
-17.617 -11.196 0.362 160
-17.685 -11.222 0.360 102
-17.600 -11.160 0.400 80
-17.662 -11.190 0.388 84
-17.662 -11.224 0.348 104
-17.615 -11.196 0.362 165
-17.591 -11.154 0.402 82
-17.674 -11.191 0.393 92
-17.683 -11.221 0.360 113
-17.649 -11.206 0.364 172
-17.655 -11.193 0.383 92
-17.547 -11.143 0.398 62
-17.559 -11.155 0.387 88
-17.578 -11.177 0.369 103
-17.638 -11.205 0.360 168
-17.633 -11.195 0.370 164
-17.631 -11.209 0.352 138
-17.650 -11.204 0.366 164
-17.673 -11.199 0.382 60
-17.647 -11.192 0.381 83
-17.596 -11.172 0.383 136
-17.632 -11.155 0.419 71
-17.617 -11.173 0.391 59
-17.658 -11.190 0.388 59
-17.622 -11.164 0.405 97
-17.673 -11.167 0.422 156
-17.604 -11.185 0.371 171
-17.674 -11.163 0.427 160
-17.635 -11.163 0.410 100
-17.560 -11.167 0.373 105
-17.617 -11.193 0.366 162
-17.641 -11.170 0.405 93
-17.608 -11.154 0.410 96
-17.635 -11.175 0.396 93
-17.592 -11.157 0.399 81
-17.565 -11.155 0.391 91
-17.657 -11.205 0.368 181
-17.643 -11.197 0.373 179
-17.646 -11.173 0.403 94
-17.684 -11.211 0.373 92
-17.595 -11.182 0.370 168
-17.688 -11.235 0.345 164
-17.519 -11.141 0.388 101
-17.673 -11.195 0.388 77
-17.681 -11.207 0.376 71
-17.587 -11.171 0.380 105
-17.578 -11.167 0.381 105
-17.596 -11.177 0.376 125
-17.655 -11.172 0.408 104
-17.567 -11.159 0.386 105
-17.611 -11.176 0.384 74
-17.683 -11.236 0.341 166
-17.513 -11.139 0.387 100
-17.590 -11.148 0.410 93
-17.623 -11.201 0.359 161
-17.630 -11.191 0.374 173
-17.555 -11.167 0.372 103
-17.674 -11.225 0.351 105
-17.580 -11.152 0.400 85
-17.558 -11.153 0.390 92
-17.671 -11.205 0.374 170
-17.635 -11.183 0.387 68
-17.644 -11.209 0.358 156
-17.689 -11.200 0.400 130
-17.693 -11.241 0.343 161
-17.696 -11.238 0.355 172
-17.693 -11.215 0.387 94
-17.694 -11.222 0.376 107
-17.694 -11.241 0.348 169
-17.689 -11.200 0.400 130
-17.684 -11.194 0.394 87
-17.693 -11.225 0.370 128
-17.692 -11.196 0.413 94
-17.682 -11.177 0.414 180
-17.681 -11.169 0.425 155
-17.696 -11.222 0.384 115
-17.690 -11.205 0.395 133
-17.701 -11.219 0.405 88
-17.692 -11.195 0.417 94
-17.696 -11.204 0.413 92
-17.689 -11.216 0.373 94
-17.692 -11.220 0.373 88
-17.702 -11.217 0.409 86
-17.694 -11.202 0.410 112
-17.700 -11.216 0.406 86
-17.696 -11.237 0.358 95
-17.693 -11.212 0.391 105
-17.712 -11.219 0.224 103
-17.713 -11.219 0.200 106
-17.714 -11.216 0.195 98
-17.717 -11.210 0.141 103
-17.712 -11.217 0.236 87
-17.712 -11.213 0.240 87
-17.706 -11.218 0.363 82
-17.711 -11.216 0.253 97
-17.713 -11.207 0.242 104
-17.711 -11.220 0.237 94
-17.711 -11.208 0.268 105
-17.715 -11.208 0.181 103
-17.708 -11.214 0.325 87
-17.714 -11.213 0.203 86
-17.710 -11.211 0.279 96
-17.713 -11.216 0.209 81
-17.713 -11.211 0.214 90
-17.718 -11.220 0.085 106
-17.719 -11.218 0.065 99
-17.711 -11.214 0.255 97
-17.710 -11.217 0.280 100
-17.716 -11.216 0.141 104
-17.715 -11.219 0.162 78
-17.720 -11.218 0.052 94
-17.714 -11.205 0.220 101
-17.719 -11.217 0.080 104
-17.714 -11.205 0.220 101
-17.714 -11.209 0.197 92
-17.714 -11.205 0.210 104
-17.713 -11.206 0.232 100
-17.712 -11.216 0.222 96
-17.709 -11.217 0.302 86
-17.707 -11.221 0.334 91
-17.715 -11.210 0.190 102
-17.709 -11.225 0.246 135
-17.712 -11.226 0.161 88
-17.711 -11.223 0.211 117
-17.704 -11.232 0.253 164
-17.709 -11.228 0.189 152
-17.712 -11.227 0.140 94
-17.705 -11.233 0.216 165
-17.697 -11.238 0.334 171
-17.701 -11.229 0.373 159
-17.707 -11.229 0.215 157
-17.715 -11.225 0.101 102
-17.696 -11.240 0.330 166
-17.696 -11.240 0.323 167
-17.712 -11.222 0.209 98
-17.698 -11.237 0.334 171
-17.703 -11.223 0.399 105
-17.714 -11.222 0.174 104
-17.709 -11.225 0.235 139
-17.715 -11.222 0.154 81
-17.702 -11.228 0.340 139
-17.706 -11.226 0.302 147
-17.708 -11.229 0.213 157
-17.706 -11.229 0.247 154
-17.702 -11.236 0.234 172
-17.719 -11.221 0.067 97
-17.704 -11.224 0.370 109
-17.707 -11.229 0.237 159
-17.704 -11.227 0.318 144
-17.708 -11.231 0.180 150
-17.705 -11.223 0.372 97
-17.702 -11.227 0.376 136
-17.708 -11.230 0.191 168
-17.701 -11.230 0.358 160
-17.709 -11.229 0.183 165
-17.708 -11.225 0.268 133
-17.701 -11.231 0.324 161
-17.709 -11.229 0.199 148
-17.707 -11.233 0.184 159
-17.709 -11.226 0.220 142
-17.704 -11.223 0.387 116
-17.703 -11.222 0.404 95
-17.718 -11.222 0.083 104
-17.711 -11.225 0.198 131
-17.712 -11.228 0.116 101
-17.706 -11.234 0.190 167
-17.713 -11.227 0.117 100
-17.706 -11.225 0.301 122
-17.705 -11.229 0.274 152
-17.701 -11.232 0.321 160
-17.706 -11.234 0.192 167
-17.696 -11.239 0.325 167
-17.696 -11.242 0.294 162
-17.701 -11.235 0.282 170
-17.708 -11.228 0.220 161
-17.695 -11.242 0.325 165
-17.476 -10.665 0.423 95
-17.464 -10.690 0.404 116
-17.461 -10.697 0.414 99
-17.446 -10.730 0.405 87
-17.475 -10.666 0.421 92
-17.423 -10.776 0.373 144
-17.433 -10.753 0.367 141
-17.444 -10.732 0.388 71
-17.456 -10.708 0.403 91
-17.405 -10.819 0.385 113
-17.441 -10.735 0.365 150
-17.451 -10.715 0.377 136
-17.450 -10.715 0.378 136
-17.464 -10.685 0.378 137
-17.454 -10.705 0.366 144
-17.461 -10.695 0.395 90
-17.446 -10.724 0.369 152
-17.394 -10.841 0.368 131
-17.471 -10.675 0.422 127
-17.460 -10.699 0.410 87
-17.462 -10.687 0.368 138
-17.413 -10.799 0.379 135
-17.416 -10.794 0.380 144
-17.437 -10.747 0.385 136
-17.427 -10.765 0.363 142
-17.435 -10.751 0.388 125
-17.436 -10.747 0.375 141
-17.444 -10.734 0.401 110
-17.432 -10.758 0.377 129
-17.448 -10.723 0.391 115
-17.460 -10.692 0.370 137
-17.458 -10.702 0.401 90
-17.434 -10.752 0.378 131
-17.458 -10.701 0.396 85
-17.452 -10.713 0.381 136
-17.427 -10.766 0.363 142
-17.407 -10.813 0.378 134
-17.395 -10.840 0.371 131
-17.448 -10.722 0.388 132
-17.408 -10.809 0.371 132
-17.409 -10.808 0.383 118
-17.425 -10.771 0.368 143
-17.450 -10.714 0.358 136
-17.455 -10.702 0.361 134
-17.433 -10.758 0.400 134
-17.448 -10.717 0.360 133
-17.427 -10.766 0.363 142
-17.441 -10.737 0.379 149
-17.414 -10.798 0.386 112
-17.414 -10.797 0.382 129
-17.446 -10.729 0.396 133
-17.422 -10.777 0.367 148
-17.464 -10.685 0.384 130
-17.428 -10.765 0.366 142
-17.429 -10.761 0.362 142
-17.452 -10.709 0.360 135
-17.429 -10.761 0.361 142
-17.389 -10.853 0.373 131
-17.408 -10.809 0.372 135
-17.459 -10.697 0.384 123
-17.427 -10.765 0.364 142
-17.432 -10.757 0.372 136
-17.433 -10.754 0.373 130
-17.431 -10.760 0.375 125
-17.468 -10.682 0.416 93
-17.458 -10.697 0.365 135
-17.412 -10.801 0.377 134
-17.386 -10.858 0.371 134
-17.413 -10.798 0.367 141
-17.439 -10.744 0.396 136
-17.435 -10.748 0.362 140
-17.446 -10.724 0.362 139
-17.411 -10.806 0.382 119
-17.439 -10.740 0.371 150
-17.404 -10.821 0.385 117
-17.345 -10.915 0.400 118
-17.377 -10.866 0.389 125
-17.298 -10.981 0.425 106
-17.342 -10.903 0.426 113
-17.426 -10.770 0.402 141
-17.317 -10.943 0.432 132
-17.385 -10.851 0.389 107
-17.356 -10.877 0.427 111
-17.344 -10.918 0.398 111
-17.446 -10.723 0.420 98
-17.428 -10.765 0.404 135
-17.343 -10.905 0.421 145
-17.360 -10.887 0.402 105
-17.305 -10.967 0.428 179
-17.430 -10.755 0.414 95
-17.452 -10.712 0.420 95
-17.412 -10.798 0.398 138
-17.361 -10.886 0.401 105
-17.403 -10.798 0.421 103
-17.381 -10.862 0.385 128
-17.448 -10.721 0.417 100
-17.389 -10.828 0.412 141
-17.357 -10.894 0.401 117
-17.354 -10.904 0.392 122
-17.369 -10.880 0.390 127
-17.401 -10.826 0.386 113
-17.442 -10.731 0.418 99
-17.391 -10.823 0.417 129
-17.455 -10.704 0.423 100
-17.392 -10.834 0.397 106
-17.360 -10.882 0.410 147
-17.371 -10.874 0.393 118
-17.380 -10.841 0.419 120
-17.452 -10.709 0.425 102
-17.416 -10.782 0.410 116
-17.352 -10.911 0.388 123
-17.416 -10.778 0.417 100
-17.384 -10.864 0.375 133
-17.363 -10.893 0.384 127
-17.407 -10.785 0.429 121
-17.472 -10.672 0.426 74
-17.370 -10.877 0.390 122
-17.380 -10.840 0.420 107
-17.332 -10.918 0.430 122
-17.342 -10.906 0.422 179
-17.378 -10.839 0.425 107
-17.334 -10.923 0.417 162
-17.395 -10.827 0.400 134
-17.389 -10.832 0.407 163
-17.362 -10.882 0.404 125
-17.422 -10.765 0.420 95
-17.384 -10.843 0.404 139
-17.436 -10.743 0.416 95
-17.292 -10.988 0.432 109
-17.394 -10.816 0.419 116
-17.319 -10.940 0.431 140
-17.355 -10.886 0.416 160
-17.372 -10.850 0.425 95
-17.404 -10.816 0.393 102
-17.379 -10.852 0.403 118
-17.386 -10.855 0.382 129
-17.351 -10.906 0.398 105
-17.334 -10.922 0.418 162
-17.377 -10.878 0.370 134
-17.397 -10.805 0.425 118
-17.393 -10.815 0.421 106
-17.450 -10.715 0.420 97
-17.343 -10.900 0.430 93
-17.388 -10.823 0.424 102
-17.413 -10.790 0.408 126
-17.429 -10.759 0.410 99
-17.396 -10.823 0.403 148
-17.428 -10.764 0.407 117
-17.373 -10.874 0.388 129
-17.365 -10.865 0.420 116
-17.350 -10.906 0.399 110
-17.330 -10.932 0.415 150
-17.402 -10.797 0.426 112
-17.421 -10.767 0.421 93
-17.418 -10.784 0.404 141
-17.391 -10.839 0.393 109
-17.325 -10.943 0.412 127
-17.363 -10.872 0.416 151
-17.443 -10.725 0.424 112
-17.323 -10.937 0.426 134
-17.422 -10.772 0.410 105
-17.331 -10.938 0.405 117
-17.316 -10.950 0.425 165
-17.425 -10.768 0.408 107
-17.431 -10.759 0.406 116
-17.389 -10.820 0.424 103
-17.358 -10.877 0.423 121
-17.353 -10.889 0.417 157
-17.321 -10.941 0.426 160
-17.454 -10.707 0.423 95
-17.407 -10.813 0.387 113
-17.340 -10.919 0.408 117
-17.327 -10.933 0.421 164
-17.408 -10.812 0.388 112
-17.411 -10.782 0.425 108
-17.373 -10.855 0.416 148
-17.386 -10.836 0.410 160
-17.367 -10.891 0.379 127
-17.368 -10.856 0.426 106
-17.335 -10.913 0.431 119
-17.331 -10.925 0.422 159
-17.347 -10.899 0.418 175
-17.380 -10.862 0.387 126
-17.442 -10.739 0.407 106
-17.404 -10.809 0.402 146
-17.389 -10.832 0.407 150
-17.317 -10.953 0.417 134
-17.376 -10.877 0.374 129
-17.303 -10.973 0.423 121
-17.331 -10.921 0.427 132
-17.450 -10.719 0.415 100
-17.405 -10.806 0.404 168
-17.337 -10.908 0.432 94
-17.386 -10.842 0.401 133
-17.362 -10.869 0.424 117
-17.424 -10.767 0.411 100
-17.367 -10.870 0.409 144
-17.398 -10.810 0.415 124
-17.358 -10.895 0.397 113
-17.432 -10.751 0.414 94
-17.413 -10.785 0.414 104
-17.345 -10.913 0.405 113
-17.295 -10.983 0.431 106
-17.354 -10.914 0.365 132
-17.326 -10.949 0.396 118
-17.349 -10.916 0.388 127
-17.347 -10.922 0.380 128
-17.323 -10.950 0.405 107
-17.284 -11.009 0.407 103
-17.286 -11.005 0.408 91
-17.347 -10.921 0.382 128
-17.288 -11.001 0.413 84
-17.357 -10.906 0.378 130
-17.298 -10.983 0.422 106
-17.315 -10.975 0.356 118
-17.338 -10.932 0.391 125
-17.320 -10.956 0.401 114
-17.283 -11.017 0.380 115
-17.316 -10.969 0.374 122
-17.334 -10.939 0.386 127
-17.288 -11.017 0.357 120
-17.316 -10.963 0.397 126
-17.316 -10.968 0.378 123
-17.318 -10.972 0.356 119
-17.310 -10.978 0.377 112
-17.341 -10.927 0.391 119
-17.317 -10.962 0.397 127
-17.355 -10.910 0.379 129
-17.347 -10.923 0.374 124
-17.314 -10.977 0.358 119
-17.324 -10.957 0.374 125
-17.334 -10.940 0.383 126
-17.306 -10.976 0.405 116
-17.287 -10.999 0.426 102
-17.301 -10.983 0.410 107
-17.303 -10.994 0.352 113
-17.342 -10.929 0.380 121
-17.297 -10.986 0.416 112
-17.305 -10.987 0.373 117
-17.313 -10.977 0.359 119
-17.303 -10.990 0.368 113
-17.297 -10.988 0.412 112
-17.308 -10.985 0.361 122
-17.303 -10.981 0.403 107
-17.291 -11.013 0.356 119
-17.335 -10.940 0.377 127
-17.315 -10.964 0.400 123
-17.308 -10.976 0.396 110
-17.358 -10.906 0.374 131
-17.338 -10.938 0.366 131
-17.297 -11.005 0.350 99
-17.292 -11.008 0.368 104
-17.325 -10.954 0.379 123
-17.296 -10.996 0.391 104
-17.336 -10.939 0.374 129
-17.287 -11.000 0.426 102
-17.295 -10.990 0.417 115
-17.292 -11.009 0.361 113
-17.289 -11.016 0.348 123
-17.312 -10.979 0.362 123
-17.287 -11.006 0.399 88
-17.342 -10.931 0.375 128
-17.337 -10.936 0.379 128
-17.303 -10.988 0.376 113
-17.286 -11.004 0.414 84
-17.348 -10.924 0.363 132
-17.286 -11.019 0.360 122
-17.326 -10.952 0.386 125
-17.332 -10.948 0.362 127
-17.286 -11.010 0.391 118
-17.287 -11.002 0.414 84
-17.362 -10.899 0.378 130
-17.342 -10.927 0.390 127
-17.308 -10.980 0.379 114
-17.335 -10.945 0.359 129
-17.313 -10.973 0.376 118
-17.283 -11.014 0.391 96
-17.295 -10.994 0.399 97
-17.701 -11.238 0.238 165
-17.719 -11.224 0.086 106
-17.710 -11.232 0.227 171
-17.699 -11.241 0.293 163
-17.698 -11.241 0.293 163
-17.713 -11.230 0.213 159
-17.713 -11.230 0.198 164
-17.707 -11.233 0.178 136
-17.715 -11.227 0.108 103
-17.717 -11.226 0.102 104
-17.718 -11.225 0.120 100
-17.714 -11.229 0.193 159
-17.718 -11.226 0.108 104
-17.715 -11.228 0.201 154
-17.705 -11.235 0.197 167
-17.704 -11.236 0.273 172
-17.705 -11.236 0.252 165
-17.717 -11.226 0.081 106
-17.708 -11.233 0.196 170
-17.695 -11.243 0.318 169
-17.712 -11.229 0.113 101
-17.711 -11.231 0.204 162
-17.706 -11.235 0.238 168
-17.668 -10.710 0.624 89
-17.662 -10.703 0.621 90
-17.673 -10.709 0.621 90
-17.694 -10.724 0.623 82
-17.708 -10.741 0.631 77
-17.773 -10.780 0.632 134
-17.828 -10.828 0.646 191
-17.801 -10.798 0.633 165
-17.753 -10.768 0.631 108
-17.742 -10.754 0.625 77
-17.841 -10.848 0.657 197
-17.846 -10.853 0.659 190
-17.792 -10.793 0.633 165
-17.766 -10.766 0.623 78
-17.719 -10.754 0.637 111
-17.817 -10.824 0.648 192
-17.749 -10.756 0.623 79
-17.703 -10.734 0.627 76
-17.757 -10.776 0.637 142
-17.789 -10.779 0.622 90
-17.824 -10.825 0.646 190
-17.821 -10.815 0.638 182
-17.834 -10.834 0.648 192
-17.684 -10.719 0.624 84
-17.707 -10.739 0.629 77
-17.713 -10.742 0.629 77
-17.773 -10.780 0.632 134
-17.821 -10.829 0.651 194
-17.737 -10.749 0.623 77
-17.801 -10.789 0.625 115
-17.751 -10.771 0.635 131
-17.837 -10.834 0.647 192
-17.814 -10.823 0.649 191
-17.819 -10.825 0.648 193
-17.770 -10.784 0.637 161
-17.797 -10.800 0.638 179
-17.825 -10.827 0.646 191
-17.760 -10.773 0.632 121
-17.733 -10.753 0.629 83
-17.670 -10.714 0.627 84
-17.827 -10.819 0.638 183
-17.766 -10.789 0.644 184
-17.772 -10.792 0.643 182
-17.810 -10.823 0.651 192
-17.736 -10.762 0.635 115
-17.812 -10.820 0.647 190
-17.783 -10.778 0.625 103
-17.830 -10.825 0.642 186
-17.837 -10.838 0.650 192
-17.795 -10.789 0.629 131
-17.719 -10.737 0.621 81
-17.810 -10.812 0.641 183
-17.831 -10.839 0.654 192
-17.714 -10.742 0.629 77
-17.820 -10.814 0.638 181
-17.722 -10.756 0.637 117
-17.673 -10.716 0.627 83
-17.825 -10.826 0.646 191
-17.679 -10.722 0.629 79
-17.760 -10.766 0.626 88
-17.772 -10.788 0.640 174
-17.833 -10.837 0.652 193
-17.618 -10.694 0.615 136
-17.723 -10.790 0.634 181
-17.657 -10.706 0.625 145
-17.633 -10.710 0.618 167
-17.669 -10.720 0.627 176
-17.682 -10.752 0.627 152
-17.699 -10.772 0.629 140
-17.749 -10.798 0.641 178
-17.644 -10.733 0.618 185
-17.622 -10.682 0.618 155
-17.659 -10.707 0.626 150
-17.709 -10.780 0.631 167
-17.703 -10.771 0.631 147
-17.775 -10.803 0.647 118
-17.795 -10.818 0.652 101
-17.734 -10.792 0.637 180
-17.721 -10.775 0.635 163
-17.807 -10.828 0.654 88
-17.650 -10.742 0.619 179
-17.769 -10.796 0.647 119
-17.625 -10.730 0.613 183
-17.786 -10.815 0.649 109
-17.632 -10.687 0.620 126
-17.642 -10.696 0.622 128
-17.741 -10.797 0.638 181
-17.641 -10.739 0.617 178
-17.767 -10.812 0.644 146
-17.677 -10.761 0.624 132
-17.758 -10.807 0.642 166
-17.664 -10.757 0.621 164
-17.685 -10.758 0.627 138
-17.740 -10.797 0.638 182
-17.645 -10.716 0.621 172
-17.628 -10.715 0.616 173
-17.811 -10.835 0.654 84
-17.719 -10.790 0.633 180
-17.682 -10.729 0.630 173
-17.630 -10.727 0.615 186
-17.645 -10.719 0.620 181
-17.666 -10.724 0.626 183
-17.631 -10.705 0.618 153
-17.696 -10.767 0.629 134
-17.641 -10.731 0.617 185
-17.685 -10.729 0.631 168
-17.830 -10.844 0.658 69
-17.768 -10.812 0.644 146
-17.605 -10.726 0.608 188
-17.664 -10.727 0.625 185
-17.712 -10.785 0.632 171
-17.657 -10.738 0.621 181
-17.623 -10.687 0.618 144
-17.637 -10.739 0.615 180
-17.814 -10.834 0.655 79
-17.778 -10.802 0.649 106
-17.609 -10.714 0.610 172
-17.656 -10.734 0.622 184
-17.659 -10.717 0.625 178
-17.821 -10.838 0.657 72
-17.613 -10.725 0.610 188
-17.653 -10.727 0.622 185
-17.748 -10.793 0.641 174
-17.646 -10.720 0.620 181
-17.828 -10.844 0.658 68
-17.714 -10.775 0.633 173
-17.708 -10.750 0.635 132
-17.636 -10.712 0.619 166
-17.617 -10.731 0.611 180
-17.622 -10.713 0.614 172
-17.623 -10.682 0.619 157
-17.703 -10.747 0.634 124
-17.750 -10.782 0.643 152
-17.660 -10.741 0.622 180
-17.776 -10.812 0.647 126
-17.699 -10.762 0.631 138
-17.683 -10.753 0.627 152
-17.655 -10.704 0.625 145
-17.687 -10.743 0.630 148
-17.774 -10.809 0.646 127
-17.643 -10.705 0.621 149
-17.709 -10.756 0.634 143
-17.717 -10.772 0.634 160
-17.283 -11.017 0.282 136
-17.281 -11.024 0.247 143
-17.280 -11.033 0.226 144
-17.282 -11.021 0.277 140
-17.279 -11.010 0.193 118
-17.282 -11.027 0.277 139
-17.278 -10.996 0.174 127
-17.279 -10.999 0.197 131
-17.279 -11.011 0.198 122
-17.280 -11.035 0.227 145
-17.280 -11.020 0.227 148
-17.280 -11.037 0.237 147
-17.278 -10.997 0.171 122
-17.279 -11.035 0.221 137
-17.279 -11.015 0.200 148
-17.281 -11.004 0.237 113
-17.281 -11.029 0.246 142
-17.280 -11.034 0.230 147
-17.283 -11.018 0.289 140
-17.281 -11.015 0.255 139
-17.280 -11.011 0.222 121
-17.279 -11.027 0.217 145
-17.278 -10.991 0.165 124
-17.285 -11.021 0.327 129
-17.282 -11.029 0.274 140
-17.282 -11.020 0.263 139
-17.280 -11.023 0.238 144
-17.282 -11.016 0.258 139
-17.278 -11.002 0.171 120
-17.279 -11.026 0.205 149
-17.279 -11.014 0.192 148
-17.281 -11.007 0.242 104
-17.279 -11.015 0.197 144
-17.281 -11.013 0.246 146
-17.278 -10.994 0.172 126
-17.278 -11.001 0.162 116
-17.279 -11.005 0.200 114
-17.282 -11.028 0.279 139
-17.278 -11.013 0.186 151
-17.280 -11.024 0.221 151
-17.282 -11.022 0.263 144
-17.770 -11.125 0.560 153
-17.752 -11.144 0.561 118
-17.733 -11.165 0.565 127
-17.699 -11.150 0.473 138
-17.739 -11.134 0.517 168
-17.779 -11.123 0.574 113
-17.722 -11.161 0.538 156
-17.721 -11.156 0.527 169
-17.708 -11.177 0.542 131
-17.706 -11.166 0.518 169
-17.716 -11.170 0.543 137
-17.743 -11.156 0.568 138
-17.758 -11.143 0.572 123
-17.715 -11.181 0.562 145
-17.732 -11.143 0.521 167
-17.718 -11.149 0.507 159
-17.777 -11.127 0.577 116
-17.749 -11.133 0.533 166
-17.697 -11.160 0.488 162
-17.699 -11.169 0.508 172
-17.713 -11.146 0.491 155
-17.741 -11.138 0.530 173
-17.742 -11.157 0.568 138
-17.767 -11.124 0.552 181
-17.694 -11.151 0.464 137
-17.721 -11.162 0.536 169
-17.711 -11.167 0.529 167
-17.706 -11.171 0.526 173
-17.728 -11.138 0.504 155
-17.722 -11.177 0.568 158
-17.707 -11.158 0.503 158
-17.740 -11.161 0.573 155
-17.743 -11.132 0.521 172
-17.718 -11.164 0.537 167
-17.718 -11.144 0.496 156
-17.686 -11.160 0.467 170
-17.714 -11.180 0.558 137
-17.734 -11.148 0.536 176
-17.751 -11.137 0.546 175
-17.732 -11.155 0.546 167
-17.746 -11.132 0.526 170
-17.735 -11.156 0.554 134
-17.761 -11.142 0.574 117
-17.731 -11.168 0.567 138
-17.702 -11.166 0.509 165
-17.722 -11.163 0.541 156
-17.779 -11.125 0.577 112
-17.768 -11.124 0.553 181
-17.741 -11.149 0.550 152
-17.718 -11.157 0.523 170
-17.752 -11.143 0.560 121
-17.727 -11.158 0.541 163
-17.722 -11.145 0.507 159
-17.748 -11.147 0.561 111
-17.711 -11.160 0.515 162
-17.710 -11.152 0.497 158
-17.736 -11.150 0.542 176
-17.740 -11.134 0.519 170
-17.770 -11.125 0.559 172
-17.735 -11.162 0.565 127
-17.742 -11.159 0.572 152
-17.706 -11.160 0.504 158
-17.736 -11.151 0.544 176
-17.704 -11.146 0.473 124
-17.717 -11.171 0.549 116
-17.729 -11.152 0.534 173
-17.716 -11.161 0.525 175
-17.722 -11.147 0.511 161
-17.729 -11.169 0.567 138
-17.774 -11.126 0.569 110
-17.772 -11.123 0.560 164
-17.711 -11.151 0.497 158
-17.711 -11.166 0.526 176
-17.688 -11.152 0.454 143
-17.736 -11.153 0.549 160
-17.723 -11.155 0.528 169
-17.700 -11.203 0.441 154
-17.687 -11.174 0.439 158
-17.688 -11.179 0.433 116
-17.682 -11.160 0.450 176
-17.691 -11.176 0.460 173
-17.694 -11.178 0.474 166
-17.690 -11.168 0.476 181
-17.684 -11.161 0.460 171
-17.704 -11.218 0.421 85
-17.699 -11.189 0.472 178
-17.689 -11.169 0.470 177
-17.697 -11.176 0.497 175
-17.702 -11.198 0.464 185
-17.700 -11.188 0.480 167
-17.700 -11.186 0.489 172
-17.690 -11.171 0.469 172
-17.693 -11.174 0.474 172
-17.698 -11.207 0.415 87
-17.687 -11.167 0.462 176
-17.688 -11.165 0.476 176
-17.702 -11.185 0.502 166
-17.703 -11.178 0.528 155
-17.712 -11.185 0.563 145
-17.700 -11.203 0.439 154
-17.685 -11.166 0.452 178
-17.710 -11.193 0.530 166
-17.703 -11.187 0.505 172
-17.692 -11.189 0.432 111
-17.698 -11.201 0.433 116
-17.700 -11.180 0.507 174
-17.685 -11.165 0.454 179
-17.711 -11.189 0.545 145
-17.690 -11.180 0.445 186
-17.699 -11.192 0.464 178
-17.681 -11.158 0.451 168
-17.704 -11.192 0.497 171
-17.696 -11.173 0.503 177
-17.697 -11.191 0.457 178
-17.701 -11.176 0.522 162
-17.680 -11.158 0.448 172
-17.701 -11.201 0.448 164
-17.699 -11.206 0.423 88
-17.706 -11.200 0.484 175
-17.695 -11.180 0.472 169
-17.704 -11.179 0.530 141
-17.700 -11.177 0.512 172
-17.705 -11.188 0.511 173
-17.696 -11.198 0.427 68
-17.688 -11.176 0.443 189
-17.702 -11.184 0.509 169
-17.704 -11.207 0.449 129
-17.692 -11.171 0.478 182
-17.690 -11.170 0.469 172
-17.713 -11.186 0.566 155
-17.692 -11.175 0.473 167
-17.684 -11.161 0.459 171
-17.465 -10.682 0.372 134
-17.463 -10.678 0.348 141
-17.471 -10.670 0.393 90
-17.468 -10.672 0.374 80
-17.461 -10.654 0.263 120
-17.471 -10.661 0.368 113
-17.462 -10.666 0.308 96
-17.471 -10.667 0.386 99
-17.472 -10.669 0.396 87
-17.463 -10.657 0.288 115
-17.470 -10.670 0.384 76
-17.461 -10.680 0.330 143
-17.465 -10.666 0.333 85
-17.467 -10.675 0.368 122
-17.472 -10.670 0.399 92
-17.477 -10.663 0.421 112
-17.469 -10.671 0.380 72
-17.466 -10.658 0.313 109
-17.475 -10.662 0.405 114
-17.466 -10.671 0.354 94
-17.464 -10.672 0.333 124
-17.463 -10.655 0.280 118
-17.463 -10.682 0.361 142
-17.470 -10.668 0.377 86
-17.461 -10.687 0.357 140
-17.460 -10.684 0.341 141
-17.463 -10.673 0.332 140
-17.464 -10.680 0.362 143
-17.517 -10.697 0.615 105
-17.528 -10.701 0.621 96
-17.522 -10.681 0.601 94
-17.605 -10.681 0.617 117
-17.492 -10.707 0.620 110
-17.495 -10.695 0.609 93
-17.538 -10.700 0.622 91
-17.590 -10.681 0.614 105
-17.508 -10.711 0.627 189
-17.537 -10.704 0.626 173
-17.500 -10.703 0.617 99
-17.475 -10.708 0.617 102
-17.577 -10.692 0.622 103
-17.492 -10.699 0.612 93
-17.475 -10.696 0.605 135
-17.559 -10.690 0.617 101
-17.475 -10.703 0.612 109
-17.485 -10.703 0.614 108
-17.516 -10.689 0.607 98
-17.535 -10.698 0.620 91
-17.577 -10.689 0.619 110
-17.555 -10.695 0.620 101
-17.541 -10.689 0.612 99
-17.528 -10.681 0.602 97
-17.542 -10.703 0.626 152
-17.486 -10.699 0.610 115
-17.504 -10.695 0.610 96
-17.517 -10.706 0.624 154
-17.523 -10.690 0.609 98
-17.582 -10.688 0.620 108
-17.600 -10.685 0.621 113
-17.503 -10.695 0.610 100
-17.576 -10.687 0.617 112
-17.486 -10.690 0.601 95
-17.503 -10.695 0.610 100
-17.474 -10.717 0.625 160
-17.543 -10.694 0.617 97
-17.526 -10.694 0.614 97
-17.523 -10.689 0.608 98
-17.497 -10.706 0.619 84
-17.528 -10.684 0.604 94
-17.542 -10.685 0.609 101
-17.482 -10.692 0.603 92
-17.526 -10.695 0.614 97
-17.458 -10.726 0.626 125
-17.419 -10.746 0.617 151
-17.393 -10.759 0.612 144
-17.435 -10.727 0.609 170
-17.377 -10.761 0.602 133
-17.431 -10.724 0.602 180
-17.454 -10.709 0.603 183
-17.416 -10.741 0.610 158
-17.430 -10.720 0.597 181
-17.371 -10.767 0.603 128
-17.448 -10.727 0.619 146
-17.469 -10.694 0.597 165
-17.395 -10.748 0.601 152
-17.443 -10.721 0.608 169
-17.464 -10.719 0.622 126
-17.427 -10.720 0.595 175
-17.348 -10.778 0.598 121
-17.464 -10.718 0.621 126
-17.375 -10.767 0.607 130
-17.453 -10.709 0.603 183
-17.455 -10.722 0.619 136
-17.464 -10.695 0.595 172
-17.407 -10.745 0.607 156
-17.454 -10.723 0.618 143
-17.461 -10.724 0.626 122
-17.472 -10.694 0.601 151
-17.390 -10.748 0.598 154
-17.348 -10.777 0.597 118
-17.458 -10.725 0.624 129
-17.439 -10.720 0.604 184
-17.370 -10.769 0.605 126
-17.462 -10.699 0.598 177
-17.434 -10.732 0.614 156
-17.419 -10.730 0.599 171
-17.442 -10.725 0.612 156
-17.384 -10.761 0.607 135
-17.399 -10.751 0.607 148
-17.369 -10.763 0.597 136
-17.351 -10.777 0.599 121
-17.450 -10.733 0.627 134
-17.408 -10.739 0.602 161
-17.371 -10.763 0.599 136
-17.383 -10.761 0.607 135
-17.376 -10.759 0.599 139
-17.386 -10.756 0.602 141
