-11.863 -2.660 0.784 81
-11.817 -2.783 0.679 89
-11.848 -2.725 0.727 77
-11.951 -2.599 0.825 63
-11.928 -2.623 0.807 62
-11.918 -2.649 0.785 66
-11.853 -2.736 0.716 80
-11.909 -2.666 0.771 83
-11.811 -2.777 0.685 96
-11.950 -2.617 0.808 70
-11.893 -2.637 0.800 61
-11.960 -2.593 0.829 65
-11.915 -2.626 0.807 55
-11.864 -2.654 0.789 74
-11.965 -2.590 0.831 65
-11.946 -2.639 0.789 83
-11.969 -2.605 0.816 66
-11.923 -2.662 0.771 84
-11.906 -2.621 0.812 52
-11.859 -2.706 0.742 66
-11.958 -2.612 0.812 66
-11.913 -2.654 0.781 70
-11.890 -2.630 0.807 59
-11.955 -2.608 0.816 63
-11.843 -2.714 0.737 67
-11.840 -2.746 0.708 90
-11.923 -2.639 0.793 60
-11.857 -2.679 0.767 84
-11.846 -2.743 0.710 87
-11.842 -2.744 0.710 90
-11.861 -2.728 0.722 75
-11.923 -2.644 0.788 62
-11.890 -2.630 0.807 59
-11.850 -2.670 0.776 86
-11.838 -2.704 0.747 58
-11.846 -2.649 0.796 79
-11.840 -2.758 0.697 96
-11.819 -2.769 0.691 102
-11.923 -2.667 0.768 98
-11.837 -2.715 0.737 66
-11.951 -2.625 0.801 64
-11.890 -2.668 0.772 80
-11.860 -2.683 0.763 84
-11.921 -2.638 0.794 59
-11.895 -2.663 0.776 81
-11.842 -2.732 0.721 76
-11.919 -2.632 0.800 59
-11.995 -2.583 0.833 70
-11.814 -2.760 0.700 101
-11.869 -2.725 0.723 72
-11.915 -2.649 0.785 66
-11.985 -2.582 0.835 69
-11.929 -2.612 0.817 66
-11.827 -2.745 0.711 85
-11.893 -2.638 0.799 65
-11.891 -2.667 0.773 78
-11.893 -2.683 0.757 84
-11.854 -2.676 0.771 84
-11.865 -2.729 0.720 78
-11.952 -2.603 0.821 65
-11.948 -2.601 0.824 65
-11.839 -2.675 0.773 83
-11.869 -2.684 0.760 86
-11.907 -2.664 0.773 80
-11.849 -2.647 0.798 73
-11.831 -2.708 0.745 55
-11.922 -2.643 0.789 62
-11.883 -2.711 0.733 82
-11.870 -2.659 0.784 78
-11.945 -2.604 0.821 64
-11.881 -2.642 0.797 62
-11.841 -2.734 0.719 79
-11.855 -2.680 0.767 84
-11.963 -2.602 0.821 63
-11.856 -2.734 0.717 79
-11.896 -2.650 0.787 66
-11.826 -2.744 0.713 83
-11.851 -2.712 0.738 67
-11.935 -2.648 0.783 85
-11.876 -2.686 0.757 86
-11.876 -2.714 0.732 73
-11.852 -2.713 0.737 67
-11.862 -2.668 0.776 86
-11.849 -2.656 0.790 80
-11.853 -2.719 0.731 69
-11.855 -2.720 0.730 67
-11.944 -2.610 0.816 69
-11.861 -2.668 0.777 86
-11.848 -2.719 0.732 70
-11.932 -2.644 0.787 72
-11.919 -2.636 0.796 60
-11.969 -2.597 0.824 64
-11.854 -2.698 0.750 76
-11.886 -2.701 0.743 87
-11.899 -2.662 0.776 77
-11.846 -2.656 0.790 81
-11.873 -2.636 0.804 64
-11.850 -2.708 0.742 67
-11.881 -2.674 0.768 84
-11.821 -2.736 0.721 76
-11.894 -2.686 0.755 83
-11.854 -2.660 0.785 82
-11.891 -2.677 0.763 84
-11.889 -2.638 0.799 63
-11.858 -2.644 0.799 66
-11.867 -2.675 0.769 86
-11.865 -2.726 0.723 75
-11.922 -2.632 0.800 60
-11.921 -2.656 0.778 73
-11.955 -2.631 0.795 60
-11.878 -2.634 0.805 62
-11.940 -2.641 0.788 83
-11.979 -2.591 0.827 65
-11.847 -2.648 0.798 76
-11.964 -2.607 0.816 63
-11.975 -2.607 0.813 69
-11.930 -2.629 0.801 57
-11.900 -2.640 0.796 67
-11.917 -2.612 0.819 61
-11.953 -2.603 0.821 65
-11.831 -2.712 0.741 62
-11.846 -2.711 0.740 67
-11.886 -2.679 0.762 84
-11.830 -2.726 0.729 70
-11.910 -2.616 0.816 51
-11.956 -2.596 0.827 64
-11.880 -2.705 0.739 81
-11.912 -2.615 0.817 51
-12.000 -2.580 0.835 80
-11.911 -2.655 0.780 71
-11.837 -2.731 0.723 75
-11.908 -2.640 0.795 64
-11.821 -2.768 0.691 102
-11.934 -2.635 0.795 62
-11.832 -2.716 0.738 66
-11.938 -2.621 0.807 65
-11.967 -2.616 0.807 69
-11.846 -2.663 0.783 83
-11.876 -2.644 0.796 63
-11.834 -2.689 0.762 76
-11.876 -2.668 0.774 82
-11.836 -2.684 0.766 76
-11.869 -2.716 0.732 64
-11.953 -2.626 0.800 60
-11.830 -2.731 0.724 76
-11.866 -2.673 0.771 87
-11.833 -2.760 0.697 96
-11.828 -2.715 0.739 65
-11.886 -2.631 0.806 61
-11.806 -2.789 0.675 90
-11.853 -2.643 0.801 70
-11.989 -2.591 0.827 65
-11.845 -2.694 0.755 73
-11.876 -2.698 0.747 84
-12.076 -2.619 0.671 55
-12.031 -2.646 0.676 86
-11.819 -2.786 0.672 93
-12.015 -2.634 0.717 65
-12.013 -2.621 0.744 78
-11.887 -2.708 0.733 87
-12.025 -2.647 0.681 62
-11.896 -2.706 0.727 92
-11.892 -2.724 0.699 64
-12.032 -2.646 0.674 84
-12.152 -2.583 0.647 89
-11.855 -2.758 0.679 90
-11.955 -2.693 0.680 77
-12.002 -2.623 0.753 77
-11.861 -2.752 0.683 92
-11.917 -2.716 0.682 69
-12.131 -2.594 0.651 98
-11.926 -2.686 0.729 108
-11.926 -2.713 0.677 70
-12.063 -2.575 0.769 94
-11.968 -2.676 0.696 68
-12.007 -2.624 0.745 66
-12.012 -2.669 0.655 43
-12.009 -2.627 0.737 55
-11.929 -2.695 0.708 83
-12.022 -2.603 0.766 87
-11.975 -2.685 0.672 74
-12.050 -2.635 0.673 62
-11.964 -2.646 0.756 70
-11.874 -2.734 0.702 87
-12.036 -2.622 0.714 66
-12.096 -2.581 0.718 77
-11.992 -2.618 0.774 59
-11.913 -2.685 0.744 97
-11.935 -2.698 0.696 73
-11.953 -2.668 0.729 95
-12.071 -2.617 0.680 56
-12.076 -2.584 0.736 50
-12.089 -2.603 0.686 64
-12.007 -2.647 0.702 62
-11.851 -2.754 0.692 95
-12.011 -2.665 0.665 52
-11.953 -2.701 0.667 77
-11.939 -2.717 0.655 80
-11.895 -2.728 0.687 60
-11.949 -2.655 0.757 53
-12.027 -2.615 0.739 51
-11.930 -2.697 0.702 71
-12.051 -2.639 0.665 65
-12.064 -2.593 0.734 61
-12.055 -2.630 0.677 59
-11.990 -2.675 0.670 63
-11.947 -2.650 0.771 99
-11.884 -2.727 0.702 70
-12.048 -2.627 0.690 68
-11.978 -2.617 0.794 71
-12.081 -2.629 0.647 59
-12.090 -2.621 0.651 55
-11.920 -2.692 0.724 98
-11.959 -2.679 0.702 97
-12.024 -2.586 0.795 93
-11.991 -2.657 0.703 81
-11.992 -2.596 0.814 66
-12.023 -2.620 0.734 55
-12.012 -2.600 0.784 74
-12.009 -2.607 0.774 70
-12.023 -2.586 0.796 93
-12.001 -2.591 0.814 74
-12.063 -2.617 0.691 56
-12.055 -2.619 0.697 55
-12.016 -2.593 0.792 88
-11.965 -2.678 0.695 75
-12.080 -2.609 0.685 47
-12.010 -2.619 0.751 84
-11.999 -2.677 0.657 67
-12.014 -2.628 0.730 64
-11.835 -2.773 0.676 100
-11.882 -2.715 0.728 82
-12.063 -2.581 0.757 92
-11.960 -2.656 0.743 61
-11.964 -2.622 0.801 71
-12.103 -2.611 0.653 59
-11.934 -2.687 0.716 96
-12.062 -2.591 0.740 45
-12.041 -2.652 0.651 73
-12.006 -2.608 0.777 63
-11.998 -2.661 0.688 78
-11.957 -2.691 0.681 90
-11.817 -2.791 0.664 93
-12.067 -2.600 0.717 51
-11.979 -2.605 0.814 72
-12.040 -2.593 0.764 109
-12.000 -2.625 0.753 82
-11.903 -2.714 0.704 68
-12.025 -2.645 0.685 62
-12.039 -2.602 0.749 41
-11.884 -2.744 0.671 84
-12.150 -2.587 0.642 87
-12.000 -2.642 0.720 58
-12.088 -2.581 0.727 69
-11.982 -2.664 0.702 95
-11.933 -2.710 0.674 72
-11.881 -2.719 0.720 77
-11.979 -2.642 0.744 42
-11.933 -2.693 0.707 77
-11.984 -2.662 0.703 95
-12.039 -2.639 0.679 60
-11.997 -2.661 0.690 85
-11.915 -2.688 0.738 97
-11.847 -2.762 0.683 100
-12.068 -2.581 0.751 80
-11.876 -2.734 0.699 87
-12.045 -2.598 0.748 40
-12.006 -2.648 0.702 62
-11.906 -2.695 0.736 93
-11.952 -2.652 0.759 55
-11.968 -2.630 0.782 59
-12.142 -2.579 0.666 71
-12.033 -2.629 0.705 64
-12.054 -2.611 0.712 55
-11.894 -2.731 0.683 68
-12.011 -2.662 0.671 45
-12.080 -2.626 0.653 60
-11.986 -2.680 0.667 96
-11.918 -2.700 0.712 85
-11.960 -2.634 0.784 60
-12.134 -2.586 0.663 92
-12.034 -2.654 0.656 55
-12.112 -2.591 0.679 99
-11.812 -2.794 0.666 98
-12.021 -2.617 0.743 51
-12.084 -2.605 0.687 52
-11.949 -2.704 0.667 76
-11.884 -2.734 0.690 77
-12.005 -2.636 0.725 54
-12.012 -2.653 0.685 62
-12.038 -2.650 0.660 77
-11.983 -2.663 0.703 95
-12.082 -2.610 0.681 49
-11.963 -2.626 0.795 63
-12.090 -2.599 0.692 59
-12.050 -2.624 0.693 64
-11.920 -2.677 0.752 87
-11.981 -2.647 0.735 50
-11.894 -2.713 0.717 91
-12.026 -2.633 0.705 79
-12.062 -2.592 0.739 48
-12.020 -2.612 0.751 39
-11.927 -2.718 0.667 71
-12.067 -2.583 0.750 82
-11.935 -2.712 0.669 72
-12.056 -2.606 0.721 56
-11.903 -2.726 0.683 63
-12.000 -2.629 0.745 62
-11.811 -2.792 0.671 93
-11.906 -2.731 0.669 63
-12.094 -2.589 0.706 72
-11.986 -2.647 0.728 41
-12.004 -2.611 0.774 63
-12.104 -2.585 0.701 86
-12.112 -2.584 0.693 98
-11.909 -2.693 0.735 94
-11.985 -2.636 0.750 66
-12.150 -2.585 0.645 86
-12.055 -2.620 0.695 55
-12.084 -2.608 0.683 56
-12.021 -2.576 0.816 86
-12.000 -2.598 0.803 69
-11.884 -2.747 0.666 80
-11.908 -2.731 0.666 61
-11.938 -2.651 0.779 87
-11.984 -2.679 0.672 71
-12.087 -2.586 0.720 69
-12.079 -2.616 0.674 54
-11.967 -2.699 0.655 84
-11.944 -2.707 0.667 74
-12.071 -2.594 0.725 63
-12.084 -2.581 0.733 56
-12.018 -2.605 0.768 84
-12.027 -2.579 0.806 87
-12.004 -2.631 0.735 48
-11.951 -2.656 0.753 94
-11.915 -2.717 0.684 70
-12.113 -2.594 0.673 100
-11.899 -2.732 0.675 61
-11.957 -2.683 0.696 98
-11.981 -2.685 0.663 91
-11.901 -2.733 0.671 57
-11.987 -2.670 0.684 94
-11.961 -2.657 0.739 79
-11.948 -2.676 0.720 97
-11.958 -2.672 0.716 97
-11.830 -2.783 0.663 96
-11.892 -2.708 0.729 90
-11.896 -2.709 0.721 92
-12.007 -2.588 0.813 87
-11.939 -2.690 0.705 94
-11.897 -2.727 0.687 60
-11.985 -2.671 0.685 93
-11.939 -2.652 0.776 87
-11.917 -2.730 0.657 77
-12.061 -2.613 0.701 54
-12.020 -2.605 0.766 84
-11.980 -2.688 0.659 70
-12.050 -2.626 0.689 62
-12.133 -2.580 0.674 84
-11.908 -2.731 0.666 61
-11.961 -2.646 0.760 65
-11.946 -2.642 0.786 90
-12.025 -2.653 0.671 64
-12.068 -2.587 0.740 43
-11.996 -2.659 0.694 70
-11.996 -2.661 0.690 85
-12.056 -2.580 0.768 74
-12.110 -2.589 0.687 97
-11.942 -2.693 0.696 80
-12.029 -2.584 0.793 93
-11.962 -2.648 0.754 91
-12.013 -2.604 0.776 77
-11.949 -2.654 0.759 54
-11.886 -2.744 0.668 77
-11.901 -2.695 0.742 88
-12.002 -2.613 0.771 62
-11.960 -2.635 0.781 60
-12.026 -2.603 0.761 85
-12.071 -2.584 0.742 42
-11.949 -2.642 0.782 67
-12.106 -2.597 0.675 81
-12.073 -2.573 0.759 86
-12.024 -2.633 0.708 82
-11.953 -2.684 0.700 98
-12.115 -2.607 0.646 84
-12.021 -2.589 0.794 94
-11.930 -2.695 0.705 71
-11.950 -2.654 0.759 54
-11.867 -2.756 0.670 83
-12.072 -2.574 0.760 86
-12.147 -2.590 0.640 87
-12.024 -2.640 0.695 72
-12.109 -2.596 0.674 94
-11.838 -2.774 0.671 97
-11.873 -2.735 0.701 87
-11.900 -2.705 0.724 91
-11.943 -2.711 0.662 77
-11.984 -2.629 0.764 57
-11.876 -2.746 0.678 96
-11.914 -2.717 0.686 68
-11.872 -2.734 0.704 86
-11.971 -2.620 0.796 67
-11.937 -2.706 0.678 77
-12.116 -2.578 0.700 96
-11.974 -2.665 0.710 66
-11.870 -2.733 0.708 87
-12.034 -2.571 0.810 83
-12.013 -2.647 0.696 61
-12.035 -2.642 0.677 78
-11.990 -2.659 0.702 81
-11.985 -2.652 0.720 51
-11.889 -2.705 0.738 85
-11.954 -2.708 0.654 70
-11.881 -2.732 0.698 82
-11.904 -2.736 0.661 60
-11.990 -2.633 0.750 69
-11.878 -2.739 0.687 88
-11.960 -2.667 0.723 85
-12.044 -2.623 0.702 71
-11.989 -2.630 0.756 68
-11.877 -2.723 0.720 77
-11.882 -2.738 0.684 85
-11.902 -2.727 0.681 63
-12.075 -2.593 0.720 70
-12.041 -2.618 0.715 64
-12.043 -2.594 0.757 85
-12.152 -2.582 0.649 82
-12.080 -2.606 0.691 49
-11.965 -2.622 0.800 67
-11.888 -2.716 0.718 87
-12.085 -2.618 0.663 65
-11.926 -2.698 0.704 72
-11.906 -2.722 0.684 65
-11.936 -2.665 0.755 76
-11.962 -2.678 0.698 107
-11.891 -2.736 0.677 63
-11.990 -2.680 0.663 92
-11.992 -2.664 0.690 95
-11.905 -2.698 0.731 94
-11.999 -2.602 0.796 69
-12.132 -2.591 0.656 97
-11.928 -2.689 0.720 96
-11.912 -2.729 0.666 65
-12.094 -2.617 0.653 51
-12.099 -2.601 0.676 65
-12.045 -2.589 0.764 104
-12.031 -2.625 0.715 62
-11.850 -2.755 0.691 95
-12.085 -2.596 0.702 60
-12.052 -2.595 0.745 41
-12.044 -2.590 0.764 104
-12.025 -2.599 0.769 94
-12.043 -2.621 0.707 66
-11.938 -2.707 0.675 74
-12.055 -2.629 0.679 60
-12.019 -2.637 0.706 69
-11.968 -2.696 0.659 75
-12.056 -2.622 0.690 63
-12.103 -2.616 0.644 58
-12.002 -2.585 0.823 78
-11.936 -2.706 0.677 74
-12.024 -2.626 0.722 70
-12.035 -2.580 0.793 80
-11.910 -2.699 0.724 96
-12.027 -2.599 0.768 93
-11.984 -2.686 0.657 85
-12.009 -2.631 0.729 55
-11.936 -2.682 0.724 103
-12.106 -2.593 0.684 84
-11.938 -2.677 0.731 95
-12.115 -2.585 0.688 101
-11.984 -2.606 0.807 73
-11.941 -2.708 0.669 73
-12.100 -2.611 0.657 51
-12.129 -2.593 0.655 98
-11.937 -2.701 0.685 75
-12.053 -2.613 0.710 51
-11.989 -2.608 0.797 66
-11.835 -2.770 0.682 103
-11.910 -2.706 0.711 79
-12.123 -2.590 0.669 97
-11.957 -2.668 0.723 95
-11.941 -2.712 0.662 77
-12.066 -2.585 0.747 71
-11.931 -2.665 0.760 72
-12.047 -2.647 0.653 60
-11.897 -2.733 0.676 61
-11.947 -2.652 0.765 70
-11.976 -2.625 0.781 66
-11.952 -2.635 0.790 67
-12.005 -2.599 0.793 72
-12.067 -2.575 0.765 94
-12.132 -2.593 0.653 98
-11.972 -2.672 0.699 75
-11.898 -2.741 0.661 68
-12.081 -2.606 0.689 49
-11.934 -2.708 0.677 73
-12.058 -2.642 0.650 57
-11.960 -2.641 0.770 64
-12.070 -2.584 0.743 42
-11.960 -2.639 0.774 65
-11.985 -2.684 0.661 98
-11.921 -2.693 0.721 94
-12.048 -2.612 0.719 61
-11.893 -2.745 0.657 80
-11.941 -2.700 0.684 74
-11.952 -2.692 0.685 87
-12.076 -2.577 0.749 88
-12.136 -2.595 0.643 90
-11.975 -2.679 0.681 70
-12.003 -2.609 0.778 62
-12.013 -2.667 0.658 50
-11.897 -2.710 0.717 90
-12.035 -2.649 0.666 90
-12.031 -2.629 0.708 62
-11.952 -2.655 0.754 65
-11.968 -2.620 0.800 68
-12.021 -2.652 0.677 62
-12.056 -2.605 0.721 56
-12.119 -2.583 0.687 95
-12.046 -2.633 0.682 66
-11.931 -2.714 0.670 70
-12.063 -2.631 0.665 57
-12.034 -2.593 0.771 94
-12.010 -2.628 0.735 50
-12.025 -2.603 0.763 85
-11.978 -2.609 0.808 70
-12.039 -2.621 0.712 65
-11.870 -2.751 0.675 95
-11.895 -2.702 0.735 91
-12.084 -2.589 0.717 73
-12.058 -2.643 0.649 57
-11.993 -2.651 0.712 50
-11.983 -2.635 0.755 68
-12.035 -2.592 0.771 98
-11.991 -2.624 0.765 63
-12.018 -2.577 0.819 88
-12.027 -2.598 0.770 95
-12.065 -2.629 0.667 56
-11.930 -2.693 0.710 83
-12.134 -2.582 0.671 89
-12.120 -2.582 0.686 94
-11.849 -2.755 0.692 95
-11.880 -2.728 0.706 78
-12.068 -2.613 0.693 65
-12.019 -2.630 0.721 72
-11.968 -2.667 0.713 74
-12.030 -2.581 0.798 88
-11.911 -2.705 0.711 79
-11.938 -2.656 0.768 94
-11.949 -2.686 0.701 90
-12.039 -2.621 0.712 65
-11.851 -2.770 0.663 80
-11.939 -2.669 0.743 90
-12.081 -2.581 0.737 53
-11.943 -2.661 0.754 69
-11.941 -2.704 0.676 74
-12.080 -2.615 0.673 58
-11.989 -2.613 0.788 62
-11.998 -2.616 0.771 60
-12.149 -2.580 0.656 69
-12.103 -2.605 0.665 66
-12.005 -2.598 0.796 70
-11.851 -2.765 0.671 87
-12.051 -2.622 0.697 58
-11.906 -2.733 0.666 60
-12.106 -2.583 0.702 92
-12.009 -2.584 0.816 86
-11.905 -2.695 0.736 93
-12.037 -2.625 0.707 60
-11.943 -2.674 0.730 98
-11.966 -2.699 0.656 84
-11.879 -2.721 0.720 76
-12.079 -2.621 0.664 60
-11.987 -2.686 0.655 90
-12.027 -2.637 0.698 82
-11.966 -2.665 0.718 87
-12.059 -2.606 0.717 57
-12.086 -2.587 0.718 73
-12.021 -2.667 0.649 54
-11.957 -2.630 0.794 60
-11.974 -2.615 0.803 69
-12.039 -2.615 0.724 65
-11.856 -2.750 0.695 91
-12.105 -2.593 0.685 84
-11.857 -2.753 0.686 94
-12.084 -2.604 0.689 52
-11.922 -2.714 0.680 70
-11.829 -2.783 0.666 99
-11.981 -2.672 0.688 96
-12.018 -2.585 0.805 87
-11.897 -2.714 0.711 82
-11.980 -2.674 0.685 94
-12.061 -2.590 0.742 39
-11.901 -2.714 0.707 73
-12.033 -2.637 0.690 72
-11.934 -2.692 0.707 77
-11.914 -2.700 0.717 91
-12.007 -2.575 0.835 84
-12.023 -2.647 0.683 60
-12.086 -2.603 0.688 57
-12.007 -2.578 0.832 87
-11.874 -2.723 0.723 74
-12.026 -2.576 0.813 87
-11.920 -2.678 0.750 104
-12.092 -2.611 0.666 58
-11.850 -2.765 0.672 87
-11.982 -2.637 0.751 73
-11.981 -2.670 0.692 94
-11.923 -2.700 0.705 75
-12.043 -2.640 0.673 63
-11.972 -2.649 0.741 47
-11.906 -2.718 0.694 62
-11.919 -2.688 0.732 100
-12.108 -2.609 0.652 62
-11.876 -2.727 0.711 80
-11.900 -2.733 0.672 59
-11.832 -2.784 0.634 131
-11.964 -2.707 0.564 48
-11.816 -2.794 0.638 126
-12.026 -2.665 0.633 61
-12.117 -2.608 0.641 80
-11.954 -2.711 0.610 58
-11.889 -2.754 0.557 67
-11.981 -2.694 0.613 84
-11.979 -2.694 0.627 79
-12.103 -2.617 0.629 60
-11.949 -2.715 0.588 54
-11.978 -2.694 0.647 100
-11.845 -2.780 0.567 81
-12.018 -2.671 0.607 83
-12.033 -2.660 0.639 56
-11.879 -2.760 0.561 78
-11.946 -2.714 0.642 89
-11.845 -2.782 0.534 211
-11.978 -2.697 0.595 83
-12.041 -2.656 0.623 64
-11.938 -2.720 0.610 54
-12.055 -2.646 0.640 64
-11.843 -2.783 0.535 213
-11.985 -2.691 0.612 81
-11.864 -2.769 0.560 77
-11.869 -2.767 0.548 58
-12.070 -2.638 0.634 58
-11.817 -2.794 0.634 127
-11.850 -2.772 0.655 84
-11.879 -2.755 0.646 111
-12.069 -2.640 0.609 39
-11.946 -2.716 0.600 50
-11.873 -2.758 0.652 69
-12.045 -2.654 0.611 60
-11.889 -2.752 0.587 64
-11.835 -2.782 0.643 127
-11.831 -2.786 0.614 94
-11.869 -2.764 0.588 79
-12.127 -2.603 0.625 78
-11.958 -2.707 0.640 61
-11.803 -2.802 0.658 165
-11.993 -2.684 0.650 94
-11.859 -2.773 0.547 63
-11.875 -2.762 0.565 81
-11.810 -2.798 0.634 97
-11.877 -2.757 0.623 89
-11.959 -2.707 0.611 61
-11.849 -2.779 0.554 76
-12.112 -2.611 0.642 62
-11.936 -2.722 0.601 51
-11.900 -2.744 0.619 58
-11.889 -2.753 0.563 78
-11.899 -2.745 0.605 60
-11.864 -2.765 0.638 105
-11.906 -2.739 0.628 75
-12.038 -2.657 0.644 86
-11.970 -2.700 0.628 84
-11.967 -2.705 0.575 51
-11.869 -2.765 0.565 82
-11.839 -2.781 0.632 137
-11.914 -2.738 0.554 57
-11.835 -2.783 0.627 141
-11.822 -2.791 0.631 125
-11.842 -2.781 0.596 86
-12.086 -2.629 0.610 56
-11.883 -2.754 0.618 69
-11.990 -2.690 0.586 63
-11.898 -2.746 0.599 55
-11.968 -2.703 0.588 67
-12.018 -2.671 0.611 82
-11.920 -2.734 0.556 54
-12.087 -2.628 0.617 55
-11.869 -2.764 0.590 79
-11.885 -2.757 0.538 48
-11.937 -2.723 0.573 39
-11.971 -2.699 0.619 91
-12.055 -2.648 0.609 38
-11.986 -2.691 0.601 81
-12.055 -2.648 0.623 47
-11.953 -2.711 0.611 58
-12.008 -2.679 0.580 60
-12.103 -2.618 0.615 70
-11.979 -2.697 0.574 70
-11.897 -2.747 0.577 92
-11.838 -2.782 0.606 95
-11.865 -2.768 0.575 81
-11.881 -2.759 0.548 65
-11.820 -2.794 0.601 65
-11.916 -2.736 0.567 45
-11.930 -2.723 0.650 85
-11.921 -2.731 0.598 48
-11.910 -2.739 0.585 56
-12.022 -2.668 0.612 80
-12.034 -2.661 0.604 78
-11.967 -2.704 0.571 55
-11.961 -2.708 0.589 50
-11.920 -2.733 0.592 49
-12.004 -2.680 0.613 81
-11.990 -2.689 0.590 72
-12.018 -2.669 0.645 58
-11.850 -2.779 0.532 189
-11.887 -2.753 0.594 55
-11.986 -2.690 0.632 79
-12.002 -2.681 0.598 57
-11.909 -2.740 0.592 53
-11.928 -2.729 0.561 53
-12.039 -2.657 0.635 76
-11.875 -2.761 0.571 86
-11.865 -2.769 0.543 49
-11.931 -2.727 0.582 51
-12.032 -2.663 0.595 77
-11.861 -2.773 0.529 189
-11.853 -2.771 0.648 95
-12.067 -2.639 0.641 60
-12.016 -2.671 0.628 78
-12.017 -2.671 0.614 83
-11.884 -2.758 0.544 58
-12.032 -2.662 0.620 69
-11.840 -2.781 0.603 98
-12.053 -2.649 0.605 39
-11.848 -2.773 0.658 82
-12.119 -2.608 0.626 94
-11.937 -2.723 0.572 39
-11.907 -2.739 0.612 69
-11.877 -2.757 0.632 110
-11.929 -2.727 0.588 50
-11.912 -2.736 0.617 61
-11.978 -2.698 0.571 74
-12.156 -2.584 0.637 94
-11.991 -2.688 0.609 89
-12.022 -2.668 0.612 80
-11.917 -2.734 0.598 52
-11.835 -2.784 0.607 79
-11.847 -2.778 0.580 84
-12.047 -2.652 0.628 58
-11.922 -2.733 0.562 67
-11.870 -2.763 0.595 78
-12.058 -2.646 0.612 40
-11.960 -2.707 0.611 61
-11.939 -2.720 0.610 54
-12.133 -2.599 0.633 88
-11.875 -2.758 0.629 117
-11.828 -2.787 0.633 130
-11.867 -2.768 0.544 49
-12.146 -2.590 0.640 90
-11.871 -2.764 0.580 80
-11.890 -2.750 0.608 73
-11.937 -2.723 0.579 50
-11.847 -2.781 0.527 183
-11.889 -2.751 0.610 79
-11.816 -2.795 0.634 128
-11.877 -2.762 0.546 64
-11.940 -2.718 0.635 94
-12.004 -2.682 0.580 60
-11.915 -2.736 0.587 50
-12.026 -2.666 0.616 78
-11.811 -2.797 0.653 78
-11.968 -2.704 0.584 63
-11.878 -2.761 0.540 58
-11.875 -2.760 0.588 75
-11.986 -2.689 0.645 94
-11.926 -2.729 0.578 58
-11.934 -2.723 0.608 53
-11.911 -2.738 0.587 56
-11.869 -2.766 0.552 69
-11.988 -2.689 0.620 74
-11.822 -2.792 0.608 69
-11.810 -2.797 0.646 79
-11.868 -2.765 0.578 81
-11.962 -2.704 0.636 72
-11.912 -2.735 0.632 94
-11.955 -2.712 0.573 57
-11.874 -2.764 0.533 118
-12.135 -2.597 0.629 83
-11.986 -2.692 0.586 69
-11.834 -2.783 0.639 134
-12.035 -2.659 0.642 67
-11.905 -2.740 0.621 60
-12.074 -2.635 0.634 55
-11.952 -2.711 0.613 63
-12.008 -2.677 0.605 78
-11.827 -2.788 0.635 130
-12.003 -2.680 0.610 77
-12.053 -2.649 0.616 43
-11.921 -2.731 0.602 51
-12.018 -2.670 0.633 66
-12.044 -2.654 0.638 74
-12.007 -2.680 0.582 66
-11.868 -2.762 0.640 94
-12.015 -2.673 0.606 84
-12.101 -2.619 0.628 60
-11.825 -2.788 0.647 122
-12.011 -2.675 0.617 79
-11.940 -2.720 0.594 46
-11.807 -2.800 0.642 74
-11.979 -2.697 0.578 72
-11.923 -2.729 0.611 53
-11.827 -2.787 0.643 116
-11.894 -2.745 0.650 69
-11.891 -2.749 0.613 79
-11.816 -2.796 0.609 97
-11.933 -2.726 0.564 30
-11.946 -2.718 0.577 45
-11.879 -2.760 0.549 70
-12.061 -2.643 0.623 39
-11.868 -2.766 0.571 82
-11.930 -2.728 0.571 44
-11.865 -2.768 0.560 77
-11.931 -2.724 0.634 91
-11.852 -2.779 0.523 183
-12.004 -2.680 0.606 70
-12.022 -2.667 0.646 58
-12.047 -2.651 0.641 66
-11.944 -2.715 0.651 78
-11.954 -2.709 0.643 59
-11.830 -2.787 0.617 119
-11.929 -2.727 0.586 55
-11.972 -2.701 0.583 82
-11.852 -2.775 0.577 81
-11.891 -2.749 0.614 79
-11.878 -2.762 0.532 159
-12.078 -2.632 0.640 56
-12.004 -2.679 0.609 77
-12.009 -2.675 0.632 67
-11.922 -2.730 0.618 61
-11.834 -2.788 0.543 134
-11.934 -2.725 0.569 32
-11.896 -2.746 0.621 62
-11.978 -2.696 0.609 86
-11.930 -2.724 0.639 93
-11.912 -2.738 0.591 57
-11.869 -2.767 0.536 82
-12.138 -2.596 0.635 90
-12.050 -2.649 0.644 62
-12.024 -2.666 0.628 75
-11.919 -2.730 0.647 79
-12.017 -2.672 0.607 83
-12.020 -2.670 0.610 82
-12.096 -2.622 0.634 60
-11.895 -2.748 0.593 55
-11.919 -2.732 0.617 61
-12.038 -2.657 0.641 80
-11.956 -2.710 0.609 55
-12.067 -2.641 0.607 39
-11.934 -2.721 0.645 78
-11.962 -2.705 0.617 52
-12.066 -2.641 0.616 50
-12.010 -2.676 0.615 79
-12.114 -2.610 0.634 74
-11.995 -2.685 0.616 88
-11.950 -2.713 0.614 64
-12.136 -2.597 0.628 83
-12.078 -2.634 0.607 48
-11.918 -2.735 0.577 42
-11.896 -2.746 0.612 74
-11.876 -2.756 0.654 69
-11.964 -2.702 0.650 80
-11.890 -2.752 0.572 82
-11.964 -2.702 0.651 80
-11.959 -2.705 0.644 58
-11.948 -2.713 0.622 58
-11.990 -2.690 0.586 68
-12.088 -2.627 0.618 53
-11.831 -2.788 0.585 72
-12.107 -2.615 0.629 60
-11.876 -2.760 0.588 73
-12.107 -2.616 0.620 70
-12.050 -2.650 0.637 58
-11.891 -2.747 0.644 78
-12.070 -2.639 0.605 33
-11.888 -2.755 0.549 67
-11.905 -2.742 0.586 65
-11.882 -2.757 0.581 82
-12.026 -2.665 0.626 71
-11.842 -2.781 0.589 78
-12.052 -2.648 0.636 65
-11.843 -2.777 0.640 112
-11.847 -2.777 0.604 72
-12.127 -2.602 0.640 90
-11.839 -2.782 0.614 68
-11.931 -2.727 0.573 34
-11.895 -2.749 0.562 82
-11.858 -2.769 0.628 112
-12.071 -2.639 0.605 33
-11.851 -2.778 0.527 183
-12.045 -2.653 0.635 73
-11.872 -2.762 0.596 80
-12.049 -2.652 0.612 44
-12.113 -2.611 0.637 74
-11.971 -2.699 0.627 90
-11.863 -2.766 0.619 95
-11.875 -2.762 0.564 81
-11.824 -2.789 0.654 93
-11.935 -2.723 0.598 50
-11.839 -2.787 0.519 191
-12.144 -2.592 0.635 101
-12.024 -2.668 0.606 78
-11.971 -2.699 0.629 90
-12.017 -2.670 0.635 64
-12.026 -2.665 0.635 61
-11.904 -2.744 0.562 56
-11.873 -2.763 0.557 80
-11.818 -2.793 0.632 127
-11.841 -2.783 0.568 83
-12.042 -2.657 0.595 55
-11.934 -2.721 0.636 86
-11.850 -2.775 0.598 81
-11.820 -2.794 0.604 62
-12.015 -2.672 0.620 86
-11.830 -2.786 0.623 133
-11.928 -2.726 0.623 95
-12.001 -2.681 0.626 79
-11.858 -2.772 0.566 74
-12.003 -2.681 0.605 70
-12.106 -2.561 0.726 94
-12.131 -2.520 0.718 92
-12.147 -2.568 0.671 73
-12.084 -2.572 0.749 94
-12.121 -2.526 0.727 88
-12.068 -2.551 0.780 88
-12.032 -2.556 0.824 65
-12.023 -2.567 0.829 74
-12.101 -2.521 0.755 64
-12.127 -2.572 0.693 96
-12.100 -2.484 0.777 165
-12.059 -2.546 0.795 87
-12.082 -2.573 0.750 94
-12.133 -2.562 0.692 95
-12.052 -2.563 0.794 77
-12.092 -2.500 0.778 75
-12.126 -2.500 0.736 66
-12.056 -2.551 0.796 86
-12.097 -2.488 0.779 163
-12.105 -2.486 0.770 154
-12.142 -2.484 0.723 152
-12.057 -2.554 0.792 88
-12.031 -2.555 0.825 65
-12.151 -2.536 0.683 91
-12.068 -2.553 0.780 88
-12.159 -2.546 0.667 74
-12.127 -2.479 0.746 157
-12.090 -2.562 0.746 88
-12.115 -2.567 0.711 98
-12.107 -2.551 0.730 83
-12.052 -2.556 0.798 84
-12.054 -2.527 0.811 49
-12.149 -2.510 0.700 80
-12.048 -2.544 0.811 82
-12.034 -2.555 0.821 75
-12.116 -2.503 0.746 53
-12.118 -2.506 0.741 63
-12.059 -2.551 0.793 91
-12.122 -2.500 0.740 63
-12.106 -2.503 0.758 52
-12.096 -2.511 0.767 61
-12.064 -2.569 0.775 90
-12.104 -2.567 0.726 97
-12.125 -2.482 0.747 158
-12.049 -2.563 0.798 78
-12.081 -2.556 0.760 85
-12.044 -2.566 0.803 77
-12.060 -2.536 0.799 78
-12.023 -2.566 0.829 74
-12.134 -2.522 0.713 89
-12.131 -2.557 0.696 97
-12.070 -2.526 0.791 75
-12.134 -2.566 0.687 100
-12.156 -2.549 0.670 76
-12.129 -2.503 0.730 64
-12.161 -2.561 0.656 79
-12.157 -2.562 0.660 62
-12.147 -2.515 0.700 85
-12.148 -2.529 0.690 87
-12.137 -2.524 0.707 98
-12.053 -2.568 0.789 81
-12.068 -2.515 0.800 67
-12.064 -2.542 0.791 91
-12.128 -2.472 0.748 156
-12.150 -2.510 0.699 80
-12.107 -2.525 0.746 67
-12.090 -2.546 0.755 63
-12.066 -2.546 0.786 90
-12.021 -2.568 0.831 80
-12.148 -2.576 0.664 71
-12.071 -2.545 0.780 87
-12.161 -2.561 0.656 76
-12.101 -2.545 0.741 67
-12.074 -2.547 0.775 88
-12.114 -2.549 0.723 97
-12.035 -2.565 0.815 78
-12.100 -2.541 0.745 64
-12.087 -2.572 0.744 93
-12.068 -2.542 0.785 89
-12.158 -2.555 0.664 67
-12.056 -2.558 0.792 86
-12.135 -2.507 0.719 79
-12.097 -2.526 0.757 63
-12.082 -2.560 0.757 85
-12.150 -2.575 0.662 75
-12.049 -2.535 0.813 71
-12.051 -2.537 0.810 78
-12.055 -2.528 0.810 49
-12.115 -2.480 0.761 155
-12.153 -2.526 0.686 92
-12.121 -2.476 0.754 158
-12.140 -2.504 0.715 90
-12.099 -2.520 0.759 63
-12.054 -2.549 0.799 88
-12.140 -2.509 0.712 82
-12.116 -2.499 0.748 67
-12.149 -2.574 0.663 76
-12.125 -2.509 0.731 68
-12.107 -2.509 0.755 60
-12.135 -2.472 0.740 155
-12.114 -2.541 0.727 92
-12.144 -2.494 0.715 151
-12.047 -2.547 0.809 91
-12.139 -2.576 0.676 76
-12.161 -2.550 0.662 75
-12.108 -2.514 0.750 64
-12.122 -2.572 0.700 97
-12.119 -2.512 0.737 66
-12.083 -2.566 0.753 90
-12.121 -2.522 0.729 83
-12.068 -2.564 0.772 89
-12.105 -2.477 0.775 163
-12.094 -2.537 0.755 63
-12.100 -2.503 0.766 52
-12.085 -2.557 0.755 83
-12.097 -2.499 0.772 70
-12.135 -2.527 0.708 95
-12.149 -2.569 0.667 74
-12.103 -2.511 0.758 58
-12.119 -2.550 0.716 96
-12.142 -2.556 0.684 77
-12.133 -2.567 0.688 100
-12.063 -2.516 0.806 68
-12.153 -2.542 0.677 82
-12.075 -2.507 0.797 101
-12.085 -2.510 0.782 53
-12.118 -2.563 0.710 100
-12.131 -2.476 0.742 156
-12.072 -2.562 0.769 90
-12.135 -2.503 0.722 75
-12.130 -2.555 0.699 99
-12.122 -2.564 0.704 99
-12.094 -2.549 0.749 63
-12.083 -2.565 0.754 93
-12.114 -2.470 0.767 166
-12.113 -2.499 0.753 57
-12.111 -2.475 0.769 162
-12.109 -2.566 0.719 99
-12.120 -2.472 0.759 163
-12.136 -2.502 0.721 87
-12.150 -2.514 0.696 89
-12.120 -2.565 0.706 103
-12.128 -2.499 0.734 80
-12.064 -2.552 0.785 92
-12.133 -2.528 0.711 92
-12.106 -2.538 0.739 65
-12.109 -2.571 0.717 98
-12.144 -2.513 0.705 78
-12.114 -2.468 0.768 166
-12.099 -2.492 0.773 131
-12.091 -2.503 0.778 57
-12.031 -2.566 0.819 79
-12.124 -2.567 0.699 96
-12.156 -2.540 0.674 79
-12.094 -2.521 0.764 65
-12.032 -2.559 0.822 73
-12.019 -2.566 0.834 74
-12.118 -2.574 0.704 94
-12.112 -2.490 0.759 132
-12.143 -2.550 0.686 82
-12.084 -2.508 0.785 61
-12.085 -2.501 0.787 87
-12.143 -2.492 0.717 147
-12.060 -2.561 0.785 91
-12.043 -2.561 0.806 80
-12.055 -2.548 0.799 88
-12.152 -2.556 0.671 81
-12.092 -2.540 0.756 61
-12.129 -2.484 0.740 157
-12.150 -2.549 0.676 81
-12.131 -2.531 0.711 93
-12.027 -2.552 0.831 61
-12.087 -2.561 0.750 88
-12.077 -2.562 0.763 86
-12.164 -2.489 0.660 144
-12.198 -2.484 0.558 133
-12.159 -2.532 0.672 82
-12.193 -2.483 0.573 127
-12.153 -2.505 0.693 102
-12.179 -2.537 0.608 31
-12.170 -2.479 0.643 28
-12.145 -2.470 0.722 148
-12.166 -2.556 0.646 81
-12.160 -2.538 0.668 78
-12.172 -2.536 0.629 79
-12.198 -2.477 0.557 133
-12.153 -2.511 0.691 92
-12.173 -2.544 0.627 77
-12.161 -2.503 0.667 137
-12.177 -2.515 0.618 20
-12.188 -2.479 0.590 122
-12.168 -2.571 0.636 93
-12.159 -2.470 0.678 146
-12.182 -2.478 0.607 124
-12.186 -2.472 0.595 126
-12.177 -2.479 0.622 135
-12.194 -2.492 0.569 120
-12.176 -2.501 0.624 28
-12.155 -2.488 0.691 142
-12.188 -2.468 0.589 124
-12.186 -2.507 0.591 91
-12.191 -2.498 0.575 127
-12.169 -2.471 0.649 81
-12.197 -2.471 0.561 134
-12.163 -2.475 0.666 138
-12.157 -2.496 0.683 137
-12.148 -2.485 0.711 142
-12.175 -2.503 0.624 30
-12.171 -2.474 0.643 29
-12.158 -2.534 0.672 85
-12.200 -2.480 0.552 135
-12.151 -2.498 0.700 126
-12.159 -2.537 0.668 78
-12.167 -2.480 0.654 122
-12.179 -2.539 0.607 34
-12.163 -2.532 0.657 90
-12.178 -2.534 0.611 26
-12.177 -2.504 0.620 23
-12.181 -2.519 0.604 18
-12.162 -2.550 0.659 75
-12.170 -2.566 0.631 79
-12.170 -2.541 0.636 99
-12.172 -2.493 0.635 25
-12.202 -2.470 0.545 142
-12.165 -2.549 0.650 86
-12.152 -2.471 0.702 145
-12.175 -2.477 0.628 130
-12.184 -2.482 0.601 116
-12.185 -2.496 0.594 115
-12.167 -2.561 0.643 71
-12.165 -2.474 0.660 148
-12.155 -2.487 0.689 133
-12.185 -2.493 0.597 119
-12.175 -2.497 0.627 30
-12.174 -2.528 0.625 43
-12.159 -2.490 0.677 138
-12.181 -2.522 0.603 21
-12.191 -2.504 0.576 117
-12.187 -2.482 0.591 122
-12.185 -2.497 0.596 111
-12.161 -2.550 0.662 75
-12.169 -2.469 0.648 58
-12.195 -2.480 0.567 129
-12.187 -2.471 0.593 126
-12.171 -2.557 0.629 93
-12.190 -2.482 0.582 124
-12.163 -2.485 0.665 140
-12.173 -2.553 0.625 65
-12.194 -2.491 0.567 119
-12.166 -2.492 0.655 141
-12.174 -2.553 0.621 48
-12.182 -2.480 0.606 116
-12.188 -2.503 0.584 113
-12.153 -2.492 0.694 140
-12.157 -2.478 0.686 143
-12.196 -2.472 0.565 133
-12.185 -2.512 0.592 68
-12.157 -2.502 0.681 133
-12.159 -2.519 0.671 83
-12.184 -2.503 0.597 78
-12.157 -2.518 0.678 81
-12.155 -2.486 0.689 133
-12.184 -2.484 0.599 116
-12.187 -2.512 0.588 72
-12.161 -2.539 0.665 76
-12.176 -2.531 0.617 36
-12.185 -2.496 0.595 115
-12.169 -2.468 0.650 81
-12.194 -2.475 0.571 130
-12.170 -2.549 0.634 97
-12.180 -2.479 0.613 127
-12.161 -2.482 0.673 136
-12.163 -2.548 0.654 68
-12.157 -2.485 0.682 136
-12.162 -2.487 0.667 131
-12.192 -2.486 0.574 125
-12.200 -2.477 0.551 135
-12.150 -2.503 0.702 110
-12.192 -2.492 0.575 124
-12.170 -2.485 0.643 20
-12.179 -2.468 0.619 135
-12.158 -2.530 0.674 87
-11.937 -2.719 0.544 24
-12.048 -2.643 0.579 39
-11.903 -2.742 0.533 41
-11.961 -2.693 0.537 36
-12.117 -2.596 0.600 43
-11.993 -2.637 0.496 126
-12.047 -2.641 0.573 38
-12.106 -2.606 0.600 37
-11.960 -2.701 0.548 35
-11.901 -2.735 0.519 150
-11.991 -2.644 0.504 134
-11.960 -2.652 0.473 134
-12.113 -2.607 0.611 42
-12.069 -2.627 0.583 57
-11.967 -2.688 0.538 50
-11.954 -2.678 0.506 135
-12.060 -2.620 0.560 54
-12.047 -2.644 0.579 44
-12.076 -2.624 0.588 70
-11.978 -2.670 0.525 48
-12.016 -2.665 0.569 69
-11.901 -2.747 0.537 49
-11.901 -2.725 0.504 149
-11.918 -2.699 0.488 140
-12.119 -2.598 0.607 46
-11.985 -2.637 0.484 124
-12.088 -2.613 0.586 63
-11.893 -2.751 0.534 54
-11.971 -2.645 0.478 127
-12.019 -2.640 0.534 42
-12.068 -2.636 0.594 37
-11.954 -2.679 0.507 140
-12.032 -2.652 0.569 62
-12.030 -2.649 0.564 56
-12.079 -2.629 0.598 76
-11.930 -2.714 0.527 61
-11.944 -2.698 0.522 67
-12.051 -2.643 0.582 39
-12.122 -2.596 0.606 34
-12.129 -2.590 0.607 48
-12.072 -2.632 0.594 62
-11.914 -2.728 0.527 66
-11.997 -2.680 0.566 68
-12.012 -2.675 0.578 66
-11.928 -2.719 0.532 23
-12.060 -2.620 0.561 54
-12.029 -2.645 0.556 53
-12.011 -2.666 0.564 59
-11.967 -2.670 0.510 138
-11.985 -2.669 0.532 45
-12.134 -2.588 0.612 57
-11.888 -2.742 0.513 155
-11.949 -2.676 0.494 133
-11.880 -2.741 0.501 150
-11.922 -2.713 0.514 159
-11.958 -2.685 0.522 55
-11.990 -2.680 0.556 59
-11.986 -2.671 0.537 45
-12.029 -2.638 0.546 40
-12.104 -2.599 0.587 44
-12.075 -2.614 0.570 65
-11.865 -2.768 0.521 177
-12.079 -2.613 0.575 67
-12.124 -2.594 0.607 49
-11.959 -2.695 0.538 33
-11.942 -2.688 0.503 142
-12.070 -2.634 0.594 47
-11.962 -2.671 0.505 137
-12.046 -2.625 0.548 29
-11.999 -2.651 0.525 40
-12.091 -2.602 0.573 80
-11.884 -2.746 0.513 158
-11.961 -2.703 0.551 39
-11.898 -2.741 0.525 139
-12.010 -2.675 0.575 70
-11.938 -2.714 0.538 38
-12.068 -2.634 0.592 45
-12.012 -2.662 0.559 55
-11.923 -2.701 0.498 140
-11.996 -2.639 0.504 135
-11.970 -2.681 0.530 45
-11.960 -2.705 0.553 46
-12.034 -2.646 0.564 45
-12.081 -2.629 0.602 66
-12.076 -2.634 0.602 57
-11.948 -2.708 0.542 47
-11.978 -2.657 0.505 143
-11.891 -2.752 0.533 72
-12.079 -2.627 0.596 76
-12.007 -2.660 0.549 63
-12.050 -2.645 0.583 44
-11.986 -2.668 0.532 45
-11.946 -2.670 0.482 132
-12.118 -2.601 0.609 48
-11.961 -2.686 0.526 43
-11.965 -2.693 0.541 47
-11.955 -2.697 0.536 31
-12.018 -2.673 0.582 55
-11.990 -2.678 0.554 57
-11.848 -2.781 0.516 176
-11.929 -2.719 0.533 23
-11.935 -2.711 0.528 43
-11.959 -2.664 0.490 127
-11.979 -2.648 0.493 122
-12.014 -2.628 0.511 127
-12.046 -2.621 0.543 29
-12.020 -2.663 0.572 73
-11.980 -2.674 0.534 39
-12.107 -2.613 0.613 53
-11.979 -2.688 0.554 62
-12.057 -2.626 0.565 41
-12.055 -2.618 0.550 30
-11.988 -2.675 0.546 52
-12.061 -2.627 0.572 28
-11.943 -2.677 0.490 133
-12.010 -2.630 0.508 144
-11.877 -2.746 0.504 152
-12.088 -2.610 0.583 62
-11.981 -2.684 0.551 66
-12.035 -2.657 0.582 68
-11.880 -2.746 0.508 153
-12.019 -2.654 0.556 64
-11.987 -2.635 0.485 124
-12.110 -2.601 0.598 60
-11.884 -2.752 0.522 166
-11.967 -2.700 0.556 61
-12.023 -2.652 0.558 60
-11.974 -2.651 0.491 123
-11.984 -2.635 0.481 125
-11.952 -2.675 0.499 131
-11.897 -2.727 0.503 148
-12.100 -2.608 0.596 41
-11.976 -2.678 0.535 39
-12.059 -2.630 0.574 31
-11.921 -2.724 0.529 60
-11.938 -2.689 0.500 142
-11.886 -2.748 0.519 158
-12.038 -2.637 0.555 41
-12.032 -2.642 0.556 50
-11.954 -2.682 0.511 141
-11.924 -2.730 0.543 36
-12.155 -2.584 0.634 85
-11.908 -2.733 0.526 83
-12.023 -2.659 0.568 73
-11.918 -2.729 0.533 31
-11.927 -2.720 0.533 28
-12.096 -2.604 0.585 65
-11.957 -2.705 0.551 41
-11.981 -2.693 0.564 54
-12.080 -2.632 0.603 63
-12.063 -2.632 0.582 39
-12.060 -2.618 0.557 55
-11.974 -2.638 0.473 133
-12.011 -2.632 0.512 140
-12.002 -2.655 0.535 39
-12.045 -2.652 0.587 52
-12.041 -2.630 0.548 34
-12.106 -2.599 0.590 49
-11.938 -2.694 0.507 152
-11.997 -2.685 0.573 69
-11.959 -2.667 0.495 126
-11.908 -2.720 0.506 154
-11.946 -2.674 0.489 134
-12.116 -2.596 0.598 54
-11.982 -2.638 0.482 126
-12.044 -2.631 0.555 42
-11.999 -2.653 0.527 43
-12.042 -2.653 0.584 53
-12.083 -2.606 0.570 73
-11.972 -2.664 0.508 135
-11.929 -2.709 0.518 119
-11.969 -2.656 0.493 120
-12.045 -2.643 0.574 41
-11.994 -2.664 0.537 41
-11.895 -2.728 0.501 146
-12.036 -2.660 0.587 72
-12.062 -2.635 0.585 43
-12.130 -2.600 0.623 72
-11.977 -2.673 0.528 39
-11.884 -2.750 0.519 160
-11.951 -2.682 0.508 146
-12.122 -2.596 0.607 39
-12.038 -2.632 0.549 37
-11.980 -2.673 0.532 39
-11.952 -2.680 0.506 140
-12.073 -2.621 0.578 62
-11.879 -2.747 0.509 153
-11.885 -2.739 0.504 151
-12.024 -2.628 0.524 33
-11.951 -2.713 0.553 36
-11.989 -2.644 0.502 126
-11.909 -2.738 0.535 36
-12.040 -2.629 0.545 31
-11.978 -2.648 0.492 124
-11.971 -2.676 0.526 41
-11.967 -2.685 0.533 48
-11.905 -2.734 0.523 132
-11.926 -2.705 0.508 156
-11.991 -2.665 0.536 44
-11.931 -2.725 0.545 31
-11.982 -2.666 0.525 47
-11.964 -2.678 0.519 90
-12.094 -2.615 0.598 55
-12.027 -2.640 0.547 43
-12.075 -2.633 0.600 60
-11.959 -2.655 0.478 129
-12.033 -2.641 0.556 47
-11.989 -2.655 0.517 104
-11.917 -2.700 0.488 140
-12.007 -2.658 0.546 62
-11.902 -2.743 0.532 41
-11.977 -2.690 0.554 62
-11.942 -2.703 0.527 35
-12.085 -2.612 0.581 64
-12.122 -2.599 0.612 46
-11.906 -2.718 0.501 149
-11.900 -2.732 0.513 160
-12.071 -2.626 0.584 63
-12.045 -2.640 0.570 41
-11.952 -2.672 0.495 129
-12.064 -2.612 0.554 57
-11.998 -2.639 0.505 135
-11.953 -2.676 0.501 132
-12.014 -2.668 0.570 69
-12.082 -2.629 0.603 66
-12.062 -2.637 0.588 41
-11.982 -2.668 0.528 45
-11.907 -2.722 0.509 151
-11.954 -2.691 0.525 49
-12.120 -2.592 0.598 40
-12.076 -2.630 0.595 73
-11.992 -2.640 0.500 127
-12.062 -2.471 0.437 153
-12.054 -2.531 0.462 134
-12.086 -2.478 0.456 141
-12.063 -2.531 0.468 135
-12.140 -2.468 0.485 57
-12.102 -2.508 0.480 138
-12.077 -2.491 0.457 138
-12.053 -2.525 0.458 136
-12.077 -2.509 0.465 134
-12.115 -2.468 0.468 149
-12.092 -2.511 0.475 135
-12.046 -2.528 0.456 140
-12.106 -2.483 0.471 144
-12.062 -2.516 0.459 136
-12.073 -2.490 0.453 139
-12.124 -2.468 0.474 151
-12.097 -2.482 0.464 140
-12.087 -2.501 0.468 136
-12.065 -2.483 0.445 146
-12.067 -2.474 0.442 146
-12.065 -2.494 0.450 142
-12.144 -2.482 0.494 99
-12.106 -2.503 0.480 136
-12.042 -2.536 0.457 138
-12.101 -2.476 0.464 143
-12.059 -2.518 0.459 136
-12.099 -2.493 0.471 138
-12.049 -2.500 0.443 147
-12.077 -2.494 0.458 140
-12.041 -2.511 0.444 142
-12.123 -2.486 0.483 138
-12.056 -2.526 0.461 135
-12.048 -2.538 0.462 133
-12.062 -2.490 0.446 145
-12.060 -2.529 0.465 136
-12.054 -2.532 0.463 133
-12.101 -2.478 0.465 141
-12.118 -2.493 0.483 142
-12.102 -2.501 0.477 137
-12.064 -2.473 0.440 147
-12.057 -2.505 0.451 140
-12.128 -2.475 0.480 155
-12.123 -2.491 0.485 141
-12.149 -2.472 0.492 23
-12.071 -2.524 0.469 132
-12.091 -2.513 0.476 134
-12.041 -2.523 0.450 144
-12.111 -2.498 0.481 133
-12.065 -2.505 0.456 135
-12.091 -2.508 0.474 136
-12.073 -2.486 0.451 140
-12.049 -2.501 0.444 147
-12.150 -2.476 0.494 17
-12.080 -2.482 0.454 139
-12.083 -2.488 0.459 138
-12.085 -2.509 0.470 136
-12.114 -2.476 0.472 140
-12.096 -2.476 0.461 142
-12.043 -2.513 0.447 146
-12.099 -2.509 0.479 138
-12.084 -2.495 0.463 137
-12.056 -2.475 0.436 151
-12.137 -2.476 0.486 125
-12.116 -2.486 0.478 141
-12.122 -2.495 0.487 141
-12.069 -2.479 0.446 146
-12.083 -2.508 0.468 136
-12.123 -2.492 0.485 141
-12.147 -2.481 0.495 51
-12.032 -2.543 0.454 145
-12.063 -2.502 0.453 139
-12.095 -2.537 0.493 131
-12.059 -2.548 0.474 129
-12.080 -2.525 0.475 127
-11.995 -2.605 0.465 139
-12.028 -2.559 0.459 142
-12.065 -2.545 0.477 129
-12.032 -2.572 0.471 129
-12.081 -2.540 0.485 129
-12.079 -2.546 0.488 126
-12.037 -2.577 0.478 124
-12.052 -2.562 0.479 128
-11.981 -2.626 0.468 134
-11.982 -2.629 0.471 131
-12.000 -2.597 0.464 135
-12.044 -2.549 0.465 134
-12.145 -2.489 0.498 128
-12.043 -2.554 0.467 132
-12.083 -2.525 0.477 127
-12.004 -2.608 0.473 132
-11.980 -2.628 0.469 133
-12.095 -2.530 0.489 133
-12.055 -2.567 0.484 128
-12.023 -2.589 0.475 125
-12.079 -2.527 0.476 127
-11.993 -2.606 0.465 139
-12.139 -2.497 0.499 145
-12.045 -2.549 0.466 134
-12.020 -2.578 0.466 135
-12.069 -2.553 0.484 127
-12.021 -2.584 0.471 128
-11.981 -2.627 0.469 133
-12.000 -2.613 0.473 131
-12.034 -2.570 0.471 128
-12.082 -2.541 0.487 128
-12.042 -2.552 0.465 133
-12.076 -2.540 0.482 131
-12.087 -2.544 0.492 126
-12.071 -2.537 0.476 132
-12.049 -2.565 0.479 129
-12.017 -2.574 0.462 140
-12.001 -2.606 0.470 133
-12.038 -2.552 0.462 136
-12.058 -2.548 0.474 129
-12.144 -2.491 0.499 146
-12.066 -2.552 0.482 127
-12.067 -2.560 0.488 126
-12.058 -2.563 0.484 128
-12.026 -2.562 0.460 140
-12.061 -2.537 0.470 134
-12.022 -2.581 0.469 134
-12.069 -2.536 0.474 133
-12.012 -2.586 0.465 131
-12.121 -2.516 0.498 127
-12.048 -2.573 0.482 127
-12.121 -2.510 0.495 131
-12.007 -2.607 0.475 129
-12.161 -2.542 0.584 66
-12.036 -2.613 0.517 70
-12.175 -2.528 0.584 26
-12.103 -2.558 0.531 58
-12.087 -2.579 0.538 32
-12.079 -2.595 0.549 47
-12.189 -2.505 0.571 119
-12.021 -2.621 0.510 130
-12.105 -2.564 0.541 51
-12.169 -2.568 0.630 74
-12.182 -2.503 0.559 64
-12.083 -2.560 0.508 128
-12.099 -2.540 0.503 123
-12.103 -2.535 0.500 127
-12.169 -2.549 0.605 54
-12.096 -2.564 0.530 50
-12.133 -2.573 0.590 67
-12.177 -2.494 0.540 83
-12.092 -2.590 0.560 41
-12.089 -2.547 0.499 122
-12.187 -2.476 0.530 133
-12.074 -2.605 0.557 57
-12.139 -2.527 0.536 76
-12.024 -2.608 0.496 127
-12.180 -2.532 0.595 21
-12.107 -2.537 0.509 121
-12.062 -2.579 0.506 126
-12.160 -2.565 0.613 60
-12.184 -2.477 0.526 139
-12.002 -2.620 0.484 127
-12.062 -2.598 0.532 33
-12.124 -2.555 0.554 62
-12.094 -2.566 0.531 45
-12.019 -2.622 0.508 137
-12.116 -2.547 0.532 49
-12.168 -2.484 0.515 47
-12.006 -2.624 0.494 127
-12.173 -2.529 0.583 31
-12.196 -2.479 0.545 128
-11.995 -2.622 0.477 127
-12.119 -2.571 0.568 72
-12.031 -2.609 0.506 143
-12.136 -2.581 0.603 68
-12.164 -2.503 0.535 26
-12.153 -2.512 0.533 130
-12.037 -2.590 0.488 126
-12.044 -2.611 0.525 27
-12.081 -2.601 0.561 59
-12.106 -2.567 0.547 59
-12.185 -2.469 0.518 148
-12.083 -2.587 0.544 41
-12.083 -2.595 0.555 60
-12.058 -2.577 0.498 121
-12.177 -2.525 0.582 26
-12.102 -2.551 0.520 118
-12.096 -2.565 0.531 47
-12.091 -2.561 0.521 108
-12.149 -2.552 0.581 66
-12.077 -2.587 0.537 37
-12.145 -2.578 0.612 48
-12.103 -2.542 0.510 121
-12.155 -2.528 0.558 69
-12.098 -2.560 0.526 70
-12.000 -2.621 0.482 126
-12.185 -2.500 0.559 106
-12.160 -2.525 0.559 68
-12.125 -2.540 0.534 68
-12.067 -2.568 0.499 123
-12.108 -2.534 0.505 122
-12.066 -2.604 0.545 41
-12.161 -2.546 0.590 57
-12.066 -2.568 0.496 123
-12.166 -2.492 0.524 14
-12.130 -2.556 0.562 64
-12.111 -2.532 0.507 122
-12.179 -2.508 0.562 24
-12.175 -2.489 0.532 96
-12.165 -2.512 0.549 32
-12.162 -2.495 0.522 13
-12.067 -2.590 0.527 29
-12.026 -2.620 0.515 67
-12.160 -2.554 0.599 58
-12.196 -2.484 0.552 134
-12.098 -2.553 0.518 125
-12.104 -2.539 0.507 120
-12.156 -2.500 0.522 93
-12.171 -2.552 0.610 58
-12.098 -2.579 0.553 65
-12.089 -2.582 0.545 39
-12.092 -2.545 0.500 122
-12.099 -2.567 0.539 55
-12.131 -2.561 0.571 68
-12.168 -2.515 0.558 28
-12.165 -2.531 0.575 76
-12.068 -2.591 0.530 31
-12.026 -2.611 0.502 131
-12.129 -2.587 0.603 52
-12.160 -2.579 0.631 69
-12.150 -2.518 0.539 120
-12.123 -2.523 0.510 122
-12.041 -2.592 0.498 129
-12.111 -2.562 0.546 61
-12.178 -2.480 0.523 142
-12.101 -2.577 0.554 70
-12.044 -2.594 0.503 134
-12.166 -2.495 0.528 17
-12.144 -2.565 0.593 68
-12.006 -2.621 0.490 126
-12.107 -2.596 0.586 55
-12.133 -2.509 0.504 126
-12.113 -2.579 0.572 74
-12.183 -2.494 0.549 121
-12.153 -2.568 0.608 71
-12.126 -2.571 0.578 69
-12.168 -2.524 0.568 55
-12.170 -2.501 0.541 21
-12.136 -2.577 0.599 70
-12.149 -2.542 0.569 66
-12.173 -2.504 0.549 24
-12.128 -2.578 0.589 60
-12.046 -2.585 0.494 126
-12.062 -2.594 0.526 28
-12.086 -2.567 0.521 104
-12.139 -2.506 0.508 131
-12.113 -2.567 0.555 62
-12.138 -2.521 0.527 128
-12.150 -2.562 0.596 65
-12.125 -2.576 0.583 67
-12.176 -2.540 0.600 50
-12.048 -2.611 0.531 23
-12.115 -2.568 0.560 64
-12.157 -2.547 0.585 66
-12.068 -2.574 0.508 129
-12.099 -2.553 0.519 121
-12.100 -2.590 0.569 54
-12.092 -2.554 0.510 126
-12.098 -2.572 0.542 54
-12.050 -2.579 0.491 124
-12.149 -2.510 0.527 133
-12.162 -2.547 0.592 56
-12.060 -2.608 0.542 33
-12.074 -2.568 0.507 129
-12.127 -2.546 0.545 53
-12.092 -2.599 0.571 82
-12.035 -2.605 0.506 138
-12.062 -2.567 0.491 125
-12.076 -2.579 0.524 48
-12.151 -2.581 0.623 58
-12.167 -2.503 0.540 20
-12.147 -2.508 0.520 132
-12.099 -2.572 0.544 60
-12.155 -2.517 0.543 107
-12.141 -2.535 0.549 59
-12.082 -2.602 0.563 59
-12.153 -2.517 0.541 115
-12.178 -2.472 0.513 138
-12.130 -2.552 0.557 58
-12.144 -2.526 0.541 66
-12.068 -2.580 0.516 119
-12.022 -2.600 0.483 125
-12.129 -2.539 0.539 52
-12.166 -2.501 0.537 20
-12.049 -2.585 0.498 128
-12.157 -2.549 0.587 67
-12.061 -2.578 0.504 125
-12.032 -2.612 0.512 145
-12.147 -2.532 0.553 60
-12.166 -2.565 0.621 47
-12.056 -2.597 0.522 39
-12.157 -2.536 0.570 63
-12.087 -2.581 0.541 41
-12.071 -2.574 0.511 128
-12.176 -2.537 0.598 39
-12.107 -2.556 0.533 51
-12.193 -2.489 0.554 118
-12.169 -2.508 0.549 25
-12.161 -2.531 0.569 74
-12.038 -2.613 0.521 52
-12.178 -2.544 0.609 60
-12.167 -2.556 0.611 62
-12.124 -2.548 0.544 52
-12.011 -2.624 0.502 126
-12.149 -2.516 0.534 129
-12.106 -2.557 0.533 50
-12.069 -2.564 0.495 123
-12.017 -2.615 0.495 123
-12.151 -2.527 0.552 61
-12.110 -2.526 0.498 129
-12.169 -2.553 0.609 58
-12.104 -2.567 0.544 59
-12.076 -2.575 0.518 93
-12.154 -2.498 0.516 84
-12.097 -2.557 0.522 114
-12.094 -2.580 0.548 49
-12.177 -2.528 0.586 26
-12.174 -2.475 0.511 146
-12.129 -2.557 0.564 64
-12.175 -2.525 0.580 31
-12.064 -2.568 0.495 124
-12.118 -2.540 0.526 121
-12.180 -2.499 0.551 89
-12.182 -2.488 0.539 132
-12.145 -2.556 0.582 65
-12.159 -2.548 0.590 60
-12.095 -2.573 0.540 50
-12.017 -2.611 0.491 121
-12.159 -2.558 0.602 61
-12.165 -2.500 0.533 17
-12.184 -2.525 0.591 17
-12.077 -2.582 0.530 30
-12.128 -2.539 0.538 52
-12.192 -2.468 0.525 149
-12.164 -2.561 0.613 58
-12.085 -2.551 0.498 123
-12.010 -2.609 0.480 125
-12.131 -2.570 0.583 67
-12.018 -2.619 0.503 139
-12.197 -2.484 0.553 134
-12.043 -2.594 0.502 131
-12.162 -2.514 0.549 84
-12.163 -2.560 0.610 59
-12.159 -2.572 0.622 70
-12.075 -2.568 0.508 130
-12.056 -2.580 0.501 124
-12.173 -2.480 0.517 127
-12.015 -2.609 0.486 128
-12.046 -2.583 0.490 125
-12.184 -2.519 0.583 19
-12.093 -2.579 0.546 47
-12.105 -2.564 0.541 51
-12.203 -2.468 0.540 152
-12.151 -2.530 0.555 66
-12.119 -2.586 0.589 43
-12.071 -2.600 0.545 45
-12.184 -2.474 0.523 137
-12.050 -2.613 0.535 26
-12.169 -2.531 0.580 66
-12.177 -2.542 0.605 46
-12.079 -2.556 0.497 122
-12.173 -2.479 0.516 127
-12.122 -2.586 0.592 45
-12.084 -2.551 0.497 123
-12.142 -2.566 0.592 73
-12.101 -2.565 0.538 51
-11.935 -2.929 0.470 44
-11.937 -2.933 0.470 53
-11.939 -2.951 0.467 43
-11.924 -2.936 0.463 59
-11.975 -3.023 0.467 29
-11.973 -3.011 0.469 31
-11.907 -2.864 0.473 55
-11.904 -2.869 0.470 53
-11.943 -2.942 0.471 40
-11.907 -2.886 0.467 51
-11.961 -2.989 0.468 69
-11.923 -2.967 0.454 43
-11.965 -3.022 0.462 47
-11.942 -2.952 0.468 36
-11.916 -2.924 0.462 29
-11.948 -2.949 0.472 50
-11.902 -2.884 0.465 50
-11.926 -2.965 0.456 51
-11.923 -2.937 0.462 59
-11.962 -3.015 0.462 28
-11.915 -2.934 0.459 64
-11.932 -2.931 0.468 43
-11.955 -2.969 0.470 71
-11.988 -3.060 0.464 57
-11.972 -3.027 0.464 40
-11.929 -2.906 0.473 44
-11.928 -2.969 0.456 42
-11.946 -3.002 0.457 29
-11.901 -2.845 0.474 68
-11.911 -2.932 0.457 64
-11.993 -3.056 0.467 35
-11.968 -3.013 0.465 30
-11.952 -2.994 0.462 35
-11.925 -2.912 0.469 57
-11.903 -2.850 0.474 62
-11.915 -2.943 0.456 69
-11.907 -2.935 0.454 72
-11.950 -2.996 0.461 35
-11.966 -3.007 0.466 35
-11.968 -3.026 0.462 45
-11.934 -2.949 0.465 55
-11.945 -2.988 0.460 36
-11.926 -2.903 0.472 48
-11.923 -2.951 0.458 65
-11.971 -3.041 0.460 108
-11.901 -2.904 0.459 49
-11.981 -3.043 0.464 38
-11.919 -2.891 0.471 45
-11.937 -2.989 0.456 29
-11.925 -2.921 0.467 54
-11.991 -3.057 0.466 44
-11.918 -2.883 0.473 42
-11.911 -2.898 0.466 42
-11.930 -2.965 0.459 69
-11.945 -2.986 0.461 40
-11.947 -2.998 0.458 29
-11.950 -2.960 0.470 53
-11.903 -2.853 0.473 56
-11.948 -2.970 0.466 68
-11.913 -2.944 0.455 67
-11.960 -3.018 0.460 46
-11.946 -2.952 0.470 46
-11.928 -2.976 0.455 32
-11.971 -3.025 0.464 29
-11.935 -2.981 0.457 28
-11.934 -2.935 0.468 50
-11.926 -2.795 0.471 64
-12.044 -2.724 0.472 41
-11.974 -2.723 0.464 48
-11.938 -2.737 0.462 46
-11.989 -2.759 0.472 56
-11.973 -2.730 0.465 59
-12.024 -2.728 0.470 39
-11.914 -2.827 0.475 53
-11.940 -2.747 0.464 48
-12.001 -2.758 0.473 50
-11.926 -2.794 0.471 64
-11.943 -2.720 0.460 49
-11.996 -2.730 0.467 49
-12.024 -2.716 0.468 40
-11.958 -2.765 0.469 44
-11.987 -2.763 0.472 51
-11.939 -2.762 0.467 53
-11.953 -2.737 0.464 42
-11.961 -2.722 0.462 43
-12.032 -2.729 0.471 44
-11.947 -2.727 0.462 41
-11.958 -2.724 0.462 40
-11.969 -2.773 0.472 45
-11.935 -2.774 0.468 41
-11.993 -2.726 0.466 45
-11.950 -2.797 0.474 47
-12.032 -2.731 0.472 44
-11.971 -2.785 0.474 44
-11.954 -2.762 0.468 48
-11.963 -2.741 0.466 42
-11.916 -2.796 0.470 62
-11.933 -2.751 0.464 55
-11.939 -2.758 0.466 61
-11.954 -2.773 0.470 40
-11.945 -2.794 0.473 62
-11.941 -2.792 0.472 60
-11.996 -2.743 0.470 49
-11.982 -2.760 0.471 39
-11.953 -2.796 0.474 36
-11.978 -2.765 0.472 38
-11.972 -2.745 0.467 42
-11.928 -2.762 0.465 47
-11.943 -2.744 0.464 33
-12.027 -2.716 0.468 41
-11.997 -2.766 0.474 48
-11.914 -2.822 0.474 59
-11.962 -2.769 0.470 34
-11.957 -2.790 0.474 27
-11.961 -2.748 0.467 40
-11.983 -2.776 0.474 44
-11.936 -2.778 0.469 54
-11.966 -2.728 0.464 55
-11.959 -2.742 0.465 42
-11.910 -2.816 0.473 61
-11.978 -2.770 0.472 43
-11.938 -2.768 0.468 37
-12.027 -2.732 0.471 44
-11.965 -2.747 0.467 41
-11.960 -2.756 0.468 35
-11.980 -2.748 0.469 54
-11.971 -2.742 0.467 45
-11.982 -2.776 0.474 44
-11.964 -2.725 0.463 55
-11.942 -2.776 0.469 44
-12.006 -2.726 0.468 36
-11.969 -2.758 0.469 37
-11.940 -2.752 0.465 59
-11.954 -2.789 0.473 30
-11.983 -2.738 0.467 54
-11.968 -2.753 0.468 40
-11.971 -2.729 0.464 58
-12.008 -2.751 0.472 39
-11.945 -2.766 0.468 41
-11.968 -2.745 0.467 42
-11.923 -2.790 0.470 63
-11.956 -2.754 0.467 40
-11.990 -2.749 0.470 47
-12.033 -2.731 0.472 44
-12.040 -2.727 0.472 41
-12.055 -2.736 0.473 38
-11.956 -2.914 0.472 31
-11.934 -2.880 0.474 57
-12.024 -2.991 0.468 69
-12.005 -2.884 0.471 16
-11.977 -2.869 0.473 80
-12.061 -2.758 0.472 44
-12.039 -2.833 0.471 46
-12.030 -2.754 0.474 41
-12.049 -2.850 0.471 46
-12.016 -2.890 0.471 14
-11.986 -2.901 0.471 60
-11.982 -3.012 0.469 35
-11.965 -2.881 0.473 34
-12.033 -2.785 0.473 39
-12.029 -2.790 0.473 40
-12.014 -3.038 0.467 62
-12.049 -2.840 0.471 44
-12.002 -3.013 0.468 36
-12.011 -2.942 0.470 26
-12.018 -3.025 0.467 29
-12.017 -2.983 0.468 74
-11.985 -2.853 0.473 73
-11.983 -3.023 0.469 30
-12.023 -2.927 0.470 11
-11.983 -2.894 0.472 42
-12.015 -2.814 0.473 68
-11.953 -2.925 0.472 42
-12.049 -2.746 0.473 41
-12.012 -2.877 0.471 17
-12.036 -2.807 0.472 34
-12.012 -2.881 0.471 19
-12.010 -2.916 0.470 16
-12.012 -3.059 0.467 62
-12.016 -3.010 0.468 54
-12.034 -2.936 0.469 20
-12.053 -2.781 0.472 48
-11.912 -2.864 0.475 50
-11.950 -2.907 0.473 48
-12.037 -2.822 0.472 45
-12.056 -2.728 0.473 47
-11.967 -2.901 0.472 49
-12.000 -2.808 0.473 69
-11.951 -2.933 0.472 72
-12.040 -2.812 0.472 42
-11.996 -2.961 0.470 43
-11.964 -2.966 0.471 63
-12.010 -2.956 0.469 48
-11.985 -2.936 0.471 44
-12.015 -3.012 0.468 44
-11.929 -2.841 0.475 60
-11.972 -2.980 0.470 68
-12.015 -2.938 0.470 9
-12.032 -2.930 0.469 13
-11.968 -2.808 0.474 54
-12.053 -2.767 0.473 45
-11.981 -3.013 0.469 34
-11.984 -2.859 0.473 105
-12.033 -2.865 0.471 74
-12.005 -2.901 0.471 27
-12.037 -2.895 0.470 72
-12.031 -2.759 0.473 43
-11.967 -2.909 0.472 53
-12.053 -2.765 0.473 45
-11.949 -2.937 0.472 62
-11.936 -2.881 0.474 45
-12.009 -2.955 0.469 52
-11.994 -2.848 0.473 43
-12.002 -2.783 0.474 58
-12.015 -2.900 0.471 23
-11.989 -2.818 0.473 70
-11.961 -2.893 0.473 44
-12.012 -2.947 0.469 50
-11.999 -2.924 0.470 46
-12.013 -2.815 0.473 68
-11.959 -2.923 0.472 38
-11.990 -2.778 0.474 51
-12.019 -2.927 0.470 15
-11.999 -2.771 0.474 51
-12.032 -2.805 0.472 42
-12.013 -3.018 0.468 32
-11.935 -2.904 0.473 34
-12.046 -2.786 0.472 39
-12.007 -2.795 0.473 57
-12.006 -2.827 0.473 77
-11.954 -2.825 0.474 64
-11.980 -2.843 0.473 45
-12.003 -2.918 0.470 52
-11.946 -2.934 0.472 60
-12.021 -3.010 0.468 58
-12.009 -2.864 0.472 30
-11.989 -2.969 0.470 62
-11.971 -2.873 0.473 25
-12.016 -2.881 0.471 18
-11.990 -2.949 0.470 42
-12.050 -2.769 0.473 47
-12.051 -2.760 0.473 45
-12.021 -2.782 0.473 42
-12.013 -3.006 0.468 62
-11.969 -2.858 0.473 38
-12.035 -2.876 0.470 56
-11.963 -2.878 0.473 20
-11.975 -2.913 0.472 50
-12.031 -2.758 0.473 42
-12.033 -2.784 0.473 39
-12.046 -2.793 0.472 34
-11.995 -2.900 0.471 71
-11.973 -2.802 0.474 56
-12.038 -2.770 0.473 50
-12.007 -2.907 0.471 32
-11.987 -2.952 0.470 50
-11.963 -2.844 0.474 73
-12.054 -2.787 0.472 47
-12.008 -2.774 0.474 50
-12.015 -3.008 0.468 54
-11.991 -2.895 0.471 70
-11.990 -2.862 0.472 64
-11.981 -2.930 0.471 46
-11.968 -2.934 0.471 55
-11.990 -2.895 0.471 70
-11.996 -2.859 0.472 69
-11.986 -2.985 0.469 69
-11.938 -2.863 0.474 18
-11.990 -2.932 0.471 43
-11.997 -2.998 0.469 61
-11.992 -2.860 0.472 70
-11.969 -2.816 0.474 66
-12.000 -2.938 0.470 44
-12.015 -2.892 0.471 14
-11.977 -2.873 0.472 47
-12.000 -2.824 0.473 74
-11.972 -2.965 0.470 55
-11.971 -2.985 0.470 70
-12.007 -3.045 0.467 66
-12.024 -2.939 0.469 11
-12.006 -2.980 0.469 72
-12.046 -2.838 0.471 46
-11.970 -3.000 0.470 54
-11.918 -2.839 0.475 45
-12.029 -2.751 0.474 43
-12.027 -2.837 0.472 69
-12.047 -2.776 0.473 48
-11.991 -2.999 0.469 50
-12.013 -2.823 0.473 72
-12.008 -2.834 0.472 69
-12.044 -2.771 0.473 49
-11.987 -2.940 0.470 45
-12.025 -2.772 0.473 44
-11.984 -2.890 0.472 51
-12.034 -2.859 0.471 75
-11.995 -2.955 0.470 42
-11.995 -2.897 0.471 71
-11.937 -2.831 0.475 60
-11.982 -2.897 0.472 40
-11.974 -2.940 0.471 42
-11.992 -2.883 0.472 23
-11.938 -2.838 0.475 68
-11.985 -2.825 0.473 71
-11.975 -2.891 0.472 55
-11.977 -2.787 0.475 47
-12.033 -2.862 0.471 68
-12.010 -2.991 0.468 71
-11.997 -3.052 0.467 50
-11.954 -2.896 0.473 68
-12.015 -3.011 0.468 54
-11.937 -2.850 0.474 50
-11.940 -2.919 0.473 58
-11.954 -2.944 0.471 63
-12.015 -3.029 0.467 26
-12.053 -2.814 0.471 36
-11.982 -2.952 0.470 47
-11.966 -2.858 0.473 40
-12.042 -2.758 0.473 46
-12.025 -2.771 0.473 46
-12.009 -2.902 0.471 16
-11.974 -2.946 0.471 38
-11.937 -2.823 0.475 63
-12.013 -2.944 0.470 25
-11.978 -3.015 0.469 34
-11.986 -2.934 0.471 44
-11.958 -2.813 0.475 63
-11.941 -2.818 0.475 64
-12.007 -3.034 0.468 48
-12.006 -2.784 0.474 45
-12.030 -2.760 0.473 43
-12.002 -3.016 0.468 34
-12.001 -2.838 0.473 83
-11.966 -2.829 0.474 67
-11.979 -2.987 0.470 71
-12.007 -2.781 0.474 44
-12.004 -2.960 0.469 40
-11.963 -2.830 0.474 64
-12.005 -2.876 0.471 19
-12.054 -2.806 0.472 40
-12.042 -2.794 0.472 37
-11.972 -2.851 0.473 43
-12.004 -2.897 0.471 22
-11.977 -2.946 0.471 43
-11.938 -2.900 0.473 28
-12.002 -3.038 0.468 64
-11.954 -2.838 0.474 69
-12.027 -2.767 0.473 45
-11.991 -2.966 0.470 57
-12.019 -3.001 0.468 66
-12.007 -3.010 0.468 46
-12.013 -2.873 0.471 22
-12.008 -3.071 0.467 47
-11.963 -2.837 0.474 70
-12.008 -2.814 0.473 74
-12.042 -2.823 0.472 45
-12.046 -2.756 0.473 46
-11.975 -2.872 0.473 35
-11.994 -2.795 0.474 54
-11.943 -2.820 0.475 64
-12.016 -2.772 0.474 47
-12.033 -2.780 0.473 40
-12.043 -2.881 0.470 67
-11.977 -2.886 0.472 53
-11.986 -2.790 0.474 52
-12.006 -3.048 0.467 64
-11.944 -2.914 0.473 57
-11.954 -2.837 0.474 66
-12.003 -3.021 0.468 28
-11.974 -2.872 0.473 43
-12.001 -2.835 0.473 79
-12.008 -2.892 0.471 21
-11.995 -2.815 0.473 72
-12.042 -2.847 0.471 48
-11.965 -2.885 0.473 48
-11.981 -2.958 0.470 46
-12.036 -2.841 0.471 53
-11.999 -3.001 0.469 43
-11.953 -2.925 0.472 42
-12.052 -2.755 0.473 43
-11.962 -2.906 0.472 60
-11.991 -3.021 0.468 32
-11.952 -2.845 0.474 65
-11.999 -2.980 0.469 70
-11.996 -2.843 0.473 77
-12.031 -2.891 0.470 69
-12.015 -2.842 0.472 61
-11.964 -2.885 0.473 50
-12.006 -2.944 0.470 67
-12.047 -2.843 0.471 45
-12.049 -2.731 0.474 44
-12.028 -2.987 0.468 74
-12.008 -2.848 0.472 72
-12.017 -2.903 0.470 20
-11.965 -2.985 0.470 71
-12.016 -2.802 0.473 54
-12.035 -2.783 0.473 39
-12.043 -2.826 0.471 40
-11.999 -3.056 0.467 51
-11.988 -2.926 0.471 38
-12.034 -2.819 0.472 47
-12.019 -2.955 0.469 7
-11.926 -2.865 0.474 39
-11.983 -2.995 0.469 68
-11.946 -2.861 0.474 28
-12.047 -2.831 0.471 37
-11.958 -2.911 0.472 38
-12.046 -2.747 0.473 43
-12.046 -2.838 0.471 46
-11.961 -2.962 0.471 58
-12.011 -2.924 0.470 21
-12.005 -2.918 0.470 50
-11.981 -3.003 0.469 48
-11.951 -2.812 0.475 62
-11.998 -3.060 0.467 46
-11.976 -2.903 0.472 42
-11.998 -2.825 0.473 74
-11.975 -2.811 0.474 65
-12.009 -2.870 0.471 21
-11.962 -2.877 0.473 20
-12.066 -2.726 0.473 62
-11.981 -2.970 0.470 71
-12.010 -2.834 0.472 69
-12.045 -2.839 0.471 46
-11.965 -2.971 0.470 69
-11.994 -3.044 0.468 62
-12.028 -2.892 0.470 39
-12.001 -2.885 0.471 13
-12.010 -2.924 0.470 21
-11.979 -2.859 0.473 111
-11.993 -3.022 0.468 28
-11.955 -2.892 0.473 69
-12.194 -2.640 0.469 51
-12.108 -2.633 0.485 164
-12.240 -2.664 0.464 67
-12.125 -2.628 0.481 154
-12.275 -2.652 0.455 74
-12.368 -2.813 0.462 91
-12.145 -2.665 0.483 43
-12.271 -2.735 0.469 48
-12.230 -2.693 0.470 52
-12.233 -2.636 0.461 50
-12.151 -2.656 0.480 64
-12.259 -2.659 0.460 49
-12.236 -2.692 0.469 48
-12.288 -2.749 0.467 43
-12.335 -2.793 0.465 73
-12.104 -2.640 0.487 164
-12.181 -2.669 0.476 46
-12.323 -2.718 0.456 85
-12.301 -2.691 0.456 49
-12.272 -2.757 0.472 52
-12.285 -2.691 0.459 49
-12.270 -2.653 0.457 72
-12.257 -2.684 0.464 47
-12.285 -2.641 0.452 158
-12.237 -2.635 0.460 61
-12.236 -2.614 0.457 58
-12.317 -2.778 0.466 84
-12.172 -2.671 0.478 47
-12.254 -2.739 0.473 43
-12.300 -2.729 0.462 55
-12.226 -2.646 0.464 45
-12.341 -2.749 0.457 86
-12.249 -2.627 0.457 70
-12.267 -2.620 0.452 174
-12.235 -2.697 0.470 36
-12.192 -2.637 0.469 56
-12.191 -2.696 0.478 48
-12.212 -2.653 0.468 43
-12.241 -2.731 0.474 69
-12.263 -2.607 0.451 172
-12.271 -2.654 0.457 72
-12.203 -2.604 0.462 53
-12.269 -2.751 0.471 52
-12.299 -2.735 0.463 53
-12.166 -2.626 0.473 60
-12.157 -2.627 0.474 56
-12.185 -2.653 0.473 51
-12.284 -2.698 0.460 50
-12.298 -2.739 0.464 52
-12.207 -2.616 0.463 50
-12.370 -2.781 0.456 78
-12.361 -2.779 0.458 88
-12.257 -2.664 0.461 50
-12.264 -2.729 0.469 50
-12.214 -2.618 0.462 50
-12.392 -2.836 0.460 86
-12.187 -2.670 0.475 44
-12.159 -2.671 0.481 46
-12.383 -2.795 0.456 80
-12.239 -2.705 0.470 37
-12.246 -2.659 0.462 57
-12.148 -2.637 0.478 58
-12.182 -2.614 0.468 53
-12.270 -2.733 0.469 53
-12.186 -2.673 0.476 45
-12.250 -2.730 0.472 58
-12.310 -2.712 0.458 53
-12.287 -2.712 0.462 45
-12.239 -2.711 0.471 42
-12.336 -2.774 0.462 69
-12.201 -2.643 0.468 53
-12.291 -2.679 0.456 65
-12.360 -2.817 0.464 89
-12.107 -2.637 0.486 168
-12.282 -2.764 0.471 48
-12.252 -2.659 0.461 53
-12.278 -2.643 0.453 124
-12.165 -2.619 0.472 59
-12.200 -2.706 0.478 54
-12.169 -2.687 0.481 51
-12.193 -2.636 0.469 56
-12.360 -2.762 0.455 79
-12.301 -2.716 0.460 54
-12.138 -2.645 0.481 41
-12.215 -2.641 0.465 53
-12.258 -2.713 0.468 72
-12.158 -2.644 0.477 63
-12.206 -2.622 0.464 55
-12.184 -2.694 0.479 45
-12.207 -2.677 0.472 56
-12.307 -2.721 0.460 53
-12.287 -2.708 0.461 47
-12.212 -2.658 0.468 37
-12.216 -2.685 0.472 38
-12.293 -2.723 0.463 57
-12.231 -2.716 0.474 51
-12.305 -2.678 0.453 130
-12.261 -2.621 0.454 143
-12.263 -2.662 0.459 51
-12.235 -2.602 0.456 99
-12.269 -2.719 0.467 48
-12.362 -2.772 0.456 81
-12.351 -2.800 0.463 83
-12.216 -2.676 0.470 38
-12.289 -2.654 0.453 133
-12.276 -2.699 0.462 62
-12.250 -2.658 0.461 54
-12.389 -2.817 0.458 85
-12.220 -2.613 0.460 54
-12.228 -2.639 0.463 49
-12.216 -2.626 0.463 53
-12.371 -2.822 0.462 78
-12.235 -2.597 0.455 128
-12.248 -2.608 0.454 144
-12.306 -2.732 0.461 48
-12.110 -2.626 0.483 164
-12.370 -2.798 0.459 85
-12.208 -2.612 0.462 46
-12.236 -2.615 0.457 58
-12.177 -2.636 0.472 62
-12.187 -2.670 0.475 44
-12.317 -2.697 0.454 115
-12.217 -2.602 0.459 61
-12.289 -2.669 0.455 73
-12.228 -2.712 0.474 60
-12.272 -2.616 0.451 173
-12.100 -2.627 0.486 162
-12.352 -2.808 0.464 87
-12.246 -2.739 0.474 58
-12.207 -2.618 0.464 54
-12.302 -2.761 0.466 65
-12.219 -2.721 0.477 65
-12.248 -2.593 0.452 175
-12.209 -2.688 0.474 46
-12.335 -2.797 0.465 76
-12.256 -2.731 0.471 54
-12.384 -2.819 0.459 85
-12.358 -2.803 0.462 87
-12.348 -2.766 0.458 63
-12.270 -2.622 0.452 161
-12.274 -2.699 0.463 66
-12.123 -2.655 0.485 45
-12.239 -2.598 0.454 143
-12.205 -2.693 0.475 45
-12.107 -2.632 0.485 164
-12.258 -2.681 0.463 48
-12.232 -2.685 0.469 53
-12.283 -2.643 0.453 151
-12.229 -2.709 0.473 61
-12.240 -2.615 0.457 72
-12.277 -2.718 0.465 51
-12.308 -2.746 0.463 50
-12.222 -2.631 0.463 55
-12.251 -2.674 0.463 64
-12.367 -2.785 0.458 87
-12.369 -2.778 0.456 77
-12.241 -2.672 0.465 78
-12.263 -2.752 0.473 49
-12.387 -2.828 0.460 90
-12.286 -2.747 0.467 50
-12.195 -2.640 0.469 51
-12.275 -2.747 0.470 52
-12.277 -2.649 0.454 100
-12.182 -2.664 0.475 47
-12.283 -2.639 0.452 164
-12.150 -2.641 0.478 64
-12.251 -2.602 0.453 172
-12.241 -2.608 0.455 117
-12.306 -2.692 0.455 76
-12.291 -2.676 0.456 68
-12.137 -2.636 0.480 49
-12.343 -2.744 0.456 80
-12.248 -2.611 0.454 127
-12.205 -2.627 0.465 56
-12.275 -2.709 0.464 51
-12.401 -2.830 0.458 84
-12.289 -2.770 0.470 54
-12.307 -2.686 0.454 107
-12.287 -2.715 0.462 45
-12.210 -2.646 0.467 49
-12.332 -2.792 0.465 57
-12.430 -2.863 0.457 139
-12.287 -2.719 0.463 44
-12.206 -2.625 0.465 51
-12.302 -2.760 0.466 65
-12.123 -2.637 0.483 113
-12.154 -2.648 0.478 66
-12.254 -2.732 0.472 56
-12.201 -2.663 0.471 51
-12.226 -2.618 0.460 63
-12.339 -2.737 0.456 99
-12.170 -2.623 0.471 60
-12.197 -2.674 0.474 48
-12.253 -2.654 0.460 50
-12.219 -2.654 0.467 65
-12.308 -2.714 0.458 49
-12.212 -2.643 0.466 54
-12.379 -2.796 0.457 92
-12.262 -2.736 0.471 44
-12.309 -2.687 0.454 107
-12.336 -2.751 0.458 83
-12.308 -2.736 0.462 41
-12.144 -2.622 0.476 60
-12.169 -2.622 0.472 58
-12.192 -2.670 0.474 44
-12.268 -2.608 0.450 174
-12.406 -2.837 0.458 90
-12.246 -2.654 0.461 54
-12.319 -2.733 0.459 70
-12.209 -2.695 0.475 53
-12.281 -2.656 0.455 105
-12.158 -2.678 0.482 40
-12.272 -2.722 0.466 47
-12.332 -2.750 0.459 76
-12.250 -2.613 0.455 127
-12.317 -2.734 0.460 66
-12.297 -2.755 0.467 53
-12.290 -2.768 0.470 54
-12.316 -2.685 0.452 175
-12.132 -2.625 0.479 135
-12.401 -2.833 0.458 90
-12.250 -2.617 0.455 125
-12.207 -2.651 0.468 44
-12.304 -2.690 0.455 48
-12.165 -2.631 0.474 63
-12.221 -2.723 0.476 52
-12.333 -2.746 0.458 79
-12.271 -2.711 0.465 51
-12.248 -2.737 0.473 57
-12.189 -2.666 0.474 44
-12.174 -2.672 0.478 47
-12.291 -2.696 0.459 49
-12.328 -2.707 0.453 176
-12.324 -2.740 0.459 74
-12.179 -2.614 0.468 53
-12.372 -2.806 0.460 85
-12.319 -2.732 0.459 70
-12.216 -2.699 0.474 58
-12.307 -2.716 0.459 50
-12.146 -2.661 0.482 51
-12.268 -2.647 0.456 76
-12.221 -2.631 0.463 58
-12.368 -2.823 0.463 78
-12.268 -2.665 0.459 57
-12.162 -2.621 0.473 58
-12.285 -2.654 0.454 122
-12.186 -2.658 0.474 48
-12.225 -2.625 0.461 58
-12.229 -2.708 0.473 61
-12.319 -2.746 0.461 74
-12.164 -2.643 0.476 65
-12.134 -2.660 0.484 35
-12.286 -2.677 0.457 68
-12.254 -2.703 0.467 70
-12.244 -2.711 0.470 39
-12.289 -2.643 0.451 174
-12.172 -2.638 0.473 68
-12.371 -2.789 0.457 82
-12.132 -2.632 0.480 57
-12.351 -2.814 0.465 90
-12.251 -2.647 0.459 49
-12.171 -2.662 0.477 54
-12.188 -2.609 0.466 56
-12.239 -2.736 0.475 68
-12.180 -2.673 0.477 45
-12.345 -2.767 0.459 67
-12.154 -2.656 0.479 67
-12.179 -2.671 0.477 46
-12.126 -2.646 0.483 58
-12.191 -2.700 0.479 45
-12.290 -2.767 0.470 50
-12.148 -2.621 0.475 41
-12.285 -2.754 0.469 46
-12.336 -2.784 0.463 63
-12.274 -2.715 0.465 50
-12.121 -2.631 0.482 162
-12.227 -2.674 0.468 33
-12.282 -2.668 0.456 79
-12.332 -2.798 0.466 78
-12.326 -2.772 0.464 84
-12.340 -2.730 0.454 109
-12.163 -2.619 0.472 58
-12.226 -2.647 0.464 45
-12.299 -2.672 0.454 110
-12.309 -2.675 0.452 163
-12.286 -2.697 0.460 50
-12.349 -2.811 0.465 91
-12.243 -2.717 0.471 48
-12.273 -2.755 0.471 52
-12.235 -2.617 0.458 56
-12.309 -2.767 0.466 74
-12.170 -2.724 0.475 74
-12.127 -2.727 0.473 56
-12.173 -2.697 0.480 44
-12.259 -2.791 0.466 72
-12.087 -2.652 0.486 174
-12.274 -2.763 0.472 50
-12.169 -2.692 0.481 51
-12.107 -2.713 0.475 69
-12.100 -2.684 0.480 45
-12.351 -2.820 0.464 70
-12.124 -2.671 0.483 69
-12.247 -2.743 0.474 59
-12.295 -2.779 0.469 71
-12.171 -2.692 0.481 51
-12.185 -2.705 0.479 46
-12.421 -2.864 0.458 66
-12.249 -2.772 0.469 72
-12.402 -2.848 0.460 82
-12.120 -2.700 0.478 66
-12.154 -2.739 0.472 66
-12.148 -2.694 0.480 48
-12.090 -2.692 0.478 54
-12.165 -2.748 0.471 72
-12.176 -2.697 0.480 40
-12.190 -2.739 0.473 77
-12.095 -2.694 0.478 50
-12.157 -2.719 0.476 50
-12.287 -2.772 0.471 51
-12.156 -2.707 0.478 49
-12.142 -2.716 0.476 53
-12.172 -2.692 0.481 49
-12.170 -2.748 0.471 76
-12.166 -2.706 0.478 50
-12.168 -2.707 0.478 48
-12.168 -2.689 0.482 53
-12.163 -2.745 0.471 71
-12.289 -2.790 0.467 69
-12.341 -2.824 0.463 77
-12.078 -2.683 0.480 48
-12.089 -2.687 0.479 50
-12.220 -2.751 0.472 67
-12.169 -2.740 0.472 74
-12.165 -2.699 0.479 47
-12.328 -2.812 0.465 74
-12.104 -2.701 0.477 67
-12.283 -2.791 0.467 73
-12.369 -2.832 0.462 73
-12.211 -2.728 0.476 51
-12.148 -2.726 0.474 59
-12.079 -2.700 0.476 63
-12.288 -2.796 0.466 72
-12.192 -2.755 0.470 71
-12.281 -2.784 0.468 67
-12.257 -2.787 0.466 67
-12.176 -2.727 0.475 72
-12.098 -2.679 0.481 44
-12.247 -2.748 0.473 58
-12.161 -2.742 0.472 71
-12.101 -2.675 0.482 43
-12.220 -2.773 0.468 56
-12.235 -2.779 0.467 67
-12.298 -2.790 0.468 71
-12.250 -2.777 0.468 67
-12.196 -2.739 0.473 71
-12.143 -2.701 0.479 50
-12.156 -2.735 0.473 68
-12.168 -2.718 0.476 52
-12.116 -2.698 0.478 60
-12.107 -2.659 0.485 45
-12.163 -2.722 0.475 57
-12.196 -2.713 0.478 49
-12.228 -2.744 0.473 48
-12.145 -2.728 0.474 64
-12.084 -2.670 0.482 48
-12.077 -2.714 0.474 76
-12.126 -2.735 0.472 63
-12.343 -2.821 0.463 82
-12.081 -2.709 0.475 69
-12.084 -2.666 0.483 76
-12.141 -2.680 0.482 51
-12.309 -2.802 0.466 48
-12.115 -2.655 0.486 63
-12.153 -2.693 0.480 49
-12.129 -2.726 0.473 57
-12.217 -2.729 0.476 43
-12.227 -2.733 0.475 54
-12.123 -2.735 0.471 63
-12.284 -2.794 0.466 74
-12.106 -2.651 0.486 145
-12.092 -2.651 0.486 169
-12.335 -2.812 0.465 83
-12.083 -2.671 0.482 49
-12.124 -2.698 0.478 64
-12.257 -2.759 0.472 53
-12.134 -2.689 0.480 63
-12.261 -2.792 0.466 69
-12.240 -2.746 0.474 64
-12.166 -2.694 0.481 54
-12.311 -2.803 0.466 46
-12.102 -2.698 0.478 58
-12.370 -2.835 0.462 83
-12.300 -2.805 0.465 57
-12.081 -2.642 0.487 159
-12.217 -2.731 0.475 49
-12.090 -2.663 0.484 59
-12.225 -2.733 0.475 54
-12.386 -2.840 0.461 75
-12.292 -2.784 0.468 69
-12.090 -2.690 0.479 51
-12.250 -2.746 0.474 48
-12.277 -2.772 0.470 53
-12.118 -2.675 0.482 54
-12.120 -2.663 0.485 40
-12.341 -2.824 0.463 77
-12.291 -2.797 0.466 76
-12.354 -2.819 0.464 81
-12.252 -2.780 0.468 70
-12.119 -2.672 0.483 50
-12.122 -2.714 0.475 46
-12.155 -2.686 0.482 44
-12.130 -2.712 0.476 48
-12.217 -2.771 0.468 54
-12.116 -2.696 0.478 60
-12.230 -2.780 0.467 65
-12.192 -2.755 0.470 71
-12.078 -2.659 0.484 142
-12.201 -2.770 0.468 78
-12.151 -2.739 0.472 62
-12.187 -2.760 0.469 70
-12.081 -2.654 0.485 163
-12.222 -2.772 0.468 65
-12.085 -2.640 0.488 160
-12.304 -2.801 0.466 72
-12.115 -2.729 0.472 45
-12.342 -2.823 0.463 77
-12.251 -2.765 0.470 68
-12.136 -2.680 0.482 58
-12.138 -2.721 0.475 53
-12.173 -2.706 0.479 45
-12.325 -2.805 0.466 78
-12.177 -2.706 0.479 47
-12.321 -2.795 0.467 57
-12.289 -2.784 0.468 69
-12.275 -2.800 0.465 74
-12.304 -2.805 0.465 47
-12.129 -2.698 0.479 63
-12.192 -2.760 0.469 72
-12.169 -2.732 0.474 72
-12.317 -2.797 0.467 49
-12.309 -2.809 0.464 67
-12.090 -2.693 0.478 54
-12.138 -2.715 0.476 55
-12.351 -2.821 0.464 70
-12.363 -2.833 0.462 56
-12.350 -2.835 0.461 51
-12.129 -2.711 0.476 49
-12.235 -2.734 0.475 72
-12.347 -2.814 0.465 87
-12.148 -2.713 0.476 55
-12.112 -2.718 0.474 47
-12.247 -2.784 0.467 69
-12.100 -2.727 0.472 42
-12.276 -2.787 0.467 72
-12.118 -2.695 0.479 60
-12.123 -2.698 0.478 64
-12.270 -2.785 0.467 72
-12.136 -2.730 0.473 59
-12.224 -2.774 0.468 62
-12.243 -2.768 0.469 71
-12.107 -2.933 0.467 56
-12.153 -2.994 0.464 64
-12.116 -2.765 0.470 66
-12.421 -2.866 0.458 74
-12.073 -2.846 0.470 34
-12.246 -2.885 0.463 54
-12.125 -3.026 0.464 36
-12.123 -2.862 0.468 54
-12.041 -3.081 0.465 11
-12.226 -2.870 0.464 52
-12.036 -3.041 0.466 8
-12.138 -2.877 0.467 63
-12.119 -2.913 0.467 75
-12.108 -3.000 0.465 72
-12.110 -2.957 0.466 49
-12.400 -2.870 0.458 67
-12.147 -2.808 0.468 72
-12.237 -2.945 0.462 68
-12.342 -2.922 0.459 69
-12.164 -2.922 0.465 47
-12.073 -2.743 0.472 52
-12.227 -2.843 0.465 51
-12.325 -2.930 0.459 69
-12.326 -2.852 0.461 54
-12.066 -2.777 0.472 44
-12.200 -2.811 0.467 51
-12.294 -2.814 0.463 73
-12.115 -2.858 0.468 50
-12.039 -3.040 0.466 10
-12.234 -2.867 0.464 50
-12.265 -2.833 0.464 52
-12.046 -3.067 0.465 10
-12.112 -2.950 0.466 54
-12.230 -2.960 0.462 56
-12.212 -2.866 0.465 50
-12.050 -3.030 0.466 36
-12.067 -3.060 0.465 51
-12.264 -2.842 0.464 51
-12.193 -2.794 0.467 62
-12.211 -2.873 0.465 51
-12.187 -2.987 0.463 63
-12.208 -2.893 0.464 53
-12.075 -2.943 0.467 51
-12.066 -3.025 0.466 35
-12.119 -2.816 0.469 40
-12.107 -3.033 0.464 35
-12.143 -2.773 0.469 69
-12.085 -2.809 0.470 61
-12.135 -2.903 0.466 67
-12.063 -2.992 0.467 69
-12.193 -2.948 0.463 63
-12.195 -2.827 0.466 65
-12.204 -2.877 0.465 47
-12.031 -3.058 0.466 24
-12.243 -2.856 0.464 49
-12.319 -2.852 0.462 52
-12.102 -2.768 0.471 54
-12.047 -2.890 0.470 67
-12.129 -2.908 0.467 68
-12.272 -2.840 0.463 51
-12.075 -2.720 0.473 70
-12.132 -2.828 0.468 73
-12.111 -2.975 0.465 53
-12.139 -2.855 0.467 49
-12.310 -2.928 0.460 62
-12.125 -2.969 0.465 54
-12.224 -2.903 0.463 55
-12.224 -2.941 0.463 53
-12.256 -2.897 0.463 69
-12.071 -2.773 0.472 44
-12.144 -2.899 0.466 59
-12.170 -2.894 0.465 75
-12.140 -2.895 0.466 67
-12.175 -2.844 0.467 52
-12.112 -2.945 0.466 55
-12.123 -3.037 0.464 39
-12.280 -2.944 0.461 71
-12.083 -2.794 0.471 49
-12.353 -2.847 0.461 73
-12.034 -3.032 0.467 27
-12.072 -2.980 0.467 56
-12.063 -3.046 0.465 44
-12.120 -3.027 0.464 35
-12.234 -2.957 0.462 61
-12.332 -2.851 0.461 48
-12.258 -2.798 0.465 70
-12.111 -2.913 0.467 68
-12.109 -2.911 0.467 71
-12.063 -2.974 0.467 72
-12.114 -2.775 0.470 77
-12.113 -2.776 0.470 77
-12.133 -2.987 0.464 44
-12.080 -2.874 0.469 38
-12.037 -3.003 0.467 66
-12.117 -2.804 0.469 68
-12.178 -2.780 0.468 68
-12.144 -3.004 0.464 69
-12.175 -2.816 0.467 56
-12.139 -2.764 0.470 66
-12.090 -2.824 0.470 60
-12.099 -2.859 0.469 50
-12.359 -2.841 0.460 62
-12.263 -2.885 0.463 66
-12.115 -2.873 0.468 50
-12.073 -2.933 0.468 58
-12.118 -3.026 0.464 34
-12.238 -2.939 0.462 76
-12.183 -2.912 0.465 73
-12.127 -2.911 0.467 70
-12.125 -3.024 0.464 39
-12.062 -2.951 0.468 64
-12.117 -2.978 0.465 40
-12.058 -2.790 0.472 49
-12.343 -2.890 0.460 47
-12.216 -2.815 0.466 66
-12.169 -2.997 0.463 75
-12.211 -2.845 0.465 61
-12.371 -2.896 0.459 72
-12.354 -2.912 0.459 58
-12.038 -3.035 0.466 15
-12.159 -2.969 0.464 53
-12.047 -2.923 0.469 50
-12.168 -2.818 0.467 65
-12.271 -2.913 0.462 74
-12.121 -2.885 0.467 59
-12.227 -2.784 0.466 58
-12.115 -2.780 0.470 72
-12.150 -2.968 0.464 59
-12.089 -2.938 0.467 60
-12.285 -2.816 0.464 74
-12.256 -2.866 0.463 52
-12.078 -2.928 0.468 60
-12.357 -2.900 0.459 73
-12.101 -2.805 0.470 55
-12.022 -3.080 0.466 58
-12.150 -2.870 0.467 56
-12.064 -2.890 0.469 50
-12.302 -2.828 0.463 77
-12.198 -2.863 0.465 54
-12.095 -2.938 0.467 56
-12.031 -3.077 0.466 61
-12.054 -2.907 0.469 47
-12.128 -2.825 0.469 77
-12.199 -2.924 0.464 55
-12.048 -2.959 0.468 66
-12.049 -2.920 0.469 49
-12.117 -2.916 0.467 71
-12.147 -2.889 0.466 73
-12.201 -2.896 0.464 59
-12.188 -2.800 0.467 69
-12.260 -2.925 0.462 76
-12.132 -2.853 0.468 48
-12.099 -2.835 0.469 49
-12.214 -2.874 0.465 52
-12.172 -2.898 0.465 77
-12.173 -2.991 0.463 53
-12.161 -2.756 0.469 68
-12.080 -2.887 0.469 39
-12.292 -2.845 0.463 62
-12.341 -2.859 0.461 73
-12.129 -2.789 0.469 76
-12.256 -2.812 0.465 67
-12.052 -2.888 0.470 67
-12.183 -2.848 0.466 70
-12.219 -2.932 0.463 62
-12.289 -2.919 0.461 68
-12.166 -3.007 0.463 69
-12.089 -2.868 0.469 48
-12.179 -2.791 0.468 67
-12.098 -2.832 0.469 54
-12.152 -2.813 0.468 72
-12.133 -2.920 0.466 76
-12.181 -2.908 0.465 73
-12.265 -2.919 0.462 74
-12.266 -2.956 0.461 85
-12.118 -2.740 0.471 65
-12.095 -2.927 0.467 56
-12.250 -2.873 0.463 54
-12.205 -2.788 0.467 40
-12.186 -2.795 0.467 71
-12.115 -2.803 0.470 68
-12.075 -2.719 0.473 69
-12.312 -2.909 0.460 80
-12.143 -3.012 0.464 74
-12.219 -2.956 0.462 56
-12.186 -2.885 0.465 69
-12.082 -3.015 0.465 52
-12.091 -2.754 0.472 40
-12.298 -2.942 0.460 57
-12.288 -2.867 0.462 67
-12.296 -2.927 0.460 69
-12.194 -2.783 0.467 66
-12.238 -2.946 0.462 67
-12.097 -2.857 0.469 48
-12.283 -2.888 0.462 72
-12.103 -2.782 0.470 83
-12.215 -2.959 0.462 52
-12.277 -2.852 0.463 49
-12.147 -2.981 0.464 57
-12.055 -3.029 0.466 32
-12.150 -3.002 0.464 68
-12.248 -2.858 0.464 55
-12.219 -2.882 0.464 53
-12.100 -2.957 0.466 55
-12.189 -2.776 0.468 71
-12.324 -2.922 0.460 71
-12.185 -2.790 0.468 66
-12.182 -2.865 0.466 68
-12.195 -2.998 0.462 63
-12.195 -2.934 0.464 39
-12.281 -2.872 0.462 62
-12.153 -2.874 0.467 59
-12.191 -2.985 0.463 62
-12.199 -2.772 0.468 74
-12.166 -2.826 0.467 61
-12.171 -2.952 0.464 40
-12.284 -2.894 0.462 75
-12.190 -2.937 0.464 37
-12.067 -2.891 0.469 36
-12.058 -3.038 0.466 30
-12.200 -2.921 0.464 64
-12.103 -3.031 0.464 38
-12.176 -2.763 0.469 73
-12.216 -2.962 0.462 51
-12.146 -2.899 0.466 63
-12.374 -2.872 0.459 64
-12.136 -2.824 0.468 71
-12.142 -2.778 0.469 70
-12.360 -2.881 0.459 64
-12.176 -2.927 0.464 66
-12.105 -2.968 0.466 62
-12.153 -2.837 0.467 57
-12.047 -3.042 0.466 12
-12.225 -2.902 0.463 54
-12.113 -2.883 0.468 54
-12.158 -2.987 0.464 61
-12.069 -2.908 0.469 50
-12.103 -2.959 0.466 54
-12.260 -2.865 0.463 52
-12.392 -2.857 0.459 65
-12.137 -2.749 0.470 61
-12.163 -2.912 0.465 46
-12.419 -2.869 0.458 81
-12.049 -3.002 0.467 71
-12.379 -2.886 0.459 77
-12.113 -2.904 0.467 68
-12.060 -2.943 0.468 53
-12.264 -2.828 0.464 61
-12.312 -2.834 0.462 76
-12.068 -2.767 0.472 45
-12.356 -2.913 0.459 67
-12.103 -2.991 0.465 66
-12.059 -3.038 0.466 18
-12.045 -2.883 0.470 72
-12.063 -2.817 0.471 33
-12.202 -2.831 0.466 68
-12.169 -2.815 0.467 63
-12.126 -2.923 0.466 79
-12.230 -2.942 0.462 62
-12.085 -2.780 0.471 38
-12.082 -2.970 0.467 54
-12.047 -2.932 0.469 53
-12.083 -2.960 0.467 49
-12.115 -3.031 0.464 38
-12.066 -2.822 0.471 29
-12.194 -2.814 0.467 52
-12.138 -2.989 0.464 51
-12.181 -2.804 0.467 68
-12.139 -2.905 0.466 61
-12.191 -2.769 0.468 71
-12.235 -2.808 0.465 54
-12.412 -2.873 0.458 79
-12.160 -2.857 0.467 67
-12.191 -2.921 0.464 69
-12.194 -2.917 0.464 68
-12.114 -2.752 0.471 51
-12.338 -2.909 0.460 65
-12.063 -2.974 0.467 77
-12.123 -3.033 0.464 39
-12.084 -2.956 0.467 49
-12.274 -2.857 0.463 56
-12.100 -2.952 0.466 54
-12.162 -2.907 0.465 62
-12.035 -3.065 0.466 7
-12.218 -2.842 0.465 54
-12.149 -3.017 0.463 76
-12.135 -2.764 0.470 68
-12.336 -2.862 0.461 59
-12.065 -2.802 0.471 61
-12.261 -2.807 0.465 72
-12.353 -2.846 0.461 73
-12.085 -2.831 0.470 60
-12.230 -2.823 0.465 70
-12.269 -2.851 0.463 51
-12.173 -2.825 0.467 53
-12.243 -2.919 0.462 75
-12.185 -2.945 0.464 45
-12.112 -2.845 0.469 53
-12.059 -2.851 0.470 44
-12.149 -2.936 0.465 74
-12.198 -2.883 0.465 51
-12.292 -2.823 0.463 75
-12.146 -2.915 0.466 58
-12.089 -2.801 0.470 61
-12.066 -3.002 0.466 73
-12.137 -2.994 0.464 72
-12.117 -2.769 0.470 69
-12.274 -2.821 0.464 70
-12.394 -2.870 0.459 96
-12.179 -2.771 0.468 67
-12.328 -2.836 0.462 57
-12.219 -2.942 0.463 53
-12.086 -2.941 0.467 59
-12.353 -2.860 0.460 59
-12.047 -2.952 0.468 64
-12.430 -2.873 0.457 61
-12.181 -2.906 0.465 73
-12.186 -2.830 0.467 55
-12.250 -2.968 0.461 58
-12.194 -2.900 0.465 74
-12.118 -2.891 0.467 69
-12.102 -3.040 0.464 23
-12.055 -3.012 0.466 54
-12.032 -3.063 0.466 40
-12.388 -2.861 0.459 73
-12.074 -2.885 0.469 40
-12.232 -2.937 0.462 66
-12.113 -2.848 0.469 53
-12.093 -3.018 0.465 52
-12.278 -2.899 0.462 76
-12.066 -2.913 0.468 45
-12.086 -2.846 0.469 42
-12.100 -3.000 0.465 68
-12.240 -2.928 0.462 76
-12.115 -2.974 0.465 49
-12.164 -2.878 0.466 61
-12.237 -2.872 0.464 52
-12.095 -2.864 0.469 51
-12.403 -2.864 0.458 58
-12.217 -2.844 0.465 51
-12.233 -2.845 0.465 49
-12.324 -2.853 0.461 54
-12.173 -2.844 0.467 47
-12.275 -2.812 0.464 73
-12.229 -2.833 0.465 53
-12.081 -2.910 0.468 48
-12.165 -2.902 0.465 74
-12.097 -2.956 0.466 58
-12.165 -2.853 0.467 54
-12.082 -2.999 0.466 68
-12.101 -2.970 0.466 70
-12.238 -2.892 0.463 58
-12.186 -2.770 0.468 74
-12.226 -2.789 0.466 51
-12.047 -3.035 0.466 27
-12.191 -2.840 0.466 67
-12.088 -2.741 0.472 69
-12.308 -2.829 0.463 75
-12.178 -2.948 0.464 40
-12.353 -2.870 0.460 51
-12.138 -2.983 0.464 52
-12.065 -2.952 0.468 58
-12.225 -2.808 0.466 63
-12.228 -2.982 0.461 44
-12.361 -2.885 0.459 64
-12.214 -2.784 0.467 53
-12.167 -2.958 0.464 58
-12.069 -3.048 0.465 57
-12.109 -2.764 0.471 48
-12.217 -2.864 0.465 49
-12.406 -2.867 0.458 66
-12.071 -2.863 0.470 42
-12.051 -3.023 0.466 38
-12.033 -2.994 0.468 66
-12.260 -2.797 0.465 70
-12.282 -2.915 0.461 76
-12.084 -2.834 0.470 60
-12.253 -2.866 0.463 52
-12.087 -2.923 0.468 60
-12.076 -2.870 0.469 43
-12.258 -2.844 0.464 50
-12.317 -2.886 0.461 38
-12.107 -2.936 0.467 52
-12.220 -2.840 0.465 54
-12.112 -3.044 0.464 21
-12.175 -2.783 0.468 65
-12.208 -2.781 0.467 38
-12.266 -2.914 0.462 72
-12.063 -2.839 0.470 38
-12.174 -3.000 0.463 70
-12.054 -2.969 0.468 67
-12.036 -2.965 0.468 14
-12.125 -3.017 0.464 66
-12.149 -2.867 0.467 50
-12.101 -2.961 0.466 54
-12.235 -2.811 0.465 55
-12.034 -3.049 0.466 7
-12.359 -2.890 0.459 72
-12.107 -2.793 0.470 70
-12.215 -2.914 0.463 72
-12.071 -2.928 0.468 60
-12.330 -2.908 0.460 49
-12.108 -2.751 0.471 52
-12.105 -3.035 0.464 43
-12.357 -2.846 0.460 69
-12.087 -2.818 0.470 59
-12.101 -2.781 0.471 63
-12.123 -2.776 0.470 76
-12.018 -3.063 0.466 60
-12.314 -2.935 0.460 56
-12.209 -2.934 0.463 57
-12.095 -2.737 0.472 58
-12.149 -2.940 0.465 64
-12.066 -3.021 0.466 35
-12.192 -2.860 0.466 64
-12.080 -2.852 0.470 36
-12.303 -2.933 0.460 61
-12.213 -2.831 0.466 70
-12.080 -2.776 0.471 39
-12.212 -2.866 0.465 50
-12.349 -2.842 0.461 65
-12.086 -2.740 0.472 73
-12.143 -2.807 0.469 76
-12.084 -2.760 0.472 37
-12.151 -2.788 0.469 73
-12.201 -2.825 0.466 68
-12.073 -2.838 0.470 43
-12.204 -2.803 0.467 51
-12.098 -3.006 0.465 71
-12.217 -2.858 0.465 49
-12.218 -2.951 0.463 51
-12.192 -2.944 0.464 52
-12.253 -2.793 0.465 73
-12.314 -2.896 0.461 70
-12.040 -2.976 0.468 57
-12.207 -2.963 0.463 52
-12.341 -2.880 0.460 62
-12.053 -2.943 0.468 58
-12.271 -2.934 0.461 77
-12.095 -2.922 0.467 57
-12.074 -2.821 0.470 51
-12.077 -2.958 0.467 49
-12.123 -2.868 0.468 55
-12.288 -2.845 0.463 49
-12.093 -2.787 0.471 37
-12.224 -2.979 0.462 43
-12.285 -2.852 0.463 47
-12.031 -3.042 0.467 21
-12.272 -2.825 0.464 69
-12.082 -2.916 0.468 51
-12.152 -3.006 0.463 70
-12.091 -3.048 0.464 78
-12.186 -2.873 0.465 57
-12.226 -2.784 0.466 58
-12.066 -2.803 0.471 64
-12.097 -3.045 0.464 40
-12.142 -2.986 0.464 53
-12.233 -2.849 0.464 48
-12.388 -2.852 0.459 40
-12.102 -2.966 0.466 57
-12.081 -2.788 0.471 46
-12.162 -2.881 0.466 71
-12.033 -3.023 0.467 41
-12.133 -2.859 0.468 54
-12.058 -2.798 0.472 52
-12.286 -2.863 0.462 66
-12.088 -2.733 0.472 75
-12.133 -2.780 0.470 71
-12.236 -2.929 0.462 84
-12.281 -2.830 0.463 68
-12.077 -2.994 0.466 64
-12.122 -2.870 0.468 53
-12.114 -2.896 0.467 71
-12.140 -2.868 0.467 55
-12.109 -2.824 0.469 57
-12.188 -2.870 0.465 59
-12.093 -3.008 0.465 77
-12.131 -2.845 0.468 45
-12.193 -2.906 0.464 74
-12.393 -2.884 0.458 60
-12.052 -2.895 0.469 66
-12.164 -2.948 0.464 35
-12.091 -2.802 0.470 63
-12.180 -2.843 0.466 64
-12.266 -2.949 0.461 86
-12.062 -2.889 0.469 62
-12.107 -2.763 0.471 44
-12.066 -3.041 0.465 32
-12.377 -2.872 0.459 68
-12.353 -2.908 0.459 64
-12.130 -2.911 0.466 70
-12.139 -3.000 0.464 74
-12.070 -3.025 0.466 39
-12.139 -2.916 0.466 70
-12.209 -2.850 0.465 56
-12.298 -2.842 0.463 75
-12.046 -2.996 0.467 67
-12.178 -2.926 0.464 66
-12.359 -2.891 0.459 72
-12.254 -2.823 0.464 57
-12.069 -2.968 0.467 81
-12.349 -2.849 0.461 66
-12.311 -2.878 0.461 41
-12.311 -2.838 0.462 77
-12.224 -2.868 0.464 52
-12.193 -2.919 0.464 66
-12.072 -2.744 0.472 46
-12.193 -2.774 0.468 72
-12.072 -2.765 0.472 52
-12.282 -2.840 0.463 48
-12.182 -3.004 0.462 78
-12.173 -2.881 0.466 73
-12.114 -2.904 0.467 68
-12.081 -3.026 0.465 37
-12.351 -2.851 0.461 63
-12.128 -2.758 0.470 66
-12.176 -2.964 0.464 51
-12.147 -2.967 0.464 61
-12.198 -2.786 0.467 60
-12.289 -2.843 0.463 61
-12.071 -2.855 0.470 44
-12.397 -2.884 0.458 65
-12.279 -2.831 0.463 62
-12.286 -2.915 0.461 71
-12.030 -3.074 0.466 55
-12.279 -2.854 0.463 54
-12.165 -2.892 0.466 75
-12.108 -2.748 0.471 53
-12.346 -2.863 0.460 55
-12.129 -2.839 0.468 41
-12.120 -2.765 0.470 66
-12.069 -3.010 0.466 60
-12.109 -2.768 0.471 50
-12.071 -2.833 0.470 46
-12.106 -2.876 0.468 51
-12.222 -2.811 0.466 69
-12.050 -2.858 0.470 47
-12.097 -3.008 0.465 71
-12.363 -2.859 0.460 86
-12.301 -2.929 0.460 68
-12.125 -2.895 0.467 67
-12.144 -2.905 0.466 54
-12.318 -2.876 0.461 55
-12.095 -2.971 0.466 61
-12.178 -2.824 0.467 50
-12.081 -2.769 0.472 41
-12.276 -2.939 0.461 71
-12.227 -2.913 0.463 68
-12.188 -2.821 0.467 50
-12.309 -2.913 0.460 81
-12.162 -2.793 0.468 70
-12.230 -2.931 0.463 85
-12.213 -2.894 0.464 54
-12.165 -2.931 0.465 70
-12.079 -2.738 0.472 68
-12.177 -2.947 0.464 40
-12.237 -2.878 0.464 52
-12.131 -2.758 0.470 66
-12.155 -2.900 0.466 66
-12.323 -2.878 0.461 49
-12.141 -2.797 0.469 76
-12.328 -2.843 0.461 51
-12.096 -2.919 0.467 54
-12.206 -2.951 0.463 58
-12.096 -2.865 0.469 51
-12.077 -2.906 0.468 49
-12.089 -2.957 0.467 52
-12.119 -2.802 0.469 76
-12.282 -2.818 0.464 74
-12.119 -2.993 0.465 72
-12.138 -2.815 0.468 74
-12.181 -2.799 0.467 76
-12.113 -2.962 0.466 56
-12.122 -2.923 0.466 77
-12.071 -2.896 0.469 43
-12.287 -2.874 0.462 69
-12.188 -2.902 0.465 80
-12.064 -2.851 0.470 36
-12.323 -2.847 0.462 53
-12.069 -2.944 0.468 53
-12.286 -2.943 0.460 66
-12.134 -2.791 0.469 70
-12.080 -3.009 0.466 77
-12.380 -2.863 0.459 66
-12.118 -2.960 0.466 62
-12.057 -2.835 0.471 31
-12.069 -2.932 0.468 58
-12.118 -2.946 0.466 51
-12.114 -2.825 0.469 47
-12.161 -2.941 0.465 54
-12.112 -2.763 0.471 52
-12.294 -2.909 0.461 81
-12.111 -3.020 0.464 50
-12.174 -2.855 0.466 55
-12.102 -2.755 0.471 38
-12.163 -2.874 0.466 47
-12.092 -3.000 0.465 71
-12.177 -2.910 0.465 72
-12.338 -2.858 0.461 53
-12.145 -2.846 0.468 39
-12.211 -2.922 0.463 66
-12.104 -2.795 0.470 39
-12.324 -2.858 0.461 48
-12.273 -2.806 0.464 73
-12.178 -2.864 0.466 60
-12.098 -2.819 0.470 58
-12.144 -2.748 0.470 62
-12.129 -2.862 0.468 54
-12.190 -2.851 0.466 63
-12.214 -2.847 0.465 53
-12.110 -2.960 0.466 52
-12.152 -2.829 0.468 74
-12.045 -3.063 0.466 10
-12.163 -2.976 0.464 58
-12.404 -2.873 0.458 55
-12.179 -2.840 0.467 56
-12.073 -2.918 0.468 57
-12.047 -3.003 0.467 69
-12.075 -2.896 0.469 43
-12.099 -3.040 0.464 22
-12.085 -2.972 0.466 54
-12.175 -2.957 0.464 52
-12.195 -2.923 0.464 60
-12.262 -2.807 0.465 72
-12.325 -2.882 0.461 51
-12.311 -2.842 0.462 75
-12.283 -2.935 0.461 78
-12.142 -2.993 0.464 68
-12.103 -2.981 0.466 38
-12.203 -2.933 0.463 46
-12.264 -2.843 0.464 51
-12.253 -2.900 0.463 69
-12.158 -2.969 0.464 57
-12.222 -2.965 0.462 47
-12.198 -2.817 0.466 60
-12.145 -2.936 0.465 70
-12.091 -2.818 0.470 58
-12.042 -2.921 0.469 55
-12.290 -2.925 0.461 64
-12.050 -2.976 0.467 66
-12.373 -2.903 0.459 69
-12.315 -2.868 0.461 48
-12.101 -2.921 0.467 54
-12.102 -2.980 0.466 38
-12.065 -2.889 0.469 36
-12.084 -2.865 0.469 37
-12.118 -3.019 0.464 58
-12.174 -2.830 0.467 51
-12.379 -2.881 0.459 74
-12.042 -2.928 0.469 59
-12.384 -2.873 0.459 52
-12.307 -2.919 0.460 73
-12.385 -2.873 0.459 55
-12.105 -2.825 0.469 55
-12.292 -2.918 0.461 71
-12.245 -2.829 0.465 55
-12.278 -2.898 0.462 76
-12.094 -2.827 0.470 61
-12.062 -2.902 0.469 47
-12.028 -3.021 0.467 34
-12.068 -3.023 0.466 38
-12.303 -2.925 0.460 69
-12.194 -2.780 0.467 71
-12.048 -3.022 0.466 37
-12.242 -2.908 0.463 67
-12.328 -2.832 0.462 66
-12.299 -2.943 0.460 57
-12.173 -2.873 0.466 67
-12.409 -2.877 0.458 76
-12.076 -2.719 0.473 70
-12.091 -2.815 0.470 58
-12.162 -3.003 0.463 70
-12.091 -2.872 0.469 51
-12.306 -2.927 0.460 67
-12.085 -2.854 0.469 34
-12.284 -2.882 0.462 70
-12.083 -2.802 0.471 56
-12.175 -2.943 0.464 43
-12.308 -2.920 0.460 70
-12.322 -2.847 0.462 57
-12.050 -3.071 0.465 15
-12.079 -3.060 0.464 58
-12.087 -2.899 0.468 61
-12.128 -2.784 0.470 76
-12.309 -2.919 0.460 70
-12.075 -2.793 0.471 49
-12.320 -2.830 0.462 77
-12.029 -3.043 0.467 39
-12.067 -3.053 0.465 52
-12.175 -2.942 0.464 41
-12.194 -2.867 0.465 53
-12.302 -2.900 0.461 76
-12.298 -2.850 0.462 68
-12.090 -2.978 0.466 65
-12.189 -2.800 0.467 62
-12.172 -2.871 0.466 68
-12.307 -2.842 0.462 74
-12.022 -3.078 0.466 60
-12.078 -2.754 0.472 45
-12.081 -2.814 0.470 59
-12.101 -2.823 0.470 54
-12.281 -2.899 0.462 76
-12.304 -2.830 0.463 77
-12.200 -2.947 0.463 50
-12.075 -3.045 0.465 52
-12.240 -2.799 0.465 59
-12.057 -2.996 0.467 68
-12.150 -2.867 0.467 50
-12.134 -2.921 0.466 75
-12.094 -2.739 0.472 63
-12.146 -2.913 0.466 58
-12.112 -2.766 0.471 51
-12.136 -2.982 0.464 47
-12.045 -2.945 0.468 79
-12.093 -2.999 0.465 71
-12.165 -2.904 0.465 74
-12.167 -2.995 0.463 71
-12.154 -3.017 0.463 78
-12.068 -3.022 0.466 38
-12.126 -2.891 0.467 64
-12.325 -2.855 0.461 52
-12.049 -2.991 0.467 67
-12.162 -2.959 0.464 66
-12.350 -2.860 0.460 48
-12.255 -2.925 0.462 76
-12.209 -2.813 0.466 58
-12.297 -2.902 0.461 74
-12.128 -2.958 0.465 60
-12.064 -3.023 0.466 36
-12.094 -2.794 0.470 44
-12.293 -2.887 0.462 72
-12.148 -2.930 0.465 74
-12.053 -3.052 0.466 28
-12.067 -2.779 0.472 46
-12.150 -2.879 0.467 61
-12.315 -2.873 0.461 45
-12.274 -2.911 0.462 74
-12.218 -2.829 0.465 68
-12.131 -2.821 0.469 75
-12.128 -2.986 0.465 46
-12.104 -2.956 0.466 53
-12.104 -2.750 0.471 46
-12.308 -2.848 0.462 70
-12.161 -2.822 0.468 75
-12.273 -2.872 0.463 60
-12.195 -3.086 0.394 19
-12.242 -3.049 0.389 85
-12.146 -3.118 0.420 40
-12.218 -3.071 0.384 76
-12.223 -3.066 0.386 67
-12.156 -3.111 0.419 43
-12.261 -3.035 0.385 66
-12.124 -3.136 0.424 51
-12.138 -3.125 0.420 45
-12.248 -3.045 0.387 77
-12.102 -3.151 0.431 76
-12.104 -3.148 0.436 48
-12.165 -3.108 0.404 78
-12.224 -3.063 0.391 67
-12.137 -3.125 0.424 41
-12.227 -3.063 0.384 66
-12.167 -3.110 0.396 66
-12.090 -3.158 0.442 56
-12.203 -3.079 0.394 19
-12.238 -3.053 0.387 75
-12.130 -3.132 0.420 69
-12.165 -3.108 0.404 78
-12.258 -3.038 0.382 77
-12.175 -3.103 0.395 79
-12.169 -3.105 0.403 73
-12.160 -3.114 0.398 75
-12.151 -3.117 0.412 76
-12.159 -3.112 0.406 59
-12.208 -3.076 0.393 19
-12.163 -3.108 0.410 66
-12.214 -3.072 0.390 58
-12.219 -3.064 0.400 72
-12.250 -3.043 0.387 82
-12.186 -3.094 0.393 21
-12.191 -3.088 0.398 12
-12.143 -3.123 0.415 70
-12.172 -3.103 0.402 72
-12.127 -3.133 0.423 42
-12.212 -3.076 0.383 57
-12.238 -3.051 0.392 70
-12.272 -3.027 0.381 78
-12.199 -3.085 0.390 17
-12.157 -3.112 0.412 66
-12.195 -3.085 0.397 20
-12.252 -3.042 0.385 85
-12.221 -3.068 0.384 71
-12.227 -3.013 0.457 60
-12.086 -3.101 0.458 80
-12.210 -3.046 0.454 60
-12.123 -3.083 0.457 75
-12.110 -3.048 0.463 57
-12.168 -3.076 0.453 72
-12.074 -3.133 0.454 76
-12.288 -2.985 0.455 80
-12.038 -3.123 0.459 71
-12.075 -3.161 0.450 9
-12.164 -3.053 0.457 42
-12.067 -3.129 0.456 51
-12.235 -3.004 0.457 49
-12.232 -3.011 0.457 53
-12.074 -3.073 0.463 58
-12.315 -2.953 0.457 66
-12.298 -2.966 0.457 66
-12.219 -3.002 0.459 59
-12.026 -3.102 0.464 50
-12.189 -3.049 0.455 38
-12.070 -3.091 0.461 50
-12.100 -3.144 0.450 78
-12.087 -3.115 0.456 82
-12.388 -2.910 0.456 74
-12.151 -3.102 0.451 78
-12.118 -3.120 0.452 66
-12.176 -3.048 0.457 35
-12.043 -3.099 0.462 6
-12.042 -3.091 0.464 7
-12.235 -3.012 0.456 51
-12.078 -3.095 0.460 60
-12.057 -3.117 0.458 10
-12.361 -2.929 0.456 55
-12.074 -3.104 0.459 65
-12.187 -3.006 0.462 79
-12.126 -3.074 0.458 81
-12.316 -2.952 0.457 66
-12.280 -2.956 0.460 82
-12.274 -2.995 0.455 62
-12.235 -3.006 0.457 49
-12.061 -3.144 0.454 21
-12.226 -3.041 0.453 68
-12.348 -2.930 0.457 63
-12.165 -3.080 0.453 81
-12.075 -3.104 0.458 65
-12.324 -2.943 0.458 66
-12.223 -3.031 0.454 52
-12.239 -3.016 0.455 61
-12.091 -3.099 0.458 79
-12.222 -3.009 0.458 57
-12.135 -3.102 0.453 58
-12.205 -3.053 0.453 48
-12.327 -2.961 0.455 70
-12.157 -3.030 0.461 45
-12.108 -3.136 0.450 82
-12.331 -2.942 0.457 69
-12.216 -3.014 0.458 62
-12.147 -3.097 0.452 85
-12.224 -3.001 0.459 58
-12.076 -3.148 0.452 53
-12.260 -2.987 0.457 60
-12.163 -3.089 0.452 82
-12.159 -3.050 0.458 36
-12.224 -3.035 0.454 55
-12.114 -3.126 0.451 85
-12.084 -3.075 0.462 53
-12.180 -3.081 0.451 67
-12.119 -3.122 0.451 58
-12.195 -3.032 0.457 62
-12.161 -3.049 0.458 23
-12.152 -3.040 0.460 18
-12.114 -3.097 0.456 84
-12.356 -2.926 0.457 52
-12.208 -3.034 0.456 68
-12.100 -3.090 0.458 73
-12.253 -2.986 0.458 53
-12.215 -3.013 0.458 60
-12.261 -2.993 0.456 49
-12.264 -2.989 0.457 63
-12.236 -2.981 0.461 53
-12.283 -2.973 0.457 81
-12.111 -3.089 0.457 76
-12.034 -3.122 0.460 65
-12.203 -3.056 0.453 58
-12.099 -3.078 0.460 81
-12.145 -3.072 0.456 63
-12.186 -3.016 0.461 72
-12.110 -3.120 0.452 85
-12.167 -3.066 0.455 46
-12.168 -3.047 0.458 9
-12.115 -3.122 0.452 78
-12.082 -3.124 0.455 80
-12.251 -2.994 0.457 54
-12.248 -2.983 0.459 55
-12.126 -3.100 0.454 50
-12.072 -3.092 0.461 52
-12.062 -3.130 0.456 22
-12.058 -3.116 0.458 10
-12.376 -2.906 0.458 73
-12.397 -2.894 0.458 51
-12.190 -3.023 0.459 70
-12.297 -2.970 0.456 77
-12.181 -3.039 0.458 56
-12.177 -3.017 0.461 72
-12.137 -3.073 0.457 43
-12.167 -3.075 0.454 74
-12.159 -3.033 0.461 37
-12.237 -2.986 0.460 54
-12.116 -3.101 0.455 78
-12.209 -3.032 0.456 80
-12.342 -2.935 0.457 75
-12.095 -3.117 0.454 82
-12.335 -2.946 0.456 68
-12.127 -3.110 0.452 52
-12.026 -3.107 0.463 64
-12.367 -2.919 0.457 75
-12.167 -3.031 0.460 55
-12.057 -3.113 0.459 14
-12.155 -3.064 0.456 67
-12.189 -3.031 0.458 66
-12.250 -3.022 0.453 50
-12.399 -2.891 0.458 66
-12.043 -3.120 0.459 23
-12.020 -3.097 0.465 34
-12.142 -3.107 0.451 72
-12.057 -3.146 0.454 13
-12.233 -2.991 0.460 56
-12.094 -3.147 0.450 81
-12.188 -3.013 0.461 79
-12.351 -2.933 0.457 64
-12.083 -3.084 0.461 70
-12.381 -2.915 0.456 71
-12.125 -3.050 0.462 50
-12.242 -3.000 0.457 54
-12.212 -3.014 0.458 62
-12.061 -3.143 0.454 16
-12.175 -3.045 0.457 33
-12.132 -3.073 0.457 56
-12.127 -3.089 0.456 71
-12.354 -2.938 0.455 64
-12.261 -2.980 0.458 59
-12.248 -3.016 0.454 56
-12.110 -3.061 0.461 79
-12.126 -3.083 0.456 69
-12.284 -2.984 0.456 85
-12.038 -3.103 0.462 41
-12.086 -3.063 0.463 77
-12.182 -3.035 0.458 67
-12.128 -3.038 0.463 31
-12.245 -2.980 0.460 51
-12.140 -3.085 0.455 61
-12.144 -3.040 0.461 28
-12.322 -2.950 0.457 64
-12.330 -2.941 0.457 69
-12.203 -3.038 0.455 39
-12.212 -3.012 0.459 62
-12.124 -3.049 0.462 50
-12.332 -2.931 0.459 70
-12.047 -3.100 0.462 8
-12.283 -2.958 0.460 80
-12.091 -3.117 0.455 82
-12.307 -2.954 0.458 62
-12.195 -3.056 0.453 46
-12.090 -3.125 0.454 84
-12.232 -2.999 0.458 56
-12.142 -3.104 0.452 75
-12.307 -2.966 0.456 68
-12.115 -3.078 0.458 67
-12.409 -2.891 0.457 82
-12.123 -3.078 0.458 78
-12.209 -3.020 0.458 69
-12.385 -2.907 0.457 76
-12.404 -2.890 0.458 76
-12.089 -3.103 0.457 83
-12.126 -3.086 0.456 69
-12.056 -3.128 0.457 16
-12.146 -3.101 0.452 78
-12.046 -3.082 0.465 15
-12.063 -3.108 0.459 36
-12.237 -2.978 0.461 54
-12.054 -3.140 0.455 18
-12.083 -3.081 0.461 63
-12.151 -3.053 0.458 48
-12.145 -3.094 0.453 73
-12.319 -2.936 0.459 60
-12.246 -3.020 0.454 59
-12.180 -3.080 0.451 61
-12.214 -3.043 0.454 68
-12.200 -3.022 0.458 79
-12.272 -2.997 0.455 62
-12.200 -3.023 0.458 79
-12.084 -3.109 0.457 75
-12.335 -2.953 0.455 78
-12.178 -3.055 0.455 18
-12.237 -3.003 0.457 54
-12.330 -2.930 0.459 70
-12.163 -3.060 0.456 65
-12.276 -2.981 0.457 83
-12.327 -2.955 0.456 73
-12.295 -2.950 0.460 67
-12.032 -3.093 0.465 55
-12.057 -3.131 0.456 15
-12.186 -3.060 0.454 27
-12.139 -3.069 0.457 45
-12.108 -3.066 0.461 55
-12.203 -3.028 0.457 77
-12.057 -3.106 0.460 12
-12.078 -3.128 0.455 77
-12.041 -3.084 0.465 11
-12.023 -3.100 0.464 36
-12.160 -3.037 0.460 23
-12.084 -3.145 0.451 82
-12.262 -2.989 0.457 54
-12.296 -2.963 0.457 69
-12.153 -3.093 0.452 66
-12.134 -3.037 0.463 47
-12.390 -2.906 0.457 76
-12.053 -3.141 0.455 14
-12.314 -2.938 0.459 55
-12.056 -3.082 0.464 20
-12.283 -2.964 0.459 84
-12.176 -3.071 0.453 47
-12.110 -3.133 0.451 82
-12.145 -3.117 0.426 62
-12.278 -3.020 0.387 76
-12.290 -3.003 0.415 68
-12.294 -2.999 0.418 53
-12.146 -3.110 0.448 59
-12.229 -3.050 0.420 81
-12.340 -2.952 0.447 80
-12.254 -3.030 0.419 50
-12.183 -3.084 0.436 79
-12.290 -3.004 0.410 61
-12.139 -3.121 0.429 65
-12.234 -3.048 0.412 60
-12.332 -2.962 0.437 69
-12.186 -3.077 0.451 18
-12.295 -2.991 0.440 85
-12.278 -3.015 0.405 72
-12.224 -3.049 0.439 66
-12.274 -3.007 0.445 58
-12.256 -3.029 0.417 53
-12.349 -2.944 0.449 77
-12.155 -3.108 0.428 67
-12.413 -2.893 0.447 74
-12.351 -2.943 0.449 78
-12.332 -2.958 0.449 73
-12.291 -3.005 0.404 59
-12.307 -2.987 0.419 78
-12.383 -2.918 0.443 59
-12.234 -3.039 0.444 53
-12.306 -2.982 0.441 75
-12.334 -2.963 0.430 59
-12.134 -3.119 0.449 42
-12.331 -2.958 0.453 75
-12.337 -2.960 0.431 58
-12.166 -3.102 0.420 76
-12.335 -2.956 0.450 77
-12.185 -3.078 0.447 46
-12.346 -2.950 0.439 41
-12.396 -2.905 0.454 66
-12.325 -2.973 0.420 65
-12.271 -3.014 0.425 61
-12.247 -3.042 0.397 55
-12.379 -2.926 0.430 67
-12.290 -3.009 0.395 64
-12.212 -3.056 0.446 33
-12.235 -3.036 0.450 56
-12.292 -2.994 0.440 65
-12.272 -3.010 0.440 61
-12.226 -3.052 0.423 90
-12.233 -3.050 0.410 62
-12.305 -2.995 0.399 46
-12.232 -3.046 0.426 60
-12.176 -3.086 0.444 77
-12.333 -2.962 0.435 59
-12.221 -3.059 0.411 63
-12.316 -2.983 0.412 69
-12.294 -2.995 0.431 45
-12.141 -3.118 0.436 65
-12.277 -3.010 0.429 59
-12.393 -2.910 0.443 76
-12.229 -3.054 0.409 76
-12.206 -3.066 0.432 36
-12.281 -3.018 0.389 79
-12.080 -3.164 0.448 46
-12.317 -2.978 0.423 57
-12.250 -3.029 0.434 51
-12.372 -2.925 0.453 65
-12.187 -3.083 0.428 13
-12.259 -3.031 0.401 36
-12.343 -2.951 0.446 78
-12.273 -3.010 0.440 59
-12.281 -3.019 0.382 74
-12.234 -3.037 0.450 56
-12.248 -3.037 0.412 70
-12.354 -2.943 0.439 61
-12.292 -2.992 0.446 98
-12.315 -2.977 0.434 61
-12.291 -3.004 0.406 61
-12.253 -3.023 0.448 62
-12.101 -3.148 0.444 101
-12.285 -3.015 0.388 77
-12.414 -2.889 0.456 75
-12.338 -2.961 0.425 68
-12.360 -2.939 0.437 39
-12.326 -2.964 0.448 75
-12.297 -2.999 0.410 54
-12.279 -3.007 0.432 66
-12.354 -2.942 0.443 72
-12.160 -3.099 0.447 66
-12.309 -2.989 0.408 75
-12.237 -3.038 0.439 38
-12.281 -3.017 0.390 79
-12.246 -3.044 0.393 78
-12.245 -3.032 0.437 45
-12.287 -3.005 0.415 66
-12.297 -2.991 0.436 86
-12.402 -2.902 0.449 70
-12.329 -2.963 0.442 66
-12.264 -3.029 0.395 70
-12.357 -2.942 0.434 62
-12.219 -3.056 0.430 86
-12.248 -3.035 0.421 41
-12.148 -3.109 0.446 52
-12.257 -3.028 0.418 53
-12.199 -3.075 0.419 36
-12.370 -2.933 0.430 65
-12.122 -3.131 0.443 75
-12.343 -2.951 0.444 75
-12.307 -2.982 0.440 75
-12.254 -3.032 0.412 56
-12.250 -3.031 0.427 49
-12.238 -3.036 0.445 45
-12.372 -2.933 0.425 57
-12.279 -3.020 0.387 72
-12.203 -3.065 0.444 110
-12.283 -3.006 0.424 64
-12.168 -3.096 0.437 83
-12.308 -2.989 0.412 79
-12.386 -2.918 0.437 56
-12.148 -3.114 0.428 63
-12.360 -2.936 0.448 56
-12.308 -2.992 0.400 77
-12.200 -3.069 0.440 100
-12.302 -2.987 0.433 51
-12.296 -2.987 0.453 87
-12.269 -3.023 0.404 73
-12.224 -3.052 0.430 87
-12.289 -3.003 0.417 68
-12.343 -2.956 0.425 68
-12.343 -2.948 0.454 76
-12.255 -3.038 0.390 91
-12.310 -2.987 0.412 83
-12.180 -3.086 0.437 88
-12.233 -3.051 0.407 52
-12.275 -3.017 0.408 71
-12.358 -2.937 0.449 65
-12.391 -2.910 0.448 71
-12.204 -3.074 0.406 20
-12.297 -2.989 0.443 95
-12.171 -3.093 0.437 84
-12.159 -3.099 0.450 69
-12.165 -3.099 0.435 84
-12.261 -3.021 0.431 68
-12.318 -2.973 0.436 52
-12.224 -3.046 0.447 60
-12.104 -3.145 0.448 87
-12.207 -3.072 0.406 23
-12.363 -2.941 0.422 62
-12.349 -2.950 0.431 55
-12.163 -3.100 0.438 83
-12.171 -3.097 0.424 85
-12.364 -2.932 0.451 53
-12.317 -2.985 0.400 74
-12.308 -2.985 0.426 45
-12.259 -3.018 0.444 58
-12.248 -3.043 0.392 75
-12.224 -3.056 0.415 58
-12.202 -3.072 0.421 32
-12.348 -2.953 0.425 62
-12.115 -3.136 0.446 74
-12.310 -2.979 0.440 55
-12.208 -3.060 0.446 74
-12.185 -3.080 0.442 26
-12.381 -2.922 0.437 54
-12.130 -3.128 0.434 58
-12.369 -2.928 0.448 54
-12.365 -2.936 0.433 68
-12.274 -3.013 0.425 62
-12.215 -3.053 0.451 43
-12.295 -2.996 0.425 40
-12.244 -3.043 0.401 33
-12.270 -3.023 0.398 51
-12.338 -2.961 0.425 67
-12.345 -2.958 0.413 73
-12.244 -3.035 0.431 59
-12.304 -2.993 0.411 59
-12.345 -2.958 0.414 73
-12.228 -3.050 0.423 86
-11.957 -2.489 0.807 70
-12.006 -2.532 0.823 74
-12.078 -2.476 0.782 67
-11.963 -2.490 0.807 69
-12.027 -2.485 0.794 79
-12.026 -2.541 0.826 83
-12.085 -2.482 0.785 85
-11.975 -2.489 0.805 52
-12.094 -2.483 0.784 93
-12.054 -2.516 0.808 75
-12.009 -2.514 0.813 86
-12.066 -2.474 0.783 90
-12.026 -2.502 0.804 79
-12.096 -2.478 0.781 89
-12.022 -2.476 0.791 85
-12.042 -2.478 0.789 82
-12.077 -2.493 0.792 53
-12.006 -2.481 0.796 89
-11.996 -2.471 0.791 86
-11.960 -2.476 0.799 68
-12.055 -2.519 0.809 74
-12.004 -2.474 0.792 89
-12.083 -2.470 0.778 91
-11.964 -2.469 0.795 64
-11.991 -2.498 0.807 64
-11.983 -2.517 0.818 51
-12.055 -2.498 0.798 80
-11.988 -2.477 0.796 68
-12.039 -2.514 0.809 76
-12.038 -2.469 0.784 83
-11.982 -2.509 0.814 50
-12.026 -2.532 0.821 79
-12.004 -2.556 0.837 64
-11.970 -2.472 0.796 57
-12.043 -2.473 0.786 84
-12.091 -2.483 0.784 90
-12.011 -2.470 0.789 91
-12.024 -2.475 0.789 85
-12.021 -2.506 0.807 83
-12.002 -2.515 0.815 82
-12.039 -2.486 0.794 80
-11.995 -2.502 0.808 73
-11.979 -2.497 0.808 50
-12.061 -2.514 0.806 76
-11.981 -2.509 0.814 50
-12.056 -2.505 0.801 78
-11.950 -2.481 0.803 78
-12.038 -2.538 0.822 77
-12.035 -2.506 0.805 75
-12.080 -2.493 0.791 76
-12.010 -2.545 0.830 75
-12.087 -2.481 0.784 72
-12.050 -2.480 0.789 84
-11.991 -2.468 0.790 75
-12.029 -2.504 0.805 77
-12.017 -2.501 0.805 83
-12.019 -2.551 0.832 75
-12.036 -2.475 0.788 81
-12.021 -2.556 0.835 71
-12.054 -2.470 0.783 86
-11.997 -2.470 0.791 86
-12.006 -2.542 0.829 70
-11.988 -2.473 0.794 69
-12.000 -2.539 0.828 61
-11.960 -2.471 0.796 62
-11.992 -2.533 0.826 53
-12.027 -2.496 0.801 78
-12.038 -2.494 0.798 80
-11.990 -2.479 0.797 70
-12.002 -2.469 0.789 90
-12.046 -2.502 0.801 82
-12.079 -2.476 0.782 76
-11.965 -2.492 0.808 71
-11.986 -2.490 0.803 62
-11.999 -2.473 0.792 89
-12.028 -2.477 0.790 82
-12.046 -2.509 0.805 81
-12.016 -2.531 0.822 88
-11.966 -2.475 0.798 64
-11.998 -2.490 0.801 80
-12.040 -2.483 0.791 83
-12.002 -2.489 0.801 83
-12.006 -2.496 0.804 85
-11.995 -2.499 0.807 70
-12.006 -2.554 0.835 68
-12.014 -2.546 0.830 82
-12.048 -2.515 0.808 83
-12.008 -2.516 0.814 87
-12.070 -2.497 0.795 49
-12.046 -2.496 0.798 81
-11.968 -2.480 0.801 71
-12.067 -2.482 0.787 82
-11.987 -2.519 0.819 52
-11.967 -2.483 0.802 68
-12.052 -2.519 0.810 75
-11.988 -2.515 0.817 56
-12.073 -2.481 0.786 50
-11.998 -2.521 0.819 66
-12.013 -2.513 0.812 85
-12.028 -2.535 0.822 77
-12.014 -2.562 0.839 67
-12.036 -2.475 0.788 81
-12.031 -2.469 0.785 84
