-13.749 -3.544 0.531 50
-13.755 -3.556 0.533 133
-13.755 -3.554 0.537 147
-13.758 -3.571 0.517 69
-13.752 -3.554 0.525 25
-13.766 -3.597 0.498 64
-13.749 -3.538 0.544 141
-13.754 -3.551 0.539 138
-13.748 -3.544 0.528 14
-13.764 -3.588 0.507 63
-13.757 -3.575 0.507 64
-13.767 -3.605 0.488 56
-13.748 -3.537 0.541 150
-13.648 -3.578 0.730 50
-13.868 -3.582 0.723 146
-13.888 -3.585 0.727 145
-13.842 -3.580 0.722 151
-13.870 -3.578 0.715 145
-13.692 -3.578 0.727 72
-13.555 -3.575 0.731 71
-13.799 -3.579 0.722 61
-13.895 -3.584 0.726 144
-13.855 -3.581 0.723 148
-13.786 -3.577 0.719 90
-13.881 -3.584 0.726 146
-13.902 -3.585 0.727 144
-13.743 -3.576 0.720 97
-13.765 -3.578 0.722 73
-13.687 -3.576 0.724 69
-13.874 -3.581 0.722 145
-13.569 -3.576 0.732 111
-13.832 -3.580 0.722 138
-13.691 -3.576 0.724 70
-13.638 -3.578 0.732 105
-13.811 -3.580 0.724 57
-13.676 -3.576 0.724 74
-13.675 -3.577 0.726 63
-13.641 -3.577 0.729 76
-13.690 -3.580 0.732 76
-13.756 -3.577 0.721 105
-13.922 -3.585 0.726 151
-13.876 -3.580 0.719 145
-13.743 -3.577 0.722 97
-13.841 -3.579 0.720 150
-13.757 -3.582 0.732 40
-13.803 -3.579 0.723 63
-13.719 -3.580 0.730 66
-13.682 -3.577 0.726 70
-13.760 -3.580 0.727 86
-13.774 -3.580 0.726 91
-13.783 -3.578 0.721 94
-13.849 -3.578 0.716 147
-13.602 -3.575 0.728 86
-13.687 -3.578 0.727 68
-13.549 -3.578 0.732 77
-13.671 -3.581 0.732 62
-13.626 -3.579 0.732 103
-13.558 -3.579 0.732 91
-13.559 -3.577 0.732 91
-13.535 -3.583 0.732 58
-13.602 -3.578 0.732 95
-13.584 -3.581 0.732 108
-13.539 -3.580 0.732 57
-13.576 -3.577 0.732 111
-13.635 -3.582 0.732 97
-13.569 -3.583 0.732 106
-13.633 -3.582 0.732 94
-13.642 -3.579 0.732 91
-13.528 -3.581 0.729 110
-13.491 -3.854 0.401 63
-13.507 -3.765 0.436 49
-13.528 -3.997 0.414 46
-13.491 -3.933 0.385 39
-13.503 -3.910 0.403 36
-13.532 -4.027 0.413 35
-13.523 -4.001 0.408 54
-13.512 -3.910 0.413 37
-13.512 -3.803 0.434 48
-13.500 -3.811 0.419 58
-13.518 -3.996 0.403 56
-13.510 -3.855 0.422 20
-13.497 -3.812 0.416 59
-13.513 -3.825 0.431 60
-13.515 -3.967 0.405 15
-13.517 -3.955 0.410 12
-13.500 -3.856 0.410 70
-13.478 -3.814 0.394 39
-13.503 -3.893 0.407 41
-13.492 -3.741 0.424 50
-13.493 -3.678 0.437 46
-13.513 -3.983 0.401 39
-13.507 -3.882 0.414 28
-13.492 -3.771 0.418 48
-13.489 -3.831 0.403 75
-13.496 -3.712 0.434 60
-13.503 -3.839 0.417 67
-13.492 -3.794 0.414 73
-13.497 -3.701 0.437 55
-13.503 -3.857 0.414 71
-13.522 -3.978 0.411 58
-13.506 -3.908 0.407 40
-13.497 -3.703 0.437 56
-13.493 -3.656 0.442 44
-13.529 -4.023 0.410 65
-13.491 -3.675 0.435 47
-13.492 -3.817 0.410 75
-13.523 -3.941 0.419 27
-13.478 -3.816 0.394 38
-13.468 -3.867 0.373 19
-13.494 -3.875 0.400 51
-13.496 -3.623 0.451 79
-13.490 -3.872 0.396 15
-13.527 -3.958 0.420 12
-13.515 -3.853 0.427 71
-13.489 -3.927 0.385 16
-13.534 -4.018 0.417 51
-13.485 -3.922 0.382 10
-13.485 -3.718 0.421 51
-13.492 -3.885 0.397 36
-13.510 -3.818 0.429 54
-13.524 -3.893 0.430 23
-13.478 -3.906 0.376 54
-13.494 -3.715 0.431 60
-13.485 -3.927 0.380 10
-13.501 -3.940 0.396 42
-13.513 -3.862 0.424 56
-13.498 -3.802 0.419 65
-13.468 -3.873 0.372 31
-13.489 -3.851 0.399 68
-13.506 -3.834 0.421 25
-13.471 -3.835 0.382 50
-13.503 -3.719 0.440 67
-13.503 -3.778 0.429 46
-13.488 -3.838 0.400 76
-13.513 -3.876 0.421 24
-13.523 -3.914 0.424 56
-13.493 -3.725 0.428 53
-13.513 -3.990 0.399 49
-13.523 -3.931 0.422 38
-13.500 -3.860 0.410 69
-13.465 -3.864 0.370 51
-13.496 -3.850 0.407 75
-13.498 -3.847 0.410 71
-13.509 -3.806 0.430 57
-13.501 -3.857 0.412 71
-13.525 -3.932 0.423 46
-13.517 -3.966 0.408 14
-13.493 -3.808 0.412 72
-13.513 -3.921 0.413 39
-13.511 -3.837 0.427 34
-13.498 -3.646 0.449 74
-13.511 -3.983 0.398 54
-13.479 -3.898 0.379 36
-13.494 -3.738 0.427 51
-13.498 -3.621 0.453 82
-13.484 -3.925 0.379 28
-13.477 -3.885 0.380 25
-13.485 -3.842 0.396 66
-13.489 -3.819 0.405 76
-13.522 -3.926 0.421 50
-13.512 -3.924 0.410 32
-13.488 -3.707 0.426 65
-13.511 -3.886 0.417 25
-13.510 -3.975 0.399 19
-13.506 -3.851 0.418 56
-13.506 -3.728 0.442 57
-13.516 -3.896 0.421 39
-13.484 -3.831 0.398 65
-13.496 -3.873 0.403 29
-13.507 -3.856 0.418 43
-13.481 -3.816 0.397 61
-13.503 -3.699 0.444 39
-13.516 -3.970 0.407 12
-13.502 -3.877 0.408 37
-13.492 -3.891 0.395 43
-13.516 -3.979 0.404 51
-13.486 -3.851 0.396 68
-13.477 -3.794 0.397 50
-13.503 -3.845 0.416 66
-13.498 -3.926 0.394 38
-13.489 -3.813 0.406 74
-13.502 -3.700 0.443 39
-13.523 -3.954 0.417 11
-13.512 -3.945 0.407 44
-13.495 -3.643 0.447 70
-13.481 -3.742 0.412 35
-13.514 -3.970 0.404 11
-13.477 -3.843 0.388 23
-13.513 -3.895 0.417 43
-13.490 -3.731 0.423 50
-13.487 -3.759 0.415 49
-13.484 -3.714 0.420 60
-13.505 -3.852 0.417 56
-13.476 -3.839 0.388 11
-13.495 -3.779 0.420 49
-13.514 -3.959 0.406 11
-13.505 -3.825 0.422 27
-13.479 -3.750 0.408 49
-13.495 -3.837 0.408 73
-13.507 -3.935 0.403 38
-13.516 -3.957 0.409 15
-13.522 -3.994 0.408 48
-13.516 -3.914 0.417 33
-13.475 -3.845 0.385 8
-13.497 -3.667 0.444 52
-13.499 -3.921 0.397 34
-13.517 -3.855 0.429 61
-13.483 -3.772 0.408 66
-13.478 -3.880 0.382 19
-13.489 -3.923 0.385 20
-13.500 -3.760 0.430 46
-13.512 -3.877 0.420 25
-13.514 -3.788 0.439 48
-13.497 -3.838 0.410 75
-13.498 -3.690 0.441 49
-13.492 -3.759 0.421 47
-13.514 -3.991 0.400 46
-13.486 -3.794 0.407 70
-13.491 -3.733 0.424 45
-13.506 -3.794 0.429 52
-13.523 -3.907 0.426 25
-13.497 -3.747 0.428 45
-13.490 -3.776 0.414 62
-13.522 -4.007 0.406 60
-13.520 -4.007 0.404 60
-13.481 -3.785 0.404 68
-13.525 -3.923 0.426 36
-13.498 -3.898 0.400 45
-13.499 -3.687 0.442 42
-13.479 -3.822 0.393 34
-13.503 -3.735 0.438 50
-13.482 -3.834 0.395 48
-13.521 -3.881 0.429 66
-13.488 -3.770 0.414 54
-13.511 -3.787 0.436 49
-13.515 -3.880 0.422 18
-13.499 -3.630 0.453 85
-13.487 -3.733 0.420 29
-13.493 -3.813 0.411 67
-13.509 -3.841 0.423 24
-13.502 -3.833 0.417 57
-13.508 -3.801 0.430 52
-13.492 -3.925 0.388 23
-13.485 -3.875 0.391 18
-13.505 -3.740 0.438 49
-13.517 -3.944 0.412 36
-13.507 -3.771 0.435 48
-13.491 -3.918 0.389 24
-13.508 -3.938 0.404 42
-13.495 -3.886 0.399 74
-13.497 -3.779 0.422 49
-13.478 -3.838 0.389 26
-13.530 -3.957 0.424 11
-13.514 -3.825 0.432 60
-13.500 -3.715 0.438 53
-13.487 -3.763 0.414 49
-13.500 -3.952 0.392 38
-13.489 -3.854 0.398 63
-13.473 -3.835 0.384 13
-13.493 -3.711 0.431 59
-13.509 -3.748 0.441 47
-13.487 -3.687 0.429 63
-13.509 -3.828 0.426 33
-13.500 -3.923 0.398 34
-13.481 -3.910 0.379 30
-13.504 -3.905 0.405 32
-13.520 -3.986 0.408 48
-13.505 -3.739 0.438 45
-13.536 -4.032 0.417 33
-13.571 -3.816 0.451 56
-13.556 -3.980 0.428 60
-13.618 -3.986 0.444 23
-13.607 -3.853 0.456 43
-13.586 -3.776 0.460 68
-13.598 -3.911 0.447 13
-13.540 -3.901 0.433 51
-13.649 -4.014 0.449 29
-13.527 -3.804 0.441 32
-13.517 -3.811 0.437 62
-13.607 -3.996 0.440 48
-13.526 -3.826 0.438 63
-13.630 -3.979 0.448 36
-13.571 -3.799 0.453 36
-13.558 -3.886 0.440 42
-13.647 -3.934 0.457 20
-13.558 -4.008 0.426 66
-13.547 -3.879 0.438 43
-13.698 -4.013 0.462 20
-13.582 -3.889 0.446 36
-13.628 -3.878 0.459 20
-13.543 -3.985 0.424 71
-13.582 -3.939 0.440 19
-13.530 -3.838 0.438 60
-13.530 -3.729 0.450 69
-13.579 -4.011 0.431 60
-13.619 -3.983 0.445 26
-13.563 -3.893 0.440 44
-13.661 -3.980 0.456 26
-13.551 -3.770 0.451 60
-13.629 -3.904 0.456 30
-13.712 -4.013 0.466 9
-13.549 -3.798 0.447 47
-13.534 -3.713 0.453 59
-13.539 -3.719 0.454 62
-13.627 -3.947 0.451 30
-13.659 -4.037 0.449 23
-13.547 -3.709 0.457 56
-13.623 -4.019 0.442 28
-13.556 -4.049 0.420 53
-13.560 -3.869 0.442 35
-13.529 -3.881 0.433 59
-13.602 -3.882 0.452 37
-13.616 -3.872 0.457 44
-13.705 -4.008 0.464 25
-13.669 -3.978 0.458 24
-13.577 -3.999 0.432 44
-13.524 -3.829 0.437 63
-13.514 -3.678 0.452 43
-13.532 -3.920 0.429 40
-13.520 -3.689 0.452 45
-13.634 -4.052 0.441 27
-13.586 -4.022 0.431 57
-13.511 -3.706 0.448 78
-13.625 -3.921 0.453 20
-13.512 -3.754 0.443 32
-13.599 -3.804 0.460 22
-13.584 -3.929 0.442 19
-13.623 -3.931 0.452 24
-13.677 -4.028 0.455 24
-13.573 -3.949 0.436 58
-13.587 -4.032 0.431 45
-13.572 -3.989 0.432 43
-13.537 -3.726 0.453 62
-13.555 -3.918 0.435 75
-13.551 -3.845 0.443 36
-13.711 -4.054 0.461 28
-13.690 -4.030 0.458 23
-13.569 -3.916 0.439 50
-13.591 -3.859 0.452 31
-13.683 -4.028 0.456 24
-13.520 -3.649 0.457 63
-13.674 -3.949 0.463 29
-13.583 -3.875 0.448 36
-13.572 -3.808 0.452 40
-13.723 -4.040 0.466 24
-13.559 -4.021 0.424 32
-13.663 -3.947 0.460 27
-13.560 -3.923 0.436 31
-13.626 -3.992 0.445 40
-13.605 -3.837 0.458 26
-13.676 -3.943 0.464 31
-13.616 -4.022 0.439 34
-13.577 -3.916 0.441 19
-13.563 -3.943 0.434 23
-13.648 -3.970 0.454 31
-13.585 -4.014 0.432 55
-13.613 -3.855 0.458 16
-13.684 -4.025 0.457 21
-13.599 -3.802 0.460 16
-13.524 -3.663 0.456 69
-13.530 -3.760 0.447 56
-13.621 -3.938 0.450 27
-13.701 -4.037 0.460 25
-13.625 -3.848 0.462 43
-13.569 -3.928 0.438 21
-13.543 -3.845 0.441 39
-13.658 -3.972 0.456 16
-13.653 -3.893 0.464 32
-13.601 -3.919 0.447 14
-13.510 -3.629 0.456 70
-13.543 -3.762 0.450 61
-13.641 -4.029 0.445 28
-13.516 -3.751 0.444 60
-13.541 -3.686 0.458 50
-13.547 -3.794 0.447 41
-13.543 -3.993 0.424 71
-13.583 -3.999 0.433 38
-13.638 -3.993 0.448 35
-13.582 -4.021 0.430 56
-13.587 -4.000 0.434 45
-13.542 -3.888 0.435 71
-13.581 -4.026 0.430 52
-13.604 -3.862 0.454 45
-13.552 -3.911 0.435 60
-13.652 -4.040 0.447 26
-13.574 -3.770 0.457 64
-13.651 -3.928 0.459 20
-13.683 -3.954 0.465 33
-13.658 -3.990 0.454 18
-13.547 -3.951 0.429 12
-13.581 -3.859 0.449 36
-13.632 -3.971 0.450 41
-13.519 -3.761 0.444 34
-13.569 -3.738 0.460 60
-13.543 -3.859 0.439 47
-13.537 -3.742 0.451 67
-13.679 -4.007 0.458 14
-13.698 -4.016 0.462 23
-13.586 -3.987 0.436 40
-13.595 -3.927 0.445 18
-13.632 -3.956 0.451 27
-13.637 -3.896 0.459 9
-13.625 -4.022 0.442 28
-13.632 -4.039 0.442 26
-13.565 -3.802 0.451 39
-13.681 -4.013 0.458 28
-13.567 -3.775 0.455 60
-13.539 -3.873 0.436 64
-13.665 -3.969 0.458 34
-13.629 -3.888 0.458 31
-13.614 -4.005 0.441 26
-13.530 -3.863 0.435 59
-13.546 -3.703 0.457 55
-13.666 -3.963 0.459 14
-13.555 -3.995 0.426 66
-13.576 -3.791 0.455 45
-13.652 -4.014 0.450 31
-13.580 -3.931 0.440 19
-13.565 -3.948 0.434 22
-13.572 -3.825 0.450 56
-13.542 -3.754 0.451 63
-13.632 -3.866 0.462 88
-13.613 -3.989 0.442 33
-13.699 -4.048 0.458 24
-13.565 -4.000 0.429 61
-13.532 -3.760 0.447 59
-13.662 -4.053 0.448 30
-13.569 -3.946 0.436 17
-13.674 -3.990 0.458 26
-13.639 -3.878 0.462 67
-13.569 -3.905 0.440 44
-13.614 -4.024 0.439 26
-13.585 -3.915 0.443 11
-13.551 -3.978 0.427 65
-13.597 -3.861 0.453 35
-13.640 -3.971 0.451 23
-13.605 -3.913 0.449 11
-13.564 -3.790 0.452 39
-13.562 -3.814 0.449 55
-13.579 -3.777 0.458 67
-13.526 -3.697 0.453 45
-13.577 -3.817 0.453 42
-13.673 -3.933 0.465 31
-13.631 -3.934 0.453 27
-13.517 -3.812 0.438 62
-13.513 -3.666 0.453 68
-13.550 -3.929 0.433 43
-13.631 -3.957 0.451 27
-13.603 -3.861 0.454 45
-13.533 -3.763 0.447 60
-13.616 -3.933 0.450 27
-13.555 -4.025 0.423 36
-13.574 -4.015 0.429 61
-13.535 -3.758 0.448 61
-13.537 -3.915 0.431 43
-13.537 -3.759 0.449 61
-13.527 -3.775 0.444 52
-13.596 -3.863 0.452 34
-13.514 -3.727 0.446 79
-13.573 -3.913 0.440 49
-13.656 -3.958 0.457 20
-13.527 -3.770 0.445 68
-13.593 -3.920 0.445 13
-13.549 -3.862 0.440 36
-13.542 -3.701 0.457 55
-13.536 -3.885 0.434 64
-13.711 -4.033 0.463 17
-13.550 -3.754 0.453 57
-13.549 -3.981 0.427 71
-13.561 -3.848 0.445 39
-13.551 -3.722 0.457 56
-13.578 -3.795 0.455 33
-13.601 -3.927 0.446 13
-13.503 -3.666 0.450 80
-13.607 -3.957 0.445 24
-13.658 -4.020 0.451 19
-13.554 -3.712 0.459 53
-13.582 -3.824 0.453 53
-13.702 -3.990 0.466 27
-13.519 -3.736 0.447 65
-13.675 -4.007 0.457 14
-13.548 -4.042 0.419 38
-13.572 -3.758 0.458 63
-13.510 -3.731 0.445 40
-13.595 -4.015 0.435 54
-13.543 -3.757 0.450 63
-13.673 -3.946 0.463 32
-13.599 -3.976 0.440 41
-13.616 -3.965 0.446 25
-13.629 -4.050 0.440 28
-13.520 -3.695 0.452 44
-13.573 -3.886 0.444 32
-13.664 -3.928 0.463 32
-13.599 -3.806 0.460 22
-13.550 -3.997 0.425 64
-13.527 -3.680 0.455 53
-13.577 -3.909 0.442 53
-13.639 -3.891 0.460 12
-13.513 -3.732 0.445 32
-13.684 -3.971 0.463 30
-13.671 -4.014 0.455 22
-13.678 -3.971 0.462 27
-13.658 -3.929 0.461 30
-13.591 -3.958 0.440 49
-13.537 -4.036 0.417 46
-13.701 -4.011 0.463 30
-13.536 -3.844 0.439 64
-13.600 -4.036 0.434 41
-13.691 -4.043 0.457 33
-13.525 -3.829 0.438 63
-13.537 -3.965 0.425 31
-13.613 -3.886 0.454 55
-13.514 -3.726 0.447 79
-13.556 -3.995 0.427 66
-13.741 -4.063 0.468 55
-13.576 -3.966 0.435 41
-13.680 -3.985 0.460 26
-13.562 -3.803 0.450 47
-13.518 -3.751 0.445 73
-13.619 -3.978 0.445 28
-13.552 -3.798 0.448 42
-13.631 -4.014 0.444 39
-13.525 -3.809 0.440 28
-13.587 -3.877 0.448 34
-13.532 -3.731 0.451 66
-13.575 -3.815 0.452 43
-13.563 -4.015 0.426 61
-13.619 -3.921 0.452 14
-13.602 -4.025 0.435 30
-13.669 -3.972 0.459 26
-13.517 -3.728 0.447 81
-13.610 -3.829 0.460 21
-13.542 -3.733 0.453 61
-13.602 -4.046 0.433 38
-13.546 -3.981 0.426 72
-13.560 -3.928 0.435 13
-13.722 -4.039 0.465 26
-13.548 -3.857 0.440 38
-13.561 -3.951 0.433 23
-13.606 -3.887 0.452 51
-13.548 -3.799 0.447 47
-13.529 -3.691 0.454 63
-13.596 -3.793 0.460 27
-13.668 -4.018 0.453 21
-13.540 -3.911 0.432 43
-13.640 -4.027 0.445 28
-13.626 -3.970 0.448 26
-13.571 -3.968 0.434 50
-13.565 -3.894 0.441 44
-13.529 -3.781 0.444 46
-13.732 -4.048 0.467 18
-13.515 -3.792 0.439 50
-13.531 -3.766 0.446 63
-13.694 -3.988 0.464 17
-13.592 -3.919 0.445 16
-13.613 -3.912 0.451 12
-13.701 -4.006 0.464 31
-13.681 -4.026 0.456 27
-13.649 -4.043 0.446 24
-13.530 -3.832 0.439 59
-13.692 -4.011 0.461 14
-13.547 -3.723 0.455 55
-13.634 -4.023 0.444 40
-13.630 -3.963 0.450 27
-13.719 -4.049 0.463 22
-13.620 -3.878 0.457 49
-13.551 -3.895 0.437 53
-13.583 -3.806 0.456 39
-13.524 -3.701 0.452 54
-13.675 -4.048 0.452 33
-13.561 -4.046 0.422 54
-13.616 -3.884 0.455 53
-13.687 -4.035 0.457 28
-13.525 -3.859 0.434 61
-13.706 -4.010 0.464 25
-13.553 -3.922 0.434 67
-13.607 -3.855 0.456 43
-13.605 -3.936 0.446 49
-13.590 -3.956 0.440 44
-13.536 -3.969 0.424 50
-13.551 -3.841 0.443 37
-13.602 -3.981 0.440 50
-13.573 -3.756 0.458 63
-13.517 -3.650 0.456 68
-13.580 -3.805 0.455 33
-13.681 -3.965 0.463 29
-13.585 -3.867 0.449 31
-13.602 -3.882 0.452 37
-13.545 -3.739 0.453 58
-13.629 -4.055 0.439 22
-13.575 -3.783 0.456 57
-13.553 -3.841 0.444 42
-13.526 -3.831 0.438 62
-13.537 -3.991 0.422 48
-13.663 -4.000 0.454 24
-13.523 -3.684 0.454 50
-13.502 -3.647 0.452 79
-13.524 -3.671 0.455 42
-13.614 -4.025 0.438 26
-13.553 -3.895 0.437 46
-13.539 -3.897 0.434 57
-13.593 -3.788 0.460 56
-13.586 -3.835 0.453 44
-13.546 -3.765 0.450 60
-13.670 -3.972 0.459 19
-13.565 -3.832 0.448 59
-13.588 -3.786 0.459 55
-13.551 -3.868 0.440 40
-13.675 -3.966 0.461 24
-13.540 -3.830 0.441 47
-13.559 -3.816 0.448 56
-13.523 -3.775 0.443 34
-13.658 -4.048 0.448 28
-13.542 -3.969 0.426 62
-13.517 -3.811 0.437 62
-13.740 -4.064 0.467 55
-13.674 -4.032 0.453 16
-13.600 -3.934 0.445 38
-13.724 -4.052 0.464 32
-13.659 -4.051 0.448 26
-13.570 -3.778 0.455 61
-13.612 -3.935 0.448 28
-13.564 -3.909 0.439 49
-13.678 -4.025 0.455 23
-13.558 -3.804 0.449 49
-13.554 -4.047 0.420 69
-13.647 -4.038 0.446 25
-13.531 -3.937 0.427 16
-13.515 -3.749 0.444 61
-13.520 -3.766 0.443 42
-13.601 -3.870 0.453 40
-13.619 -4.015 0.441 28
-13.703 -4.031 0.461 26
-13.564 -3.965 0.432 57
-13.728 -4.037 0.467 22
-13.685 -4.019 0.458 27
-13.644 -3.932 0.457 24
-13.589 -3.950 0.440 54
-13.538 -3.984 0.423 44
-13.566 -3.904 0.440 47
-13.643 -3.984 0.451 31
-13.676 -3.938 0.465 29
-13.721 -4.022 0.467 15
-13.514 -3.678 0.452 43
-13.636 -4.046 0.442 25
-13.543 -3.874 0.437 55
-13.643 -4.013 0.447 34
-13.711 -4.052 0.461 28
-13.601 -3.804 0.460 16
-13.551 -3.920 0.434 69
-13.624 -3.861 0.460 43
-13.584 -3.769 0.460 70
-13.580 -4.024 0.430 38
-13.634 -3.969 0.450 41
-13.608 -3.811 0.461 33
-13.633 -3.932 0.454 27
-13.543 -3.786 0.447 39
-13.573 -3.828 0.450 54
-13.651 -4.002 0.451 24
-13.556 -4.016 0.424 65
-13.650 -4.047 0.445 27
-13.572 -3.854 0.447 31
-13.595 -3.913 0.446 14
-13.612 -4.003 0.440 30
-13.643 -3.899 0.461 9
-13.711 -4.054 0.461 28
-13.608 -4.027 0.437 29
-13.531 -3.771 0.446 70
-13.587 -4.049 0.429 38
-13.538 -4.027 0.418 51
-13.572 -3.870 0.445 35
-13.638 -4.043 0.443 25
-13.636 -3.890 0.460 13
-13.626 -3.871 0.459 20
-13.536 -3.883 0.434 60
-13.566 -3.900 0.440 43
-13.572 -4.038 0.426 54
-13.635 -3.944 0.453 29
-13.735 -4.057 0.467 52
-13.565 -3.928 0.437 17
-13.588 -3.937 0.442 38
-13.573 -3.889 0.443 31
-13.574 -4.020 0.429 64
-13.520 -3.731 0.448 72
-13.613 -4.004 0.441 27
-13.532 -3.970 0.423 54
-13.664 -4.035 0.451 21
-13.550 -3.704 0.458 53
-13.529 -3.662 0.458 71
-13.633 -3.941 0.453 30
-13.634 -3.904 0.458 30
-13.622 -3.947 0.450 27
-13.568 -3.948 0.435 35
-13.597 -4.018 0.435 53
-13.582 -3.771 0.459 64
-13.548 -3.799 0.447 47
-13.671 -4.026 0.453 14
-13.622 -3.984 0.445 32
-13.534 -3.904 0.431 43
-13.538 -3.822 0.442 48
-13.655 -4.011 0.451 30
-13.542 -3.831 0.442 45
-13.520 -3.694 0.452 44
-13.592 -3.921 0.445 13
-13.593 -3.869 0.451 40
-13.599 -3.972 0.441 48
-13.605 -3.908 0.449 10
-13.535 -3.852 0.438 63
-13.607 -3.999 0.440 39
-13.665 -3.930 0.463 30
-13.535 -3.940 0.428 11
-13.538 -3.877 0.435 58
-13.588 -3.843 0.453 46
-13.593 -3.832 0.455 37
-13.505 -3.678 0.449 39
-13.684 -3.997 0.460 19
-13.520 -3.789 0.441 42
-13.562 -3.849 0.445 39
-13.567 -3.849 0.446 36
-13.591 -3.929 0.443 18
-13.554 -3.937 0.433 21
-13.576 -3.788 0.456 43
-13.511 -3.755 0.442 25
-13.668 -3.989 0.457 28
-13.647 -3.929 0.458 23
-13.590 -3.817 0.456 36
-13.625 -3.963 0.449 23
-13.672 -3.995 0.457 30
-13.590 -3.807 0.457 55
-13.638 -4.018 0.445 34
-13.623 -3.971 0.447 24
-13.536 -3.721 0.453 64
-13.535 -3.699 0.455 62
-13.627 -3.986 0.446 37
-13.650 -3.965 0.455 27
-13.591 -3.950 0.441 50
-13.642 -3.903 0.460 15
-13.612 -3.995 0.441 35
-13.637 -3.868 0.463 105
-13.673 -4.058 0.450 24
-13.524 -3.713 0.451 71
-13.652 -3.966 0.455 27
-13.579 -3.920 0.441 10
-13.580 -3.949 0.438 42
-13.519 -3.667 0.455 60
-13.564 -3.961 0.433 60
-13.536 -3.991 0.422 45
-13.718 -3.678 0.478 28
-13.719 -3.703 0.463 35
-13.634 -3.663 0.461 16
-13.592 -3.596 0.488 70
-13.632 -3.653 0.467 32
-13.585 -3.611 0.477 71
-13.571 -3.627 0.464 35
-13.627 -3.637 0.474 24
-13.700 -3.670 0.478 21
-13.656 -3.640 0.482 28
-13.558 -3.621 0.463 40
-13.680 -3.653 0.481 17
-13.560 -3.621 0.464 28
-13.582 -3.634 0.463 57
-13.683 -3.680 0.466 35
-13.573 -3.607 0.476 65
-13.796 -3.747 0.461 17
-13.721 -3.709 0.460 29
-13.612 -3.637 0.470 26
-13.702 -3.658 0.485 21
-13.661 -3.647 0.479 38
-13.678 -3.632 0.493 26
-13.505 -3.599 0.460 91
-13.597 -3.634 0.467 64
-13.621 -3.576 0.509 78
-13.708 -3.695 0.465 34
-13.624 -3.623 0.482 39
-13.721 -3.687 0.473 34
-13.599 -3.558 0.512 56
-13.694 -3.669 0.476 21
-13.628 -3.664 0.459 51
-13.701 -3.676 0.474 33
-13.673 -3.685 0.460 37
-13.728 -3.710 0.462 35
-13.617 -3.601 0.493 56
-13.623 -3.612 0.488 51
-13.605 -3.573 0.505 67
-13.618 -3.619 0.483 45
-13.604 -3.605 0.486 64
-13.532 -3.596 0.470 78
-13.715 -3.669 0.483 31
-13.683 -3.691 0.460 36
-13.632 -3.660 0.463 20
-13.637 -3.646 0.472 37
-13.612 -3.642 0.468 61
-13.571 -3.609 0.474 69
-13.630 -3.602 0.496 74
-13.715 -3.690 0.470 34
-13.642 -3.637 0.479 37
-13.682 -3.657 0.479 12
-13.657 -3.615 0.496 35
-13.672 -3.621 0.498 40
-13.689 -3.642 0.490 21
-13.525 -3.598 0.467 81
-13.720 -3.671 0.483 29
-13.724 -3.704 0.465 35
-13.596 -3.646 0.460 66
-13.588 -3.622 0.471 62
-13.715 -3.694 0.467 36
-13.648 -3.616 0.493 45
-13.627 -3.649 0.468 40
-13.689 -3.669 0.474 18
-13.650 -3.654 0.471 24
-13.746 -3.697 0.475 13
-13.540 -3.595 0.473 47
-13.605 -3.652 0.459 68
-13.735 -3.713 0.463 36
-13.585 -3.603 0.482 62
-13.577 -3.580 0.493 64
-13.602 -3.642 0.464 61
-13.527 -3.600 0.466 82
-13.587 -3.568 0.503 76
-13.739 -3.715 0.463 36
-13.598 -3.576 0.501 86
-13.665 -3.669 0.467 33
-13.678 -3.683 0.463 35
-13.768 -3.713 0.473 17
-13.791 -3.743 0.462 21
-13.703 -3.680 0.473 34
-13.694 -3.687 0.465 33
-13.599 -3.614 0.480 34
-13.560 -3.603 0.474 48
-13.595 -3.624 0.473 66
-13.610 -3.637 0.469 51
-13.674 -3.656 0.477 27
-13.720 -3.690 0.472 33
-13.660 -3.679 0.460 38
-13.594 -3.596 0.489 67
-13.661 -3.616 0.497 35
-13.782 -3.742 0.460 19
-13.663 -3.643 0.482 18
-13.629 -3.636 0.476 30
-13.687 -3.636 0.493 24
-13.640 -3.596 0.502 76
-13.765 -3.722 0.466 18
-13.561 -3.580 0.488 61
-13.591 -3.596 0.488 70
-13.605 -3.643 0.464 58
-13.512 -3.594 0.465 93
-13.643 -3.618 0.490 43
-13.676 -3.653 0.480 20
-13.513 -3.604 0.460 82
-13.679 -3.655 0.480 22
-13.613 -3.594 0.495 68
-13.613 -3.627 0.476 40
-13.519 -3.606 0.460 68
-13.719 -3.706 0.462 34
-13.719 -3.703 0.464 32
-13.631 -3.620 0.486 43
-13.653 -3.607 0.500 52
-13.563 -3.589 0.483 57
-13.508 -3.601 0.460 89
-13.583 -3.559 0.507 75
-13.733 -3.710 0.464 35
-13.726 -3.708 0.463 35
-13.626 -3.633 0.476 27
-13.573 -3.593 0.484 57
-13.709 -3.672 0.479 24
-13.626 -3.612 0.489 42
-13.643 -3.618 0.490 43
-13.622 -3.645 0.469 34
-13.638 -3.632 0.481 38
-13.645 -3.613 0.494 47
-13.652 -3.655 0.472 35
-13.550 -3.596 0.476 44
-13.626 -3.625 0.481 46
-13.601 -3.645 0.462 62
-13.666 -3.674 0.464 33
-13.592 -3.621 0.474 66
-13.682 -3.633 0.493 27
-13.634 -3.641 0.474 37
-13.623 -3.601 0.494 84
-13.724 -3.708 0.462 34
-13.527 -3.607 0.462 67
-13.671 -3.685 0.460 36
-13.577 -3.601 0.481 66
-13.651 -3.652 0.473 25
-13.602 -3.560 0.512 71
-13.587 -3.642 0.460 53
-13.557 -3.616 0.466 21
-13.542 -3.600 0.471 54
-13.558 -3.613 0.468 17
-13.670 -3.668 0.469 35
-13.576 -3.630 0.463 45
-13.740 -3.716 0.462 28
-13.631 -3.621 0.485 39
-13.662 -3.638 0.485 30
-13.615 -3.568 0.511 65
-13.620 -3.600 0.494 69
-13.528 -3.594 0.470 87
-13.603 -3.615 0.480 34
-13.600 -3.579 0.500 75
-13.781 -3.735 0.463 14
-13.510 -3.603 0.459 77
-13.560 -3.589 0.482 62
-13.542 -3.599 0.472 35
-13.625 -3.586 0.504 69
-13.619 -3.629 0.477 27
-13.652 -3.658 0.470 30
-13.683 -3.667 0.474 16
-13.550 -3.581 0.484 64
-13.739 -3.684 0.481 15
-13.661 -3.654 0.475 29
-13.617 -3.617 0.483 45
-13.710 -3.681 0.474 32
-13.593 -3.600 0.486 62
-13.587 -3.601 0.484 57
-13.709 -3.704 0.460 35
-13.676 -3.637 0.489 16
-13.603 -3.621 0.477 40
-13.615 -3.625 0.478 29
-13.521 -3.602 0.463 82
-13.584 -3.571 0.500 75
-13.702 -3.697 0.462 24
-13.581 -3.559 0.506 74
-13.692 -3.680 0.469 28
-13.702 -3.650 0.489 25
-13.615 -3.658 0.459 57
-13.575 -3.635 0.460 24
-13.734 -3.712 0.463 36
-13.561 -3.578 0.489 59
-13.546 -3.593 0.476 28
-13.603 -3.589 0.496 70
-13.664 -3.611 0.501 72
-13.681 -3.679 0.466 32
-13.663 -3.665 0.469 19
-13.720 -3.705 0.463 35
-13.612 -3.621 0.480 32
-13.595 -3.630 0.469 63
-13.597 -3.615 0.479 38
-13.699 -3.650 0.489 20
-13.626 -3.600 0.496 83
-13.585 -3.609 0.478 73
-13.699 -3.686 0.467 33
-13.587 -3.579 0.497 73
-13.608 -3.582 0.501 78
-13.732 -3.717 0.459 36
-13.717 -3.690 0.471 34
-13.681 -3.656 0.480 12
-13.545 -3.588 0.479 46
-13.731 -3.818 0.462 30
-13.584 -3.745 0.460 65
-13.718 -3.778 0.461 35
-13.591 -3.715 0.459 27
-13.608 -3.772 0.461 44
-13.648 -3.695 0.458 24
-13.681 -3.859 0.463 26
-13.578 -3.751 0.460 57
-13.573 -3.682 0.458 32
-13.550 -3.658 0.458 56
-13.655 -3.758 0.460 41
-13.723 -3.950 0.465 28
-13.741 -3.862 0.463 19
-13.551 -3.678 0.458 32
-13.734 -3.890 0.464 16
-13.671 -3.771 0.461 38
-13.785 -3.882 0.463 10
-13.623 -3.760 0.460 62
-13.732 -3.764 0.460 35
-13.702 -3.781 0.461 35
-13.654 -3.762 0.460 46
-13.782 -3.884 0.463 11
-13.649 -3.775 0.461 39
-13.603 -3.723 0.459 36
-13.763 -3.760 0.460 19
-13.589 -3.771 0.461 43
-13.648 -3.681 0.458 25
-13.737 -3.795 0.461 22
-13.716 -3.955 0.466 25
-13.698 -3.898 0.464 31
-13.794 -3.838 0.462 29
-13.736 -3.733 0.459 38
-13.738 -4.039 0.468 18
-13.698 -3.837 0.462 26
-13.574 -3.713 0.459 38
-13.746 -3.828 0.462 21
-13.744 -4.037 0.468 16
-13.770 -3.757 0.460 24
-13.665 -3.868 0.463 40
-13.714 -3.944 0.465 28
-13.607 -3.706 0.459 61
-13.615 -3.813 0.462 44
-13.741 -3.801 0.461 20
-13.557 -3.664 0.458 54
-13.738 -4.013 0.467 13
-13.560 -3.638 0.457 46
-13.659 -3.903 0.464 27
-13.697 -3.850 0.463 26
-13.761 -3.770 0.460 15
-13.758 -3.933 0.465 15
-13.583 -3.756 0.460 62
-13.734 -3.848 0.463 25
-13.565 -3.690 0.459 43
-13.621 -3.733 0.460 60
-13.703 -3.731 0.459 30
-13.749 -3.806 0.461 24
-13.762 -3.998 0.467 12
-13.752 -3.808 0.461 22
-13.527 -3.637 0.457 50
-13.785 -3.773 0.460 19
-13.722 -3.956 0.466 27
-13.719 -3.975 0.466 28
-13.632 -3.736 0.460 66
-13.715 -3.967 0.466 27
-13.530 -3.633 0.457 50
-13.644 -3.679 0.458 25
-13.597 -3.695 0.459 49
-13.657 -3.756 0.460 43
-13.689 -3.892 0.464 42
-13.560 -3.654 0.458 59
-13.644 -3.840 0.463 33
-13.644 -3.811 0.462 14
-13.675 -3.873 0.463 41
-13.615 -3.670 0.458 65
-13.711 -3.870 0.463 19
-13.777 -3.765 0.460 18
-13.744 -3.918 0.464 15
-13.652 -3.811 0.462 16
-13.746 -3.909 0.464 15
-13.685 -3.898 0.464 27
-13.572 -3.667 0.458 40
-13.600 -3.688 0.458 60
-13.578 -3.675 0.458 17
-13.721 -3.970 0.466 28
-13.704 -3.877 0.463 18
-13.695 -3.708 0.459 28
-13.651 -3.778 0.461 39
-13.759 -3.763 0.460 16
-13.668 -3.831 0.462 22
-13.704 -3.833 0.462 26
-13.569 -3.662 0.458 55
-13.691 -3.748 0.460 33
-13.784 -3.765 0.460 23
-13.720 -3.916 0.464 11
-13.621 -3.678 0.458 59
-13.775 -3.745 0.459 19
-13.597 -3.772 0.461 18
-13.705 -3.814 0.462 27
-13.810 -3.800 0.461 30
-13.751 -3.899 0.464 12
-13.762 -3.800 0.461 23
-13.717 -3.883 0.464 31
-13.658 -3.869 0.463 33
-13.736 -3.739 0.459 37
-13.596 -3.753 0.460 21
-13.777 -3.883 0.463 12
-13.645 -3.828 0.462 20
-13.683 -3.823 0.462 29
-13.703 -3.749 0.460 33
-13.739 -3.997 0.467 11
-13.743 -3.991 0.467 12
-13.721 -3.973 0.466 29
-13.691 -3.736 0.459 30
-13.627 -3.715 0.459 61
-13.653 -3.801 0.461 23
-13.649 -3.825 0.462 17
-13.799 -3.769 0.460 22
-13.668 -3.884 0.464 18
-13.526 -3.617 0.457 54
-13.770 -3.902 0.464 18
-13.677 -3.924 0.465 30
-13.752 -3.991 0.467 11
-13.590 -3.721 0.459 33
-13.753 -3.881 0.463 20
-13.754 -3.874 0.463 19
-13.761 -3.739 0.459 19
-13.713 -3.791 0.461 26
-13.628 -3.829 0.462 53
-13.695 -3.912 0.464 38
-13.701 -3.782 0.461 35
-13.773 -3.889 0.464 14
-13.693 -3.759 0.460 33
-13.744 -3.889 0.464 22
-13.781 -3.879 0.463 10
-13.771 -3.746 0.460 14
-13.545 -3.639 0.457 42
-13.716 -3.773 0.460 36
-13.584 -3.666 0.458 37
-13.584 -3.739 0.460 60
-13.736 -3.891 0.464 16
-13.743 -3.804 0.461 22
-13.743 -4.008 0.467 13
-13.718 -3.947 0.465 29
-13.791 -3.872 0.463 20
-13.735 -3.856 0.463 21
-13.516 -3.626 0.457 61
-13.580 -3.670 0.458 25
-13.656 -3.852 0.463 32
-13.584 -3.694 0.459 31
-13.547 -3.652 0.457 49
-13.715 -3.834 0.462 26
-13.508 -3.615 0.457 76
-13.704 -3.875 0.463 20
-13.809 -3.790 0.461 26
-13.609 -3.705 0.459 61
-13.645 -3.802 0.461 17
-13.782 -3.847 0.462 26
-13.671 -3.798 0.461 40
-13.756 -3.821 0.462 20
-13.631 -3.797 0.461 54
-13.627 -3.674 0.458 72
-13.776 -3.798 0.461 30
-13.694 -3.801 0.461 25
-13.708 -3.984 0.466 13
-13.674 -3.890 0.464 33
-13.721 -3.941 0.465 29
-13.673 -3.923 0.465 27
-13.695 -3.901 0.464 34
-13.613 -3.806 0.462 39
-13.736 -3.947 0.465 11
-13.609 -3.676 0.458 58
-13.728 -3.919 0.465 11
-13.570 -3.673 0.458 41
-13.799 -3.835 0.462 29
-13.581 -3.702 0.459 23
-13.736 -3.890 0.464 16
-13.741 -3.723 0.459 35
-13.581 -3.646 0.457 25
-13.643 -3.812 0.462 22
-13.800 -3.828 0.462 29
-13.692 -3.898 0.464 32
-13.567 -3.709 0.459 49
-13.659 -3.694 0.458 36
-13.672 -3.750 0.460 38
-13.568 -3.681 0.458 48
-13.701 -3.957 0.466 28
-13.766 -3.739 0.459 14
-13.704 -3.767 0.460 32
-13.708 -3.937 0.465 16
-13.748 -3.780 0.461 16
-13.725 -3.744 0.460 37
-13.767 -3.922 0.465 19
-13.742 -3.738 0.459 27
-13.631 -3.702 0.459 50
-13.714 -3.933 0.465 18
-13.727 -3.873 0.463 20
-13.744 -3.733 0.459 20
-13.758 -3.840 0.462 16
-13.655 -3.714 0.459 40
-13.747 -3.886 0.464 23
-13.706 -3.977 0.466 16
-13.649 -3.848 0.463 41
-13.606 -3.782 0.461 36
-13.730 -3.838 0.462 26
-13.725 -3.895 0.464 16
-13.667 -3.738 0.460 39
-13.713 -3.857 0.463 20
-13.690 -3.921 0.465 27
-13.709 -3.900 0.464 10
-13.774 -3.781 0.461 29
-13.749 -3.748 0.460 22
-13.729 -3.743 0.460 37
-13.737 -3.828 0.462 25
-13.661 -3.752 0.460 43
-13.746 -3.781 0.461 16
-13.757 -3.893 0.464 18
-13.708 -3.947 0.465 31
-13.695 -3.968 0.466 29
-13.682 -3.859 0.463 23
-13.736 -3.741 0.459 39
-13.756 -3.836 0.462 16
-13.766 -3.939 0.465 17
-13.717 -3.770 0.460 37
-13.548 -3.648 0.457 46
-13.596 -3.668 0.458 59
-13.714 -3.983 0.466 15
-13.651 -3.757 0.460 46
-13.719 -3.828 0.462 25
-13.744 -3.975 0.466 12
-13.557 -3.657 0.458 57
-13.582 -3.682 0.458 28
-13.586 -3.734 0.460 62
-13.645 -3.854 0.463 50
-13.689 -3.811 0.462 25
-13.730 -3.826 0.462 27
-13.645 -3.694 0.458 23
-13.569 -3.666 0.458 58
-13.770 -3.890 0.464 22
-13.776 -3.822 0.462 28
-13.700 -3.925 0.465 23
-13.765 -3.914 0.464 16
-13.613 -3.690 0.458 59
-13.753 -3.851 0.463 19
-13.664 -3.815 0.462 28
-13.741 -3.978 0.466 11
-13.750 -3.813 0.461 23
-13.666 -3.826 0.462 30
-13.770 -3.778 0.460 19
-13.783 -3.824 0.462 29
-13.796 -3.754 0.460 22
-13.670 -3.783 0.461 39
-13.632 -3.810 0.462 56
-13.645 -3.829 0.462 21
-13.725 -3.943 0.465 23
-13.707 -3.875 0.463 19
-13.761 -3.878 0.463 23
-13.704 -3.935 0.465 14
-13.756 -3.814 0.461 19
-13.627 -3.748 0.460 63
-13.706 -3.889 0.464 21
-13.622 -3.811 0.462 54
-13.752 -4.007 0.467 13
-13.566 -3.680 0.458 50
-13.747 -4.053 0.468 53
-13.777 -3.864 0.463 22
-13.773 -3.886 0.463 18
-13.702 -3.876 0.463 21
-13.737 -4.047 0.468 15
-13.585 -3.704 0.459 33
-13.773 -3.813 0.461 26
-13.627 -3.692 0.458 66
-13.689 -3.839 0.462 27
-13.733 -3.857 0.463 23
-13.716 -3.871 0.463 18
-13.700 -3.791 0.461 27
-13.726 -4.025 0.468 16
-13.681 -3.831 0.462 31
-13.716 -3.727 0.459 34
-13.685 -3.720 0.459 24
-13.730 -3.938 0.465 18
-13.718 -3.977 0.466 28
-13.600 -3.686 0.458 61
-13.778 -3.867 0.463 20
-13.774 -3.797 0.461 29
-13.678 -3.884 0.464 20
-13.779 -3.925 0.465 14
-13.699 -3.863 0.463 25
-13.623 -3.805 0.462 57
-13.707 -3.803 0.461 26
-13.538 -3.650 0.457 53
-13.711 -3.844 0.462 24
-13.613 -3.799 0.461 43
-13.734 -4.016 0.467 13
-13.728 -3.839 0.462 26
-13.522 -3.633 0.457 54
-13.679 -3.862 0.463 23
-13.678 -3.882 0.464 19
-13.691 -3.890 0.464 32
-13.797 -3.758 0.460 24
-13.715 -3.987 0.467 15
-13.750 -3.837 0.462 18
-13.674 -3.875 0.463 43
-13.729 -3.987 0.466 8
-13.631 -3.709 0.459 63
-13.674 -3.924 0.465 27
-13.709 -3.904 0.464 9
-13.683 -3.774 0.461 39
-13.665 -3.787 0.461 36
-13.654 -3.841 0.463 23
-13.721 -3.774 0.460 35
-13.736 -3.936 0.465 12
-13.763 -3.978 0.466 13
-13.664 -3.802 0.461 26
-13.764 -3.882 0.463 23
-13.720 -3.915 0.464 11
-13.665 -3.900 0.464 33
-13.682 -3.844 0.463 21
-13.685 -3.737 0.460 31
-13.719 -3.972 0.466 29
-13.693 -3.793 0.461 27
-13.748 -3.905 0.464 15
-13.701 -3.931 0.465 15
-13.791 -3.771 0.460 17
-13.771 -3.886 0.463 18
-13.659 -3.894 0.464 35
-13.623 -3.780 0.461 58
-13.754 -3.969 0.466 13
-13.631 -3.746 0.460 63
-13.797 -3.796 0.461 31
-13.559 -3.634 0.457 50
-13.769 -3.950 0.465 16
-13.810 -3.776 0.460 20
-13.755 -3.947 0.465 14
-13.817 -3.762 0.460 24
-13.785 -3.876 0.463 10
-13.763 -3.989 0.466 12
-13.770 -3.908 0.464 19
-13.741 -3.769 0.460 19
-13.675 -3.774 0.461 44
-13.640 -3.723 0.459 22
-13.705 -3.922 0.465 21
-13.639 -3.760 0.460 41
-13.736 -3.760 0.460 33
-13.670 -3.848 0.463 32
-13.574 -3.656 0.458 35
-13.548 -3.660 0.458 58
-13.811 -3.777 0.460 22
-13.609 -3.752 0.460 39
-13.715 -3.764 0.460 31
-13.633 -3.720 0.459 43
-13.746 -3.757 0.460 19
-13.557 -3.705 0.459 41
-13.735 -3.721 0.459 36
-13.695 -3.745 0.460 33
-13.636 -3.857 0.463 49
-13.679 -3.850 0.463 36
-13.652 -3.762 0.460 46
-13.660 -3.739 0.460 41
-13.704 -3.960 0.466 26
-13.802 -3.758 0.460 21
-13.698 -3.881 0.464 25
-13.627 -3.838 0.463 49
-13.682 -3.773 0.461 39
-13.781 -3.879 0.463 10
-13.679 -3.807 0.462 32
-13.762 -3.842 0.462 17
-13.781 -3.828 0.462 28
-13.700 -3.972 0.466 20
-13.632 -3.850 0.463 48
-13.665 -3.822 0.462 28
-13.798 -3.829 0.462 28
-13.736 -3.937 0.465 12
-13.752 -3.761 0.460 14
-13.655 -3.705 0.459 33
-13.715 -3.754 0.460 28
-13.642 -3.740 0.460 29
-13.688 -3.831 0.462 26
-13.691 -3.742 0.460 32
-13.725 -4.026 0.468 16
-13.737 -4.014 0.467 13
-13.757 -3.995 0.467 12
-13.641 -3.718 0.459 16
-13.538 -3.646 0.457 47
-13.662 -3.751 0.460 43
-13.619 -3.828 0.462 45
-13.792 -3.757 0.460 22
-13.741 -3.880 0.463 25
-13.632 -3.724 0.459 59
-13.674 -3.931 0.465 28
-13.581 -3.698 0.459 19
-13.610 -3.715 0.459 47
-13.696 -3.965 0.466 17
-13.752 -3.969 0.466 13
-13.655 -3.792 0.461 31
-13.738 -3.976 0.466 12
-13.758 -3.885 0.463 22
-13.736 -3.895 0.464 20
-13.728 -3.766 0.460 36
-13.711 -3.730 0.459 30
-13.751 -3.806 0.461 24
-13.613 -3.759 0.460 48
-13.724 -3.765 0.460 34
-13.558 -3.713 0.459 52
-13.570 -3.684 0.458 52
-13.696 -3.882 0.464 25
-13.755 -3.889 0.464 20
-13.764 -3.983 0.466 15
-13.726 -3.749 0.460 35
-13.548 -3.697 0.459 48
-13.783 -3.824 0.462 29
-13.620 -3.724 0.459 63
-13.659 -3.690 0.458 35
-13.644 -3.682 0.458 21
-13.587 -3.683 0.458 37
-13.599 -3.775 0.461 25
-13.585 -3.742 0.460 62
-13.744 -3.766 0.460 18
-13.515 -3.615 0.457 64
-13.731 -3.922 0.465 12
-13.744 -3.993 0.467 13
-13.712 -3.904 0.464 10
-13.606 -3.700 0.459 58
-13.729 -3.908 0.464 11
-13.711 -3.947 0.465 29
-13.691 -3.836 0.462 23
-13.592 -3.739 0.460 31
-13.765 -3.875 0.463 20
-13.733 -3.826 0.462 26
-13.748 -3.847 0.462 19
-13.728 -3.889 0.464 19
-13.668 -3.897 0.464 30
-13.610 -3.809 0.462 40
-13.754 -3.783 0.461 14
-13.667 -3.784 0.461 38
-13.723 -3.818 0.462 28
-13.704 -3.715 0.459 29
-13.715 -4.002 0.467 7
-13.747 -3.776 0.460 15
-13.785 -3.764 0.460 23
-13.764 -3.990 0.466 11
-13.729 -3.880 0.463 20
-13.755 -3.790 0.461 20
-13.667 -3.708 0.459 38
-13.626 -3.832 0.462 52
-13.513 -3.629 0.457 61
-13.738 -3.789 0.461 17
-13.778 -3.820 0.462 29
-13.765 -3.838 0.462 18
-13.617 -3.818 0.462 42
-13.755 -3.790 0.461 20
-13.777 -3.887 0.463 12
-13.596 -3.769 0.461 23
-13.687 -3.920 0.465 19
-13.687 -3.696 0.458 30
-13.608 -3.665 0.458 61
-13.721 -3.994 0.467 14
-13.751 -3.939 0.465 14
-13.666 -3.880 0.464 31
-13.718 -3.932 0.465 21
-13.527 -3.629 0.457 51
-13.542 -3.665 0.458 55
-13.735 -3.962 0.466 10
-13.603 -3.719 0.459 37
-13.729 -3.972 0.466 16
-13.621 -3.663 0.458 65
-13.787 -3.812 0.461 28
-13.677 -3.850 0.463 36
-13.578 -3.695 0.459 19
-13.772 -3.873 0.463 15
-13.741 -3.831 0.462 23
-13.612 -3.766 0.461 47
-13.642 -3.797 0.461 22
-13.782 -3.840 0.462 26
-13.650 -3.738 0.460 41
-13.644 -3.702 0.459 26
-13.723 -3.824 0.462 26
-13.697 -3.917 0.465 39
-13.664 -3.693 0.458 36
-13.746 -4.041 0.468 18
-13.668 -3.694 0.458 36
-13.751 -3.950 0.465 15
-13.739 -3.852 0.463 22
-13.672 -3.924 0.465 27
-13.746 -3.738 0.459 19
-13.693 -3.835 0.462 27
-13.750 -3.762 0.460 14
-13.735 -3.837 0.462 25
-13.777 -3.894 0.464 14
-13.643 -3.736 0.460 21
-13.743 -3.730 0.459 29
-13.746 -3.949 0.465 15
-13.637 -3.828 0.462 53
-13.733 -3.976 0.466 10
-13.704 -3.916 0.465 32
-13.695 -3.719 0.459 28
-13.581 -3.746 0.460 63
-13.553 -3.697 0.459 49
-13.706 -3.975 0.466 17
-13.647 -3.763 0.460 38
-13.631 -3.838 0.463 53
-13.726 -4.016 0.467 13
-13.768 -3.843 0.462 19
-13.810 -3.769 0.460 19
-13.745 -3.778 0.461 14
-13.528 -3.645 0.457 55
-13.775 -3.814 0.461 25
-13.732 -3.743 0.460 38
-13.635 -3.701 0.459 36
-13.786 -3.889 0.464 14
-13.691 -3.779 0.461 38
-13.566 -3.666 0.458 68
-13.787 -3.846 0.462 27
-13.754 -3.958 0.466 14
-13.778 -3.747 0.460 18
-13.563 -3.640 0.457 50
-13.693 -3.840 0.462 26
-13.765 -3.747 0.460 19
-13.617 -3.735 0.460 56
-13.537 -3.636 0.457 48
-13.760 -3.753 0.460 19
-13.603 -3.708 0.459 60
-13.650 -3.721 0.459 27
-13.741 -4.036 0.468 15
-13.763 -3.781 0.461 14
-13.651 -3.793 0.461 26
-13.801 -3.776 0.460 23
-13.571 -3.639 0.457 45
-13.748 -3.793 0.461 20
-13.761 -3.947 0.465 16
-13.677 -3.739 0.460 31
-13.653 -3.780 0.461 38
-13.730 -3.820 0.462 28
-13.678 -3.908 0.464 29
-13.717 -3.897 0.464 8
-13.700 -3.953 0.466 30
-13.704 -3.977 0.466 20
-13.723 -3.913 0.464 11
-13.648 -3.750 0.460 40
-13.652 -3.889 0.464 50
-13.683 -3.749 0.460 38
-13.721 -3.777 0.461 35
-13.755 -3.862 0.463 17
-13.722 -3.806 0.461 23
-13.709 -3.744 0.460 32
-13.725 -3.847 0.463 27
-13.720 -3.769 0.460 34
-13.630 -3.723 0.459 72
-13.764 -3.959 0.466 13
-13.644 -3.741 0.460 29
-13.792 -3.894 0.468 15
-13.755 -4.039 0.470 17
-13.787 -3.974 0.481 12
-13.790 -3.960 0.481 12
-13.793 -3.907 0.471 15
-13.767 -3.987 0.468 12
-13.797 -3.882 0.469 16
-13.763 -4.013 0.470 14
-13.788 -3.926 0.472 13
-13.811 -3.805 0.463 27
-13.768 -3.982 0.468 16
-13.793 -3.897 0.469 13
-13.763 -4.028 0.474 10
-13.785 -3.934 0.471 14
-13.777 -3.968 0.472 13
-13.768 -3.980 0.467 17
-13.777 -3.997 0.478 11
-13.782 -3.958 0.474 13
-13.761 -4.021 0.471 10
-13.789 -3.957 0.479 13
-13.756 -4.031 0.469 12
-13.776 -3.972 0.472 13
-13.795 -3.874 0.465 18
-13.758 -4.027 0.469 11
-13.757 -4.031 0.470 14
-13.777 -3.962 0.470 12
-13.806 -3.833 0.465 28
-13.796 -3.863 0.464 26
-13.776 -3.955 0.468 13
-13.756 -4.028 0.468 13
-13.787 -3.969 0.480 11
-13.779 -3.961 0.472 13
-13.791 -3.961 0.482 12
-13.789 -3.904 0.467 16
-13.796 -3.890 0.470 12
-13.772 -3.988 0.472 12
-13.778 -3.983 0.476 12
-13.806 -3.828 0.464 28
-13.795 -3.880 0.466 16
-13.776 -3.958 0.469 13
-13.761 -4.004 0.467 11
-13.811 -3.826 0.467 25
-13.799 -3.866 0.467 26
-13.816 -3.779 0.461 23
-13.770 -4.007 0.475 9
-13.748 -3.683 0.479 12
-13.696 -3.598 0.494 65
-13.775 -3.650 0.473 26
-13.759 -3.636 0.477 23
-13.713 -3.644 0.488 33
-13.763 -3.681 0.475 23
-13.675 -3.586 0.499 22
-13.742 -3.658 0.481 24
-13.745 -3.628 0.481 25
-13.708 -3.603 0.491 59
-13.725 -3.645 0.485 25
-13.731 -3.649 0.484 22
-13.711 -3.629 0.489 31
-13.711 -3.642 0.489 33
-13.645 -3.583 0.506 61
-13.764 -3.690 0.475 17
-13.797 -3.720 0.466 35
-13.749 -3.618 0.480 24
-13.748 -3.664 0.479 24
-13.732 -3.675 0.483 19
-13.753 -3.650 0.479 21
-13.789 -3.711 0.469 13
-13.654 -3.592 0.504 62
-13.774 -3.640 0.474 18
-13.712 -3.626 0.489 31
-13.760 -3.624 0.478 26
-13.686 -3.620 0.496 39
-13.755 -3.627 0.479 26
-13.655 -3.594 0.504 26
-13.769 -3.650 0.475 23
-13.697 -3.605 0.493 66
-13.714 -3.612 0.489 44
-13.710 -3.617 0.490 35
-13.761 -3.678 0.476 18
-13.703 -3.627 0.491 36
-13.720 -3.619 0.487 24
-13.750 -3.639 0.480 26
-13.725 -3.667 0.485 22
-13.686 -3.622 0.495 43
-13.755 -3.663 0.478 22
-13.728 -3.658 0.484 23
-13.755 -3.685 0.477 22
-13.698 -3.616 0.493 46
-13.766 -3.653 0.476 22
-13.732 -3.670 0.483 23
-13.716 -3.645 0.488 33
-13.680 -3.624 0.497 31
-13.704 -3.648 0.490 30
-13.732 -3.673 0.483 21
-13.727 -3.665 0.484 22
-13.709 -3.645 0.489 31
-13.785 -3.672 0.470 16
-13.696 -3.598 0.494 65
-13.739 -3.678 0.481 21
-13.675 -3.605 0.499 71
-13.700 -3.613 0.492 46
-13.740 -3.612 0.483 40
-13.683 -3.610 0.496 60
-13.696 -3.606 0.494 52
-13.758 -3.637 0.478 23
-13.748 -3.630 0.480 25
-13.739 -3.625 0.483 28
-13.771 -3.631 0.475 29
-13.658 -3.603 0.503 17
-13.666 -3.589 0.501 18
-13.771 -3.636 0.475 22
-13.730 -3.611 0.485 40
-13.748 -3.685 0.479 12
-13.616 -3.560 0.514 45
-13.734 -3.609 0.484 48
-13.687 -3.611 0.495 60
-13.789 -3.698 0.469 26
-13.767 -3.685 0.474 20
-13.780 -3.704 0.471 24
-13.751 -3.694 0.478 16
-13.728 -3.634 0.485 28
-13.645 -3.587 0.506 67
-13.762 -3.640 0.477 20
-13.759 -3.683 0.476 23
-13.758 -3.683 0.476 23
-13.638 -3.581 0.508 76
-13.690 -3.630 0.494 37
-13.709 -3.618 0.490 40
-13.708 -3.626 0.490 37
-13.722 -3.623 0.487 32
-13.778 -3.689 0.472 17
-13.733 -3.637 0.484 23
-13.785 -3.674 0.470 15
-13.691 -3.623 0.494 37
-13.693 -3.605 0.494 68
-13.743 -3.662 0.481 24
-13.698 -3.604 0.493 66
-13.781 -3.679 0.471 17
-13.778 -3.696 0.471 13
-13.779 -3.697 0.471 17
-13.647 -3.571 0.506 58
-13.734 -3.665 0.483 23
-13.721 -3.648 0.486 25
-13.705 -3.599 0.492 65
-13.773 -3.707 0.472 23
-13.776 -3.672 0.473 16
-13.744 -3.555 0.518 18
-13.619 -3.556 0.514 35
-13.703 -3.541 0.526 19
-13.694 -3.561 0.513 85
-13.733 -3.584 0.500 66
-13.723 -3.526 0.536 23
-13.744 -3.560 0.515 20
-13.720 -3.601 0.489 54
-13.661 -3.543 0.523 35
-13.735 -3.595 0.493 67
-13.665 -3.573 0.505 75
-13.728 -3.524 0.537 23
-13.704 -3.587 0.497 73
-13.687 -3.579 0.501 21
-13.714 -3.540 0.526 18
-13.703 -3.557 0.516 75
-13.699 -3.577 0.503 22
-13.733 -3.604 0.487 51
-13.721 -3.537 0.529 21
-13.614 -3.547 0.519 26
-13.674 -3.539 0.526 31
-13.679 -3.574 0.505 62
-13.692 -3.534 0.530 29
-13.704 -3.568 0.509 19
-13.672 -3.575 0.504 74
-13.738 -3.523 0.538 33
-13.725 -3.561 0.514 12
-13.749 -3.563 0.513 78
-13.685 -3.559 0.514 65
-13.710 -3.551 0.520 19
-13.759 -3.611 0.484 43
-13.696 -3.555 0.517 73
-13.689 -3.545 0.523 22
-13.773 -3.627 0.474 28
-13.767 -3.624 0.476 28
-13.715 -3.594 0.493 58
-13.769 -3.621 0.478 30
-13.691 -3.544 0.523 23
-13.682 -3.537 0.527 34
-13.746 -3.592 0.495 65
-13.755 -3.601 0.490 65
-13.712 -3.552 0.519 22
-13.728 -3.528 0.535 22
-13.740 -3.553 0.519 19
-13.760 -3.608 0.486 48
-13.719 -3.584 0.499 67
-13.702 -3.533 0.530 30
-13.725 -3.546 0.523 16
-13.720 -3.569 0.509 16
-13.678 -3.551 0.519 31
-13.721 -3.568 0.510 17
-13.671 -3.565 0.510 67
-13.716 -3.595 0.493 64
-13.734 -3.583 0.500 66
-13.735 -3.587 0.498 65
-13.750 -3.608 0.486 48
-13.753 -3.564 0.513 83
-13.754 -3.613 0.482 34
-13.708 -3.556 0.516 55
-13.734 -3.606 0.486 48
-13.669 -3.538 0.527 38
-13.730 -3.543 0.525 17
-13.686 -3.543 0.524 22
-13.657 -3.536 0.527 30
-13.728 -3.593 0.494 64
-13.649 -3.566 0.509 82
-13.756 -3.611 0.484 41
-13.718 -3.563 0.513 23
-13.717 -3.597 0.491 54
-13.710 -3.526 0.535 28
-13.705 -3.526 0.535 28
-13.759 -3.602 0.490 68
-13.719 -3.583 0.500 71
-13.628 -3.545 0.521 28
-13.727 -3.573 0.507 65
-13.715 -3.532 0.532 21
-13.736 -3.545 0.524 19
-13.744 -3.601 0.490 68
-13.701 -3.540 0.526 20
-13.699 -3.543 0.524 22
-13.685 -3.569 0.507 83
-13.751 -3.577 0.505 68
-13.707 -3.578 0.503 26
-13.683 -3.583 0.499 26
-13.698 -3.559 0.514 88
-13.716 -3.561 0.514 17
-13.693 -3.588 0.496 38
-13.715 -3.597 0.491 60
-13.697 -3.553 0.518 39
-13.725 -3.537 0.529 18
-13.625 -3.552 0.517 19
-13.707 -3.591 0.494 71
-13.624 -3.547 0.520 22
-13.692 -3.540 0.526 30
-13.673 -3.553 0.517 49
-13.739 -3.562 0.514 29
-13.703 -3.541 0.525 22
-13.652 -3.552 0.517 31
-13.714 -3.586 0.498 87
-13.628 -3.449 0.756 66
-13.552 -3.469 0.774 79
-13.587 -3.458 0.765 73
-13.572 -3.465 0.770 76
-13.519 -3.473 0.778 104
-13.524 -3.473 0.778 102
-13.537 -3.472 0.776 106
-13.461 -3.495 0.796 79
-13.464 -3.497 0.797 91
-13.516 -3.474 0.780 98
-13.451 -3.499 0.800 148
-13.546 -3.470 0.775 101
-13.646 -3.462 0.753 103
-13.551 -3.494 0.777 99
-13.588 -3.489 0.768 74
-13.556 -3.485 0.775 80
-13.665 -3.474 0.750 110
-13.655 -3.475 0.752 113
-13.581 -3.515 0.772 72
-13.812 -3.552 0.724 65
-13.640 -3.450 0.753 101
-13.728 -3.507 0.739 107
-13.536 -3.493 0.780 104
-13.573 -3.515 0.774 70
-13.663 -3.477 0.750 108
-13.654 -3.492 0.754 112
-13.667 -3.523 0.754 103
-13.665 -3.501 0.752 107
-13.614 -3.484 0.762 73
-13.490 -3.502 0.792 109
-13.608 -3.509 0.766 77
-13.659 -3.529 0.756 108
-13.601 -3.467 0.763 70
-13.789 -3.538 0.728 51
-13.787 -3.535 0.728 41
-13.546 -3.525 0.781 106
-13.828 -3.555 0.720 80
-13.709 -3.511 0.743 101
-13.555 -3.492 0.776 86
-13.748 -3.552 0.738 104
-13.592 -3.479 0.767 73
-13.631 -3.454 0.756 69
-13.602 -3.517 0.768 80
-13.582 -3.476 0.769 75
-13.682 -3.530 0.751 63
-13.612 -3.522 0.766 87
-13.604 -3.533 0.769 85
-13.608 -3.534 0.768 88
-13.707 -3.502 0.743 112
-13.595 -3.518 0.769 79
-13.763 -3.557 0.735 100
-13.644 -3.540 0.761 93
-13.604 -3.462 0.762 69
-13.686 -3.509 0.748 103
-13.481 -3.498 0.793 109
-13.735 -3.511 0.737 113
-13.652 -3.476 0.753 109
-13.575 -3.494 0.772 71
-13.665 -3.489 0.751 110
-13.494 -3.511 0.792 102
-13.691 -3.498 0.746 115
-13.628 -3.523 0.763 86
-13.564 -3.475 0.773 74
-13.519 -3.486 0.784 99
-13.694 -3.529 0.748 86
-13.543 -3.483 0.778 106
-13.690 -3.507 0.747 107
-13.641 -3.523 0.760 69
-13.621 -3.472 0.759 70
-13.730 -3.527 0.740 108
-13.695 -3.491 0.744 118
-13.653 -3.477 0.753 111
-13.615 -3.493 0.763 73
-13.724 -3.515 0.740 106
-13.757 -3.535 0.735 118
-13.506 -3.520 0.790 85
-13.554 -3.522 0.779 103
-13.708 -3.494 0.742 124
-13.513 -3.491 0.785 66
-13.710 -3.507 0.743 112
-13.614 -3.479 0.762 73
-13.670 -3.527 0.754 85
-13.542 -3.484 0.778 104
-13.839 -3.564 0.719 154
-13.636 -3.468 0.756 65
-13.756 -3.515 0.733 80
-13.467 -3.509 0.798 83
-13.603 -3.509 0.767 79
-13.724 -3.513 0.740 106
-13.720 -3.554 0.745 112
-13.654 -3.508 0.755 111
-13.539 -3.519 0.782 98
-13.616 -3.464 0.760 75
-13.587 -3.531 0.773 77
-13.582 -3.511 0.772 69
-13.772 -3.532 0.731 93
-13.514 -3.487 0.785 70
-13.694 -3.531 0.749 83
-13.588 -3.517 0.771 71
-13.619 -3.524 0.765 86
-13.622 -3.464 0.758 71
-13.742 -3.525 0.737 104
-13.809 -3.567 0.726 66
-13.660 -3.464 0.750 108
-13.591 -3.484 0.767 73
-13.620 -3.518 0.764 78
-13.638 -3.482 0.757 66
-13.647 -3.468 0.753 104
-13.612 -3.514 0.765 78
-13.792 -3.558 0.729 56
-13.620 -3.459 0.758 72
-13.619 -3.518 0.764 78
-13.568 -3.472 0.771 75
-13.683 -3.495 0.747 108
-13.789 -3.538 0.728 51
-13.810 -3.546 0.724 57
-13.798 -3.561 0.728 62
-13.715 -3.496 0.740 120
-13.590 -3.509 0.770 75
-13.672 -3.540 0.754 71
-13.560 -3.517 0.777 79
-13.581 -3.527 0.774 76
-13.658 -3.534 0.757 100
-13.711 -3.532 0.745 87
-13.540 -3.493 0.780 103
-13.517 -3.494 0.785 91
-13.462 -3.503 0.798 71
-13.437 -3.506 0.804 176
-13.526 -3.519 0.785 114
-13.631 -3.478 0.758 78
-13.536 -3.489 0.780 103
-13.636 -3.450 0.754 70
-13.489 -3.506 0.792 108
-13.693 -3.509 0.747 106
-13.642 -3.495 0.757 98
-13.790 -3.561 0.730 48
-13.626 -3.533 0.764 92
-13.559 -3.511 0.777 85
-13.736 -3.525 0.739 112
-13.831 -3.571 0.721 119
-13.685 -3.489 0.747 111
-13.498 -3.514 0.791 96
-13.685 -3.535 0.751 67
-13.541 -3.499 0.780 105
-13.689 -3.498 0.747 110
-13.819 -3.564 0.723 85
-13.779 -3.552 0.731 104
-13.650 -3.493 0.755 109
-13.804 -3.544 0.725 67
-13.630 -3.483 0.758 84
-13.700 -3.496 0.744 104
-13.848 -3.570 0.717 148
-13.657 -3.489 0.753 113
-13.639 -3.454 0.754 97
-13.592 -3.486 0.767 73
-13.697 -3.521 0.747 81
-13.545 -3.485 0.778 106
-13.616 -3.487 0.762 74
-13.791 -3.535 0.727 68
-13.504 -3.488 0.787 54
-13.714 -3.528 0.744 88
-13.461 -3.504 0.799 71
-13.744 -3.539 0.738 111
-13.590 -3.472 0.766 73
-13.817 -3.558 0.723 66
-13.744 -3.509 0.735 99
-13.657 -3.534 0.757 99
-13.640 -3.470 0.755 88
-13.602 -3.532 0.769 84
-13.769 -3.559 0.734 105
-13.762 -3.532 0.733 78
-13.793 -3.560 0.729 65
-13.687 -3.501 0.747 108
-13.638 -3.496 0.758 71
-13.699 -3.542 0.748 68
-13.598 -3.506 0.768 78
-13.484 -3.517 0.795 106
-13.497 -3.497 0.790 91
-13.672 -3.543 0.755 71
-13.833 -3.557 0.720 163
-13.610 -3.503 0.765 76
-13.503 -3.506 0.789 80
-13.713 -3.537 0.745 84
-13.575 -3.469 0.770 76
-13.488 -3.496 0.792 105
-13.644 -3.471 0.754 105
-13.661 -3.541 0.757 80
-13.643 -3.465 0.754 107
-13.507 -3.494 0.787 54
-13.680 -3.507 0.750 104
-13.465 -3.512 0.798 83
-13.608 -3.487 0.764 72
-13.547 -3.519 0.781 106
-13.745 -3.542 0.738 111
-13.818 -3.559 0.723 69
-13.517 -3.524 0.788 66
-13.525 -3.490 0.783 105
-13.613 -3.478 0.762 73
-13.599 -3.460 0.763 71
-13.739 -3.515 0.737 112
-13.604 -3.503 0.766 77
-13.647 -3.515 0.758 106
-13.602 -3.484 0.765 72
-13.830 -3.563 0.721 110
-13.521 -3.510 0.785 102
-13.513 -3.508 0.787 58
-13.706 -3.526 0.745 79
-13.604 -3.487 0.765 72
-13.601 -3.503 0.767 78
-13.826 -3.556 0.721 80
-13.712 -3.545 0.746 78
-13.750 -3.546 0.737 106
-13.748 -3.552 0.738 104
-13.607 -3.477 0.763 70
-13.574 -3.530 0.776 77
-13.718 -3.512 0.741 119
-13.715 -3.518 0.742 117
-13.822 -3.555 0.722 82
-13.729 -3.538 0.741 104
-13.654 -3.489 0.754 110
-13.741 -3.550 0.740 115
-13.648 -3.472 0.753 106
-13.500 -3.510 0.790 86
-13.679 -3.513 0.750 102
-13.668 -3.489 0.750 113
-13.465 -3.500 0.797 80
-13.711 -3.551 0.747 72
-13.547 -3.527 0.781 106
-13.784 -3.541 0.729 85
-13.476 -3.514 0.796 102
-13.572 -3.492 0.772 72
-13.784 -3.470 0.684 93
-13.796 -3.469 0.675 63
-13.746 -3.507 0.733 95
-13.775 -3.495 0.707 84
-13.711 -3.456 0.715 107
-13.657 -3.459 0.750 113
-13.844 -3.555 0.712 126
-13.815 -3.493 0.682 88
-13.731 -3.475 0.718 111
-13.796 -3.527 0.719 62
-13.818 -3.491 0.679 89
-13.783 -3.507 0.711 80
-13.780 -3.463 0.680 94
-13.752 -3.505 0.728 95
-13.789 -3.478 0.686 87
-13.750 -3.482 0.712 122
-13.714 -3.490 0.740 116
-13.835 -3.528 0.697 49
-13.679 -3.465 0.741 116
-13.750 -3.502 0.727 88
-13.786 -3.465 0.678 68
-13.738 -3.496 0.730 111
-13.803 -3.500 0.695 82
-13.680 -3.459 0.736 115
-13.836 -3.545 0.710 108
-13.716 -3.463 0.718 100
-13.831 -3.523 0.695 51
-13.730 -3.473 0.717 111
-13.789 -3.470 0.680 57
-13.677 -3.465 0.743 112
-13.797 -3.504 0.702 85
-13.666 -3.455 0.741 113
-13.853 -3.565 0.714 146
-13.720 -3.494 0.739 111
-13.698 -3.458 0.725 88
-13.721 -3.472 0.722 106
-13.751 -3.481 0.711 122
-13.744 -3.507 0.734 95
-13.808 -3.541 0.722 72
-13.823 -3.526 0.703 70
-13.783 -3.483 0.694 89
-13.818 -3.538 0.714 94
-13.684 -3.464 0.737 109
-13.736 -3.464 0.707 114
-13.811 -3.524 0.708 79
-13.723 -3.476 0.724 108
-13.776 -3.467 0.686 95
-13.754 -3.502 0.725 81
-13.783 -3.464 0.679 103
-13.699 -3.464 0.728 82
-13.653 -3.450 0.745 113
-13.647 -3.453 0.751 102
-13.801 -3.477 0.678 89
-13.738 -3.489 0.725 105
-13.815 -3.525 0.706 76
-13.800 -3.521 0.712 78
-13.750 -3.472 0.704 105
-13.790 -3.505 0.706 81
-13.759 -3.467 0.696 105
-13.809 -3.526 0.710 68
-13.811 -3.498 0.689 83
-13.747 -3.477 0.710 112
-13.781 -3.500 0.707 82
-13.736 -3.494 0.730 111
-13.832 -3.510 0.685 62
-13.775 -3.470 0.688 96
-13.741 -3.499 0.730 110
-13.831 -3.539 0.708 98
-13.793 -3.534 0.726 68
-13.787 -3.495 0.700 83
-13.782 -3.492 0.701 82
-13.761 -3.473 0.699 106
-13.836 -3.555 0.717 164
-13.780 -3.512 0.717 89
-13.736 -3.492 0.728 112
-13.728 -3.474 0.719 108
-13.691 -3.455 0.727 110
-13.828 -3.515 0.691 53
-13.796 -3.529 0.721 75
-13.744 -3.479 0.713 111
-13.815 -3.546 0.722 72
-13.731 -3.478 0.720 111
-13.777 -3.517 0.723 68
-13.783 -3.520 0.722 64
-13.689 -3.462 0.733 117
-13.702 -3.468 0.730 90
-13.731 -3.491 0.730 112
-13.786 -3.467 0.680 101
-13.686 -3.466 0.738 111
-13.847 -3.549 0.706 111
-13.732 -3.490 0.729 112
-13.774 -3.462 0.683 95
-13.783 -3.513 0.716 82
-13.789 -3.493 0.697 80
-13.719 -3.459 0.713 108
-13.760 -3.465 0.694 105
-13.765 -3.475 0.698 105
-13.843 -3.534 0.697 61
-13.849 -3.548 0.704 113
-13.726 -3.491 0.733 112
-13.685 -3.456 0.731 109
-13.710 -3.475 0.730 124
-13.692 -3.469 0.737 119
-13.734 -3.498 0.734 110
-13.777 -3.518 0.724 69
-13.716 -3.470 0.723 111
-13.770 -3.521 0.730 93
-13.832 -3.539 0.707 83
-13.820 -3.500 0.685 90
-13.767 -3.479 0.700 101
-13.785 -3.505 0.709 82
-13.711 -3.476 0.731 125
-13.839 -3.534 0.699 63
-13.692 -3.474 0.740 120
-13.793 -3.479 0.684 86
-13.810 -3.489 0.682 90
-13.740 -3.482 0.718 109
-13.832 -3.531 0.701 61
-13.716 -3.483 0.733 119
-13.739 -3.492 0.726 106
-13.704 -3.484 0.740 111
-13.756 -3.490 0.715 125
-13.727 -3.472 0.719 109
-13.793 -3.481 0.686 86
-13.720 -3.472 0.722 106
-13.747 -3.474 0.708 110
-13.808 -3.485 0.680 93
-13.425 -3.525 0.778 99
-13.468 -3.546 0.759 72
-13.424 -3.556 0.709 111
-13.433 -3.562 0.702 119
-13.475 -3.570 0.709 89
-13.459 -3.553 0.737 58
-13.467 -3.563 0.721 83
-13.425 -3.537 0.751 78
-13.487 -3.552 0.758 104
-13.439 -3.560 0.709 120
-13.432 -3.562 0.700 111
-13.431 -3.517 0.800 139
-13.458 -3.550 0.745 65
-13.495 -3.571 0.720 79
-13.425 -3.519 0.792 149
-13.425 -3.537 0.752 49
-13.447 -3.568 0.698 114
-13.498 -3.568 0.728 80
-13.457 -3.564 0.712 70
-13.425 -3.548 0.728 108
-13.462 -3.538 0.773 100
-13.425 -3.556 0.710 111
-13.480 -3.563 0.729 79
-13.470 -3.567 0.714 83
-13.449 -3.544 0.752 48
-13.438 -3.533 0.768 73
-13.427 -3.552 0.721 74
-13.511 -3.573 0.726 66
-13.444 -3.565 0.702 123
-13.478 -3.568 0.718 84
-13.429 -3.535 0.759 88
-13.427 -3.539 0.748 99
-13.447 -3.535 0.770 109
-13.426 -3.541 0.743 93
-13.439 -3.537 0.761 43
-13.445 -3.539 0.760 45
-13.424 -3.527 0.775 93
-13.431 -3.536 0.757 52
-13.432 -3.539 0.752 80
-13.461 -3.543 0.762 84
-13.422 -3.512 0.805 159
-13.425 -3.521 0.788 138
-13.453 -3.562 0.714 73
-13.456 -3.557 0.728 72
-13.481 -3.553 0.751 89
-13.474 -3.570 0.710 89
-13.430 -3.533 0.765 66
-13.433 -3.519 0.797 126
-13.478 -3.563 0.728 89
-13.471 -3.559 0.731 95
-13.429 -3.553 0.720 95
-13.485 -3.557 0.745 89
-13.448 -3.567 0.700 115
-13.480 -3.572 0.707 78
-13.448 -3.539 0.761 48
-13.460 -3.547 0.751 62
-13.439 -3.541 0.751 49
-13.437 -3.566 0.695 113
-13.461 -3.570 0.702 75
-13.437 -3.526 0.783 57
-13.482 -3.548 0.763 97
-13.451 -3.548 0.744 49
-13.422 -3.557 0.706 109
-13.479 -3.554 0.748 81
-13.500 -3.574 0.718 73
-13.456 -3.568 0.703 93
-13.421 -3.535 0.755 45
-13.460 -3.553 0.738 68
-13.477 -3.557 0.740 91
-13.427 -3.565 0.690 103
-13.424 -3.523 0.784 144
-13.469 -3.563 0.722 83
-13.445 -3.539 0.760 45
-13.475 -3.552 0.750 85
-13.435 -3.536 0.760 48
-13.485 -3.563 0.732 97
-13.428 -3.522 0.789 121
-13.467 -3.541 0.769 105
-13.433 -3.550 0.728 120
-13.472 -3.553 0.747 93
-13.459 -3.567 0.706 85
-13.458 -3.569 0.702 77
-13.526 -3.593 0.628 36
-13.587 -3.571 0.676 127
-13.537 -3.583 0.672 41
-13.478 -3.602 0.635 41
-13.498 -3.602 0.608 50
-13.529 -3.585 0.671 30
-13.545 -3.579 0.681 65
-13.510 -3.593 0.648 29
-13.562 -3.572 0.703 85
-13.554 -3.584 0.642 27
-13.510 -3.595 0.637 42
-13.567 -3.575 0.679 107
-13.525 -3.577 0.719 85
-13.467 -3.615 0.573 45
-13.469 -3.615 0.574 36
-13.428 -3.629 0.543 71
-13.474 -3.606 0.616 23
-13.560 -3.579 0.662 110
-13.456 -3.615 0.589 39
-13.520 -3.581 0.707 59
-13.429 -3.628 0.547 47
-13.562 -3.580 0.655 113
-13.569 -3.573 0.689 132
-13.537 -3.575 0.716 102
-13.527 -3.575 0.731 111
-13.555 -3.580 0.666 76
-13.515 -3.581 0.710 60
-13.530 -3.588 0.647 19
-13.524 -3.582 0.693 41
-13.549 -3.585 0.642 34
-13.560 -3.579 0.663 97
-13.586 -3.572 0.668 130
-13.536 -3.581 0.681 40
-13.494 -3.600 0.628 51
-13.527 -3.587 0.662 38
-13.439 -3.623 0.564 59
-13.510 -3.585 0.697 43
-13.595 -3.571 0.666 131
-13.511 -3.588 0.674 32
-13.526 -3.590 0.646 22
-13.562 -3.579 0.660 121
-13.465 -3.610 0.609 41
-13.550 -3.578 0.683 69
-13.502 -3.603 0.601 47
-13.453 -3.615 0.591 38
-13.540 -3.580 0.685 76
-13.535 -3.583 0.670 41
-13.573 -3.575 0.667 126
-13.519 -3.581 0.705 59
-13.540 -3.576 0.706 97
-13.566 -3.576 0.671 119
-13.498 -3.598 0.634 53
-13.554 -3.582 0.652 24
-13.494 -3.598 0.636 36
-13.548 -3.582 0.664 55
-13.520 -3.590 0.649 29
-13.474 -3.604 0.629 43
-13.479 -3.606 0.614 19
-13.528 -3.589 0.647 19
-13.584 -3.572 0.672 134
-13.541 -3.587 0.642 29
-13.507 -3.598 0.623 43
-13.578 -3.575 0.663 124
-13.481 -3.601 0.638 35
-13.483 -3.608 0.592 32
-13.483 -3.609 0.589 24
-13.516 -3.583 0.699 39
-13.503 -3.593 0.655 36
-13.576 -3.575 0.668 131
-13.499 -3.603 0.606 52
-13.509 -3.588 0.680 28
-13.579 -3.571 0.686 134
-13.523 -3.595 0.616 39
-13.462 -3.611 0.605 46
-13.524 -3.577 0.722 89
-13.422 -3.631 0.540 79
-13.486 -3.605 0.607 27
-13.543 -3.580 0.680 65
-13.509 -3.587 0.685 32
-13.514 -3.582 0.707 54
-13.554 -3.580 0.665 60
-13.580 -3.575 0.660 129
-13.560 -3.581 0.652 100
-13.462 -3.611 0.605 46
-13.504 -3.587 0.690 35
-13.461 -3.614 0.590 36
-13.492 -3.604 0.606 55
-13.450 -3.619 0.572 64
-13.517 -3.587 0.675 29
-13.503 -3.592 0.661 31
-13.566 -3.577 0.668 130
-13.501 -3.602 0.604 50
-13.550 -3.577 0.689 74
-13.546 -3.576 0.700 90
-13.560 -3.578 0.671 93
-13.556 -3.584 0.637 19
-13.536 -3.578 0.701 83
-13.522 -3.587 0.665 32
-13.577 -3.573 0.675 120
-13.503 -3.602 0.605 48
-13.588 -3.571 0.674 128
-13.506 -3.586 0.694 34
-13.538 -3.589 0.635 22
-13.569 -3.574 0.681 112
-13.564 -3.577 0.667 130
-13.501 -3.591 0.671 34
-13.459 -3.617 0.573 70
-13.524 -3.591 0.642 22
-13.488 -3.607 0.592 31
-13.559 -3.580 0.660 110
-13.537 -3.587 0.538 46
-13.579 -3.585 0.558 29
-13.593 -3.557 0.528 27
-13.595 -3.588 0.571 33
-13.515 -3.588 0.528 63
-13.594 -3.554 0.523 21
-13.629 -3.565 0.558 39
-13.591 -3.559 0.529 24
-13.572 -3.590 0.562 24
-13.497 -3.614 0.554 72
-13.659 -3.570 0.581 22
-13.624 -3.560 0.549 30
-13.527 -3.596 0.545 63
-13.525 -3.608 0.562 39
-13.509 -3.597 0.537 68
-13.513 -3.606 0.552 77
-13.610 -3.580 0.569 34
-13.628 -3.567 0.561 35
-13.499 -3.607 0.546 74
-13.589 -3.557 0.525 19
-13.582 -3.591 0.568 33
-13.552 -3.578 0.534 25
-13.570 -3.571 0.534 25
-13.545 -3.581 0.534 37
-13.529 -3.593 0.543 54
-13.670 -3.570 0.588 125
-13.561 -3.595 0.563 30
-13.604 -3.571 0.553 35
-13.591 -3.591 0.573 44
-13.597 -3.589 0.573 53
-13.498 -3.608 0.546 74
-13.627 -3.555 0.543 29
-13.543 -3.575 0.525 58
-13.490 -3.601 0.532 61
-13.632 -3.571 0.568 32
-13.614 -3.576 0.565 34
-13.600 -3.565 0.542 38
-13.561 -3.579 0.540 25
-13.675 -3.568 0.588 124
-13.494 -3.615 0.554 73
-13.621 -3.560 0.547 32
-13.557 -3.580 0.540 30
-13.517 -3.590 0.532 68
-13.483 -3.608 0.538 64
-13.621 -3.558 0.544 35
-13.546 -3.575 0.526 51
-13.602 -3.589 0.577 101
-13.565 -3.593 0.562 29
-13.594 -3.580 0.559 34
-13.620 -3.586 0.582 51
-13.562 -3.582 0.545 23
-13.540 -3.602 0.560 54
-13.648 -3.563 0.565 27
-13.572 -3.567 0.529 30
-13.669 -3.573 0.591 43
-13.597 -3.576 0.556 36
-13.637 -3.564 0.562 30
-13.548 -3.591 0.550 30
-13.570 -3.569 0.531 31
-13.628 -3.562 0.554 31
-13.490 -3.606 0.540 66
-13.622 -3.561 0.548 32
-13.575 -3.567 0.532 22
-13.497 -3.597 0.530 65
-13.491 -3.603 0.536 66
-13.438 -3.625 0.537 77
-13.625 -3.582 0.580 26
-13.528 -3.592 0.540 59
-13.601 -3.589 0.576 56
-13.591 -3.552 0.519 23
-13.623 -3.559 0.547 31
-13.470 -3.619 0.546 62
-13.620 -3.559 0.545 35
-13.616 -3.563 0.548 36
-13.626 -3.557 0.545 29
-13.633 -3.563 0.557 34
-13.538 -3.596 0.552 35
-13.609 -3.569 0.553 35
-13.531 -3.580 0.526 57
-13.510 -3.610 0.556 75
-13.584 -3.594 0.574 39
-13.654 -3.572 0.582 24
-13.603 -3.578 0.562 36
-13.488 -3.616 0.552 67
-13.641 -3.565 0.564 33
-13.563 -3.598 0.568 74
-13.605 -3.560 0.538 40
-13.632 -3.565 0.559 36
-13.562 -3.577 0.539 30
-13.498 -3.600 0.536 67
-13.610 -3.573 0.558 34
-13.486 -3.616 0.551 68
-13.517 -3.590 0.532 68
-13.501 -3.595 0.530 67
-13.498 -3.598 0.532 65
-13.600 -3.582 0.567 36
-13.640 -3.583 0.590 24
-13.485 -3.617 0.552 68
-13.517 -3.592 0.535 67
-13.589 -3.587 0.567 36
-13.578 -3.582 0.554 29
-13.658 -3.573 0.586 41
-13.590 -3.587 0.568 39
-13.618 -3.562 0.548 34
-13.588 -3.588 0.568 40
-13.521 -3.610 0.561 43
-13.646 -3.561 0.562 28
-13.606 -3.554 0.529 38
-13.518 -3.596 0.540 77
-13.594 -3.553 0.523 18
-13.677 -3.570 0.591 41
-13.447 -3.626 0.545 25
-13.617 -3.571 0.650 28
-13.565 -3.588 0.618 39
-13.592 -3.593 0.584 103
-13.635 -3.584 0.592 25
-13.644 -3.583 0.592 27
-13.475 -3.617 0.562 66
-13.657 -3.574 0.618 23
-13.658 -3.576 0.609 24
-13.614 -3.576 0.634 26
-13.529 -3.594 0.615 40
-13.545 -3.597 0.595 39
-13.630 -3.579 0.615 25
-13.548 -3.602 0.577 42
-13.602 -3.586 0.603 17
-13.636 -3.583 0.597 26
-13.523 -3.600 0.596 32
-13.582 -3.592 0.593 45
-13.642 -3.574 0.624 23
-13.489 -3.616 0.556 68
-13.448 -3.623 0.555 55
-13.589 -3.579 0.639 24
-13.471 -3.616 0.568 47
-13.604 -3.574 0.648 29
-13.646 -3.582 0.595 27
-13.566 -3.589 0.615 40
-13.583 -3.594 0.586 108
-13.517 -3.605 0.582 21
-13.576 -3.582 0.636 25
-13.612 -3.587 0.595 20
-13.612 -3.570 0.658 32
-13.534 -3.599 0.593 36
-13.637 -3.575 0.626 24
-13.647 -3.579 0.604 27
-13.631 -3.583 0.597 27
-13.571 -3.592 0.598 35
-13.570 -3.592 0.599 20
-13.578 -3.596 0.580 77
-13.636 -3.576 0.622 18
-13.602 -3.587 0.600 17
-13.587 -3.579 0.640 24
-13.532 -3.595 0.612 37
-13.570 -3.583 0.634 32
-13.562 -3.583 0.638 15
-13.495 -3.609 0.579 35
-13.548 -3.593 0.609 44
-13.547 -3.589 0.624 40
-13.608 -3.574 0.646 27
-13.517 -3.606 0.579 25
-13.654 -3.575 0.615 22
-13.645 -3.576 0.615 23
-13.519 -3.602 0.593 24
-13.687 -3.571 0.610 21
-13.585 -3.576 0.653 120
-13.543 -3.599 0.588 40
-13.611 -3.587 0.594 20
-13.564 -3.588 0.617 39
-13.535 -3.594 0.613 30
-13.522 -3.600 0.598 27
-13.592 -3.590 0.597 16
-13.572 -3.592 0.597 27
-13.492 -3.610 0.578 35
-13.592 -3.582 0.625 29
-13.637 -3.577 0.619 21
-13.519 -3.600 0.600 30
-13.623 -3.574 0.638 30
-13.592 -3.577 0.645 22
-13.575 -3.587 0.616 28
-13.572 -3.588 0.615 36
-13.622 -3.582 0.607 30
-13.636 -3.583 0.597 26
-13.600 -3.591 0.586 72
-13.609 -3.578 0.630 28
-13.580 -3.584 0.624 29
-13.657 -3.574 0.617 21
-13.674 -3.575 0.605 38
-13.612 -3.579 0.625 25
-13.619 -3.583 0.604 28
-13.595 -3.573 0.656 124
-13.548 -3.603 0.571 24
-13.556 -3.599 0.581 28
-13.582 -3.584 0.622 29
-13.568 -3.590 0.610 29
-13.641 -3.577 0.617 20
-13.583 -3.596 0.578 52
-13.640 -3.576 0.618 20
-13.566 -3.582 0.642 31
-13.483 -3.617 0.555 65
-13.566 -3.587 0.621 34
-13.513 -3.608 0.572 24
-13.544 -3.592 0.616 38
-13.601 -3.588 0.596 21
-13.627 -3.572 0.642 32
-13.635 -3.574 0.632 24
-13.470 -3.619 0.555 69
-13.567 -3.582 0.639 29
-13.602 -3.572 0.656 40
-13.569 -3.582 0.639 29
-13.614 -3.571 0.654 29
-13.530 -3.600 0.594 32
-13.681 -3.573 0.607 35
-13.527 -3.599 0.599 20
-13.572 -3.598 0.576 27
-13.577 -3.594 0.589 109
-13.487 -3.609 0.584 31
-13.626 -3.581 0.610 30
-13.641 -3.577 0.616 25
-13.489 -3.611 0.577 36
-13.523 -3.605 0.579 15
-13.606 -3.582 0.617 28
-13.563 -3.598 0.582 42
-13.482 -3.617 0.557 62
-13.570 -3.592 0.598 20
-13.456 -3.622 0.553 62
-13.595 -3.586 0.608 32
-13.543 -3.594 0.609 45
-13.573 -3.595 0.586 106
-13.568 -3.594 0.593 99
-13.533 -3.594 0.616 33
-13.618 -3.576 0.633 26
-13.456 -3.620 0.559 63
-13.541 -3.592 0.615 29
-13.608 -3.577 0.633 28
-13.639 -3.574 0.629 25
-13.595 -3.590 0.594 19
-13.563 -3.590 0.612 41
-13.521 -3.609 0.565 22
-13.458 -3.622 0.551 61
-13.548 -3.588 0.627 45
-13.606 -3.591 0.583 95
-13.676 -3.572 0.614 22
-13.719 -3.572 0.691 71
-13.666 -3.572 0.699 88
-13.567 -3.573 0.718 76
-13.609 -3.574 0.717 94
-13.626 -3.574 0.719 71
-13.810 -3.575 0.705 86
-13.753 -3.575 0.712 74
-13.681 -3.572 0.698 64
-13.725 -3.574 0.711 47
-13.782 -3.576 0.716 83
-13.587 -3.575 0.728 84
-13.591 -3.569 0.685 175
-13.793 -3.576 0.715 80
-13.571 -3.572 0.709 77
-13.704 -3.575 0.720 98
-13.654 -3.571 0.694 79
-13.674 -3.572 0.695 81
-13.612 -3.572 0.706 99
-13.643 -3.574 0.719 94
-13.688 -3.575 0.721 87
-13.698 -3.571 0.688 156
-13.776 -3.576 0.714 83
-13.707 -3.574 0.710 99
-13.615 -3.572 0.706 92
-13.558 -3.573 0.716 92
-13.608 -3.570 0.692 77
-13.753 -3.574 0.705 88
-13.583 -3.573 0.711 67
-13.674 -3.573 0.703 64
-13.681 -3.572 0.701 64
-13.702 -3.571 0.691 104
-13.601 -3.570 0.688 137
-13.623 -3.570 0.691 77
-13.643 -3.573 0.706 92
-13.669 -3.573 0.704 79
-13.699 -3.572 0.697 62
-13.703 -3.576 0.721 98
-13.798 -3.576 0.712 62
-13.622 -3.572 0.700 65
-13.705 -3.576 0.721 97
-13.691 -3.575 0.716 90
-13.549 -3.573 0.720 107
-13.629 -3.570 0.690 68
-13.678 -3.571 0.688 123
-13.625 -3.570 0.685 164
-13.779 -3.576 0.716 81
-13.548 -3.575 0.728 110
-13.615 -3.572 0.702 90
-13.585 -3.571 0.695 75
-13.591 -3.570 0.694 74
-13.742 -3.575 0.710 78
-13.596 -3.571 0.701 72
-13.758 -3.575 0.708 88
-13.699 -3.576 0.722 99
-13.683 -3.572 0.695 64
-13.568 -3.573 0.713 81
-13.556 -3.573 0.713 98
-13.653 -3.573 0.708 86
-13.627 -3.569 0.677 191
-13.780 -3.574 0.704 103
-13.597 -3.574 0.718 86
-13.772 -3.576 0.718 88
-13.580 -3.571 0.698 71
-13.613 -3.570 0.692 81
-13.729 -3.572 0.694 66
-13.730 -3.572 0.695 66
-13.660 -3.574 0.717 94
-13.664 -3.575 0.724 79
-13.780 -3.576 0.717 86
-13.742 -3.573 0.697 91
-13.646 -3.570 0.684 178
-13.763 -3.575 0.715 84
-13.662 -3.574 0.716 94
-13.726 -3.576 0.720 79
-13.746 -3.576 0.719 79
-13.652 -3.572 0.701 87
-13.585 -3.574 0.723 81
-13.563 -3.574 0.725 86
-13.603 -3.570 0.689 95
-13.629 -3.569 0.680 191
-13.783 -3.575 0.709 94
-13.837 -3.576 0.712 46
-13.590 -3.569 0.687 116
-13.734 -3.575 0.714 78
-13.599 -3.574 0.717 86
-13.667 -3.575 0.723 81
-13.630 -3.573 0.708 76
-13.807 -3.575 0.708 84
-13.721 -3.573 0.700 63
-13.684 -3.575 0.720 91
-13.718 -3.575 0.716 59
-13.591 -3.572 0.706 74
-13.798 -3.575 0.711 62
-13.733 -3.575 0.713 86
-13.644 -3.574 0.717 91
-13.827 -3.576 0.711 74
-13.631 -3.559 0.744 89
-13.522 -3.534 0.778 97
-13.544 -3.539 0.771 126
-13.761 -3.569 0.727 94
-13.598 -3.557 0.748 110
-13.669 -3.556 0.745 112
-13.569 -3.535 0.774 103
-13.476 -3.523 0.791 83
-13.760 -3.571 0.724 72
-13.709 -3.567 0.731 71
-13.586 -3.544 0.762 131
-13.596 -3.570 0.734 118
-13.476 -3.532 0.781 76
-13.593 -3.574 0.730 109
-13.534 -3.548 0.761 98
-13.571 -3.560 0.747 125
-13.512 -3.558 0.751 98
-13.652 -3.573 0.728 87
-13.469 -3.537 0.776 87
-13.765 -3.562 0.734 106
-13.808 -3.574 0.719 59
-13.563 -3.559 0.748 131
-13.685 -3.559 0.741 98
-13.603 -3.548 0.758 117
-13.766 -3.576 0.719 69
-13.518 -3.563 0.746 89
-13.619 -3.571 0.731 68
-13.827 -3.574 0.718 59
-13.615 -3.544 0.762 109
-13.609 -3.554 0.751 113
-13.665 -3.574 0.726 80
-13.538 -3.558 0.750 122
-13.571 -3.565 0.740 108
-13.614 -3.542 0.764 116
-13.507 -3.526 0.787 125
-13.530 -3.547 0.762 91
-13.682 -3.565 0.735 100
-13.641 -3.568 0.734 89
-13.509 -3.562 0.747 102
-13.653 -3.566 0.736 84
-13.685 -3.565 0.735 93
-13.690 -3.552 0.749 76
-13.574 -3.569 0.736 92
-13.615 -3.551 0.754 94
-13.675 -3.573 0.727 90
-13.469 -3.525 0.790 80
-13.497 -3.557 0.754 87
-13.751 -3.562 0.735 90
-13.625 -3.543 0.762 74
-13.434 -3.519 0.798 112
-13.502 -3.555 0.755 80
-13.499 -3.557 0.753 70
-13.748 -3.566 0.731 111
-13.517 -3.558 0.751 95
-13.812 -3.569 0.725 63
-13.484 -3.548 0.763 97
-13.690 -3.557 0.744 81
-13.456 -3.532 0.783 77
-13.544 -3.543 0.766 132
-13.530 -3.573 0.734 116
-13.637 -3.550 0.753 81
-13.533 -3.560 0.748 113
-13.792 -3.573 0.721 48
-13.762 -3.572 0.723 81
-13.573 -3.541 0.767 122
-13.462 -3.520 0.796 69
-13.624 -3.562 0.741 78
-13.791 -3.572 0.723 44
-13.513 -3.532 0.779 76
-13.604 -3.553 0.752 119
-13.531 -3.544 0.766 89
-13.694 -3.552 0.748 75
-13.784 -3.573 0.721 96
-13.481 -3.527 0.787 89
-13.692 -3.572 0.727 81
-13.504 -3.557 0.752 80
-13.501 -3.526 0.787 117
-13.462 -3.519 0.796 69
-13.527 -3.556 0.753 104
-13.510 -3.562 0.747 96
-13.719 -3.563 0.735 86
-13.576 -3.553 0.754 126
-13.809 -3.568 0.725 60
-13.470 -3.518 0.797 73
-13.504 -3.560 0.749 85
-13.534 -3.564 0.744 120
-13.785 -3.569 0.726 95
-13.540 -3.547 0.762 122
-13.454 -3.519 0.797 60
-13.496 -3.522 0.792 117
-13.597 -3.546 0.760 123
-13.641 -3.561 0.742 107
-13.488 -3.522 0.793 111
-13.545 -3.538 0.771 126
-13.633 -3.557 0.746 83
-13.615 -3.562 0.741 58
-13.619 -3.554 0.750 65
-13.513 -3.557 0.752 102
-13.710 -3.575 0.723 92
-13.527 -3.559 0.749 96
-13.648 -3.573 0.728 84
-13.646 -3.555 0.748 89
-13.526 -3.531 0.780 119
-13.751 -3.570 0.726 51
-13.443 -3.514 0.802 54
-13.580 -3.561 0.745 119
-13.676 -3.549 0.753 71
-13.724 -3.559 0.739 96
-13.621 -3.550 0.755 78
-13.516 -3.562 0.746 89
-13.582 -3.540 0.768 121
-13.694 -3.570 0.729 75
-13.497 -3.534 0.779 62
-13.523 -3.547 0.763 79
-13.537 -3.550 0.758 111
-13.658 -3.561 0.740 103
-13.497 -3.523 0.791 116
-13.578 -3.555 0.751 128
-13.457 -3.523 0.792 66
-13.620 -3.547 0.758 83
-13.499 -3.557 0.753 70
-13.620 -3.549 0.756 84
-13.662 -3.549 0.754 85
-13.487 -3.526 0.788 106
-13.649 -3.575 0.726 90
-13.585 -3.574 0.730 83
-13.623 -3.570 0.732 73
-13.817 -3.573 0.720 70
-13.752 -3.567 0.729 88
-13.530 -3.562 0.746 108
-13.683 -3.572 0.727 101
-13.521 -3.551 0.759 86
-13.564 -3.541 0.768 123
-13.560 -3.539 0.770 120
-13.497 -3.543 0.768 62
-13.643 -3.569 0.733 89
-13.542 -3.552 0.756 131
-13.699 -3.559 0.741 78
-13.543 -3.535 0.775 142
-13.557 -3.544 0.764 127
-13.476 -3.533 0.781 76
-13.616 -3.546 0.760 104
-13.620 -3.544 0.761 74
-13.649 -3.562 0.741 89
-13.567 -3.573 0.732 97
-13.483 -3.522 0.792 96
-13.531 -3.540 0.770 65
-13.554 -3.563 0.744 126
-13.559 -3.546 0.762 134
-13.584 -3.538 0.769 117
-13.505 -3.556 0.754 80
-13.573 -3.550 0.757 130
-13.509 -3.535 0.777 59
-13.529 -3.559 0.750 98
-13.487 -3.542 0.770 96
-13.653 -3.571 0.730 92
-13.474 -3.540 0.773 105
-13.680 -3.551 0.751 68
-13.614 -3.552 0.753 95
-13.560 -3.541 0.767 123
-13.532 -3.568 0.739 122
-13.608 -3.540 0.766 115
-13.700 -3.561 0.739 72
-13.696 -3.549 0.571 124
-13.722 -3.521 0.544 23
-13.673 -3.544 0.553 32
-13.625 -3.547 0.531 45
-13.639 -3.550 0.542 30
-13.694 -3.551 0.573 133
-13.677 -3.559 0.576 59
-13.627 -3.549 0.534 40
-13.675 -3.565 0.584 126
-13.702 -3.551 0.577 138
-13.653 -3.550 0.549 28
-13.672 -3.542 0.548 30
-13.702 -3.561 0.592 132
-13.727 -3.525 0.553 132
-13.654 -3.535 0.528 31
-13.678 -3.537 0.545 29
-13.631 -3.553 0.543 33
-13.652 -3.557 0.560 31
-13.689 -3.532 0.543 29
-13.642 -3.554 0.550 34
-13.716 -3.529 0.554 97
-13.696 -3.556 0.581 141
-13.707 -3.543 0.569 134
-13.716 -3.543 0.573 139
-13.704 -3.533 0.552 24
-13.646 -3.546 0.541 34
-13.672 -3.535 0.539 27
-13.663 -3.560 0.569 29
-13.724 -3.534 0.564 135
-13.692 -3.548 0.568 62
-13.674 -3.556 0.570 26
-13.704 -3.525 0.541 31
-13.640 -3.539 0.527 38
-13.694 -3.545 0.564 34
-13.687 -3.543 0.558 23
-13.685 -3.555 0.574 94
-13.697 -3.530 0.544 29
-13.701 -3.551 0.577 138
-13.697 -3.525 0.537 32
-13.703 -3.547 0.572 135
-13.689 -3.553 0.574 128
-13.726 -3.521 0.546 57
-13.700 -3.567 0.599 46
-13.645 -3.550 0.546 34
-13.647 -3.543 0.536 33
-13.649 -3.544 0.538 33
-13.682 -3.534 0.542 29
-13.705 -3.549 0.576 139
-13.707 -3.527 0.545 24
-13.640 -3.541 0.530 32
-13.696 -3.554 0.578 140
-13.661 -3.562 0.572 28
-13.714 -3.545 0.575 135
-13.688 -3.541 0.556 26
-13.637 -3.554 0.547 33
-13.660 -3.543 0.544 31
-13.653 -3.551 0.551 26
-13.712 -3.535 0.560 133
-13.723 -3.530 0.559 138
-13.626 -3.554 0.542 33
-13.461 -3.580 0.679 38
-13.482 -3.595 0.658 27
-13.513 -3.578 0.717 68
-13.462 -3.594 0.649 73
-13.464 -3.580 0.680 31
-13.502 -3.584 0.696 38
-13.464 -3.579 0.683 31
-13.454 -3.590 0.652 80
-13.422 -3.579 0.655 62
-13.468 -3.606 0.624 47
-13.475 -3.585 0.677 50
-13.469 -3.599 0.641 51
-13.422 -3.624 0.555 63
-13.470 -3.580 0.685 62
-13.450 -3.576 0.680 57
-13.439 -3.616 0.585 62
-13.478 -3.596 0.652 46
-13.422 -3.623 0.557 56
-13.437 -3.576 0.672 111
-13.478 -3.599 0.646 38
-13.473 -3.603 0.634 53
-13.469 -3.594 0.653 61
-13.439 -3.616 0.584 62
-13.443 -3.577 0.674 77
-13.504 -3.580 0.707 55
-13.463 -3.593 0.650 69
-13.451 -3.607 0.611 69
-13.434 -3.607 0.600 72
-13.436 -3.583 0.657 89
-13.501 -3.574 0.717 70
-13.485 -3.588 0.675 40
-13.466 -3.573 0.698 81
-13.504 -3.584 0.697 35
-13.436 -3.593 0.634 96
-13.441 -3.607 0.606 71
-13.426 -3.599 0.614 84
-13.473 -3.579 0.689 93
-13.483 -3.580 0.693 61
-13.478 -3.586 0.675 58
-13.478 -3.586 0.676 54
-13.443 -3.611 0.599 67
-13.440 -3.595 0.631 78
-13.460 -3.594 0.646 81
-13.465 -3.598 0.642 61
-13.445 -3.575 0.680 82
-13.422 -3.585 0.644 95
-13.424 -3.608 0.592 61
-13.427 -3.578 0.661 116
-13.421 -3.610 0.585 61
-13.453 -3.598 0.633 86
-13.431 -3.595 0.626 89
-13.468 -3.580 0.684 62
-13.502 -3.581 0.702 49
-13.468 -3.603 0.631 50
-13.426 -3.584 0.648 98
-13.429 -3.601 0.611 76
-13.431 -3.624 0.562 62
-13.467 -3.576 0.692 71
-13.500 -3.589 0.683 29
-13.435 -3.578 0.667 80
-13.487 -3.593 0.666 35
-13.480 -3.597 0.654 46
-13.497 -3.577 0.708 61
-13.490 -3.581 0.694 47
-13.469 -3.580 0.684 62
-13.466 -3.591 0.658 66
-13.477 -3.577 0.697 61
-13.442 -3.596 0.630 78
-13.477 -3.593 0.661 46
-13.461 -3.609 0.613 42
-13.434 -3.582 0.656 89
-13.448 -3.596 0.636 89
-13.421 -3.607 0.593 58
-13.422 -3.604 0.600 58
-13.478 -3.574 0.702 72
-13.454 -3.577 0.682 76
-13.476 -3.580 0.689 74
-13.446 -3.608 0.606 68
-13.463 -3.584 0.670 61
-13.441 -3.591 0.641 83
-13.447 -3.610 0.603 68
-13.445 -3.589 0.648 76
-13.596 -3.576 0.726 92
-13.659 -3.579 0.705 85
-13.676 -3.590 0.644 180
-13.625 -3.587 0.662 193
-13.669 -3.591 0.640 185
-13.547 -3.576 0.726 109
-13.570 -3.579 0.710 75
-13.751 -3.583 0.680 182
-13.657 -3.587 0.664 192
-13.549 -3.577 0.719 91
-13.797 -3.582 0.685 177
-13.715 -3.588 0.654 182
-13.741 -3.580 0.700 163
-13.731 -3.582 0.687 185
-13.702 -3.588 0.657 186
-13.715 -3.588 0.655 182
-13.648 -3.577 0.714 89
-13.645 -3.588 0.654 192
-13.737 -3.577 0.716 78
-13.707 -3.578 0.711 71
-13.668 -3.584 0.681 189
-13.696 -3.581 0.694 184
-13.753 -3.579 0.701 125
-13.696 -3.580 0.698 166
-13.647 -3.578 0.709 86
-13.808 -3.577 0.714 73
-13.845 -3.578 0.706 69
-13.841 -3.578 0.707 69
-13.579 -3.577 0.720 73
-13.629 -3.583 0.684 190
-13.640 -3.583 0.687 186
-13.704 -3.582 0.688 185
-13.571 -3.575 0.728 78
-13.633 -3.589 0.650 137
-13.674 -3.579 0.707 72
-13.832 -3.579 0.703 101
-13.667 -3.580 0.699 86
-13.827 -3.580 0.698 163
-13.641 -3.584 0.677 192
-13.653 -3.583 0.685 189
-13.818 -3.580 0.696 169
-13.619 -3.582 0.693 189
-13.832 -3.578 0.707 72
-13.660 -3.578 0.714 90
-13.650 -3.585 0.670 193
-13.617 -3.581 0.697 79
-13.612 -3.577 0.716 68
-13.753 -3.585 0.672 181
-13.650 -3.586 0.669 193
-13.732 -3.578 0.708 96
-13.666 -3.576 0.724 81
-13.761 -3.579 0.703 141
-13.742 -3.577 0.713 78
-13.764 -3.577 0.714 90
-13.595 -3.580 0.704 80
-13.633 -3.584 0.682 191
-13.718 -3.587 0.660 185
-13.685 -3.588 0.654 188
-13.827 -3.579 0.702 136
-13.820 -3.579 0.699 156
-13.627 -3.579 0.706 77
-13.648 -3.580 0.700 79
-13.586 -3.580 0.704 74
-13.621 -3.582 0.690 190
-13.741 -3.579 0.705 104
-13.654 -3.587 0.659 190
-13.647 -3.592 0.637 133
-13.643 -3.579 0.707 88
-13.666 -3.588 0.655 195
-13.577 -3.575 0.727 77
-13.708 -3.586 0.666 187
-13.638 -3.584 0.677 190
-13.733 -3.582 0.686 184
-13.755 -3.580 0.695 181
-13.770 -3.581 0.693 181
-13.633 -3.577 0.715 94
-13.773 -3.580 0.696 175
-13.788 -3.582 0.688 178
-13.671 -3.582 0.691 188
-13.744 -3.585 0.670 182
-13.690 -3.585 0.672 187
-13.624 -3.587 0.660 168
-13.653 -3.584 0.678 194
-13.682 -3.586 0.667 188
-13.617 -3.587 0.664 190
-13.591 -3.575 0.727 96
-13.682 -3.588 0.657 190
-13.751 -3.577 0.714 79
-13.604 -3.580 0.701 76
-13.740 -3.585 0.673 183
-13.588 -3.582 0.693 176
-13.684 -3.586 0.666 188
-13.689 -3.588 0.654 188
-13.776 -3.583 0.680 178
-13.771 -3.582 0.687 180
-13.734 -3.581 0.693 180
-13.581 -3.576 0.724 81
-13.663 -3.587 0.664 195
-13.756 -3.582 0.686 183
-13.770 -3.581 0.694 172
-13.765 -3.577 0.713 90
-13.703 -3.581 0.695 177
-13.673 -3.579 0.704 65
-13.780 -3.579 0.702 116
-13.695 -3.584 0.679 187
-13.557 -3.575 0.729 86
-13.784 -3.581 0.691 178
-13.572 -3.579 0.706 67
-13.757 -3.577 0.712 77
-13.643 -3.580 0.702 83
-13.706 -3.584 0.676 187
-13.591 -3.576 0.724 87
-13.743 -3.579 0.704 103
-13.639 -3.588 0.654 193
-13.542 -3.576 0.727 112
-13.768 -3.581 0.693 181
-13.704 -3.587 0.661 187
-13.587 -3.582 0.690 192
-13.639 -3.586 0.665 195
-13.748 -3.583 0.682 183
-13.839 -3.577 0.713 50
-13.778 -3.583 0.682 178
-13.663 -3.591 0.639 191
-13.648 -3.582 0.690 186
-13.640 -3.586 0.666 197
-13.768 -3.578 0.707 92
-13.651 -3.591 0.640 139
-13.841 -3.578 0.704 103
-13.695 -3.582 0.687 182
-13.815 -3.577 0.713 76
-13.705 -3.580 0.699 177
-13.708 -3.579 0.705 93
-13.640 -3.582 0.690 194
-13.627 -3.577 0.718 94
-13.783 -3.577 0.716 85
-13.705 -3.578 0.711 70
-13.716 -3.582 0.688 185
-13.672 -3.582 0.687 185
-13.770 -3.577 0.715 93
-13.694 -3.576 0.721 92
-13.733 -3.581 0.691 186
-13.560 -3.578 0.714 78
-13.588 -3.581 0.697 118
-13.595 -3.577 0.717 90
-13.675 -3.589 0.651 188
-13.805 -3.579 0.701 132
-13.679 -3.587 0.663 189
-13.555 -3.578 0.714 94
-13.573 -3.577 0.719 83
-13.655 -3.588 0.658 191
-13.674 -3.587 0.660 192
-13.675 -3.579 0.706 72
-13.767 -3.579 0.705 115
-13.680 -3.578 0.710 83
-13.580 -3.580 0.705 68
-13.621 -3.576 0.724 68
-13.720 -3.587 0.661 184
-13.789 -3.579 0.701 155
-13.644 -3.587 0.663 194
-13.658 -3.576 0.722 94
-13.750 -3.577 0.712 83
-13.608 -3.577 0.718 83
-13.830 -3.578 0.707 77
-13.621 -3.586 0.670 187
-13.629 -3.589 0.650 126
-13.674 -3.589 0.651 188
-13.670 -3.585 0.675 191
-13.417 -3.532 0.664 79
-13.419 -3.553 0.698 96
-13.418 -3.567 0.636 80
-13.420 -3.615 0.563 80
-13.420 -3.582 0.639 92
-13.418 -3.531 0.730 74
-13.420 -3.610 0.582 59
-13.420 -3.621 0.559 72
-13.419 -3.580 0.631 54
-13.415 -3.550 0.576 73
-13.418 -3.555 0.659 71
-13.419 -3.559 0.680 97
-13.419 -3.525 0.774 79
-13.419 -3.551 0.706 97
-13.416 -3.539 0.643 85
-13.417 -3.556 0.620 28
-13.415 -3.541 0.596 93
-13.418 -3.552 0.653 56
-13.418 -3.535 0.695 86
-13.418 -3.572 0.612 41
-13.419 -3.548 0.710 94
-13.415 -3.551 0.550 50
-13.419 -3.605 0.557 70
-13.417 -3.527 0.703 82
-13.417 -3.567 0.602 46
-13.418 -3.577 0.589 53
-13.418 -3.535 0.713 81
-13.417 -3.557 0.611 31
-13.419 -3.542 0.737 67
-13.418 -3.592 0.547 49
-13.419 -3.548 0.718 93
-13.418 -3.525 0.748 79
-13.416 -3.556 0.578 51
-13.420 -3.565 0.680 121
-13.419 -3.536 0.743 60
-13.419 -3.608 0.539 76
-13.419 -3.520 0.773 86
-13.418 -3.568 0.615 37
-13.417 -3.562 0.587 40
-13.419 -3.545 0.701 81
-13.417 -3.548 0.651 52
-13.418 -3.553 0.652 70
-13.419 -3.538 0.734 66
-13.420 -3.621 0.538 70
-13.417 -3.582 0.548 40
-13.418 -3.562 0.616 29
-13.418 -3.567 0.635 80
-13.416 -3.558 0.584 49
-13.419 -3.564 0.681 112
-13.419 -3.531 0.746 64
-13.419 -3.597 0.589 62
-13.417 -3.544 0.651 57
-13.419 -3.611 0.549 69
-13.419 -3.560 0.690 102
-13.419 -3.605 0.550 69
-13.419 -3.584 0.606 51
-13.418 -3.522 0.729 80
-13.419 -3.565 0.663 98
-13.419 -3.586 0.596 49
-13.418 -3.563 0.620 23
-13.418 -3.570 0.611 41
-13.419 -3.564 0.680 112
-13.418 -3.533 0.707 69
-13.416 -3.551 0.594 37
-13.419 -3.554 0.705 101
-13.419 -3.534 0.744 60
-13.419 -3.536 0.722 74
-13.418 -3.541 0.691 92
-13.418 -3.539 0.687 82
-13.418 -3.550 0.650 48
-13.419 -3.565 0.658 89
-13.417 -3.570 0.593 50
-13.416 -3.551 0.579 53
-13.417 -3.533 0.661 87
-13.418 -3.591 0.569 57
-13.419 -3.589 0.593 53
-13.417 -3.573 0.569 61
-13.415 -3.545 0.567 64
-13.419 -3.589 0.601 54
-13.420 -3.620 0.551 68
-13.417 -3.561 0.606 40
-13.419 -3.560 0.683 95
-13.419 -3.605 0.571 60
-13.415 -3.538 0.584 115
-13.418 -3.565 0.643 53
-13.420 -3.590 0.629 105
-13.418 -3.521 0.748 81
-13.416 -3.535 0.653 79
-13.419 -3.544 0.714 94
-13.418 -3.540 0.677 96
-13.418 -3.564 0.643 53
-13.419 -3.592 0.603 52
-13.417 -3.543 0.642 68
-13.416 -3.572 0.553 21
-13.417 -3.578 0.567 59
-13.417 -3.538 0.674 91
-13.417 -3.576 0.574 50
-13.417 -3.536 0.656 83
-13.417 -3.528 0.688 84
-13.419 -3.512 0.802 166
-13.420 -3.616 0.558 57
-13.419 -3.538 0.719 72
-13.418 -3.590 0.553 32
-13.417 -3.567 0.582 45
-13.419 -3.556 0.670 66
-13.418 -3.577 0.606 48
-13.419 -3.569 0.659 88
-13.418 -3.551 0.666 48
-13.414 -3.544 0.557 89
-13.418 -3.555 0.636 40
-13.417 -3.528 0.677 81
-13.419 -3.553 0.695 91
-13.415 -3.547 0.581 66
-13.418 -3.565 0.611 43
-13.415 -3.551 0.549 36
-13.419 -3.601 0.564 84
-13.419 -3.515 0.793 141
-13.470 -3.804 0.385 5
-13.481 -3.660 0.421 37
-13.475 -3.767 0.399 28
-13.472 -3.793 0.390 23
-13.469 -3.734 0.389 37
-13.483 -3.693 0.422 55
-13.490 -3.620 0.441 48
-13.469 -3.709 0.392 32
-13.465 -3.854 0.371 57
-13.473 -3.750 0.396 15
-13.465 -3.742 0.380 40
-13.466 -3.709 0.387 15
-13.482 -3.712 0.418 52
-13.478 -3.719 0.408 52
-13.486 -3.625 0.432 44
-13.475 -3.645 0.408 48
-13.469 -3.626 0.398 38
-13.473 -3.633 0.407 46
-13.464 -3.733 0.380 39
-13.476 -3.757 0.401 28
-13.461 -3.694 0.376 56
-13.481 -3.646 0.421 43
-13.473 -3.653 0.405 28
-13.466 -3.670 0.389 36
-13.473 -3.717 0.399 41
-13.469 -3.794 0.385 19
-13.480 -3.697 0.415 25
-13.468 -3.631 0.397 26
-13.490 -3.625 0.442 50
-13.475 -3.614 0.411 44
-13.465 -3.734 0.382 39
-13.466 -3.778 0.380 30
-13.475 -3.705 0.404 25
-13.467 -3.753 0.383 12
-13.466 -3.659 0.391 34
-13.465 -3.798 0.375 8
-13.476 -3.714 0.404 42
-13.487 -3.673 0.430 53
-13.462 -3.734 0.375 42
-13.484 -3.634 0.428 44
-13.462 -3.755 0.373 34
-13.486 -3.669 0.429 51
-13.484 -3.662 0.425 54
-13.469 -3.737 0.389 31
-13.459 -3.626 0.380 35
-13.466 -3.841 0.374 14
-13.469 -3.751 0.388 21
-13.462 -3.645 0.383 21
-13.475 -3.682 0.407 38
-13.461 -3.724 0.374 20
-13.463 -3.653 0.385 19
-13.462 -3.725 0.377 23
-13.470 -3.637 0.400 43
-13.463 -3.741 0.378 58
-13.475 -3.710 0.405 34
-13.470 -3.630 0.401 39
-13.484 -3.693 0.424 58
-13.467 -3.766 0.384 13
-13.463 -3.651 0.385 30
-13.462 -3.775 0.371 34
-13.478 -3.631 0.417 47
-13.462 -3.677 0.381 28
-13.476 -3.725 0.404 26
-13.465 -3.664 0.388 41
-13.470 -3.731 0.392 38
-13.480 -3.692 0.416 44
-13.479 -3.612 0.420 51
-13.472 -3.785 0.390 24
-13.463 -3.785 0.374 23
-13.464 -3.696 0.384 11
-13.474 -3.663 0.406 54
-13.468 -3.653 0.396 24
-13.482 -3.635 0.423 48
-13.471 -3.728 0.395 32
-13.460 -3.672 0.377 68
-13.489 -3.649 0.437 47
-13.473 -3.766 0.394 43
-13.475 -3.777 0.397 19
-13.482 -3.660 0.423 54
-13.473 -3.624 0.407 46
-13.465 -3.744 0.381 29
-13.482 -3.609 0.426 65
-13.480 -3.710 0.414 50
-13.479 -3.658 0.416 28
-13.477 -3.710 0.407 30
-13.486 -3.653 0.430 47
-13.471 -3.651 0.400 38
-13.476 -3.622 0.413 49
-13.466 -3.757 0.381 34
-13.467 -3.726 0.387 20
-13.475 -3.779 0.397 25
-13.461 -3.755 0.372 34
-13.473 -3.667 0.403 49
-13.471 -3.673 0.399 14
-13.468 -3.737 0.387 13
-13.468 -3.783 0.383 16
-13.475 -3.737 0.402 26
-13.481 -3.645 0.422 43
-13.477 -3.737 0.405 53
-13.468 -3.754 0.386 9
-13.477 -3.702 0.409 33
-13.485 -3.682 0.426 64
-13.474 -3.625 0.408 53
-13.472 -3.717 0.398 41
-13.489 -3.666 0.435 47
-13.471 -3.790 0.388 23
-13.481 -3.664 0.420 32
-13.462 -3.801 0.370 57
-13.461 -3.641 0.383 11
-13.486 -3.634 0.432 47
-13.492 -3.631 0.444 47
-13.466 -3.736 0.382 10
-13.692 -3.578 0.670 194
-13.699 -3.578 0.672 188
-13.820 -3.575 0.705 80
-13.754 -3.581 0.677 181
-13.759 -3.573 0.695 163
-13.734 -3.585 0.665 184
-13.664 -3.588 0.641 189
-13.681 -3.577 0.670 192
-13.668 -3.576 0.669 191
-13.741 -3.575 0.688 180
-13.660 -3.584 0.649 192
-13.696 -3.572 0.684 190
-13.697 -3.573 0.682 188
-13.719 -3.576 0.681 193
-13.831 -3.579 0.699 154
-13.819 -3.575 0.705 80
-13.775 -3.580 0.683 183
-13.792 -3.581 0.686 181
-13.741 -3.579 0.678 188
-13.762 -3.574 0.694 167
-13.654 -3.574 0.670 193
-13.620 -3.570 0.671 191
-13.837 -3.579 0.700 151
-13.694 -3.583 0.658 188
-13.638 -3.583 0.646 132
-13.669 -3.573 0.676 194
-13.633 -3.574 0.664 193
-13.696 -3.577 0.674 190
-13.657 -3.577 0.663 196
-13.663 -3.572 0.676 193
-13.796 -3.575 0.700 141
-13.826 -3.577 0.703 89
-13.735 -3.575 0.686 191
-13.814 -3.575 0.703 102
-13.692 -3.580 0.666 188
-13.754 -3.581 0.678 182
-13.691 -3.584 0.657 188
-13.744 -3.577 0.684 183
-13.634 -3.569 0.676 194
-13.728 -3.583 0.667 185
-13.627 -3.572 0.668 187
-13.636 -3.574 0.666 189
-13.724 -3.578 0.677 192
-13.620 -3.568 0.674 193
-13.773 -3.581 0.682 183
-13.841 -3.577 0.705 63
-13.759 -3.579 0.684 183
-13.680 -3.584 0.655 191
-13.674 -3.576 0.671 192
-13.729 -3.581 0.673 184
-13.788 -3.579 0.690 177
-13.680 -3.581 0.660 191
-13.659 -3.575 0.669 191
-13.703 -3.587 0.653 186
-13.672 -3.577 0.667 190
-13.675 -3.588 0.644 189
-13.740 -3.576 0.684 191
-13.663 -3.570 0.681 185
-13.727 -3.573 0.690 188
-13.640 -3.579 0.656 189
-13.716 -3.588 0.654 184
-13.813 -3.575 0.704 78
-13.774 -3.578 0.689 178
-13.681 -3.590 0.641 185
-13.621 -3.572 0.666 192
-13.834 -3.576 0.706 77
-13.690 -3.576 0.673 186
-13.679 -3.573 0.679 194
-13.754 -3.584 0.672 180
-13.702 -3.574 0.680 191
-13.657 -3.577 0.665 196
-13.800 -3.578 0.695 171
-13.713 -3.573 0.685 177
-13.644 -3.580 0.654 192
-13.645 -3.580 0.655 194
-13.557 -4.048 0.416 52
-13.628 -4.055 0.435 31
-13.584 -4.051 0.423 36
-13.552 -4.048 0.417 49
-13.677 -4.059 0.450 3
-13.619 -4.054 0.432 30
-13.612 -4.054 0.434 20
-13.544 -4.047 0.415 63
-13.588 -4.052 0.428 17
-13.777 -3.539 0.554 52
-13.762 -3.503 0.577 41
-13.786 -3.501 0.582 58
-13.761 -3.540 0.551 57
-13.767 -3.476 0.596 69
-13.835 -3.555 0.551 38
-13.774 -3.547 0.548 45
-13.814 -3.555 0.547 29
-13.800 -3.521 0.569 60
-13.788 -3.539 0.555 55
-13.753 -3.474 0.596 62
-13.790 -3.517 0.571 52
-13.782 -3.541 0.552 50
-13.784 -3.510 0.574 42
-13.788 -3.524 0.566 71
-13.793 -3.526 0.565 73
-13.784 -3.551 0.546 40
-13.789 -3.507 0.577 60
-13.755 -3.480 0.592 73
-13.755 -3.508 0.572 41
-13.777 -3.490 0.588 45
-13.799 -3.523 0.568 65
-13.760 -3.537 0.552 58
-13.778 -3.504 0.578 48
-13.813 -3.544 0.555 42
-13.783 -3.523 0.565 58
-13.827 -3.547 0.555 43
-13.825 -3.540 0.560 47
-13.777 -3.499 0.582 49
-13.767 -3.490 0.586 51
-13.775 -3.540 0.553 52
-13.818 -3.549 0.552 45
-13.833 -3.551 0.553 46
-13.754 -3.530 0.557 60
-13.795 -3.530 0.563 66
-13.774 -3.488 0.589 54
-13.788 -3.532 0.560 57
-13.811 -3.550 0.551 43
-13.787 -3.545 0.551 48
-13.757 -3.524 0.561 48
-13.801 -3.514 0.575 65
-13.819 -3.540 0.559 49
-13.762 -3.498 0.580 51
-13.754 -3.521 0.562 48
-13.771 -3.495 0.583 52
-13.778 -3.513 0.572 50
-13.810 -3.551 0.550 45
-13.808 -3.550 0.550 45
-13.761 -3.511 0.571 44
-13.783 -3.501 0.581 58
-13.835 -3.549 0.554 46
-13.829 -3.550 0.553 42
-13.799 -3.546 0.552 39
-13.781 -3.535 0.557 58
-13.765 -3.544 0.548 49
-13.782 -3.518 0.569 54
-13.822 -3.507 0.606 64
-13.770 -3.473 0.606 71
-13.814 -3.479 0.646 85
-13.776 -3.473 0.612 72
-13.807 -3.487 0.624 100
-13.803 -3.500 0.597 67
-13.803 -3.482 0.629 91
-13.794 -3.465 0.647 64
-13.853 -3.560 0.551 30
-13.771 -3.467 0.617 76
-13.773 -3.479 0.598 72
-13.779 -3.475 0.611 68
-13.836 -3.530 0.583 43
-13.816 -3.486 0.637 96
-13.808 -3.470 0.655 64
-13.843 -3.550 0.556 37
-13.822 -3.529 0.568 56
-13.821 -3.526 0.572 71
-13.823 -3.515 0.594 64
-13.790 -3.490 0.600 62
-13.840 -3.530 0.588 33
-13.792 -3.498 0.586 47
-13.774 -3.464 0.626 76
-13.779 -3.484 0.596 68
-13.828 -3.508 0.613 67
-13.782 -3.476 0.614 70
-13.824 -3.507 0.610 62
-13.790 -3.480 0.616 82
-13.793 -3.482 0.618 86
-13.808 -3.488 0.624 97
-13.816 -3.489 0.632 98
-13.784 -3.474 0.619 75
-13.822 -3.499 0.620 71
-13.773 -3.467 0.618 74
-13.800 -3.494 0.605 66
-13.798 -3.471 0.642 67
-13.829 -3.516 0.599 66
-13.834 -3.535 0.572 48
-13.829 -3.524 0.586 39
-13.811 -3.478 0.644 79
-13.831 -3.529 0.579 50
-13.814 -3.507 0.598 66
-13.834 -3.530 0.581 47
-13.774 -3.469 0.617 74
-13.779 -3.478 0.607 67
-13.806 -3.504 0.593 70
-13.813 -3.476 0.650 74
-13.807 -3.501 0.600 65
-13.760 -3.466 0.605 70
-13.810 -3.472 0.653 67
-13.814 -3.514 0.586 36
-13.821 -3.500 0.618 66
-13.808 -3.478 0.641 80
-13.807 -3.470 0.655 64
-13.829 -3.525 0.583 44
-13.819 -3.517 0.586 31
-13.818 -3.495 0.623 84
-13.778 -3.470 0.620 76
-13.795 -3.498 0.590 52
-13.819 -3.495 0.624 84
-13.804 -3.512 0.577 53
-13.787 -3.490 0.596 59
-13.818 -3.515 0.587 43
-13.791 -3.477 0.624 80
-13.791 -3.467 0.641 70
-13.834 -3.515 0.623 77
-13.844 -3.531 0.687 52
-13.859 -3.560 0.663 110
-13.868 -3.573 0.711 107
-13.837 -3.518 0.678 53
-13.834 -3.516 0.610 69
-13.855 -3.554 0.631 17
-13.844 -3.532 0.661 42
-13.851 -3.546 0.641 38
-13.856 -3.559 0.580 37
-13.858 -3.559 0.637 22
-13.840 -3.526 0.630 53
-13.852 -3.550 0.624 39
-13.838 -3.521 0.659 65
-13.846 -3.537 0.628 44
-13.838 -3.521 0.649 60
-13.836 -3.517 0.648 74
-13.846 -3.540 0.587 41
-13.869 -3.575 0.707 107
-13.856 -3.560 0.560 17
-13.855 -3.558 0.573 14
-13.837 -3.519 0.667 62
-13.820 -3.488 0.648 96
-13.862 -3.563 0.698 115
-13.869 -3.576 0.713 104
-13.838 -3.521 0.671 57
-13.865 -3.571 0.679 106
-13.837 -3.520 0.636 69
-13.846 -3.538 0.642 39
-13.862 -3.566 0.672 145
-13.857 -3.554 0.700 128
-13.846 -3.536 0.655 42
-13.856 -3.558 0.592 79
-13.820 -3.489 0.638 93
-13.862 -3.564 0.689 106
-13.852 -3.547 0.654 54
-13.849 -3.543 0.625 41
-13.818 -3.484 0.655 99
-13.858 -3.562 0.591 89
-13.832 -3.510 0.667 80
-13.858 -3.560 0.626 24
-13.850 -3.548 0.577 31
-13.855 -3.556 0.604 52
-13.845 -3.538 0.601 73
-13.864 -3.572 0.636 67
-13.855 -3.550 0.700 118
-13.859 -3.566 0.547 41
-13.864 -3.570 0.644 37
-13.850 -3.541 0.692 70
-13.861 -3.562 0.697 115
-13.857 -3.556 0.685 107
-13.853 -3.548 0.680 67
-13.846 -3.535 0.671 37
-13.843 -3.534 0.595 67
-13.841 -3.528 0.630 48
-13.861 -3.562 0.705 115
-13.850 -3.546 0.617 46
-13.853 -3.549 0.672 51
-13.841 -3.530 0.609 57
-13.825 -3.499 0.636 78
-13.846 -3.540 0.594 76
-13.829 -3.504 0.654 87
-13.864 -3.570 0.631 94
-13.836 -3.516 0.679 58
-13.851 -3.545 0.670 54
-13.853 -3.548 0.663 46
-13.851 -3.543 0.685 58
-13.854 -3.555 0.588 63
-13.841 -3.528 0.642 51
-13.847 -3.541 0.608 56
-13.855 -3.550 0.693 115
-13.819 -3.485 0.654 106
-13.852 -3.548 0.634 23
-13.837 -3.519 0.670 57
-13.834 -3.515 0.617 73
-13.836 -3.520 0.601 67
-13.852 -3.546 0.687 71
-13.849 -3.541 0.661 35
-13.827 -3.500 0.657 87
-13.853 -3.549 0.654 59
-13.844 -3.532 0.660 42
-13.855 -3.559 0.556 25
-13.840 -3.525 0.660 53
-13.862 -3.568 0.634 73
-13.853 -3.551 0.618 35
-13.855 -3.556 0.603 52
-13.850 -3.548 0.575 29
-13.836 -3.517 0.659 68
-13.814 -3.477 0.652 82
-13.849 -3.539 0.692 59
-13.838 -3.521 0.636 64
-13.838 -3.520 0.668 57
-13.856 -3.560 0.570 13
-13.816 -3.479 0.665 87
-13.828 -3.504 0.631 71
-13.822 -3.491 0.658 96
-13.854 -3.549 0.687 88
-13.861 -3.565 0.653 67
-13.861 -3.567 0.602 66
-13.841 -3.531 0.602 70
-13.849 -3.546 0.586 46
-13.836 -3.517 0.659 68
-13.858 -3.557 0.692 132
