-13.378 -2.438 1.820 159
-13.371 -2.438 1.812 176
-13.714 -2.444 1.814 159
-13.558 -2.442 1.791 183
-13.585 -2.442 1.803 186
-13.622 -2.443 1.786 185
-13.372 -2.438 1.796 172
-13.646 -2.443 1.791 186
-13.624 -2.443 1.798 205
-13.385 -2.438 1.806 102
-13.495 -2.440 1.805 198
-13.739 -2.445 1.798 197
-13.726 -2.444 1.816 164
-13.396 -2.438 1.800 165
-13.636 -2.443 1.807 153
-13.554 -2.441 1.799 185
-13.772 -2.445 1.802 178
-13.476 -2.440 1.814 144
-13.536 -2.442 1.787 188
-13.426 -2.440 1.783 181
-13.624 -2.442 1.811 156
-13.527 -2.441 1.787 188
-13.468 -2.440 1.788 176
-13.767 -2.445 1.809 149
-13.658 -2.444 1.788 187
-13.680 -2.443 1.812 151
-13.390 -2.439 1.795 131
-13.385 -2.438 1.804 102
-13.675 -2.444 1.804 167
-13.448 -2.439 1.807 195
-13.386 -2.438 1.806 102
-13.711 -2.444 1.796 204
-13.560 -2.442 1.793 183
-13.450 -2.439 1.805 200
-13.417 -2.439 1.782 192
-13.744 -2.445 1.808 147
-13.472 -2.440 1.796 177
-13.389 -2.438 1.808 131
-13.523 -2.441 1.784 188
-13.525 -2.441 1.794 184
-13.420 -2.439 1.789 185
-13.391 -2.439 1.788 137
-13.606 -2.443 1.786 191
-13.431 -2.440 1.785 183
-13.778 -2.446 1.802 177
-13.609 -2.443 1.788 192
-13.657 -2.443 1.811 157
-13.479 -2.440 1.811 155
-13.382 -2.439 1.783 111
-13.714 -2.444 1.821 149
-13.625 -2.442 1.821 177
-13.682 -2.444 1.788 188
-13.594 -2.442 1.799 189
-13.543 -2.441 1.804 194
-13.589 -2.441 1.817 132
-13.727 -2.444 1.809 161
-13.510 -2.440 1.819 158
-13.750 -2.445 1.805 157
-13.560 -2.442 1.786 184
-13.496 -2.441 1.792 184
-13.714 -2.445 1.791 192
-13.559 -2.441 1.802 188
-13.545 -2.441 1.799 187
-13.710 -2.444 1.808 143
-13.389 -2.438 1.817 129
-13.447 -2.439 1.814 132
-13.696 -2.444 1.792 196
-13.714 -2.445 1.788 192
-13.657 -2.444 1.794 193
-13.550 -2.441 1.809 201
-13.710 -2.444 1.812 156
-13.638 -2.443 1.801 185
-13.726 -2.444 1.804 165
-13.655 -2.444 1.787 185
-13.785 -2.445 1.822 165
-13.630 -2.443 1.790 189
-13.605 -2.442 1.807 150
-13.742 -2.445 1.792 195
-13.497 -2.441 1.786 184
-13.692 -2.443 1.820 157
-13.409 -2.439 1.790 160
-13.573 -2.442 1.801 187
-13.773 -2.446 1.791 190
-13.684 -2.444 1.799 199
-13.549 -2.441 1.815 137
-13.773 -2.445 1.804 164
-13.761 -2.445 1.800 199
-13.638 -2.443 1.799 202
-13.483 -2.439 1.820 155
-13.488 -2.440 1.804 195
-13.505 -2.441 1.785 184
-13.708 -2.444 1.819 154
-13.678 -2.443 1.821 159
-13.778 -2.446 1.794 206
-13.694 -2.444 1.794 201
-13.538 -2.441 1.798 186
-13.589 -2.442 1.812 187
-13.538 -2.441 1.815 147
-13.469 -2.439 1.810 174
-13.543 -2.442 1.785 188
-13.457 -2.440 1.786 182
-13.581 -2.442 1.789 185
-13.669 -2.443 1.822 168
-13.471 -2.440 1.794 177
-13.701 -2.444 1.811 157
-13.600 -2.442 1.812 173
-13.592 -2.443 1.788 183
-13.790 -2.445 1.821 152
-13.411 -2.439 1.787 175
-13.547 -2.442 1.789 186
-13.572 -2.442 1.791 182
-13.431 -2.439 1.798 183
-13.480 -2.440 1.806 207
-13.760 -2.445 1.805 157
-13.704 -2.444 1.809 144
-13.602 -2.442 1.818 150
-13.435 -2.440 1.788 184
-13.419 -2.438 1.821 163
-13.543 -2.442 1.785 187
-13.482 -2.439 1.822 161
-13.651 -2.443 1.818 160
-13.624 -2.442 1.817 159
-13.613 -2.442 1.801 175
-13.753 -2.445 1.805 156
-13.777 -2.445 1.809 156
-13.673 -2.444 1.791 191
-13.419 -2.439 1.809 158
-13.712 -2.444 1.798 202
-13.567 -2.441 1.817 145
-13.680 -2.444 1.794 194
-13.429 -2.440 1.781 181
-13.699 -2.444 1.816 162
-13.567 -2.441 1.808 199
-13.564 -2.441 1.809 204
-13.465 -2.440 1.786 178
-13.782 -2.446 1.804 164
-13.528 -2.441 1.793 187
-13.646 -2.443 1.811 158
-13.652 -2.443 1.818 160
-13.710 -2.444 1.807 143
-13.615 -2.443 1.793 198
-13.411 -2.438 1.809 164
-13.521 -2.440 1.817 126
-13.607 -2.442 1.819 155
-13.656 -2.444 1.793 193
-13.629 -2.443 1.800 204
-13.618 -2.442 1.806 169
-13.375 -2.438 1.794 171
-13.786 -2.445 1.820 155
-13.479 -2.441 1.785 180
-13.479 -2.439 1.820 154
-13.700 -2.443 1.819 157
-13.758 -2.446 1.790 191
-13.590 -2.442 1.795 184
-13.505 -2.441 1.796 184
-13.767 -2.446 1.790 190
-13.472 -2.440 1.793 175
-13.450 -2.439 1.809 198
-13.629 -2.443 1.792 195
-13.422 -2.439 1.794 180
-13.695 -2.444 1.806 165
-13.508 -2.441 1.788 184
-13.715 -2.445 1.793 199
-13.394 -2.439 1.789 167
-13.571 -2.442 1.785 183
-13.576 -2.442 1.788 189
-13.422 -2.439 1.790 184
-13.589 -2.442 1.812 187
-13.439 -2.439 1.814 127
-13.481 -2.441 1.283 156
-13.407 -2.442 1.312 188
-13.583 -2.440 1.289 156
-13.463 -2.441 1.290 157
-13.395 -2.442 1.282 154
-13.658 -2.439 1.281 189
-13.475 -2.441 1.307 189
-13.559 -2.440 1.282 171
-13.386 -2.442 1.337 124
-13.383 -2.442 1.316 145
-13.440 -2.441 1.282 163
-13.421 -2.442 1.300 154
-13.542 -2.440 1.288 153
-13.595 -2.440 1.281 167
-13.386 -2.442 1.318 132
-13.441 -2.442 1.311 191
-13.658 -2.439 1.294 164
-13.469 -2.441 1.299 168
-13.492 -2.441 1.283 163
-13.472 -2.441 1.291 174
-13.650 -2.439 1.285 159
-13.408 -2.442 1.335 175
-13.513 -2.441 1.281 178
-13.414 -2.442 1.298 163
-13.535 -2.441 1.307 189
-13.593 -2.440 1.292 167
-13.478 -2.441 1.317 182
-13.489 -2.441 1.320 184
-13.406 -2.442 1.333 175
-13.499 -2.441 1.305 165
-13.568 -2.440 1.291 167
-13.399 -2.442 1.321 166
-13.382 -2.442 1.320 158
-13.446 -2.442 1.326 179
-13.559 -2.440 1.285 145
-13.588 -2.440 1.288 156
-13.477 -2.441 1.303 174
-13.626 -2.440 1.291 166
-13.496 -2.441 1.292 172
-13.675 -2.439 1.280 158
-13.657 -2.439 1.285 162
-13.419 -2.442 1.300 154
-13.579 -2.440 1.293 166
-13.420 -2.442 1.317 184
-13.378 -2.442 1.296 173
-13.450 -2.442 1.329 180
-13.665 -2.439 1.284 158
-13.470 -2.441 1.308 200
-13.444 -2.441 1.281 179
-13.389 -2.442 1.284 127
-13.421 -2.442 1.331 179
-13.642 -2.440 1.296 165
-13.458 -2.442 1.321 181
-13.559 -2.440 1.279 185
-13.445 -2.442 1.320 183
-13.436 -2.441 1.285 144
-13.442 -2.441 1.303 170
-13.458 -2.441 1.301 155
-13.407 -2.442 1.305 195
-13.582 -2.440 1.292 167
-13.711 -2.439 1.278 165
-13.393 -2.442 1.333 162
-13.417 -2.442 1.312 195
-13.451 -2.441 1.311 195
-13.509 -2.441 1.289 154
-13.519 -2.440 1.284 162
-13.461 -2.441 1.317 184
-13.417 -2.442 1.321 180
-13.498 -2.441 1.294 170
-13.657 -2.439 1.293 169
-13.403 -2.442 1.329 163
-13.604 -2.440 1.283 163
-13.580 -2.440 1.295 167
-13.453 -2.442 1.314 191
-13.438 -2.442 1.312 191
-13.448 -2.441 1.286 141
-13.608 -2.440 1.303 166
-13.489 -2.441 1.292 170
-13.398 -2.442 1.332 168
-13.594 -2.440 1.280 183
-13.413 -2.441 1.280 171
-13.530 -2.440 1.279 183
-13.395 -2.442 1.303 179
-13.429 -2.442 1.323 176
-13.485 -2.441 1.303 170
-13.410 -2.442 1.302 162
-13.683 -2.439 1.290 166
-13.495 -2.441 1.308 179
-13.500 -2.441 1.279 184
-13.478 -2.441 1.284 141
-13.381 -2.442 1.328 142
-13.396 -2.442 1.289 151
-13.491 -2.441 1.312 191
-13.591 -2.440 1.290 168
-13.434 -2.441 1.284 163
-13.501 -2.441 1.322 180
-13.510 -2.441 1.321 180
-13.453 -2.441 1.280 179
-13.441 -2.441 1.292 171
-13.372 -2.442 1.315 186
-13.431 -2.442 1.317 186
-13.519 -2.441 1.313 194
-13.578 -2.440 1.290 166
-13.577 -2.440 1.279 183
-13.515 -2.441 1.300 164
-13.519 -2.441 1.300 163
-13.500 -2.441 1.286 155
-13.547 -2.440 1.290 169
-13.412 -2.441 1.283 155
-13.606 -2.440 1.303 165
-13.474 -2.441 1.315 184
-13.554 -2.441 1.311 198
-13.381 -2.442 1.331 145
-13.496 -2.441 1.286 156
-13.505 -2.441 1.279 180
-13.459 -2.441 1.297 166
-13.476 -2.441 1.311 192
-13.430 -2.443 1.424 184
-13.396 -2.443 1.393 171
-13.470 -2.441 1.747 176
-13.740 -2.446 1.745 193
-13.413 -2.440 1.736 183
-13.713 -2.445 1.769 190
-13.536 -2.444 1.590 175
-13.421 -2.440 1.751 187
-13.432 -2.440 1.762 175
-13.725 -2.445 1.761 189
-13.419 -2.441 1.625 181
-13.579 -2.444 1.667 165
-13.454 -2.443 1.545 180
-13.759 -2.446 1.780 187
-13.515 -2.443 1.578 158
-13.395 -2.443 1.437 172
-13.482 -2.443 1.523 191
-13.379 -2.442 1.471 176
-13.462 -2.443 1.532 177
-13.600 -2.444 1.709 198
-13.596 -2.444 1.613 203
-13.374 -2.443 1.411 187
-13.480 -2.442 1.639 189
-13.492 -2.441 1.753 181
-13.427 -2.443 1.494 184
-13.530 -2.442 1.741 182
-13.417 -2.443 1.428 190
-13.446 -2.441 1.704 180
-13.472 -2.443 1.569 189
-13.668 -2.444 1.748 193
-13.612 -2.444 1.641 167
-13.540 -2.442 1.765 184
-13.423 -2.442 1.586 178
-13.603 -2.444 1.648 169
-13.691 -2.445 1.769 190
-13.700 -2.445 1.712 190
-13.406 -2.442 1.542 167
-13.596 -2.444 1.675 180
-13.542 -2.444 1.609 185
-13.579 -2.444 1.587 144
-13.528 -2.443 1.660 183
-13.399 -2.441 1.560 169
-13.641 -2.444 1.735 190
-13.408 -2.441 1.590 163
-13.642 -2.444 1.745 195
-13.586 -2.444 1.673 171
-13.628 -2.445 1.635 169
-13.511 -2.442 1.670 186
-13.684 -2.444 1.765 191
-13.415 -2.442 1.507 188
-13.446 -2.442 1.623 189
-13.460 -2.442 1.626 180
-13.383 -2.442 1.489 131
-13.524 -2.443 1.623 184
-13.674 -2.445 1.728 188
-13.397 -2.440 1.700 175
-13.590 -2.443 1.748 184
-13.430 -2.442 1.605 177
-13.431 -2.440 1.720 180
-13.462 -2.443 1.495 182
-13.468 -2.443 1.507 184
-13.738 -2.445 1.766 189
-13.597 -2.445 1.595 183
-13.384 -2.442 1.463 118
-13.439 -2.440 1.730 182
-13.657 -2.444 1.786 187
-13.477 -2.442 1.597 189
-13.652 -2.444 1.770 194
-13.546 -2.443 1.696 186
-13.589 -2.444 1.623 175
-13.703 -2.445 1.758 189
-13.681 -2.445 1.723 192
-13.567 -2.444 1.627 184
-13.398 -2.442 1.548 176
-13.452 -2.442 1.571 184
-13.530 -2.443 1.625 184
-13.395 -2.443 1.424 174
-13.477 -2.443 1.564 188
-13.597 -2.443 1.737 191
-13.536 -2.442 1.716 185
-13.388 -2.441 1.546 119
-13.376 -2.441 1.556 178
-13.395 -2.441 1.638 171
-13.596 -2.445 1.608 202
-13.776 -2.446 1.783 181
-13.465 -2.442 1.670 181
-13.453 -2.443 1.544 180
-13.526 -2.442 1.722 185
-13.563 -2.444 1.613 147
-13.418 -2.442 1.528 184
-13.421 -2.443 1.470 181
-13.649 -2.444 1.727 191
-13.472 -2.441 1.767 179
-13.709 -2.446 1.710 190
-13.376 -2.441 1.545 186
-13.625 -2.444 1.664 169
-13.384 -2.443 1.430 117
-13.379 -2.439 1.721 165
-13.497 -2.443 1.616 184
-13.445 -2.442 1.557 184
-13.630 -2.443 1.777 193
-13.462 -2.443 1.474 181
-13.502 -2.441 1.748 184
-13.382 -2.441 1.546 152
-13.523 -2.443 1.643 183
-13.444 -2.442 1.543 184
-13.506 -2.443 1.573 161
-13.523 -2.443 1.632 182
-13.473 -2.441 1.760 176
-13.563 -2.443 1.691 189
-13.378 -2.439 1.726 166
-13.565 -2.443 1.662 181
-13.491 -2.441 1.768 184
-13.701 -2.445 1.743 191
-13.419 -2.442 1.522 184
-13.535 -2.444 1.581 173
-13.384 -2.439 1.757 102
-13.647 -2.444 1.699 188
-13.584 -2.444 1.639 165
-13.452 -2.442 1.645 183
-13.611 -2.444 1.665 162
-13.448 -2.440 1.759 183
-13.699 -2.445 1.786 185
-13.665 -2.445 1.692 188
-13.688 -2.445 1.691 187
-13.598 -2.443 1.752 194
-13.697 -2.445 1.762 189
-13.666 -2.444 1.785 187
-13.401 -2.442 1.540 172
-13.717 -2.445 1.788 185
-13.653 -2.445 1.705 194
-13.553 -2.443 1.717 186
-13.371 -2.440 1.703 179
-13.465 -2.443 1.542 178
-13.390 -2.442 1.469 153
-13.530 -2.442 1.717 185
-13.659 -2.444 1.755 193
-13.576 -2.444 1.634 181
-13.459 -2.443 1.479 181
-13.475 -2.443 1.591 185
-13.584 -2.443 1.709 178
-13.519 -2.442 1.742 185
-13.464 -2.443 1.512 185
-13.609 -2.443 1.758 191
-13.459 -2.443 1.514 184
-13.403 -2.442 1.536 172
-13.730 -2.446 1.741 193
-13.490 -2.443 1.579 180
-13.604 -2.443 1.765 191
-13.406 -2.443 1.421 167
-13.508 -2.442 1.748 185
-13.404 -2.443 1.441 159
-13.415 -2.440 1.718 179
-13.430 -2.441 1.700 181
-13.371 -2.440 1.648 181
-13.489 -2.442 1.709 184
-13.672 -2.444 1.772 192
-13.521 -2.443 1.650 187
-13.380 -2.439 1.732 139
-13.600 -2.444 1.628 184
-13.375 -2.441 1.556 187
-13.567 -2.442 1.776 183
-13.415 -2.441 1.679 189
-13.690 -2.445 1.728 189
-13.456 -2.441 1.736 178
-13.388 -2.441 1.556 126
-13.636 -2.444 1.741 194
-13.439 -2.442 1.537 182
-13.722 -2.445 1.753 190
-13.492 -2.443 1.550 176
-13.445 -2.442 1.592 185
-13.493 -2.441 1.732 184
-13.401 -2.440 1.663 167
-13.572 -2.442 1.779 183
-13.537 -2.443 1.636 184
-13.481 -2.443 1.536 191
-13.490 -2.442 1.628 186
-13.525 -2.442 1.728 181
-13.438 -2.443 1.459 186
-13.670 -2.445 1.704 188
-13.416 -2.443 1.430 188
-13.570 -2.443 1.728 183
-13.634 -2.444 1.715 194
-13.486 -2.443 1.550 188
-13.406 -2.443 1.433 167
-13.533 -2.442 1.751 184
-13.767 -2.446 1.777 190
-13.401 -2.439 1.777 165
-13.372 -2.440 1.634 184
-13.413 -2.440 1.755 183
-13.421 -2.442 1.544 184
-13.544 -2.442 1.717 186
-13.375 -2.440 1.677 181
-13.550 -2.442 1.736 182
-13.748 -2.446 1.763 186
-13.403 -2.440 1.694 162
-13.389 -2.440 1.700 147
-13.471 -2.443 1.512 186
-13.629 -2.445 1.653 174
-13.508 -2.443 1.609 188
-13.541 -2.444 1.557 151
-13.457 -2.442 1.585 181
-13.683 -2.445 1.763 191
-13.572 -2.444 1.626 163
-13.373 -2.442 1.420 187
-13.527 -2.442 1.736 180
-13.431 -2.443 1.456 186
-13.422 -2.443 1.498 183
-13.424 -2.442 1.576 179
-13.585 -2.443 1.746 176
-13.371 -2.442 1.496 183
-13.485 -2.442 1.660 190
-13.548 -2.442 1.741 182
-13.676 -2.445 1.710 192
-13.786 -2.446 1.786 183
-13.592 -2.444 1.689 179
-13.765 -2.446 1.775 188
-13.375 -2.442 1.514 186
-13.620 -2.444 1.740 194
-13.398 -2.441 1.613 169
-13.512 -2.444 1.552 175
-13.457 -2.442 1.649 181
-13.454 -2.440 1.770 179
-13.491 -2.443 1.564 176
-13.478 -2.441 1.748 178
-13.467 -2.441 1.758 179
-13.565 -2.444 1.622 173
-13.457 -2.441 1.702 181
-13.399 -2.441 1.619 172
-13.458 -2.443 1.492 183
-13.554 -2.444 1.556 144
-13.478 -2.443 1.512 192
-13.489 -2.444 1.506 185
-13.389 -2.441 1.627 146
-13.701 -2.445 1.778 192
-13.394 -2.443 1.403 173
-13.411 -2.443 1.422 189
-13.474 -2.441 1.780 178
-13.420 -2.442 1.583 181
-13.388 -2.443 1.436 123
-13.540 -2.444 1.584 156
-13.484 -2.442 1.692 184
-13.373 -2.442 1.503 186
-13.531 -2.443 1.673 184
-13.439 -2.440 1.751 179
-13.388 -2.439 1.751 114
-13.414 -2.443 1.479 183
-13.427 -2.440 1.716 177
-13.435 -2.441 1.676 182
-13.645 -2.445 1.649 174
-13.635 -2.444 1.691 187
-13.372 -2.440 1.645 184
-13.686 -2.444 1.776 192
-13.539 -2.443 1.685 192
-13.499 -2.442 1.720 185
-13.465 -2.443 1.558 181
-13.437 -2.441 1.652 184
-13.427 -2.442 1.514 180
-13.437 -2.442 1.571 183
-13.410 -2.441 1.592 175
-13.643 -2.444 1.786 182
-13.634 -2.444 1.705 194
-13.399 -2.440 1.666 172
-13.470 -2.443 1.549 184
-13.650 -2.445 1.654 166
-13.418 -2.443 1.427 183
-13.554 -2.444 1.595 141
-13.738 -2.446 1.739 193
-13.512 -2.441 1.778 185
-13.427 -2.441 1.662 186
-13.381 -2.442 1.456 144
-13.401 -2.442 1.509 174
-13.689 -2.445 1.754 190
-13.406 -2.441 1.623 163
-13.383 -2.439 1.729 119
-13.463 -2.441 1.706 180
-13.675 -2.445 1.689 193
-13.496 -2.442 1.672 172
-13.534 -2.442 1.710 184
-13.633 -2.445 1.657 173
-13.584 -2.444 1.646 171
-13.435 -2.442 1.540 182
-13.392 -2.441 1.628 167
-13.583 -2.443 1.696 178
-13.426 -2.440 1.734 177
-13.640 -2.445 1.662 168
-13.440 -2.442 1.620 184
-13.549 -2.443 1.673 183
-13.386 -2.439 1.756 122
-13.549 -2.442 1.732 182
-13.434 -2.442 1.616 181
-13.372 -2.439 1.713 177
-13.530 -2.442 1.701 184
-13.470 -2.441 1.697 179
-13.511 -2.444 1.509 181
-13.565 -2.443 1.746 183
-13.376 -2.440 1.628 175
-13.685 -2.445 1.712 192
-13.620 -2.444 1.711 191
-13.373 -2.441 1.582 179
-13.546 -2.442 1.719 186
-13.684 -2.444 1.785 187
-13.642 -2.444 1.700 188
-13.735 -2.446 1.750 191
-13.397 -2.441 1.570 172
-13.492 -2.442 1.638 186
-13.381 -2.442 1.455 143
-13.445 -2.443 1.484 180
-13.492 -2.442 1.642 186
-13.675 -2.444 1.784 187
-13.444 -2.442 1.622 187
-13.410 -2.443 1.437 186
-13.584 -2.443 1.767 175
-13.537 -2.443 1.663 184
-13.451 -2.442 1.570 184
-13.473 -2.441 1.721 180
-13.555 -2.444 1.599 145
-13.565 -2.443 1.663 182
-13.400 -2.441 1.640 171
-13.522 -2.444 1.575 159
-13.405 -2.442 1.530 168
-13.658 -2.444 1.721 194
-13.571 -2.443 1.723 185
-13.453 -2.442 1.625 184
-13.440 -2.441 1.666 182
-13.515 -2.442 1.689 190
-13.567 -2.442 1.769 181
-13.381 -2.443 1.406 150
-13.470 -2.441 1.731 178
-13.640 -2.444 1.770 190
-13.446 -2.443 1.537 181
-13.396 -2.443 1.407 172
-13.439 -2.443 1.445 185
-13.563 -2.444 1.579 148
-13.376 -2.441 1.528 179
-13.410 -2.442 1.544 181
-13.541 -2.442 1.756 185
-13.424 -2.440 1.725 180
-13.633 -2.445 1.634 172
-13.402 -2.440 1.743 166
-13.658 -2.445 1.680 179
-13.523 -2.443 1.670 184
-13.501 -2.442 1.679 166
-13.502 -2.443 1.543 184
-13.451 -2.441 1.719 180
-13.626 -2.444 1.725 194
-13.409 -2.440 1.756 166
-13.588 -2.443 1.766 179
-13.548 -2.444 1.570 142
-13.459 -2.440 1.762 184
-13.399 -2.441 1.602 172
-13.762 -2.446 1.783 185
-13.676 -2.445 1.716 192
-13.512 -2.443 1.570 145
-13.399 -2.440 1.658 169
-13.580 -2.443 1.752 179
-13.417 -2.442 1.557 185
-13.402 -2.441 1.596 166
-13.488 -2.442 1.651 189
-13.430 -2.440 1.752 176
-13.519 -2.442 1.713 182
-13.383 -2.441 1.530 131
-13.476 -2.443 1.528 190
-13.539 -2.442 1.715 185
-13.590 -2.444 1.675 181
-13.557 -2.443 1.641 182
-13.549 -2.442 1.772 183
-13.613 -2.445 1.631 171
-13.513 -2.444 1.543 179
-13.582 -2.442 1.783 180
-13.555 -2.443 1.678 175
-13.378 -2.443 1.374 180
-13.407 -2.439 1.770 171
-13.583 -2.444 1.596 127
-13.549 -2.443 1.719 186
-13.661 -2.444 1.756 190
-13.620 -2.444 1.670 167
-13.386 -2.441 1.616 116
-13.580 -2.444 1.623 155
-13.530 -2.443 1.606 190
-13.622 -2.445 1.654 173
-13.446 -2.443 1.501 180
-13.771 -2.446 1.780 185
-13.499 -2.444 1.496 187
-13.421 -2.440 1.708 186
-13.559 -2.444 1.569 139
-13.504 -2.443 1.614 187
-13.520 -2.444 1.554 171
-13.679 -2.444 1.779 193
-13.557 -2.444 1.594 134
-13.655 -2.444 1.729 189
-13.541 -2.443 1.651 178
-13.642 -2.445 1.682 187
-13.472 -2.442 1.683 181
-13.602 -2.445 1.600 147
-13.588 -2.443 1.781 181
-13.521 -2.444 1.525 183
-13.740 -2.446 1.745 193
-13.572 -2.443 1.743 183
-13.498 -2.444 1.504 187
-13.599 -2.443 1.731 190
-13.375 -2.442 1.501 183
-13.416 -2.440 1.710 186
-13.527 -2.443 1.635 185
-13.391 -2.439 1.746 163
-13.433 -2.443 1.468 185
-13.742 -2.445 1.788 185
-13.713 -2.445 1.732 188
-13.517 -2.444 1.557 157
-13.539 -2.442 1.707 182
-13.639 -2.444 1.719 194
-13.440 -2.442 1.541 184
-13.500 -2.442 1.659 186
-13.533 -2.442 1.773 184
-13.394 -2.443 1.389 172
-13.604 -2.443 1.750 191
-13.380 -2.440 1.632 147
-13.495 -2.442 1.694 185
-13.430 -2.441 1.641 183
-13.495 -2.442 1.716 185
-13.494 -2.444 1.493 185
-13.427 -2.442 1.538 182
-13.558 -2.444 1.582 135
-13.704 -2.445 1.736 190
-13.526 -2.444 1.530 182
-13.604 -2.444 1.636 171
-13.623 -2.444 1.660 170
-13.382 -2.440 1.696 146
-13.457 -2.440 1.778 180
-13.372 -2.439 1.725 174
-13.504 -2.441 1.742 185
-13.548 -2.442 1.783 185
-13.669 -2.445 1.672 145
-13.677 -2.444 1.786 188
-13.462 -2.441 1.741 178
-13.774 -2.446 1.789 190
-13.542 -2.442 1.720 187
-13.584 -2.443 1.740 177
-13.536 -2.442 1.737 180
-13.371 -2.441 1.592 180
-13.376 -2.441 1.540 187
-13.721 -2.445 1.769 187
-13.379 -2.440 1.659 167
-13.399 -2.442 1.473 171
-13.587 -2.444 1.629 182
-13.409 -2.440 1.690 170
-13.671 -2.444 1.755 190
-13.393 -2.441 1.587 166
-13.670 -2.444 1.763 191
-13.448 -2.441 1.708 180
-13.429 -2.441 1.695 183
-13.516 -2.441 1.776 185
-13.453 -2.443 1.552 182
-13.652 -2.445 1.677 171
-13.465 -2.442 1.625 177
-13.424 -2.442 1.538 182
-13.471 -2.441 1.699 180
-13.404 -2.443 1.440 158
-13.751 -2.446 1.755 188
-13.590 -2.443 1.771 184
-13.517 -2.444 1.564 144
-13.562 -2.444 1.609 148
-13.550 -2.443 1.632 187
-13.480 -2.443 1.545 199
-13.424 -2.440 1.707 183
-13.556 -2.443 1.732 183
-13.464 -2.441 1.693 180
-13.428 -2.443 1.493 181
-13.460 -2.442 1.575 179
-13.420 -2.443 1.493 187
-13.381 -2.441 1.622 153
-13.498 -2.443 1.567 176
-13.502 -2.441 1.741 184
-13.578 -2.443 1.717 173
-13.567 -2.442 1.782 184
-13.562 -2.443 1.663 181
-13.705 -2.445 1.741 191
-13.521 -2.444 1.552 172
-13.578 -2.443 1.682 178
-13.387 -2.439 1.734 120
-13.472 -2.442 1.613 183
-13.450 -2.441 1.669 182
-13.401 -2.441 1.618 169
-13.458 -2.442 1.636 182
-13.574 -2.444 1.661 178
-13.385 -2.443 1.421 118
-13.626 -2.444 1.753 193
-13.511 -2.442 1.674 172
-13.586 -2.443 1.720 178
-13.707 -2.445 1.776 193
-13.496 -2.441 1.762 183
-13.555 -2.444 1.552 144
-13.637 -2.445 1.649 174
-13.454 -2.443 1.476 181
-13.533 -2.442 1.782 185
-13.384 -2.443 1.378 131
-13.469 -2.442 1.617 180
-13.376 -2.439 1.729 174
-13.622 -2.444 1.735 194
-13.447 -2.441 1.691 181
-13.767 -2.446 1.769 186
-13.373 -2.441 1.574 185
-13.376 -2.440 1.644 175
-13.395 -2.441 1.642 171
-13.420 -2.442 1.527 183
-13.665 -2.444 1.761 190
-13.619 -2.444 1.714 191
-13.529 -2.442 1.714 184
-13.429 -2.442 1.588 174
-13.390 -2.443 1.411 148
-13.417 -2.441 1.646 182
-13.502 -2.441 1.760 184
-13.421 -2.441 1.668 184
-13.464 -2.441 1.732 178
-13.673 -2.445 1.735 189
-13.402 -2.439 1.758 165
-13.389 -2.440 1.680 140
-13.520 -2.444 1.540 181
-13.468 -2.443 1.520 185
-13.468 -2.442 1.662 180
-13.556 -2.442 1.757 182
-13.782 -2.446 1.789 190
-13.409 -2.440 1.729 173
-13.476 -2.442 1.655 177
-13.382 -2.443 1.404 150
-13.448 -2.443 1.498 181
-13.592 -2.443 1.735 183
-13.659 -2.445 1.672 149
-13.470 -2.442 1.665 182
-13.556 -2.444 1.555 144
-13.413 -2.443 1.428 189
-13.391 -2.440 1.737 136
-13.491 -2.442 1.669 180
-13.404 -2.442 1.541 173
-13.391 -2.442 1.535 144
-13.388 -2.441 1.599 114
-13.569 -2.443 1.665 184
-13.590 -2.444 1.624 203
-13.555 -2.442 1.768 183
-13.560 -2.444 1.619 165
-13.412 -2.441 1.635 178
-13.750 -2.446 1.772 189
-13.437 -2.441 1.627 181
-13.414 -2.440 1.748 182
-13.475 -2.443 1.545 185
-13.431 -2.443 1.497 185
-13.376 -2.442 1.432 183
-13.587 -2.444 1.608 173
-13.646 -2.444 1.723 193
-13.514 -2.443 1.618 187
-13.575 -2.444 1.665 178
-13.425 -2.443 1.494 184
-13.445 -2.440 1.760 182
-13.638 -2.444 1.695 186
-13.514 -2.444 1.536 185
-13.575 -2.444 1.630 181
-13.490 -2.442 1.622 187
-13.531 -2.443 1.658 183
-13.514 -2.441 1.780 185
-13.620 -2.444 1.734 193
-13.376 -2.441 1.606 183
-13.708 -2.445 1.769 189
-13.621 -2.444 1.654 172
-13.383 -2.443 1.400 121
-13.445 -2.442 1.542 181
-13.478 -2.443 1.518 189
-13.612 -2.443 1.737 192
-13.458 -2.441 1.724 177
-13.454 -2.440 1.756 181
-13.415 -2.440 1.752 183
-13.532 -2.443 1.635 185
-13.668 -2.445 1.673 145
-13.486 -2.443 1.545 189
-13.572 -2.444 1.577 144
-13.400 -2.442 1.477 173
-13.456 -2.440 1.771 180
-13.434 -2.442 1.589 180
-13.487 -2.441 1.772 184
-13.663 -2.445 1.667 139
-13.536 -2.442 1.740 182
-13.455 -2.443 1.491 179
-13.570 -2.444 1.593 140
-13.598 -2.445 1.605 196
-13.616 -2.444 1.734 194
-13.506 -2.441 1.776 184
-13.632 -2.445 1.665 169
-13.430 -2.443 1.434 185
-13.712 -2.445 1.739 191
-13.416 -2.440 1.778 193
-13.599 -2.444 1.641 176
-13.690 -2.445 1.736 190
-13.413 -2.441 1.593 185
-13.497 -2.443 1.574 176
-13.671 -2.445 1.679 177
-13.558 -2.443 1.705 181
-13.597 -2.444 1.654 201
-13.658 -2.445 1.718 195
-13.609 -2.443 1.746 191
-13.514 -2.443 1.600 184
-13.413 -2.441 1.629 189
-13.423 -2.441 1.687 183
-13.383 -2.440 1.717 112
-13.449 -2.443 1.529 181
-13.415 -2.442 1.496 187
-13.465 -2.441 1.675 180
-13.428 -2.443 1.437 185
-13.614 -2.444 1.718 193
-13.425 -2.440 1.730 176
-13.410 -2.440 1.737 174
-13.496 -2.443 1.546 184
-13.445 -2.443 1.480 181
-13.469 -2.442 1.638 179
-13.509 -2.443 1.640 185
-13.584 -2.443 1.709 178
-13.414 -2.440 1.695 182
-13.418 -2.441 1.590 184
-13.373 -2.440 1.625 180
-13.386 -2.442 1.446 124
-13.647 -2.444 1.717 195
-13.552 -2.443 1.699 183
-13.375 -2.439 1.776 175
-13.673 -2.445 1.681 191
-13.449 -2.442 1.597 186
-13.515 -2.444 1.540 182
-13.536 -2.442 1.709 184
-13.579 -2.443 1.762 178
-13.399 -2.443 1.445 173
-13.442 -2.443 1.468 183
-13.433 -2.443 1.493 184
-13.589 -2.443 1.719 189
-13.669 -2.444 1.761 190
-13.457 -2.442 1.614 182
-13.396 -2.443 1.419 175
-13.581 -2.443 1.752 175
-13.665 -2.444 1.767 191
-13.648 -2.444 1.759 190
-13.420 -2.440 1.771 190
-13.465 -2.442 1.669 181
-13.665 -2.444 1.761 190
-13.670 -2.444 1.760 190
-13.643 -2.444 1.712 193
-13.403 -2.441 1.655 162
-13.618 -2.443 1.765 192
-13.518 -2.442 1.694 187
-13.508 -2.443 1.602 187
-13.583 -2.443 1.692 179
-13.460 -2.441 1.686 180
-13.451 -2.443 1.473 181
-13.453 -2.440 1.770 187
-13.504 -2.442 1.680 170
-13.473 -2.442 1.661 178
-13.507 -2.442 1.698 186
-13.382 -2.441 1.559 152
-13.379 -2.440 1.657 146
-13.541 -2.444 1.588 162
-13.422 -2.442 1.576 179
-13.545 -2.444 1.613 184
-13.742 -2.445 1.771 191
-13.417 -2.442 1.553 190
-13.545 -2.443 1.690 191
-13.572 -2.444 1.576 144
-13.509 -2.442 1.676 172
-13.736 -2.445 1.766 189
-13.480 -2.444 1.481 189
-13.495 -2.442 1.633 183
-13.457 -2.441 1.711 179
-13.402 -2.440 1.713 164
-13.481 -2.442 1.683 184
-13.475 -2.443 1.508 192
-13.378 -2.441 1.610 170
-13.661 -2.444 1.727 190
-13.400 -2.440 1.704 169
-13.571 -2.443 1.737 183
-13.476 -2.442 1.640 180
-13.375 -2.442 1.476 180
-13.400 -2.442 1.498 163
-13.612 -2.445 1.624 173
-13.462 -2.442 1.623 178
-13.397 -2.442 1.543 178
-13.600 -2.444 1.621 190
-13.491 -2.442 1.688 189
-13.679 -2.445 1.743 191
-13.531 -2.443 1.649 182
-13.451 -2.442 1.561 184
-13.490 -2.442 1.714 183
-13.403 -2.442 1.511 165
-13.377 -2.442 1.479 180
-13.512 -2.442 1.727 181
-13.509 -2.443 1.619 187
-13.515 -2.442 1.663 188
-13.374 -2.440 1.615 180
-13.479 -2.441 1.773 180
-13.491 -2.441 1.733 184
-13.606 -2.445 1.612 168
-13.413 -2.442 1.579 185
-13.634 -2.445 1.674 170
-13.658 -2.445 1.660 146
-13.629 -2.444 1.680 179
-13.504 -2.442 1.703 183
-13.700 -2.445 1.720 190
-13.395 -2.441 1.587 171
-13.470 -2.442 1.630 182
-13.375 -2.440 1.691 181
-13.499 -2.442 1.683 167
-13.671 -2.445 1.734 188
-13.411 -2.440 1.696 177
-13.528 -2.442 1.705 184
-13.529 -2.443 1.615 188
-13.381 -2.440 1.624 156
-13.604 -2.444 1.650 163
-13.418 -2.442 1.565 188
-13.577 -2.444 1.581 141
-13.532 -2.442 1.704 182
-13.514 -2.442 1.745 185
-13.682 -2.445 1.714 191
-13.544 -2.442 1.782 185
-13.533 -2.444 1.552 167
-13.405 -2.439 1.767 165
-13.695 -2.445 1.750 192
-13.555 -2.444 1.610 173
-13.448 -2.440 1.779 180
-13.375 -2.441 1.591 180
-13.426 -2.440 1.763 178
-13.499 -2.442 1.638 183
-13.561 -2.444 1.597 135
-13.391 -2.439 1.765 157
-13.472 -2.442 1.641 178
-13.508 -2.443 1.648 189
-13.666 -2.445 1.695 188
-13.559 -2.442 1.749 182
-13.473 -2.443 1.530 190
-13.688 -2.445 1.766 190
-13.431 -2.440 1.729 180
-13.417 -2.443 1.483 190
-13.391 -2.441 1.598 145
-13.517 -2.442 1.725 181
-13.378 -2.441 1.604 169
-13.531 -2.442 1.760 185
-13.613 -2.445 1.613 174
-13.678 -2.445 1.689 190
-13.376 -2.440 1.688 181
-13.554 -2.444 1.603 167
-13.486 -2.441 1.749 179
-13.550 -2.443 1.655 177
-13.379 -2.443 1.422 181
-13.524 -2.443 1.629 184
-13.502 -2.444 1.525 185
-13.417 -2.442 1.567 190
-13.407 -2.442 1.557 161
-13.482 -2.442 1.647 195
-13.401 -2.442 1.472 167
-13.749 -2.446 1.774 189
-13.521 -2.442 1.679 176
-13.469 -2.441 1.775 176
-13.461 -2.441 1.670 181
-13.545 -2.444 1.606 184
-13.515 -2.444 1.539 182
-13.467 -2.441 1.735 178
-13.585 -2.443 1.708 178
-13.536 -2.444 1.558 150
-13.420 -2.442 1.550 185
-13.602 -2.443 1.730 190
-13.631 -2.445 1.632 172
-13.441 -2.443 1.514 182
-13.385 -2.443 1.424 128
-13.723 -2.445 1.785 183
-13.710 -2.445 1.719 192
-13.595 -2.443 1.733 190
-13.542 -2.443 1.709 183
-13.536 -2.443 1.651 179
-13.585 -2.444 1.676 172
-13.475 -2.444 1.476 183
-13.683 -2.444 1.764 191
-13.504 -2.441 1.742 185
-13.584 -2.443 1.733 174
-13.486 -2.444 1.488 187
-13.510 -2.441 1.779 185
-13.448 -2.440 1.752 180
-13.605 -2.444 1.656 170
-13.672 -2.444 1.784 186
-13.440 -2.442 1.600 183
-13.625 -2.443 1.785 185
-13.561 -2.443 1.672 184
-13.648 -2.445 1.655 169
-13.383 -2.443 1.392 118
-13.568 -2.443 1.663 183
-13.450 -2.442 1.636 184
-13.615 -2.444 1.733 193
-13.416 -2.443 1.476 182
-13.513 -2.443 1.585 181
-13.498 -2.441 1.733 185
-13.512 -2.443 1.639 184
-13.461 -2.441 1.725 179
-13.378 -2.440 1.690 173
-13.456 -2.442 1.577 182
-13.475 -2.443 1.507 188
-13.480 -2.441 1.726 184
-13.394 -2.442 1.467 168
-13.603 -2.444 1.628 174
-13.480 -2.443 1.575 193
-13.605 -2.443 1.729 190
-13.688 -2.445 1.761 190
-13.479 -2.442 1.678 182
-13.458 -2.442 1.604 182
-13.382 -2.439 1.758 146
-13.380 -2.441 1.554 155
-13.469 -2.444 1.481 182
-13.474 -2.442 1.683 181
-13.545 -2.442 1.762 184
-13.389 -2.443 1.433 146
-13.376 -2.441 1.571 184
-13.397 -2.443 1.448 173
-13.543 -2.444 1.612 184
-13.414 -2.441 1.663 178
-13.584 -2.443 1.728 177
-13.377 -2.443 1.379 179
-13.608 -2.443 1.773 190
-13.558 -2.443 1.675 179
-13.678 -2.445 1.739 189
-13.522 -2.441 1.781 188
-13.430 -2.441 1.704 178
-13.403 -2.441 1.621 165
-13.483 -2.443 1.549 192
-13.552 -2.444 1.596 147
-13.541 -2.443 1.691 192
-13.535 -2.443 1.673 184
-13.400 -2.440 1.735 161
-13.618 -2.443 1.783 191
-13.425 -2.442 1.540 182
-13.624 -2.444 1.691 185
-13.692 -2.445 1.757 190
-13.617 -2.444 1.677 172
-13.382 -2.443 1.390 137
-13.568 -2.444 1.588 142
-13.492 -2.442 1.640 186
-13.449 -2.443 1.518 181
-13.523 -2.444 1.564 145
-13.560 -2.444 1.608 141
-13.512 -2.442 1.738 185
-13.588 -2.444 1.656 167
-13.711 -2.446 1.713 191
-13.429 -2.440 1.780 181
-13.397 -2.443 1.446 173
-13.410 -2.441 1.631 174
-13.429 -2.442 1.601 177
-13.398 -2.440 1.703 166
-13.482 -2.443 1.558 196
-13.540 -2.442 1.716 185
-13.476 -2.442 1.629 183
-13.624 -2.443 1.764 191
-13.520 -2.444 1.566 149
-13.544 -2.442 1.742 182
-13.521 -2.442 1.733 183
-13.436 -2.443 1.451 185
-13.378 -2.442 1.439 178
-13.740 -2.446 1.764 189
-13.410 -2.443 1.462 180
-13.604 -2.443 1.777 190
-13.743 -2.446 1.762 187
-13.589 -2.443 1.732 175
-13.560 -2.444 1.606 141
-13.562 -2.443 1.731 183
-13.442 -2.441 1.692 183
-13.582 -2.443 1.727 175
-13.451 -2.441 1.685 180
-13.586 -2.443 1.709 178
-13.418 -2.440 1.747 187
-13.471 -2.442 1.600 180
-13.530 -2.444 1.584 180
-13.422 -2.440 1.763 179
-13.583 -2.443 1.696 178
-13.375 -2.439 1.773 177
-13.459 -2.441 1.697 181
-13.381 -2.441 1.607 149
-13.421 -2.443 1.463 187
-13.465 -2.441 1.683 179
-13.812 -2.438 1.324 155
-13.684 -2.440 1.363 191
-13.822 -2.444 1.669 162
-13.742 -2.445 1.687 180
-13.610 -2.442 1.424 197
-13.800 -2.442 1.513 168
-13.743 -2.442 1.502 175
-13.512 -2.444 1.485 181
-13.799 -2.440 1.408 188
-13.659 -2.445 1.643 167
-13.515 -2.443 1.433 183
-13.781 -2.445 1.722 192
-13.711 -2.440 1.376 183
-13.731 -2.443 1.585 183
-13.513 -2.443 1.421 189
-13.781 -2.442 1.509 175
-13.684 -2.443 1.526 137
-13.679 -2.440 1.325 180
-13.452 -2.443 1.395 186
-13.619 -2.444 1.575 132
-13.796 -2.442 1.510 180
-13.616 -2.441 1.380 188
-13.646 -2.443 1.488 185
-13.734 -2.444 1.620 184
-13.688 -2.442 1.459 145
-13.686 -2.443 1.547 147
-13.674 -2.440 1.361 193
-13.779 -2.443 1.560 175
-13.782 -2.439 1.358 186
-13.663 -2.442 1.466 154
-13.485 -2.443 1.421 186
-13.728 -2.443 1.551 183
-13.725 -2.445 1.657 181
-13.715 -2.444 1.607 151
-13.565 -2.441 1.340 178
-13.538 -2.443 1.451 200
-13.759 -2.445 1.706 190
-13.814 -2.439 1.387 161
-13.799 -2.441 1.450 164
-13.688 -2.440 1.335 189
-13.551 -2.441 1.354 184
-13.608 -2.441 1.378 187
-13.673 -2.444 1.619 151
-13.501 -2.442 1.363 188
-13.540 -2.443 1.487 179
-13.765 -2.445 1.690 180
-13.737 -2.440 1.386 192
-13.758 -2.445 1.719 191
-13.602 -2.441 1.342 179
-13.590 -2.442 1.404 185
-13.818 -2.441 1.482 163
-13.808 -2.442 1.545 160
-13.628 -2.443 1.522 182
-13.525 -2.443 1.472 172
-13.698 -2.444 1.591 173
-13.788 -2.440 1.408 183
-13.822 -2.440 1.431 172
-13.441 -2.443 1.421 185
-13.754 -2.443 1.543 176
-13.721 -2.441 1.407 189
-13.725 -2.440 1.343 192
-13.766 -2.446 1.753 186
-13.725 -2.439 1.339 192
-13.600 -2.441 1.350 181
-13.751 -2.444 1.649 180
-13.708 -2.441 1.408 185
-13.613 -2.444 1.569 131
-13.765 -2.444 1.667 177
-13.770 -2.443 1.596 183
-13.693 -2.442 1.505 142
-13.739 -2.439 1.309 186
-13.598 -2.443 1.501 193
-13.601 -2.445 1.591 125
-13.813 -2.444 1.645 159
-13.776 -2.443 1.557 175
-13.633 -2.442 1.452 172
-13.797 -2.440 1.439 181
-13.692 -2.440 1.359 191
-13.660 -2.444 1.572 138
-13.827 -2.440 1.444 181
-13.784 -2.446 1.761 188
-13.579 -2.440 1.317 188
-13.779 -2.439 1.315 177
-13.782 -2.438 1.307 189
-13.710 -2.445 1.648 137
-13.658 -2.442 1.429 192
-13.588 -2.442 1.400 185
-13.587 -2.442 1.395 186
-13.702 -2.439 1.327 182
-13.819 -2.439 1.364 163
-13.681 -2.445 1.635 168
-13.687 -2.440 1.361 191
-13.574 -2.441 1.345 179
-13.649 -2.444 1.581 138
-13.781 -2.441 1.436 179
-13.780 -2.440 1.401 177
-13.807 -2.441 1.495 161
-13.551 -2.444 1.518 166
-13.528 -2.444 1.518 179
-13.798 -2.440 1.396 178
-13.578 -2.443 1.447 194
-13.548 -2.442 1.386 187
-13.408 -2.443 1.386 173
-13.819 -2.439 1.382 166
-13.498 -2.443 1.424 186
-13.690 -2.443 1.548 144
-13.476 -2.442 1.390 187
-13.798 -2.444 1.673 179
-13.541 -2.442 1.423 188
-13.662 -2.444 1.588 134
-13.737 -2.443 1.549 179
-13.741 -2.438 1.286 160
-13.759 -2.438 1.278 158
-13.579 -2.443 1.458 177
-13.720 -2.444 1.621 135
-13.536 -2.442 1.385 187
-13.761 -2.439 1.355 177
-13.566 -2.441 1.327 177
-13.614 -2.441 1.354 184
-13.641 -2.441 1.362 188
-13.800 -2.443 1.578 163
-13.543 -2.441 1.350 182
-13.583 -2.443 1.469 183
-13.727 -2.445 1.671 185
-13.791 -2.442 1.528 178
-13.644 -2.445 1.639 171
-13.800 -2.443 1.588 162
-13.640 -2.445 1.612 178
-13.806 -2.438 1.280 155
-13.776 -2.442 1.546 181
-13.823 -2.438 1.321 170
-13.560 -2.441 1.322 176
-13.528 -2.441 1.329 177
-13.739 -2.442 1.527 173
-13.507 -2.444 1.494 186
-13.729 -2.444 1.600 186
-13.397 -2.443 1.347 174
-13.506 -2.442 1.374 189
-13.654 -2.443 1.541 170
-13.769 -2.442 1.540 181
-13.711 -2.444 1.600 169
-13.758 -2.439 1.314 180
-13.552 -2.442 1.403 190
-13.530 -2.441 1.334 180
-13.539 -2.442 1.422 188
-13.550 -2.441 1.361 188
-13.726 -2.442 1.480 186
-13.691 -2.444 1.620 136
-13.409 -2.442 1.353 172
-13.432 -2.443 1.425 184
-13.681 -2.444 1.624 150
-13.709 -2.440 1.337 193
-13.747 -2.439 1.316 179
-13.612 -2.445 1.599 161
-13.578 -2.442 1.386 188
-13.611 -2.440 1.323 182
-13.825 -2.444 1.645 173
-13.729 -2.441 1.429 182
-13.630 -2.445 1.604 173
-13.764 -2.445 1.693 184
-13.686 -2.442 1.472 141
-13.739 -2.441 1.430 186
-13.619 -2.442 1.449 184
-13.683 -2.445 1.655 146
-13.765 -2.439 1.301 183
-13.580 -2.443 1.467 185
-13.645 -2.443 1.495 172
-13.535 -2.441 1.345 182
-13.622 -2.441 1.404 193
-13.599 -2.441 1.389 183
-13.557 -2.441 1.336 179
-13.496 -2.443 1.405 189
-13.597 -2.442 1.447 192
-13.766 -2.439 1.347 180
-13.603 -2.442 1.458 178
-13.570 -2.442 1.423 184
-13.488 -2.442 1.372 189
-13.718 -2.445 1.708 193
-13.706 -2.440 1.367 188
-13.740 -2.441 1.460 176
-13.396 -2.443 1.384 174
-13.467 -2.443 1.433 184
-13.587 -2.445 1.583 150
-13.743 -2.441 1.423 189
-13.439 -2.442 1.338 180
-13.608 -2.443 1.499 171
-13.661 -2.443 1.507 137
-13.656 -2.439 1.297 172
-13.445 -2.443 1.418 185
-13.762 -2.446 1.737 189
-13.428 -2.443 1.402 186
-13.498 -2.444 1.466 184
-13.790 -2.445 1.715 199
-13.619 -2.440 1.322 183
-13.495 -2.442 1.372 189
-13.552 -2.442 1.408 189
-13.514 -2.442 1.391 189
-13.697 -2.442 1.471 142
-13.526 -2.442 1.412 191
-13.416 -2.442 1.348 185
-13.821 -2.441 1.464 167
-13.650 -2.441 1.377 183
-13.670 -2.441 1.385 192
-13.716 -2.441 1.433 186
-13.705 -2.445 1.684 183
-13.822 -2.443 1.597 163
-13.561 -2.443 1.474 175
-13.689 -2.444 1.603 161
-13.797 -2.445 1.753 186
-13.704 -2.440 1.348 192
-13.771 -2.445 1.714 187
-13.826 -2.439 1.364 174
-13.676 -2.443 1.544 142
-13.813 -2.438 1.306 160
-13.769 -2.440 1.407 184
-13.647 -2.443 1.507 166
-13.470 -2.443 1.419 185
-13.686 -2.440 1.364 191
-13.588 -2.442 1.426 182
-13.720 -2.445 1.676 158
-13.727 -2.443 1.586 186
-13.806 -2.441 1.507 169
-13.630 -2.445 1.624 178
-13.632 -2.441 1.375 182
-13.672 -2.444 1.621 154
-13.724 -2.439 1.325 180
-13.763 -2.442 1.548 178
-13.802 -2.440 1.413 178
-13.592 -2.442 1.400 185
-13.627 -2.442 1.464 177
-13.792 -2.445 1.710 200
-13.581 -2.442 1.438 184
-13.642 -2.440 1.344 196
-13.704 -2.443 1.521 145
-13.802 -2.445 1.722 148
-13.805 -2.438 1.286 157
-13.459 -2.443 1.388 186
-13.602 -2.441 1.347 180
-13.783 -2.440 1.405 177
-13.421 -2.443 1.376 184
-13.733 -2.443 1.592 185
-13.818 -2.440 1.451 164
-13.672 -2.444 1.589 135
-13.655 -2.444 1.559 135
-13.556 -2.443 1.439 187
-13.805 -2.439 1.354 166
-13.692 -2.445 1.669 131
-13.511 -2.442 1.353 186
-13.677 -2.443 1.526 134
-13.730 -2.439 1.283 156
-13.404 -2.443 1.392 163
-13.576 -2.441 1.348 180
-13.532 -2.442 1.381 188
-13.765 -2.444 1.633 183
-13.829 -2.442 1.565 178
-13.684 -2.440 1.328 181
-13.691 -2.442 1.469 142
-13.773 -2.440 1.385 177
-13.481 -2.444 1.472 192
-13.747 -2.444 1.657 179
-13.801 -2.439 1.339 181
-13.563 -2.441 1.326 176
-13.603 -2.442 1.439 188
-13.523 -2.443 1.419 190
-13.499 -2.443 1.409 190
-13.552 -2.441 1.332 180
-13.822 -2.439 1.365 167
-13.754 -2.444 1.618 181
-13.461 -2.443 1.384 184
-13.579 -2.443 1.494 190
-13.612 -2.442 1.419 192
-13.745 -2.445 1.664 183
-13.821 -2.442 1.551 166
-13.749 -2.441 1.434 185
-13.684 -2.442 1.462 142
-13.667 -2.441 1.404 186
-13.585 -2.445 1.577 120
-13.740 -2.445 1.687 182
-13.812 -2.440 1.391 164
-13.551 -2.443 1.470 174
-13.823 -2.439 1.379 169
-13.445 -2.443 1.405 185
-13.749 -2.444 1.647 180
-13.729 -2.441 1.462 183
-13.810 -2.443 1.602 157
-13.605 -2.442 1.403 185
-13.694 -2.440 1.366 188
-13.529 -2.441 1.319 182
-13.665 -2.442 1.468 141
-13.587 -2.442 1.408 186
-13.509 -2.442 1.357 187
-13.730 -2.439 1.326 179
-13.477 -2.443 1.421 187
-13.819 -2.440 1.407 162
-13.452 -2.444 1.444 184
-13.713 -2.441 1.417 189
-13.481 -2.442 1.332 178
-13.788 -2.443 1.608 180
-13.740 -2.445 1.693 183
-13.799 -2.443 1.587 162
-13.748 -2.444 1.605 178
-13.384 -2.443 1.358 135
-13.605 -2.444 1.544 158
-13.538 -2.443 1.435 185
-13.699 -2.441 1.411 185
-13.726 -2.443 1.538 185
-13.754 -2.443 1.602 183
-13.660 -2.445 1.625 166
-13.591 -2.441 1.335 180
-13.428 -2.443 1.412 184
-13.784 -2.444 1.643 178
-13.769 -2.445 1.724 184
-13.796 -2.443 1.579 177
-13.777 -2.442 1.533 180
-13.615 -2.441 1.368 186
-13.811 -2.439 1.357 157
-13.605 -2.442 1.416 186
-13.631 -2.443 1.525 182
-13.754 -2.444 1.621 179
-13.785 -2.442 1.531 173
-13.505 -2.444 1.479 181
-13.550 -2.444 1.507 181
-13.572 -2.444 1.550 167
-13.421 -2.443 1.404 184
-13.827 -2.440 1.441 180
-13.546 -2.443 1.475 173
-13.792 -2.444 1.674 186
-13.806 -2.443 1.626 153
-13.638 -2.441 1.376 184
-13.786 -2.440 1.406 179
-13.521 -2.441 1.328 180
-13.627 -2.440 1.337 183
-13.802 -2.443 1.580 164
-13.505 -2.443 1.410 189
-13.815 -2.441 1.498 160
-13.735 -2.444 1.646 181
-13.498 -2.443 1.459 181
-13.694 -2.441 1.422 191
-13.417 -2.442 1.352 187
-13.498 -2.443 1.406 190
-13.570 -2.444 1.505 184
-13.749 -2.439 1.352 180
-13.703 -2.442 1.499 145
-13.578 -2.442 1.423 184
-13.451 -2.443 1.392 186
-13.689 -2.441 1.385 192
-13.803 -2.440 1.412 167
-13.537 -2.442 1.374 187
-13.697 -2.442 1.511 154
-13.720 -2.441 1.450 139
-13.399 -2.443 1.370 166
-13.756 -2.444 1.625 179
-13.509 -2.441 1.337 180
-13.707 -2.441 1.423 190
-13.781 -2.438 1.287 165
-13.747 -2.443 1.585 179
-13.702 -2.443 1.522 138
-13.569 -2.444 1.555 152
-13.550 -2.442 1.414 191
-13.827 -2.438 1.295 184
-13.610 -2.442 1.452 175
-13.677 -2.444 1.570 147
-13.788 -2.446 1.749 191
-13.729 -2.443 1.542 186
-13.464 -2.443 1.411 184
-13.478 -2.443 1.413 187
-13.685 -2.442 1.454 133
-13.771 -2.446 1.751 186
-13.691 -2.442 1.477 141
-13.802 -2.440 1.443 168
-13.601 -2.441 1.337 179
-13.801 -2.442 1.542 164
-13.713 -2.445 1.685 187
-13.476 -2.442 1.333 180
-13.733 -2.444 1.627 177
-13.539 -2.443 1.460 164
-13.635 -2.440 1.341 185
-13.658 -2.441 1.368 184
-13.814 -2.439 1.327 159
-13.772 -2.440 1.371 178
-13.774 -2.441 1.456 179
-13.740 -2.440 1.400 191
-13.685 -2.442 1.497 140
-13.585 -2.441 1.355 183
-13.718 -2.440 1.370 186
-13.680 -2.444 1.626 150
-13.734 -2.441 1.450 178
-13.749 -2.442 1.519 174
-13.630 -2.443 1.478 176
-13.567 -2.443 1.473 178
-13.825 -2.444 1.655 177
-13.778 -2.444 1.636 176
-13.508 -2.443 1.420 188
-13.732 -2.440 1.373 184
-13.691 -2.441 1.415 186
-13.698 -2.441 1.420 193
-13.743 -2.439 1.323 177
-13.751 -2.438 1.285 164
-13.395 -2.443 1.370 168
-13.780 -2.439 1.351 182
-13.750 -2.438 1.279 150
-13.698 -2.439 1.310 189
-13.583 -2.445 1.575 123
-13.661 -2.444 1.558 145
-13.810 -2.441 1.484 160
-13.722 -2.441 1.457 159
-13.792 -2.444 1.670 183
-13.819 -2.439 1.369 166
-13.531 -2.444 1.490 182
-13.743 -2.441 1.428 184
-13.739 -2.443 1.569 178
-13.715 -2.445 1.697 187
-13.790 -2.438 1.303 188
-13.762 -2.443 1.580 182
-13.640 -2.441 1.368 184
-13.691 -2.443 1.536 138
-13.643 -2.444 1.563 138
-13.756 -2.443 1.545 177
-13.765 -2.441 1.428 184
-13.792 -2.443 1.585 183
-13.732 -2.441 1.425 189
-13.789 -2.439 1.345 192
-13.710 -2.442 1.513 160
-13.737 -2.441 1.465 176
-13.595 -2.445 1.584 183
-13.795 -2.441 1.452 182
-13.554 -2.441 1.364 187
-13.577 -2.443 1.463 179
-13.705 -2.445 1.662 135
-13.759 -2.445 1.731 183
-13.615 -2.443 1.504 174
-13.813 -2.440 1.390 164
-13.784 -2.445 1.710 192
-13.779 -2.440 1.395 178
-13.810 -2.438 1.308 149
-13.579 -2.444 1.515 184
-13.767 -2.438 1.289 165
-13.534 -2.441 1.335 180
-13.506 -2.443 1.408 189
-13.652 -2.444 1.581 137
-13.738 -2.439 1.310 186
-13.785 -2.442 1.534 175
-13.688 -2.443 1.564 141
-13.451 -2.443 1.403 185
-13.538 -2.441 1.336 180
-13.608 -2.444 1.584 122
-13.726 -2.444 1.637 186
-13.816 -2.441 1.475 163
-13.723 -2.445 1.665 165
-13.712 -2.441 1.456 110
-13.527 -2.441 1.353 184
-13.692 -2.441 1.445 186
-13.645 -2.441 1.398 191
-13.769 -2.441 1.435 180
-13.635 -2.443 1.487 180
-13.690 -2.440 1.370 185
-13.802 -2.439 1.334 172
-13.527 -2.442 1.405 191
-13.785 -2.446 1.752 189
-13.725 -2.441 1.464 180
-13.696 -2.444 1.585 173
-13.747 -2.445 1.706 188
-13.755 -2.442 1.530 175
-13.791 -2.439 1.372 186
-13.697 -2.441 1.426 190
-13.811 -2.444 1.647 164
-13.779 -2.440 1.370 181
-13.699 -2.441 1.437 193
-13.764 -2.440 1.389 177
-13.602 -2.443 1.480 181
-13.408 -2.442 1.347 173
-13.610 -2.440 1.304 165
-13.569 -2.442 1.440 186
-13.642 -2.441 1.392 193
-13.501 -2.444 1.479 184
-13.675 -2.444 1.574 141
-13.671 -2.444 1.567 137
-13.692 -2.445 1.634 151
-13.734 -2.440 1.367 189
-13.652 -2.443 1.515 170
-13.764 -2.444 1.655 179
-13.808 -2.444 1.647 164
-13.520 -2.443 1.418 190
-13.769 -2.445 1.721 187
-13.623 -2.440 1.310 192
-13.546 -2.444 1.508 176
-13.799 -2.443 1.587 179
-13.639 -2.445 1.625 178
-13.705 -2.439 1.298 173
-13.505 -2.442 1.386 189
-13.546 -2.442 1.401 191
-13.765 -2.440 1.419 183
-13.735 -2.445 1.687 185
-13.418 -2.442 1.355 189
-13.742 -2.446 1.741 192
-13.567 -2.444 1.550 151
-13.610 -2.443 1.487 176
-13.798 -2.442 1.508 176
-13.720 -2.441 1.442 186
-13.534 -2.442 1.367 187
-13.810 -2.443 1.631 157
-13.549 -2.442 1.384 187
-13.734 -2.445 1.680 178
-13.407 -2.443 1.366 170
-13.781 -2.444 1.675 177
-13.715 -2.441 1.446 155
-13.560 -2.441 1.373 187
-13.727 -2.439 1.321 179
-13.676 -2.444 1.585 135
-13.734 -2.443 1.560 180
-13.537 -2.444 1.529 181
-13.531 -2.441 1.341 180
-13.537 -2.443 1.468 168
-13.432 -2.442 1.360 182
-13.759 -2.445 1.683 181
-13.579 -2.444 1.528 167
-13.424 -2.442 1.352 182
-13.760 -2.440 1.385 180
-13.747 -2.441 1.419 188
-13.806 -2.444 1.684 151
-13.704 -2.442 1.460 131
-13.769 -2.443 1.595 184
-13.789 -2.442 1.557 176
-13.793 -2.445 1.745 193
-13.566 -2.443 1.478 178
-13.673 -2.444 1.614 142
-13.711 -2.441 1.409 185
-13.651 -2.440 1.340 192
-13.528 -2.442 1.390 189
-13.659 -2.442 1.474 142
-13.657 -2.444 1.592 130
-13.678 -2.441 1.413 186
-13.806 -2.439 1.354 154
-13.683 -2.444 1.621 139
-13.665 -2.443 1.504 131
-13.699 -2.443 1.528 140
-13.805 -2.442 1.547 156
-13.710 -2.445 1.700 190
-13.591 -2.443 1.516 194
-13.468 -2.443 1.405 184
-13.827 -2.442 1.573 183
-13.528 -2.442 1.365 187
-13.797 -2.441 1.458 183
-13.384 -2.443 1.371 125
-13.524 -2.444 1.495 185
-13.785 -2.445 1.721 190
-13.715 -2.445 1.699 191
-13.678 -2.442 1.480 139
-13.417 -2.443 1.373 191
-13.422 -2.442 1.356 185
-13.782 -2.441 1.489 175
-13.730 -2.445 1.688 188
-13.751 -2.446 1.741 189
-13.797 -2.444 1.642 171
-13.780 -2.442 1.542 181
-13.633 -2.444 1.549 149
-13.537 -2.444 1.501 182
-13.751 -2.444 1.642 179
-13.739 -2.445 1.707 192
-13.695 -2.442 1.473 142
-13.445 -2.443 1.387 186
-13.682 -2.444 1.588 149
-13.725 -2.443 1.565 183
-13.821 -2.444 1.675 167
-13.745 -2.441 1.457 176
-13.824 -2.443 1.599 171
-13.602 -2.440 1.330 181
-13.738 -2.445 1.676 176
-13.713 -2.445 1.692 185
-13.754 -2.441 1.457 177
-13.615 -2.440 1.323 182
-13.690 -2.439 1.307 191
-13.804 -2.439 1.349 163
-13.694 -2.445 1.657 140
-13.490 -2.442 1.376 190
-13.740 -2.441 1.467 178
-13.630 -2.445 1.610 174
-13.421 -2.443 1.407 184
-13.745 -2.442 1.533 174
-13.809 -2.440 1.393 163
-13.651 -2.441 1.366 187
-13.724 -2.443 1.587 177
-13.635 -2.441 1.390 196
-13.765 -2.444 1.616 184
-13.600 -2.442 1.442 188
-13.709 -2.440 1.388 189
-13.731 -2.440 1.367 188
-13.825 -2.442 1.532 176
-13.634 -2.442 1.428 197
-13.454 -2.442 1.376 186
-13.448 -2.443 1.391 186
-13.659 -2.444 1.562 138
-13.824 -2.440 1.439 175
-13.471 -2.442 1.334 181
-13.504 -2.444 1.488 185
-13.790 -2.443 1.582 181
-13.722 -2.441 1.462 169
-13.580 -2.441 1.359 184
-13.782 -2.443 1.607 179
-13.796 -2.443 1.626 178
-13.648 -2.444 1.581 138
-13.649 -2.441 1.379 185
-13.580 -2.440 1.315 188
-13.800 -2.442 1.539 159
-13.625 -2.443 1.523 181
-13.480 -2.443 1.409 188
-13.598 -2.444 1.560 186
-13.626 -2.442 1.453 177
-13.769 -2.442 1.507 177
-13.728 -2.443 1.562 186
-13.753 -2.444 1.632 178
-13.596 -2.441 1.340 180
-13.635 -2.440 1.329 182
-13.711 -2.442 1.495 119
-13.473 -2.442 1.356 185
-13.690 -2.439 1.312 184
-13.477 -2.443 1.421 187
-13.748 -2.441 1.438 180
-13.599 -2.444 1.573 148
-13.420 -2.443 1.381 185
-13.429 -2.443 1.400 186
-13.622 -2.443 1.532 177
-13.520 -2.441 1.334 181
-13.607 -2.445 1.588 118
-13.434 -2.442 1.358 183
-13.757 -2.439 1.353 175
-13.508 -2.442 1.349 183
-13.805 -2.442 1.558 158
-13.566 -2.442 1.431 183
-13.579 -2.442 1.442 186
-13.565 -2.444 1.556 147
-13.542 -2.444 1.520 177
-13.748 -2.441 1.477 179
-13.571 -2.441 1.358 184
-13.780 -2.444 1.621 177
-13.797 -2.444 1.661 180
-13.432 -2.443 1.408 184
-13.715 -2.445 1.648 133
-13.638 -2.442 1.457 165
-13.724 -2.439 1.303 194
-13.606 -2.444 1.561 124
-13.755 -2.440 1.415 185
-13.666 -2.441 1.392 189
-13.808 -2.440 1.390 160
-13.568 -2.441 1.370 187
-13.625 -2.445 1.618 176
-13.679 -2.440 1.371 186
-13.749 -2.446 1.728 189
-13.773 -2.446 1.763 189
-13.634 -2.440 1.304 156
-13.593 -2.440 1.309 190
-13.695 -2.442 1.468 141
-13.791 -2.439 1.320 185
-13.810 -2.442 1.525 163
-13.591 -2.440 1.309 190
-13.556 -2.443 1.447 196
-13.739 -2.445 1.672 177
-13.437 -2.442 1.367 185
-13.735 -2.443 1.593 183
-13.487 -2.442 1.366 188
-13.742 -2.442 1.482 177
-13.796 -2.439 1.345 190
-13.489 -2.443 1.433 184
-13.472 -2.442 1.377 186
-13.784 -2.444 1.655 182
-13.566 -2.443 1.475 178
-13.734 -2.444 1.599 178
-13.791 -2.439 1.373 186
-13.537 -2.442 1.370 187
-13.681 -2.439 1.299 182
-13.611 -2.441 1.401 186
-13.579 -2.442 1.387 187
-13.596 -2.444 1.533 197
-13.690 -2.439 1.290 165
-13.692 -2.440 1.383 191
-13.787 -2.445 1.698 190
-13.596 -2.442 1.403 183
-13.626 -2.440 1.333 183
-13.718 -2.444 1.610 132
-13.822 -2.442 1.549 165
-13.735 -2.443 1.551 181
-13.520 -2.442 1.400 190
-13.796 -2.441 1.458 184
-13.621 -2.443 1.482 181
-13.468 -2.442 1.351 182
-13.746 -2.443 1.563 176
-13.688 -2.444 1.631 160
-13.781 -2.443 1.589 179
-13.695 -2.444 1.598 170
-13.433 -2.443 1.424 184
-13.763 -2.444 1.661 178
-13.685 -2.445 1.665 137
-13.788 -2.444 1.632 174
-13.808 -2.441 1.460 162
-13.721 -2.442 1.509 170
-13.733 -2.441 1.447 181
-13.739 -2.442 1.530 172
-13.801 -2.440 1.392 173
-13.409 -2.443 1.366 170
-13.750 -2.444 1.617 180
-13.722 -2.440 1.390 194
-13.559 -2.444 1.518 163
-13.713 -2.442 1.460 116
-13.466 -2.442 1.362 184
-13.569 -2.442 1.408 187
-13.643 -2.444 1.562 137
-13.587 -2.445 1.577 151
-13.416 -2.443 1.384 190
-13.480 -2.443 1.428 185
-13.797 -2.443 1.596 180
-13.746 -2.443 1.588 179
-13.824 -2.441 1.510 177
-13.383 -2.443 1.348 135
-13.779 -2.441 1.443 179
-13.648 -2.444 1.579 138
-13.810 -2.440 1.447 163
-13.431 -2.442 1.357 182
-13.558 -2.442 1.415 188
-13.664 -2.445 1.637 167
-13.476 -2.443 1.450 188
-13.456 -2.442 1.351 184
-13.587 -2.443 1.469 184
-13.782 -2.441 1.455 178
-13.588 -2.443 1.467 182
-13.725 -2.442 1.527 180
-13.440 -2.443 1.399 184
-13.628 -2.442 1.449 185
-13.549 -2.444 1.494 184
-13.697 -2.439 1.293 167
-13.535 -2.443 1.437 188
-13.470 -2.442 1.337 181
-13.799 -2.442 1.553 181
-13.486 -2.442 1.373 189
-13.787 -2.440 1.400 179
-13.757 -2.445 1.712 189
-13.783 -2.441 1.439 178
-13.555 -2.443 1.436 186
-13.753 -2.444 1.618 180
-13.810 -2.438 1.291 165
-13.677 -2.444 1.591 143
-13.431 -2.443 1.407 184
-13.712 -2.443 1.572 169
-13.716 -2.445 1.697 187
-13.493 -2.442 1.355 187
-13.807 -2.438 1.311 149
-13.476 -2.442 1.341 179
-13.727 -2.445 1.654 182
-13.808 -2.445 1.728 154
-13.738 -2.439 1.311 179
-13.713 -2.443 1.564 167
-13.564 -2.441 1.332 179
-13.768 -2.439 1.311 185
-13.802 -2.439 1.365 162
-13.719 -2.441 1.401 192
-13.758 -2.440 1.378 178
-13.677 -2.444 1.582 137
-13.603 -2.443 1.517 177
-13.809 -2.440 1.448 163
-13.662 -2.440 1.356 193
-13.788 -2.440 1.390 180
-13.772 -2.444 1.643 181
-13.780 -2.440 1.379 180
-13.597 -2.441 1.371 187
-13.751 -2.442 1.497 179
-13.745 -2.441 1.446 178
-13.379 -2.443 1.361 148
-13.745 -2.441 1.459 177
-13.718 -2.439 1.323 182
-13.490 -2.443 1.460 184
-13.676 -2.443 1.547 145
-13.598 -2.443 1.461 173
-13.568 -2.441 1.333 180
-13.595 -2.440 1.308 190
-13.550 -2.444 1.525 164
-13.661 -2.442 1.445 198
-13.590 -2.444 1.551 194
-13.474 -2.444 1.455 186
-13.774 -2.438 1.299 173
-13.692 -2.444 1.619 136
-13.786 -2.438 1.291 166
-13.779 -2.443 1.597 179
-13.469 -2.443 1.441 185
-13.586 -2.443 1.500 184
-13.678 -2.442 1.454 146
-13.476 -2.443 1.441 189
-13.774 -2.440 1.428 178
-13.455 -2.443 1.438 184
-13.447 -2.443 1.421 186
-13.561 -2.443 1.454 190
-13.645 -2.440 1.310 187
-13.747 -2.439 1.345 181
-13.442 -2.443 1.399 184
-13.759 -2.441 1.457 178
-13.493 -2.442 1.340 181
-13.807 -2.440 1.444 159
-13.562 -2.441 1.348 181
-13.551 -2.441 1.325 177
-13.639 -2.441 1.405 183
-13.718 -2.445 1.666 136
-13.779 -2.445 1.744 187
-13.518 -2.442 1.367 187
-13.750 -2.446 1.748 188
-13.608 -2.443 1.476 178
-13.653 -2.441 1.368 187
-13.676 -2.445 1.630 165
-13.621 -2.443 1.501 177
-13.821 -2.444 1.684 158
-13.719 -2.444 1.602 166
-13.608 -2.442 1.434 194
-13.454 -2.443 1.395 186
-13.542 -2.441 1.318 181
-13.761 -2.441 1.476 179
-13.764 -2.444 1.618 181
-13.690 -2.443 1.519 135
-13.628 -2.440 1.339 180
-13.699 -2.443 1.559 164
-13.400 -2.443 1.369 166
-13.499 -2.442 1.390 189
-13.740 -2.441 1.424 188
-13.797 -2.440 1.422 185
-13.760 -2.444 1.656 181
-13.577 -2.443 1.446 195
-13.527 -2.444 1.485 177
-13.384 -2.443 1.354 136
-13.794 -2.440 1.414 188
-13.552 -2.444 1.505 181
-13.822 -2.438 1.320 154
-13.525 -2.443 1.474 174
-13.813 -2.443 1.633 161
-13.808 -2.443 1.573 160
-13.729 -2.441 1.417 188
-13.817 -2.439 1.346 162
-13.754 -2.445 1.674 183
-13.732 -2.440 1.345 192
-13.497 -2.443 1.406 190
-13.638 -2.442 1.441 200
-13.690 -2.442 1.464 144
-13.744 -2.444 1.622 176
-13.658 -2.444 1.582 133
-13.713 -2.443 1.535 154
-13.467 -2.443 1.387 184
-13.814 -2.438 1.311 160
-13.679 -2.444 1.574 156
-13.750 -2.439 1.337 181
-13.576 -2.443 1.471 186
-13.571 -2.442 1.388 184
-13.499 -2.443 1.458 181
-13.522 -2.441 1.330 181
-13.804 -2.444 1.636 157
-13.767 -2.440 1.388 180
-13.656 -2.444 1.612 171
-13.764 -2.440 1.371 180
-13.821 -2.438 1.310 145
-13.656 -2.440 1.347 193
-13.686 -2.443 1.551 144
-13.684 -2.441 1.411 186
-13.791 -2.441 1.456 183
-13.512 -2.441 1.343 180
-13.765 -2.441 1.472 179
-13.559 -2.441 1.368 186
-13.699 -2.439 1.312 184
-13.758 -2.440 1.361 178
-13.733 -2.441 1.423 189
-13.716 -2.445 1.707 192
-13.543 -2.444 1.509 177
-13.717 -2.440 1.386 193
-13.647 -2.441 1.381 188
-13.665 -2.443 1.546 166
-13.813 -2.443 1.607 155
-13.521 -2.441 1.320 183
-13.727 -2.440 1.392 193
-13.591 -2.441 1.368 186
-13.655 -2.443 1.504 144
-13.731 -2.444 1.626 180
-13.536 -2.441 1.333 180
-13.620 -2.444 1.541 176
-13.726 -2.443 1.570 185
-13.725 -2.439 1.322 179
-13.782 -2.446 1.747 188
-13.622 -2.443 1.478 178
-13.712 -2.440 1.363 191
-13.787 -2.440 1.379 183
-13.504 -2.443 1.433 185
-13.696 -2.440 1.372 182
-13.639 -2.442 1.471 181
-13.594 -2.443 1.461 181
-13.632 -2.443 1.488 179
-13.600 -2.445 1.588 157
-13.480 -2.443 1.416 189
-13.777 -2.439 1.308 189
-13.525 -2.442 1.359 186
-13.719 -2.444 1.594 169
-13.763 -2.444 1.637 182
-13.794 -2.440 1.399 182
-13.673 -2.443 1.510 139
-13.693 -2.445 1.674 153
-13.731 -2.442 1.473 185
-13.750 -2.445 1.696 182
-13.733 -2.442 1.473 185
-13.800 -2.442 1.567 163
-13.687 -2.445 1.637 161
-13.701 -2.441 1.443 199
-13.748 -2.444 1.610 178
-13.500 -2.442 1.378 190
-13.636 -2.442 1.423 198
-13.659 -2.444 1.556 147
-13.502 -2.443 1.406 190
-13.721 -2.444 1.588 168
-13.796 -2.439 1.334 185
-13.771 -2.445 1.708 190
-13.741 -2.443 1.566 178
-13.694 -2.442 1.498 140
-13.687 -2.443 1.559 143
-13.756 -2.443 1.598 181
-13.684 -2.441 1.419 189
-13.773 -2.446 1.766 188
-13.775 -2.439 1.346 178
-13.573 -2.444 1.523 182
-13.678 -2.440 1.336 192
-13.697 -2.441 1.435 192
-13.778 -2.438 1.301 181
-13.421 -2.443 1.386 184
-13.581 -2.443 1.477 186
-13.773 -2.442 1.529 177
-13.826 -2.443 1.619 174
-13.794 -2.442 1.562 181
-13.667 -2.444 1.592 136
-13.822 -2.443 1.594 165
-13.734 -2.445 1.671 179
-13.388 -2.443 1.366 138
-13.766 -2.445 1.685 180
-13.694 -2.441 1.394 192
-13.795 -2.440 1.408 191
-13.628 -2.441 1.371 186
-13.619 -2.442 1.429 198
-13.648 -2.442 1.453 172
-13.526 -2.441 1.340 180
-13.645 -2.440 1.304 149
-13.821 -2.440 1.444 168
-13.557 -2.443 1.447 195
-13.819 -2.439 1.376 163
-13.736 -2.443 1.536 177
-13.784 -2.440 1.374 183
-13.659 -2.441 1.411 185
-13.750 -2.440 1.393 189
-13.583 -2.443 1.470 187
-13.728 -2.443 1.584 188
-13.776 -2.445 1.710 191
-13.676 -2.442 1.460 136
-13.675 -2.445 1.631 165
-13.769 -2.438 1.294 165
-13.578 -2.444 1.545 139
-13.818 -2.443 1.589 160
-13.558 -2.441 1.373 187
-13.481 -2.442 1.383 188
-13.464 -2.444 1.457 183
-13.657 -2.441 1.393 193
-13.698 -2.444 1.587 173
-13.827 -2.441 1.486 183
-13.533 -2.443 1.436 188
-13.498 -2.443 1.418 189
-13.687 -2.439 1.309 187
-13.828 -2.442 1.547 178
-13.405 -2.443 1.371 155
-13.496 -2.441 1.325 180
-13.747 -2.442 1.538 175
-13.548 -2.444 1.504 179
-13.803 -2.441 1.474 156
-13.493 -2.442 1.352 185
-13.600 -2.441 1.335 180
-13.745 -2.445 1.672 177
-13.679 -2.440 1.334 190
-13.761 -2.445 1.704 191
-13.788 -2.443 1.611 182
-13.759 -2.440 1.418 188
-13.727 -2.445 1.685 185
-13.675 -2.444 1.624 156
-13.701 -2.442 1.456 135
-13.645 -2.440 1.342 193
-13.653 -2.445 1.635 169
-13.623 -2.441 1.388 196
-13.789 -2.444 1.628 176
-13.462 -2.443 1.432 184
-13.752 -2.439 1.338 177
-13.732 -2.444 1.651 184
-13.556 -2.444 1.527 156
-13.542 -2.443 1.440 188
-13.695 -2.442 1.458 138
-13.625 -2.443 1.504 178
-13.667 -2.440 1.339 192
-13.605 -2.444 1.544 158
-13.772 -2.443 1.556 179
-13.739 -2.439 1.333 189
-13.581 -2.441 1.330 179
-13.796 -2.438 1.300 183
-13.676 -2.439 1.301 183
-13.787 -2.442 1.530 175
-13.627 -2.442 1.471 174
-13.649 -2.440 1.333 190
-13.557 -2.443 1.496 184
-13.814 -2.442 1.555 162
-13.428 -2.442 1.341 183
-13.784 -2.442 1.553 179
-13.775 -2.445 1.689 180
-13.771 -2.445 1.687 180
-13.636 -2.444 1.596 161
-13.578 -2.443 1.476 184
-13.665 -2.444 1.599 136
-13.656 -2.443 1.548 157
-13.704 -2.442 1.514 161
-13.620 -2.442 1.424 198
-13.660 -2.442 1.468 142
-13.731 -2.444 1.653 184
-13.609 -2.442 1.418 188
-13.545 -2.443 1.435 185
-13.571 -2.443 1.490 179
-13.821 -2.443 1.600 163
-13.519 -2.441 1.348 182
-13.742 -2.444 1.638 177
-13.683 -2.443 1.561 146
-13.720 -2.443 1.574 169
-13.787 -2.443 1.599 180
-13.620 -2.443 1.485 184
-13.690 -2.441 1.394 193
-13.678 -2.441 1.412 186
-13.779 -2.445 1.743 188
-13.703 -2.441 1.413 185
-13.653 -2.442 1.459 169
-13.622 -2.440 1.314 188
-13.542 -2.441 1.320 181
-13.680 -2.444 1.586 144
-13.721 -2.442 1.473 136
-13.478 -2.442 1.380 188
-13.759 -2.440 1.359 177
-13.488 -2.443 1.398 190
-13.479 -2.442 1.371 189
-13.804 -2.440 1.388 165
-13.666 -2.445 1.622 165
-13.793 -2.444 1.648 182
-13.743 -2.441 1.431 184
-13.737 -2.441 1.435 181
-13.616 -2.443 1.513 175
-13.479 -2.443 1.401 189
-13.622 -2.441 1.387 187
-13.806 -2.438 1.320 146
-13.486 -2.442 1.348 182
-13.518 -2.443 1.443 193
-13.675 -2.445 1.647 168
-13.767 -2.439 1.344 181
-13.396 -2.443 1.369 168
-13.738 -2.445 1.717 192
-13.414 -2.443 1.384 191
-13.595 -2.441 1.331 181
-13.553 -2.441 1.354 184
-13.768 -2.446 1.746 188
-13.478 -2.443 1.394 187
-13.526 -2.444 1.520 178
-13.780 -2.441 1.441 179
-13.709 -2.442 1.507 163
-13.756 -2.442 1.522 175
-13.794 -2.442 1.516 181
-13.662 -2.443 1.505 130
-13.523 -2.442 1.379 188
-13.474 -2.443 1.415 186
-13.819 -2.439 1.365 163
-13.719 -2.443 1.540 172
-13.495 -2.444 1.481 184
-13.693 -2.445 1.665 140
-13.749 -2.445 1.721 191
-13.748 -2.440 1.389 190
-13.606 -2.443 1.481 174
-13.754 -2.445 1.727 187
-13.821 -2.443 1.635 162
-13.798 -2.444 1.669 174
-13.772 -2.442 1.529 178
-13.691 -2.440 1.363 190
-13.553 -2.443 1.487 180
-13.624 -2.440 1.335 183
-13.624 -2.445 1.613 172
-13.768 -2.442 1.539 180
-13.739 -2.442 1.506 173
-13.824 -2.442 1.578 178
-13.743 -2.445 1.673 178
-13.490 -2.444 1.467 184
-13.490 -2.442 1.381 189
-13.757 -2.443 1.598 181
-13.768 -2.443 1.607 185
-13.630 -2.444 1.564 132
-13.644 -2.440 1.347 190
-13.541 -2.441 1.335 180
-13.770 -2.439 1.312 180
-13.628 -2.441 1.391 197
-13.676 -2.445 1.633 166
-13.484 -2.443 1.457 192
-13.473 -2.443 1.417 186
-13.801 -2.444 1.680 167
-13.792 -2.444 1.660 184
-13.670 -2.442 1.475 138
-13.673 -2.441 1.394 192
-13.807 -2.441 1.498 161
-13.753 -2.444 1.641 178
-13.620 -2.444 1.545 173
-13.653 -2.442 1.449 185
-13.829 -2.439 1.365 179
-13.546 -2.444 1.496 183
-13.592 -2.442 1.438 184
-13.760 -2.446 1.754 187
-13.488 -2.444 1.474 187
-13.523 -2.443 1.454 187
-13.643 -2.445 1.611 175
-13.534 -2.441 1.336 180
-13.792 -2.438 1.288 161
-13.794 -2.440 1.385 182
-13.454 -2.442 1.374 186
-13.612 -2.444 1.528 173
-13.730 -2.442 1.473 185
-13.782 -2.445 1.699 190
-13.692 -2.445 1.663 140
-13.675 -2.444 1.619 146
-13.373 -2.443 1.350 187
-13.783 -2.441 1.437 179
-13.811 -2.440 1.402 161
-13.784 -2.442 1.525 173
-13.821 -2.438 1.310 145
-13.791 -2.438 1.312 184
-13.693 -2.445 1.671 131
-13.608 -2.444 1.535 174
-13.737 -2.444 1.597 179
-13.657 -2.440 1.332 190
-13.709 -2.439 1.290 166
-13.743 -2.442 1.485 177
-13.772 -2.442 1.521 179
-13.758 -2.445 1.691 180
-13.597 -2.441 1.344 180
-13.594 -2.442 1.413 183
-13.653 -2.445 1.647 172
-13.571 -2.443 1.474 182
-13.621 -2.444 1.550 153
-13.626 -2.444 1.584 137
-13.753 -2.442 1.526 175
-13.441 -2.442 1.345 180
-13.658 -2.445 1.620 168
-13.736 -2.443 1.576 179
-13.586 -2.444 1.574 118
-13.594 -2.443 1.501 206
-13.708 -2.440 1.387 189
-13.768 -2.442 1.527 177
-13.701 -2.441 1.395 191
-13.672 -2.444 1.591 136
-13.719 -2.443 1.560 174
-13.726 -2.443 1.538 185
-13.769 -2.442 1.496 180
-13.767 -2.445 1.723 185
-13.452 -2.443 1.386 184
-13.615 -2.444 1.544 170
-13.752 -2.443 1.549 178
-13.789 -2.443 1.583 181
-13.647 -2.443 1.537 171
-13.782 -2.443 1.574 176
-13.609 -2.443 1.494 172
-13.660 -2.442 1.438 204
-13.463 -2.442 1.332 185
-13.824 -2.442 1.554 171
-13.638 -2.444 1.556 144
-13.529 -2.442 1.401 189
-13.733 -2.442 1.477 179
-13.805 -2.441 1.448 151
-13.803 -2.442 1.512 162
-13.724 -2.442 1.501 179
-13.790 -2.441 1.480 180
-13.806 -2.444 1.649 153
-13.532 -2.441 1.350 184
-13.744 -2.440 1.410 186
-13.582 -2.440 1.313 191
-13.435 -2.443 1.373 185
-13.694 -2.440 1.329 182
-13.688 -2.443 1.507 137
-13.613 -2.443 1.528 173
-13.746 -2.444 1.637 175
-13.783 -2.443 1.575 176
-13.732 -2.443 1.541 183
-13.732 -2.440 1.387 192
-13.461 -2.444 1.454 183
-13.603 -2.443 1.481 181
-13.707 -2.441 1.452 136
-13.542 -2.444 1.499 182
-13.809 -2.441 1.471 165
-13.703 -2.443 1.556 167
-13.728 -2.443 1.574 181
-13.721 -2.440 1.343 192
-13.751 -2.439 1.336 180
-13.449 -2.443 1.383 184
-13.760 -2.446 1.738 193
-13.756 -2.442 1.504 176
-13.519 -2.443 1.432 184
-13.668 -2.440 1.358 193
-13.529 -2.442 1.365 187
-13.743 -2.441 1.437 181
-13.702 -2.445 1.658 138
-13.668 -2.442 1.473 139
-13.823 -2.440 1.414 179
-13.797 -2.439 1.352 193
-13.787 -2.444 1.630 174
-13.679 -2.442 1.448 176
-13.506 -2.443 1.450 195
-13.561 -2.444 1.536 148
-13.417 -2.443 1.382 189
-13.686 -2.441 1.401 192
-13.641 -2.444 1.571 146
-13.610 -2.443 1.476 178
-13.558 -2.441 1.353 183
-13.439 -2.442 1.366 185
-13.663 -2.443 1.540 164
-13.777 -2.443 1.617 179
-13.475 -2.442 1.333 180
-13.486 -2.444 1.466 189
-13.674 -2.444 1.596 140
-13.573 -2.443 1.464 177
-13.463 -2.443 1.431 184
-13.756 -2.443 1.566 178
-13.706 -2.439 1.309 187
-13.691 -2.443 1.547 144
-13.439 -2.443 1.415 184
-13.434 -2.443 1.391 184
-13.779 -2.443 1.567 177
-13.732 -2.441 1.463 186
-13.731 -2.442 1.494 181
-13.807 -2.439 1.368 149
-13.490 -2.443 1.425 185
-13.609 -2.443 1.516 170
-13.805 -2.438 1.314 165
-13.804 -2.438 1.299 165
-13.788 -2.445 1.722 194
-13.679 -2.442 1.466 142
-13.783 -2.441 1.457 179
-13.733 -2.444 1.600 178
-13.738 -2.445 1.667 182
-13.781 -2.442 1.555 176
-13.734 -2.444 1.638 177
-13.764 -2.445 1.705 192
-13.725 -2.439 1.324 180
-13.737 -2.441 1.449 175
-13.603 -2.444 1.572 124
-13.432 -2.442 1.341 180
-13.472 -2.443 1.442 188
-13.761 -2.438 1.294 168
-13.645 -2.445 1.630 168
-13.736 -2.438 1.282 157
-13.562 -2.441 1.366 186
-13.715 -2.442 1.504 149
-13.583 -2.441 1.339 179
-13.742 -2.444 1.633 174
-13.696 -2.440 1.355 191
-13.779 -2.439 1.345 181
-13.507 -2.443 1.420 188
-13.678 -2.445 1.675 159
-13.783 -2.441 1.437 179
-13.558 -2.441 1.370 186
-13.799 -2.438 1.300 183
-13.683 -2.440 1.361 192
-13.600 -2.441 1.360 186
-13.488 -2.441 1.327 177
-13.706 -2.443 1.557 172
-13.489 -2.443 1.460 187
-13.730 -2.440 1.401 191
-13.811 -2.441 1.509 168
-13.804 -2.446 1.790 150
-13.820 -2.445 1.764 153
-13.828 -2.444 1.744 172
-13.806 -2.445 1.762 157
-13.828 -2.445 1.778 174
-13.824 -2.444 1.699 166
-13.815 -2.445 1.714 151
-13.829 -2.445 1.778 174
-13.803 -2.446 1.777 161
-13.818 -2.445 1.784 161
-13.825 -2.445 1.753 172
-13.793 -2.446 1.779 205
-13.810 -2.445 1.780 159
-13.796 -2.446 1.768 193
-13.827 -2.444 1.666 184
-13.820 -2.445 1.772 160
-13.827 -2.444 1.721 179
-13.829 -2.444 1.735 175
-13.804 -2.445 1.766 151
-13.815 -2.445 1.787 162
-13.800 -2.446 1.772 166
-13.810 -2.445 1.784 161
-13.794 -2.446 1.775 204
-13.829 -2.445 1.785 177
-13.794 -2.446 1.788 192
-13.810 -2.445 1.785 161
-13.823 -2.444 1.722 182
-13.818 -2.444 1.703 154
-13.804 -2.445 1.811 155
-13.826 -2.445 1.799 176
-13.795 -2.446 1.800 192
-13.804 -2.445 1.810 155
-13.823 -2.444 1.817 167
-13.829 -2.444 1.807 180
-13.823 -2.444 1.814 175
-13.827 -2.444 1.818 181
-13.797 -2.445 1.817 155
