-11.742 -3.790 0.611 53
-11.728 -3.436 0.682 54
-11.759 -3.273 0.761 160
-11.745 -3.333 0.734 91
-11.725 -3.449 0.675 67
-11.766 -3.355 0.702 95
-11.770 -3.268 0.755 158
-11.751 -3.504 0.618 62
-11.722 -3.357 0.738 101
-11.742 -3.455 0.657 35
-11.776 -3.268 0.750 156
-11.760 -3.414 0.668 62
-11.741 -3.575 0.580 77
-11.732 -3.442 0.674 55
-11.741 -3.320 0.746 109
-11.740 -3.360 0.721 40
-11.753 -3.375 0.700 107
-11.749 -3.577 0.571 70
-11.762 -3.365 0.699 103
-11.727 -3.321 0.757 84
-11.747 -3.512 0.615 63
-11.740 -3.431 0.674 71
-11.750 -3.425 0.670 62
-11.747 -3.536 0.600 63
-11.746 -3.439 0.664 67
-11.745 -3.315 0.746 115
-11.725 -3.383 0.718 76
-11.734 -3.455 0.664 64
-11.739 -3.546 0.600 49
-11.738 -3.292 0.767 170
-11.730 -3.501 0.637 102
-11.748 -3.386 0.696 82
-11.725 -3.448 0.676 67
-11.717 -3.388 0.722 71
-11.761 -3.358 0.704 98
-11.767 -3.386 0.681 104
-11.762 -3.304 0.738 79
-11.748 -3.606 0.554 143
-11.743 -3.410 0.685 84
-11.749 -3.469 0.642 68
-11.760 -3.321 0.729 83
-11.752 -3.377 0.700 107
-11.740 -3.460 0.655 33
-11.745 -3.533 0.603 60
-11.744 -3.284 0.767 163
-11.724 -3.437 0.684 43
-11.748 -3.410 0.681 73
-11.726 -3.316 0.761 92
-11.768 -3.361 0.696 93
-11.759 -3.374 0.695 111
-11.767 -3.368 0.693 104
-11.729 -3.332 0.748 100
-11.772 -3.302 0.731 68
-11.761 -3.296 0.745 85
-11.758 -3.347 0.714 86
-11.742 -3.309 0.752 114
-11.744 -3.306 0.753 108
-11.727 -3.422 0.692 73
-11.718 -3.373 0.731 67
-11.747 -3.337 0.729 53
-11.777 -3.261 0.754 162
-11.756 -3.393 0.686 108
-11.727 -3.383 0.717 68
-11.743 -3.578 0.575 87
-11.715 -3.305 0.778 72
-11.722 -3.377 0.725 94
-11.727 -3.317 0.760 92
-11.740 -3.557 0.592 43
-11.736 -3.295 0.766 166
-11.749 -3.396 0.689 60
-11.746 -3.575 0.576 93
-11.753 -3.287 0.757 162
-11.734 -3.401 0.699 90
-11.771 -3.303 0.731 68
-11.754 -3.528 0.599 53
-11.745 -3.484 0.635 73
-11.753 -3.373 0.701 107
-11.761 -3.286 0.751 152
-11.723 -3.342 0.746 111
-11.757 -3.395 0.683 77
-11.767 -3.390 0.679 102
-11.753 -3.545 0.589 52
-11.741 -3.551 0.595 51
-11.743 -3.311 0.750 107
-11.742 -3.480 0.640 66
-11.754 -3.488 0.625 78
-11.751 -3.314 0.741 56
-11.740 -3.306 0.755 86
-11.763 -3.282 0.752 157
-11.751 -3.528 0.602 61
-11.724 -3.414 0.699 81
-11.750 -3.548 0.590 45
-11.752 -3.537 0.595 56
-11.736 -3.470 0.652 64
-11.740 -3.434 0.672 68
-11.755 -3.380 0.694 103
-11.737 -3.333 0.741 70
-11.765 -3.326 0.722 92
-11.759 -3.274 0.760 159
-11.756 -3.487 0.624 81
-11.762 -3.426 0.659 57
-11.710 -3.326 0.769 96
-11.748 -3.321 0.739 89
-11.750 -3.402 0.685 71
-11.746 -3.617 0.548 113
-11.768 -3.284 0.747 156
-11.740 -3.378 0.709 88
-11.737 -3.322 0.748 99
-11.739 -3.392 0.700 69
-11.762 -3.391 0.682 94
-11.726 -3.383 0.717 68
-11.747 -3.356 0.717 77
-11.747 -3.314 0.745 111
-11.719 -3.386 0.722 61
-11.726 -3.328 0.754 83
-11.763 -3.353 0.705 88
-11.730 -3.343 0.740 107
-11.746 -3.450 0.656 65
-11.729 -3.345 0.739 107
-11.744 -3.312 0.748 112
-11.753 -3.420 0.671 65
-11.756 -3.277 0.761 161
-11.737 -3.521 0.618 63
-11.747 -3.386 0.698 87
-11.742 -3.339 0.733 57
-11.771 -3.266 0.756 159
-11.753 -3.352 0.714 89
-11.749 -3.539 0.596 58
-11.752 -3.459 0.646 74
-11.756 -3.299 0.747 76
-11.774 -3.291 0.736 161
-11.766 -3.370 0.692 104
-11.757 -3.430 0.661 64
-11.764 -3.400 0.674 105
-11.761 -3.442 0.649 71
-11.739 -3.494 0.634 55
-11.754 -3.476 0.633 89
-11.742 -3.431 0.672 57
-11.747 -3.352 0.720 85
-11.743 -3.561 0.587 71
-11.729 -3.371 0.723 44
-11.748 -3.494 0.626 49
-11.760 -3.403 0.675 84
-11.733 -3.435 0.678 51
-11.765 -3.411 0.666 44
-11.759 -3.303 0.741 71
-11.774 -3.288 0.738 160
-11.738 -3.541 0.604 57
-11.749 -3.502 0.621 68
-11.739 -3.468 0.651 69
-11.733 -3.390 0.707 71
-11.744 -3.453 0.657 35
-11.755 -3.302 0.745 59
-11.739 -3.512 0.622 60
-11.756 -3.312 0.738 95
-11.752 -3.433 0.663 60
-11.746 -3.552 0.591 51
-11.735 -3.299 0.764 99
-11.734 -3.380 0.713 61
-11.712 -3.308 0.778 72
-11.730 -3.377 0.718 54
-11.728 -3.446 0.675 61
-11.748 -3.600 0.557 153
-11.740 -3.523 0.614 70
-11.729 -3.328 0.750 103
-11.733 -3.486 0.644 45
-11.723 -3.373 0.727 75
-11.741 -3.318 0.747 109
-11.740 -3.437 0.670 54
-11.725 -3.445 0.678 54
-11.771 -3.303 0.731 68
-11.742 -3.362 0.718 45
-11.757 -3.386 0.689 112
-11.765 -3.389 0.680 104
-11.742 -3.512 0.620 71
-11.741 -3.470 0.648 59
-11.759 -3.475 0.629 87
-11.757 -3.282 0.757 159
-11.765 -3.287 0.747 163
-11.722 -3.376 0.725 94
-11.740 -3.459 0.656 33
-11.752 -3.281 0.762 163
-11.733 -3.454 0.666 47
-11.743 -3.314 0.748 108
-11.763 -3.411 0.668 47
-11.747 -3.443 0.660 64
-11.752 -3.454 0.649 70
-11.735 -3.550 0.601 55
-11.748 -3.526 0.605 64
-11.761 -3.292 0.747 146
-11.702 -3.484 0.692 79
-11.666 -3.512 0.735 41
-11.659 -3.484 0.762 103
-11.676 -3.455 0.751 71
-11.693 -3.576 0.655 95
-11.669 -3.538 0.715 68
-11.684 -3.536 0.693 90
-11.692 -3.392 0.761 67
-11.693 -3.369 0.771 61
-11.726 -3.601 0.586 63
-11.713 -3.412 0.714 65
-11.721 -3.521 0.640 95
-11.685 -3.412 0.760 64
-11.664 -3.508 0.741 106
-11.691 -3.439 0.735 73
-11.685 -3.467 0.730 80
-11.713 -3.487 0.673 82
-11.685 -3.535 0.692 90
-11.722 -3.567 0.613 33
-11.712 -3.450 0.695 66
-11.711 -3.586 0.620 88
-11.640 -3.543 0.761 98
-11.715 -3.602 0.605 68
-11.735 -3.571 0.590 89
-11.690 -3.514 0.694 104
-11.715 -3.395 0.722 60
-11.706 -3.314 0.780 95
-11.728 -3.621 0.573 84
-11.732 -3.606 0.575 77
-11.691 -3.422 0.745 63
-11.700 -3.359 0.766 90
-11.699 -3.341 0.777 119
-11.690 -3.489 0.709 107
-11.661 -3.496 0.753 109
-11.696 -3.357 0.774 96
-11.710 -3.566 0.634 106
-11.667 -3.459 0.763 67
-11.701 -3.352 0.769 112
-11.701 -3.527 0.670 83
-11.721 -3.594 0.600 73
-11.710 -3.335 0.763 113
-11.708 -3.475 0.688 106
-11.684 -3.540 0.691 71
-11.682 -3.549 0.687 87
-11.672 -3.483 0.742 46
-11.703 -3.461 0.704 94
-11.681 -3.448 0.747 95
-11.707 -3.474 0.690 107
-11.700 -3.407 0.740 63
-11.691 -3.391 0.763 67
-11.681 -3.449 0.747 107
-11.681 -3.462 0.739 66
-11.713 -3.499 0.666 105
-11.682 -3.497 0.717 105
-11.688 -3.426 0.747 61
-11.701 -3.378 0.753 46
-11.674 -3.512 0.722 89
-11.704 -3.394 0.740 49
-11.677 -3.557 0.691 66
-11.645 -3.549 0.749 75
-11.660 -3.529 0.736 72
-11.696 -3.548 0.667 80
-11.683 -3.537 0.693 78
-11.704 -3.528 0.664 101
-11.697 -3.460 0.715 102
-11.666 -3.448 0.772 66
-11.681 -3.546 0.691 67
-11.695 -3.482 0.705 105
-11.734 -3.546 0.604 54
-11.704 -3.546 0.654 105
-11.707 -3.517 0.665 125
-11.656 -3.522 0.746 68
-11.663 -3.507 0.743 117
-11.682 -3.432 0.754 74
-11.668 -3.527 0.724 103
-11.656 -3.520 0.748 77
-11.696 -3.401 0.748 74
-11.734 -3.551 0.602 48
-11.734 -3.585 0.583 76
-11.715 -3.565 0.626 59
-11.733 -3.568 0.594 67
-11.682 -3.515 0.707 110
-11.738 -3.608 0.563 64
-11.702 -3.491 0.687 87
-11.716 -3.399 0.718 66
-11.717 -3.555 0.627 62
-11.702 -3.391 0.744 67
-11.646 -3.521 0.763 102
-11.660 -3.483 0.762 103
-11.685 -3.442 0.743 80
-11.728 -3.568 0.603 59
-11.655 -3.507 0.757 115
-11.709 -3.443 0.703 69
-11.677 -3.417 0.771 66
-11.642 -3.545 0.756 77
-11.678 -3.573 0.681 46
-11.669 -3.544 0.712 79
-11.698 -3.340 0.779 112
-11.725 -3.507 0.642 94
-11.683 -3.418 0.760 62
-11.697 -3.362 0.769 69
-11.722 -3.507 0.646 109
-11.696 -3.416 0.741 58
-11.649 -3.505 0.766 81
-11.715 -3.469 0.679 83
-11.671 -3.485 0.743 34
-11.710 -3.479 0.683 100
-11.724 -3.520 0.636 99
-11.642 -3.533 0.762 76
-11.716 -3.440 0.694 35
-11.709 -3.557 0.639 98
-11.707 -3.444 0.707 66
-11.711 -3.491 0.674 87
-11.671 -3.558 0.701 68
-11.721 -3.459 0.676 65
-11.709 -3.477 0.685 105
-11.696 -3.479 0.705 107
-11.701 -3.433 0.723 34
-11.667 -3.560 0.707 70
-11.659 -3.518 0.743 69
-11.657 -3.526 0.742 72
-11.722 -3.505 0.647 106
-11.727 -3.498 0.643 97
-11.694 -3.555 0.665 41
-11.677 -3.472 0.740 63
-11.725 -3.591 0.594 49
-11.691 -3.478 0.713 100
-11.720 -3.531 0.635 104
-11.672 -3.523 0.720 109
-11.687 -3.507 0.705 112
-11.697 -3.475 0.705 104
-11.680 -3.457 0.743 72
-11.686 -3.553 0.680 72
-11.736 -3.579 0.583 77
-11.676 -3.525 0.712 108
-11.731 -3.619 0.569 88
-11.736 -3.604 0.568 89
-11.728 -3.558 0.608 86
-11.675 -3.507 0.724 86
-11.694 -3.466 0.715 98
-11.645 -3.515 0.769 107
-11.734 -3.543 0.607 54
-11.677 -3.546 0.698 74
-11.692 -3.568 0.661 106
-11.653 -3.502 0.762 80
-11.740 -3.619 0.554 107
-11.706 -3.427 0.717 72
-11.699 -3.480 0.699 104
-11.712 -3.486 0.674 88
-11.685 -3.467 0.729 80
-11.683 -3.471 0.730 80
-11.683 -3.433 0.751 76
-11.721 -3.535 0.632 104
-11.670 -3.510 0.730 120
-11.686 -3.427 0.750 63
-11.715 -3.464 0.682 67
-11.723 -3.517 0.639 98
-11.727 -3.538 0.620 73
-11.675 -3.520 0.717 110
-11.679 -3.404 0.775 61
-11.703 -3.487 0.688 84
-11.707 -3.446 0.705 70
-11.735 -3.558 0.597 94
-11.672 -3.476 0.746 56
-11.730 -3.566 0.600 43
-11.693 -3.582 0.651 64
-11.680 -3.508 0.715 104
-11.711 -3.412 0.719 64
-11.657 -3.504 0.755 83
-11.710 -3.515 0.661 106
-11.666 -3.542 0.719 51
-11.658 -3.470 0.772 48
-11.651 -3.512 0.759 97
-11.698 -3.345 0.778 112
-11.687 -3.490 0.713 113
-11.731 -3.551 0.606 69
-11.706 -3.595 0.624 92
-11.662 -3.535 0.728 85
-11.712 -3.555 0.636 97
-11.737 -3.603 0.568 87
-11.665 -3.507 0.740 106
-11.677 -3.567 0.686 67
-11.647 -3.541 0.749 103
-11.684 -3.454 0.739 76
-11.652 -3.515 0.756 76
-11.725 -3.598 0.590 60
-11.698 -3.393 0.750 73
-11.671 -3.551 0.706 70
-11.706 -3.349 0.762 109
-11.711 -3.343 0.756 115
-11.688 -3.504 0.704 90
-11.673 -3.445 0.762 105
-11.708 -3.501 0.672 85
-11.703 -3.566 0.645 58
-11.727 -3.596 0.588 61
-11.679 -3.495 0.723 90
-11.684 -3.580 0.668 44
-11.709 -3.478 0.684 105
-11.702 -3.373 0.754 52
-11.705 -3.381 0.745 64
-11.732 -3.621 0.567 88
-11.730 -3.585 0.589 88
-11.706 -3.418 0.723 46
-11.705 -3.439 0.714 50
-11.725 -3.482 0.655 80
-11.705 -3.465 0.697 103
-11.706 -3.442 0.710 37
-11.652 -3.497 0.767 54
-11.704 -3.422 0.724 38
-11.689 -3.493 0.709 99
-11.680 -3.477 0.732 76
-11.663 -3.456 0.771 62
-11.655 -3.555 0.728 111
-11.685 -3.495 0.714 104
-11.688 -3.478 0.719 102
-11.667 -3.443 0.773 92
-11.712 -3.564 0.630 94
-11.715 -3.448 0.691 43
-11.687 -3.539 0.686 105
-11.721 -3.600 0.597 64
-11.713 -3.494 0.668 86
-11.689 -3.371 0.778 74
-11.714 -3.454 0.690 70
-11.739 -3.629 0.550 111
-11.669 -3.481 0.748 48
-11.679 -3.549 0.693 65
-11.651 -3.541 0.744 101
-11.713 -3.429 0.705 56
-11.694 -3.426 0.738 63
-11.685 -3.529 0.694 105
-11.683 -3.504 0.712 108
-11.656 -3.484 0.768 95
-11.704 -3.492 0.684 85
-11.725 -3.608 0.584 69
-11.709 -3.510 0.666 101
-11.707 -3.314 0.780 95
-11.695 -3.442 0.727 78
-11.716 -3.456 0.685 69
-11.700 -3.560 0.654 50
-11.651 -3.507 0.762 72
-11.649 -3.515 0.761 97
-11.728 -3.572 0.600 40
-11.695 -3.475 0.708 103
-11.721 -3.563 0.616 36
-11.669 -3.444 0.768 97
-11.685 -3.538 0.689 91
-11.705 -3.533 0.659 110
-11.647 -3.540 0.750 103
-11.740 -3.626 0.550 113
-11.671 -3.482 0.743 48
-11.714 -3.419 0.710 39
-11.705 -3.445 0.709 62
-11.679 -3.539 0.699 67
-11.692 -3.470 0.717 102
-11.663 -3.501 0.747 112
-11.701 -3.576 0.642 108
-11.722 -3.441 0.684 32
-11.713 -3.470 0.682 87
-11.700 -3.358 0.767 90
-11.680 -3.558 0.686 105
-11.674 -3.431 0.768 68
-11.689 -3.402 0.759 58
-11.699 -3.409 0.740 62
-11.708 -3.361 0.751 97
-11.726 -3.529 0.628 61
-11.665 -3.449 0.773 66
-11.694 -3.541 0.673 110
-11.738 -3.612 0.561 76
-11.690 -3.588 0.653 110
-11.714 -3.425 0.706 36
-11.642 -3.544 0.757 77
-11.685 -3.475 0.725 95
-11.709 -3.363 0.749 81
-11.664 -3.491 0.751 60
-11.710 -3.363 0.746 84
-11.733 -3.546 0.606 54
-11.697 -3.473 0.707 101
-11.707 -3.475 0.690 107
-11.697 -3.547 0.666 105
-11.715 -3.463 0.682 67
-11.712 -3.402 0.723 63
-11.678 -3.453 0.749 76
-11.704 -3.559 0.646 103
-11.709 -3.605 0.613 63
-11.714 -3.402 0.718 64
-11.680 -3.506 0.716 104
-11.665 -3.540 0.721 72
-11.694 -3.470 0.712 102
-11.720 -3.445 0.686 33
-11.717 -3.467 0.678 64
-11.683 -3.484 0.723 91
-11.698 -3.435 0.725 62
-11.657 -3.530 0.741 71
-11.698 -3.405 0.742 56
-11.680 -3.510 0.713 103
-11.691 -3.453 0.727 88
-11.730 -3.566 0.600 51
-11.690 -3.428 0.743 61
-11.678 -3.527 0.708 100
-11.648 -3.505 0.768 81
-11.706 -3.417 0.724 46
-11.719 -3.598 0.601 67
-11.675 -3.477 0.739 72
-11.679 -3.448 0.750 95
-11.686 -3.384 0.774 62
-11.700 -3.429 0.726 30
-11.697 -3.564 0.656 69
-11.726 -3.502 0.642 92
-11.687 -3.556 0.676 63
-11.720 -3.457 0.677 62
-11.712 -3.540 0.645 96
-11.709 -3.445 0.703 70
-11.698 -3.536 0.669 94
-11.652 -3.554 0.734 81
-11.651 -3.497 0.768 65
-11.723 -3.585 0.602 81
-11.679 -3.560 0.688 79
-11.683 -3.442 0.747 89
-11.707 -3.535 0.654 108
-11.652 -3.496 0.766 54
-11.717 -3.536 0.639 100
-11.708 -3.509 0.668 97
-11.678 -3.434 0.759 66
-11.680 -3.396 0.777 59
-11.718 -3.547 0.631 109
-11.707 -3.642 0.624 93
-11.707 -3.664 0.629 115
-11.731 -3.626 0.565 93
-11.687 -3.593 0.659 85
-11.740 -3.634 0.546 109
-11.700 -3.615 0.635 56
-11.694 -3.636 0.654 122
-11.670 -3.669 0.717 88
-11.672 -3.678 0.712 96
-11.672 -3.633 0.704 76
-11.699 -3.604 0.635 82
-11.653 -3.581 0.736 105
-11.698 -3.634 0.643 126
-11.678 -3.633 0.691 67
-11.688 -3.625 0.666 127
-11.659 -3.576 0.721 106
-11.731 -3.645 0.570 84
-11.717 -3.651 0.603 86
-11.690 -3.616 0.659 116
-11.675 -3.678 0.706 94
-11.655 -3.609 0.738 79
-11.692 -3.634 0.658 114
-11.698 -3.626 0.643 125
-11.714 -3.642 0.608 97
-11.673 -3.646 0.704 78
-11.722 -3.624 0.587 88
-11.668 -3.694 0.725 51
-11.681 -3.688 0.696 96
-11.709 -3.622 0.615 89
-11.680 -3.633 0.686 116
-11.682 -3.638 0.682 107
-11.676 -3.652 0.699 85
-11.714 -3.625 0.606 91
-11.680 -3.679 0.696 95
-11.673 -3.669 0.710 95
-11.671 -3.592 0.696 84
-11.697 -3.615 0.643 68
-11.697 -3.645 0.649 122
-11.654 -3.626 0.744 70
-11.675 -3.694 0.711 94
-11.648 -3.576 0.746 103
-11.665 -3.678 0.730 72
-11.671 -3.605 0.700 74
-11.676 -3.674 0.703 99
-11.680 -3.620 0.682 107
-11.661 -3.586 0.718 107
-11.684 -3.661 0.682 110
-11.680 -3.665 0.692 102
-11.682 -3.601 0.673 92
-11.694 -3.629 0.651 128
-11.648 -3.591 0.749 109
-11.659 -3.658 0.739 108
-11.685 -3.683 0.684 96
-11.671 -3.608 0.700 66
-11.668 -3.620 0.710 97
-11.661 -3.566 0.714 95
-11.660 -3.649 0.735 107
-11.670 -3.646 0.711 81
-11.684 -3.662 0.683 103
-11.674 -3.627 0.698 73
-11.664 -3.652 0.726 64
-11.665 -3.670 0.729 81
-11.673 -3.634 0.700 79
-11.722 -3.626 0.586 85
-11.690 -3.603 0.655 95
-11.702 -3.659 0.639 117
-11.698 -3.649 0.646 117
-11.733 -3.639 0.565 48
-11.700 -3.662 0.645 116
-11.705 -3.623 0.624 92
-11.677 -3.628 0.691 68
-11.672 -3.581 0.691 74
-11.717 -3.615 0.595 68
-11.668 -3.691 0.727 54
-11.664 -3.589 0.712 69
-11.651 -3.615 0.748 69
-11.683 -3.655 0.682 116
-11.654 -3.628 0.744 70
-11.731 -3.642 0.570 83
-11.668 -3.594 0.704 76
-11.672 -3.619 0.700 72
-11.727 -3.647 0.580 85
-11.703 -3.667 0.640 115
-11.652 -3.604 0.742 109
-11.666 -3.635 0.717 66
-11.689 -3.614 0.660 87
-11.681 -3.634 0.682 110
-11.664 -3.664 0.729 99
-11.733 -3.638 0.564 48
-11.689 -3.627 0.663 120
-11.672 -3.654 0.707 89
-11.692 -3.614 0.653 101
-11.675 -3.582 0.686 76
-11.674 -3.615 0.695 72
-11.654 -3.626 0.743 81
-11.663 -3.633 0.724 70
-11.694 -3.671 0.661 114
-11.703 -3.641 0.634 121
-11.661 -3.631 0.728 116
-11.689 -3.656 0.670 119
-11.699 -3.627 0.641 109
-11.688 -3.645 0.669 118
-11.718 -3.639 0.598 91
-11.691 -3.595 0.652 74
-11.645 -3.566 0.751 103
-11.669 -3.576 0.698 70
-11.695 -3.652 0.656 124
-11.683 -3.663 0.684 101
-11.701 -3.651 0.642 118
-11.706 -3.635 0.625 100
-11.717 -3.642 0.601 86
-11.713 -3.622 0.607 93
-11.662 -3.570 0.712 85
-11.672 -3.625 0.701 76
-11.720 -3.649 0.597 90
-11.639 -3.561 0.764 89
-11.689 -3.676 0.675 101
-11.667 -3.572 0.702 70
-11.672 -3.634 0.703 76
-11.664 -3.576 0.708 66
-11.695 -3.627 0.650 128
-11.666 -3.627 0.717 73
-11.671 -3.692 0.718 90
-11.653 -3.577 0.735 109
-11.649 -3.604 0.750 114
-11.679 -3.599 0.681 33
-11.691 -3.647 0.663 118
-11.724 -3.647 0.588 92
-11.685 -3.598 0.665 72
-11.666 -3.573 0.705 73
-11.662 -3.632 0.725 108
-11.721 -3.636 0.592 88
-11.690 -3.653 0.665 122
-11.655 -3.602 0.736 104
-11.674 -3.603 0.691 69
-11.681 -3.586 0.672 65
-11.706 -3.611 0.621 81
-11.688 -3.616 0.664 61
-11.693 -3.593 0.646 69
-11.695 -3.640 0.653 126
-11.701 -3.633 0.636 116
-11.709 -3.649 0.623 54
-11.702 -3.645 0.637 115
-11.667 -3.695 0.727 51
-11.711 -3.655 0.619 63
-11.662 -3.655 0.731 110
-11.693 -3.618 0.651 97
-11.719 -3.640 0.596 91
-11.725 -3.619 0.579 84
-11.670 -3.603 0.703 73
-11.644 -3.558 0.751 91
-11.707 -3.609 0.618 97
-11.682 -3.620 0.678 106
-11.664 -3.613 0.717 65
-11.738 -3.642 0.554 116
-11.658 -3.594 0.727 102
-11.658 -3.611 0.731 66
-11.734 -3.634 0.561 68
-11.709 -3.630 0.616 99
-11.677 -3.685 0.703 92
-11.652 -3.624 0.748 62
-11.671 -3.634 0.706 69
-11.678 -3.632 0.688 98
-11.687 -3.669 0.677 103
-11.700 -3.638 0.639 115
-11.657 -3.637 0.739 102
-11.696 -3.649 0.651 119
-11.668 -3.693 0.726 51
-11.680 -3.586 0.674 39
-11.668 -3.673 0.722 100
-11.725 -3.633 0.582 91
-11.709 -3.607 0.613 63
-11.675 -3.666 0.704 96
-11.678 -3.611 0.684 94
-11.676 -3.661 0.700 96
-11.668 -3.690 0.726 54
-11.663 -3.663 0.731 118
-11.673 -3.654 0.706 102
-11.659 -3.578 0.722 107
-11.674 -3.633 0.699 75
-11.711 -3.739 0.659 115
-11.733 -3.765 0.630 77
-11.727 -3.726 0.598 66
-11.682 -3.707 0.697 106
-11.731 -3.762 0.632 69
-11.746 -3.760 0.589 52
-11.709 -3.736 0.660 99
-11.739 -3.743 0.588 50
-11.722 -3.751 0.643 47
-11.728 -3.759 0.637 45
-11.727 -3.755 0.634 56
-11.748 -3.758 0.581 52
-11.733 -3.753 0.617 73
-11.720 -3.744 0.641 42
-11.750 -3.782 0.606 45
-11.738 -3.754 0.602 48
-11.738 -3.769 0.622 48
-11.695 -3.726 0.687 110
-11.701 -3.734 0.681 117
-11.746 -3.735 0.557 52
-11.681 -3.711 0.705 74
-11.699 -3.717 0.665 103
-11.745 -3.776 0.612 49
-11.725 -3.740 0.621 72
-11.742 -3.759 0.599 47
-11.749 -3.769 0.591 50
-11.738 -3.762 0.615 43
-11.688 -3.716 0.692 109
-11.711 -3.743 0.663 114
-11.739 -3.762 0.611 49
-11.734 -3.769 0.633 61
-11.737 -3.740 0.588 50
-11.706 -3.725 0.654 93
-11.737 -3.763 0.617 43
-11.695 -3.727 0.686 110
-11.740 -3.753 0.596 48
-11.748 -3.751 0.572 56
-11.742 -3.777 0.622 45
-11.714 -3.728 0.637 66
-11.699 -3.723 0.671 111
-11.693 -3.720 0.684 113
-11.750 -3.752 0.569 49
-11.748 -3.744 0.563 52
-11.725 -3.740 0.620 68
-11.726 -3.744 0.624 73
-11.728 -3.735 0.606 75
-11.679 -3.709 0.707 93
-11.713 -3.728 0.639 60
-11.742 -3.742 0.578 49
-11.738 -3.759 0.610 48
-11.710 -3.736 0.658 115
-11.713 -3.740 0.653 111
-11.752 -3.745 0.553 50
-11.720 -3.736 0.630 50
-11.719 -3.748 0.646 49
-11.703 -3.731 0.669 109
-11.739 -3.746 0.590 49
-11.744 -3.747 0.578 49
-11.743 -3.766 0.605 49
-11.700 -3.715 0.660 103
-11.703 -3.719 0.656 96
-11.708 -3.732 0.658 106
-11.750 -3.769 0.588 44
-11.687 -3.714 0.693 106
-11.708 -3.723 0.646 103
-11.687 -3.710 0.687 110
-11.738 -3.743 0.590 50
-11.709 -3.722 0.643 111
-11.686 -3.714 0.696 107
-11.710 -3.719 0.634 56
-11.697 -3.712 0.664 105
-11.725 -3.714 0.599 76
-11.704 -3.708 0.646 96
-11.731 -3.660 0.575 77
-11.741 -3.662 0.551 107
-11.735 -3.662 0.564 66
-11.679 -3.693 0.702 102
-11.733 -3.714 0.580 57
-11.717 -3.670 0.607 56
-11.734 -3.707 0.576 53
-11.716 -3.709 0.618 90
-11.746 -3.671 0.541 65
-11.743 -3.716 0.557 59
-11.713 -3.706 0.625 48
-11.722 -3.694 0.602 88
-11.723 -3.667 0.594 53
-11.704 -3.675 0.640 104
-11.713 -3.694 0.622 49
-11.744 -3.716 0.555 48
-11.746 -3.687 0.545 66
-11.720 -3.705 0.609 86
-11.699 -3.703 0.656 108
-11.685 -3.696 0.687 96
-11.722 -3.663 0.595 57
-11.740 -3.690 0.558 48
-11.726 -3.680 0.588 80
-11.711 -3.692 0.626 54
-11.703 -3.708 0.649 98
-11.722 -3.683 0.600 88
-11.691 -3.697 0.673 102
-11.679 -3.693 0.700 102
-11.727 -3.710 0.592 59
-11.728 -3.706 0.589 62
-11.727 -3.658 0.582 87
-11.683 -3.704 0.694 100
-11.713 -3.682 0.620 52
-11.737 -3.697 0.567 57
-11.718 -3.670 0.606 62
-11.740 -3.677 0.556 77
-11.735 -3.709 0.574 56
-11.733 -3.713 0.579 53
-11.709 -3.688 0.630 49
-11.726 -3.685 0.591 72
-11.740 -3.659 0.553 112
-11.700 -3.686 0.650 87
-11.716 -3.719 0.620 60
-11.733 -3.670 0.570 75
-11.725 -3.675 0.590 79
-11.746 -3.727 0.553 52
-11.746 -3.690 0.546 59
-11.746 -3.689 0.545 59
-11.746 -3.658 0.537 120
-11.722 -3.684 0.600 93
-11.732 -3.662 0.571 76
-11.748 -3.733 0.550 50
-11.696 -3.704 0.664 114
-11.748 -3.714 0.545 52
-11.728 -3.722 0.593 56
-11.744 -3.693 0.550 75
-11.728 -3.726 0.594 56
-11.741 -3.706 0.561 53
-11.712 -3.696 0.625 51
-11.717 -3.705 0.616 89
-11.697 -3.705 0.661 112
-11.681 -3.690 0.695 96
-11.713 -3.670 0.616 63
-11.696 -3.711 0.665 105
-11.718 -3.691 0.610 89
-11.739 -3.726 0.569 52
-11.729 -3.659 0.579 86
-11.728 -3.678 0.584 66
-11.739 -3.690 0.561 41
-11.695 -3.705 0.665 118
-11.744 -3.712 0.553 64
-11.708 -3.688 0.632 68
-11.747 -3.719 0.549 50
-11.720 -3.682 0.602 84
-11.705 -3.678 0.639 99
-11.718 -3.691 0.610 89
-11.730 -3.672 0.578 74
-11.688 -3.699 0.680 97
-11.716 -3.683 0.612 82
-11.741 -3.683 0.556 44
-11.730 -3.689 0.582 65
-11.687 -3.701 0.683 97
-11.729 -3.655 0.578 89
-11.736 -3.683 0.567 59
-11.702 -3.684 0.645 92
-11.744 -3.709 0.554 64
-11.737 -3.652 0.559 90
-11.733 -3.712 0.578 53
-11.700 -3.680 0.649 95
-11.695 -3.703 0.666 118
-11.749 -3.733 0.547 51
-11.712 -3.698 0.625 52
-11.729 -3.677 0.581 68
-11.701 -3.709 0.653 101
-11.740 -3.710 0.564 68
-11.710 -3.698 0.629 54
-11.745 -3.657 0.539 109
-11.741 -3.671 0.553 114
-11.724 -3.672 0.592 81
-11.744 -3.651 0.541 114
-11.767 -3.476 0.558 26
-11.780 -3.263 0.749 156
-11.776 -3.346 0.664 104
-11.762 -3.540 0.510 136
-11.771 -3.396 0.639 43
-11.760 -3.478 0.619 86
-11.758 -3.496 0.615 74
-11.777 -3.367 0.625 57
-11.781 -3.363 0.584 71
-11.756 -3.547 0.555 141
-11.769 -3.430 0.605 76
-11.782 -3.401 0.521 135
-11.760 -3.473 0.627 87
-11.772 -3.358 0.687 105
-11.781 -3.279 0.711 140
-11.786 -3.394 0.494 144
-11.756 -3.541 0.569 54
-11.768 -3.507 0.503 142
-11.751 -3.590 0.543 133
-11.771 -3.444 0.566 81
-11.774 -3.353 0.675 109
-11.776 -3.360 0.643 92
-11.769 -3.441 0.589 41
-11.761 -3.515 0.560 55
-11.772 -3.424 0.588 77
-11.779 -3.373 0.586 65
-11.748 -3.608 0.545 106
-11.768 -3.428 0.621 72
-11.781 -3.408 0.520 136
-11.772 -3.412 0.602 79
-11.782 -3.329 0.625 61
-11.765 -3.427 0.652 60
-11.763 -3.484 0.587 77
-11.779 -3.374 0.589 79
-11.779 -3.419 0.524 138
-11.769 -3.416 0.627 71
-11.768 -3.390 0.675 102
-11.773 -3.402 0.611 41
-11.758 -3.556 0.520 131
-11.768 -3.465 0.562 32
-11.771 -3.429 0.583 72
-11.767 -3.462 0.576 50
-11.776 -3.410 0.565 71
-11.778 -3.447 0.492 136
-11.760 -3.499 0.590 68
-11.768 -3.420 0.634 67
-11.778 -3.336 0.655 85
-11.782 -3.304 0.668 91
-11.760 -3.542 0.528 131
-11.763 -3.496 0.569 27
-11.775 -3.436 0.531 135
-11.777 -3.448 0.496 132
-11.776 -3.330 0.681 115
-11.770 -3.420 0.613 67
-11.780 -3.334 0.641 101
-11.760 -3.518 0.561 45
-11.773 -3.338 0.699 96
-11.756 -3.525 0.588 46
-11.772 -3.358 0.688 105
-11.763 -3.522 0.531 133
-11.782 -3.382 0.550 46
-11.769 -3.444 0.588 33
-11.780 -3.394 0.548 46
-11.763 -3.490 0.576 62
-11.767 -3.495 0.528 131
-11.756 -3.550 0.557 147
-11.749 -3.607 0.539 112
-11.769 -3.405 0.647 38
-11.752 -3.589 0.535 134
-11.775 -3.392 0.598 82
-11.763 -3.504 0.549 139
-11.774 -3.333 0.704 93
-11.781 -3.283 0.710 134
-11.763 -3.457 0.629 74
-11.772 -3.469 0.516 136
-11.774 -3.362 0.655 86
-11.771 -3.430 0.587 73
-11.777 -3.428 0.532 139
-11.780 -3.292 0.698 78
-11.780 -3.400 0.537 146
-11.777 -3.370 0.614 51
-11.758 -3.552 0.532 128
-11.774 -3.438 0.545 145
-11.753 -3.558 0.571 71
-11.771 -3.382 0.656 103
-11.781 -3.310 0.665 104
-11.778 -3.367 0.607 93
-11.774 -3.357 0.666 104
-11.770 -3.489 0.511 133
-11.772 -3.475 0.508 138
-11.751 -3.576 0.570 49
-11.756 -3.540 0.574 43
-11.773 -3.418 0.585 76
-11.774 -3.375 0.637 62
-11.754 -3.546 0.578 42
-11.760 -3.532 0.537 131
-11.770 -3.423 0.606 83
-11.782 -3.421 0.488 131
-11.766 -3.444 0.614 72
-11.778 -3.402 0.556 70
-11.780 -3.362 0.594 83
-11.758 -3.561 0.514 139
-11.769 -3.429 0.603 79
-11.757 -3.538 0.559 80
-11.768 -3.403 0.657 78
-11.776 -3.307 0.724 68
-11.785 -3.396 0.497 139
-11.769 -3.438 0.595 69
-11.775 -3.409 0.581 75
-11.777 -3.405 0.558 74
-11.767 -3.500 0.522 129
-11.774 -3.450 0.529 133
-11.773 -3.423 0.572 73
-11.775 -3.323 0.704 110
-11.775 -3.423 0.553 58
-11.769 -3.468 0.548 154
-11.784 -3.344 0.587 81
-11.781 -3.348 0.604 86
-11.782 -3.428 0.475 87
-11.783 -3.395 0.515 135
-11.761 -3.503 0.573 68
-11.773 -3.346 0.697 90
-11.780 -3.415 0.515 137
-11.770 -3.364 0.691 105
-11.767 -3.437 0.617 76
-11.762 -3.516 0.549 137
-11.769 -3.491 0.510 135
-11.784 -3.397 0.504 138
-11.768 -3.441 0.600 66
-11.781 -3.267 0.734 151
-11.769 -3.444 0.582 32
-11.754 -3.580 0.535 133
-11.770 -3.474 0.528 134
-11.748 -3.602 0.553 143
-11.760 -3.546 0.525 134
-11.766 -3.433 0.627 71
-11.773 -3.417 0.588 78
-11.767 -3.434 0.620 79
-11.784 -3.358 0.564 51
-11.763 -3.497 0.569 24
-11.761 -3.527 0.539 128
-11.769 -3.384 0.669 110
-11.754 -3.555 0.570 56
-11.755 -3.577 0.521 135
-11.763 -3.526 0.525 132
-11.762 -3.479 0.603 76
-11.785 -3.407 0.479 116
-11.775 -3.426 0.556 63
-11.763 -3.469 0.608 77
-11.772 -3.447 0.545 163
-11.766 -3.475 0.572 71
-11.759 -3.518 0.570 48
-11.780 -3.284 0.718 139
-11.772 -3.352 0.697 90
-11.779 -3.404 0.548 48
-11.766 -3.489 0.547 137
-11.783 -3.365 0.565 51
-11.772 -3.401 0.615 37
-11.750 -3.604 0.534 120
-11.772 -3.394 0.630 53
-11.753 -3.554 0.575 54
-11.772 -3.416 0.599 82
-11.777 -3.330 0.677 109
-11.774 -3.319 0.718 107
-11.767 -3.419 0.642 71
-11.763 -3.511 0.544 129
-11.778 -3.297 0.710 95
-11.783 -3.349 0.592 77
-11.766 -3.498 0.532 131
-11.764 -3.511 0.539 133
-11.777 -3.360 0.632 56
-11.772 -3.367 0.669 98
-11.760 -3.478 0.618 77
-11.782 -3.306 0.663 93
-11.780 -3.264 0.742 154
-11.760 -3.541 0.527 130
-11.781 -3.420 0.502 133
-11.755 -3.557 0.556 147
-11.765 -3.465 0.597 69
-11.761 -3.476 0.614 80
-11.756 -3.559 0.542 133
-11.776 -3.434 0.525 137
-11.764 -3.453 0.623 74
-11.777 -3.335 0.672 106
-11.778 -3.384 0.587 75
-11.750 -3.606 0.528 111
-11.774 -3.445 0.534 133
-11.764 -3.498 0.555 91
-11.772 -3.392 0.627 73
-11.768 -3.435 0.607 77
-11.755 -3.576 0.528 131
-11.773 -3.450 0.538 133
-11.773 -3.473 0.502 138
-11.785 -3.402 0.490 139
-11.781 -3.314 0.659 97
-11.779 -3.421 0.520 136
-11.771 -3.418 0.599 82
-11.778 -3.368 0.612 57
-11.763 -3.482 0.592 78
-11.760 -3.532 0.542 128
-11.764 -3.473 0.589 78
-11.782 -3.409 0.504 134
-11.770 -3.437 0.581 68
-11.784 -3.344 0.587 81
-11.769 -3.486 0.523 134
-11.756 -3.526 0.588 46
-11.773 -3.416 0.589 78
-11.773 -3.408 0.598 75
-11.757 -3.521 0.589 46
-11.779 -3.308 0.686 102
-11.780 -3.401 0.536 146
-11.767 -3.431 0.618 76
-11.778 -3.396 0.565 65
-11.768 -3.454 0.580 36
-11.775 -3.333 0.686 99
-11.771 -3.410 0.610 52
-11.770 -3.448 0.568 56
-11.774 -3.403 0.600 48
-11.778 -3.377 0.597 77
-11.773 -3.342 0.699 91
-11.763 -3.531 0.518 133
-11.765 -3.514 0.524 134
-11.778 -3.330 0.665 92
-11.781 -3.390 0.542 125
-11.778 -3.286 0.733 150
-11.779 -3.317 0.672 108
-11.765 -3.489 0.554 144
-11.752 -3.577 0.559 150
-11.764 -3.480 0.584 75
-11.772 -3.372 0.663 108
-11.770 -3.373 0.684 110
-11.750 -3.585 0.560 135
-11.775 -3.444 0.522 137
-11.750 -3.594 0.553 137
-11.757 -3.563 0.531 130
-11.764 -3.519 0.518 133
-11.783 -3.416 0.488 138
-11.774 -3.453 0.522 136
-11.780 -3.270 0.734 150
-11.780 -3.369 0.588 77
-11.785 -3.398 0.487 137
-11.779 -3.374 0.588 82
-11.771 -3.447 0.560 79
-11.775 -3.348 0.665 104
-11.774 -3.407 0.589 78
-11.763 -3.528 0.518 138
-11.777 -3.393 0.580 68
-11.772 -3.430 0.578 74
-11.766 -3.413 0.658 31
-11.764 -3.461 0.612 60
-11.784 -3.392 0.515 135
-11.778 -3.346 0.642 86
-11.774 -3.359 0.663 97
-11.759 -3.557 0.515 133
-11.764 -3.466 0.597 68
-11.781 -3.399 0.527 136
-11.767 -3.472 0.566 45
-11.774 -3.425 0.559 65
-11.781 -3.382 0.558 48
-11.773 -3.477 0.492 138
-11.762 -3.472 0.610 79
-11.777 -3.305 0.714 103
-11.766 -3.473 0.570 78
-11.783 -3.406 0.501 138
-11.761 -3.518 0.549 136
-11.780 -3.323 0.659 90
-11.772 -3.396 0.629 53
-11.784 -3.407 0.489 137
-11.779 -3.305 0.697 118
-11.781 -3.371 0.575 51
-11.762 -3.515 0.549 137
-11.782 -3.344 0.601 86
-11.761 -3.540 0.517 130
-11.754 -3.549 0.580 41
-11.761 -3.476 0.618 82
-11.755 -3.537 0.584 35
-11.783 -3.342 0.594 87
-11.765 -3.486 0.557 70
-11.772 -3.398 0.625 44
-11.776 -3.316 0.707 114
-11.771 -3.438 0.576 69
-11.774 -3.455 0.522 136
-11.774 -3.437 0.549 82
-11.774 -3.352 0.670 112
-11.772 -3.375 0.659 105
-11.762 -3.463 0.626 80
-11.771 -3.401 0.630 26
-11.781 -3.429 0.482 139
-11.776 -3.389 0.597 72
-11.756 -3.554 0.549 128
-11.775 -3.397 0.598 72
-11.775 -3.461 0.499 129
-11.784 -3.369 0.546 45
-11.758 -3.536 0.551 129
-11.762 -3.485 0.589 78
-11.772 -3.462 0.526 137
-11.780 -3.345 0.624 57
-11.772 -3.415 0.592 77
-11.768 -3.420 0.634 67
-11.757 -3.562 0.527 135
-11.767 -3.479 0.555 63
-11.761 -3.549 0.511 135
-11.782 -3.357 0.580 46
-11.765 -3.518 0.514 131
-11.768 -3.409 0.644 48
-11.777 -3.349 0.651 92
-11.757 -3.532 0.568 64
-11.767 -3.425 0.631 70
-11.750 -3.593 0.547 133
-11.761 -3.464 0.633 73
-11.764 -3.454 0.624 74
-11.753 -3.585 0.537 130
-11.781 -3.292 0.690 81
-11.765 -3.488 0.553 144
-11.781 -3.353 0.596 80
-11.747 -3.621 0.534 112
-11.757 -3.544 0.558 149
-11.782 -3.322 0.635 65
-11.779 -3.331 0.654 92
-11.766 -3.513 0.513 136
-11.769 -3.431 0.601 73
-11.763 -3.529 0.519 138
-11.776 -3.449 0.505 136
-11.776 -3.367 0.634 57
-11.760 -3.510 0.573 28
-11.766 -3.444 0.618 71
-11.760 -3.529 0.545 128
-11.768 -3.447 0.587 30
-11.751 -3.573 0.569 19
-11.771 -3.455 0.548 146
-11.751 -3.584 0.554 135
-11.763 -3.488 0.579 72
-11.776 -3.315 0.706 114
-11.768 -3.398 0.666 99
-11.767 -3.428 0.628 68
-11.768 -3.452 0.580 31
-11.780 -3.261 0.744 156
-11.779 -3.374 0.586 61
-11.769 -3.457 0.560 67
-11.766 -3.458 0.595 67
-11.776 -3.440 0.516 138
-11.757 -3.554 0.540 130
-11.757 -3.516 0.598 50
-11.782 -3.326 0.632 55
-11.755 -3.555 0.554 139
-11.784 -3.399 0.504 138
-11.768 -3.421 0.631 70
-11.769 -3.386 0.672 107
-11.753 -3.553 0.583 49
-11.779 -3.439 0.487 136
-11.767 -3.483 0.544 135
-11.762 -3.497 0.577 69
-11.776 -3.443 0.511 138
-11.763 -3.495 0.569 27
-11.780 -3.384 0.558 53
-11.768 -3.417 0.635 68
-11.767 -3.459 0.582 46
-11.771 -3.453 0.545 156
-11.776 -3.462 0.490 135
-11.777 -3.445 0.498 134
-11.775 -3.465 0.490 135
-11.777 -3.372 0.610 72
-11.767 -3.425 0.638 68
-11.765 -3.439 0.634 75
-11.755 -3.542 0.574 43
-11.772 -3.435 0.568 74
-11.762 -3.530 0.525 130
-11.751 -3.576 0.568 21
-11.775 -3.443 0.529 132
-11.777 -3.373 0.607 89
-11.765 -3.451 0.612 70
-11.780 -3.270 0.732 147
-11.754 -3.541 0.588 44
-11.773 -3.466 0.513 137
-11.780 -3.316 0.667 113
-11.765 -3.430 0.644 71
-11.760 -3.511 0.579 61
-11.779 -3.392 0.564 59
-11.755 -3.576 0.525 132
-11.777 -3.375 0.606 81
-11.781 -3.290 0.698 85
-11.780 -3.311 0.673 115
-11.779 -3.340 0.635 56
-11.773 -3.392 0.627 69
-11.782 -3.380 0.551 47
-11.783 -3.283 0.690 56
-11.789 -3.305 0.597 83
-11.797 -3.239 0.626 155
-11.792 -3.275 0.615 51
-11.790 -3.310 0.582 78
-11.786 -3.364 0.531 145
-11.794 -3.316 0.538 44
-11.793 -3.276 0.603 54
-11.786 -3.269 0.683 122
-11.788 -3.323 0.580 85
-11.792 -3.292 0.586 77
-11.790 -3.341 0.536 148
-11.784 -3.331 0.601 81
-11.783 -3.305 0.658 101
-11.796 -3.244 0.630 142
-11.790 -3.358 0.505 146
-11.794 -3.276 0.600 44
-11.787 -3.307 0.618 66
-11.782 -3.272 0.716 141
-11.784 -3.332 0.602 86
-11.791 -3.264 0.644 73
-11.790 -3.309 0.585 79
-11.782 -3.297 0.673 80
-11.789 -3.251 0.678 134
-11.789 -3.302 0.604 52
-11.791 -3.255 0.656 95
-11.786 -3.306 0.624 72
-11.792 -3.279 0.610 70
-11.790 -3.322 0.566 59
-11.788 -3.374 0.499 141
-11.785 -3.289 0.662 60
-11.782 -3.281 0.695 91
-11.787 -3.331 0.578 73
-11.787 -3.329 0.582 82
-11.791 -3.290 0.607 78
-11.788 -3.309 0.601 86
-11.791 -3.281 0.619 63
-11.792 -3.301 0.577 86
-11.788 -3.277 0.646 86
-11.790 -3.255 0.661 130
-11.790 -3.325 0.560 53
-11.795 -3.313 0.530 164
-11.795 -3.290 0.562 63
-11.786 -3.280 0.663 80
-11.798 -3.235 0.622 152
-11.783 -3.317 0.635 60
-11.790 -3.298 0.600 50
-11.792 -3.307 0.567 55
-11.794 -3.321 0.523 148
-11.804 -3.234 0.568 102
-11.786 -3.299 0.635 76
-11.786 -3.376 0.520 137
-11.791 -3.345 0.517 147
-11.790 -3.302 0.591 85
-11.785 -3.279 0.671 85
-11.788 -3.252 0.684 140
-11.784 -3.348 0.579 51
-11.791 -3.317 0.560 53
-11.788 -3.388 0.483 121
-11.789 -3.247 0.686 148
-11.785 -3.285 0.665 57
-11.795 -3.288 0.563 59
-11.791 -3.308 0.570 54
-11.787 -3.270 0.666 109
-11.786 -3.289 0.653 79
-11.786 -3.370 0.526 139
-11.785 -3.357 0.558 48
-11.787 -3.385 0.497 142
-11.788 -3.247 0.692 143
-11.787 -3.349 0.549 48
-11.790 -3.363 0.501 141
-11.793 -3.244 0.653 92
-11.784 -3.255 0.722 148
-11.790 -3.302 0.590 85
-11.787 -3.316 0.597 83
-11.788 -3.319 0.586 83
-11.787 -3.299 0.623 80
-11.798 -3.288 0.544 50
-11.803 -3.241 0.565 39
-11.785 -3.303 0.641 68
-11.798 -3.279 0.553 69
-11.797 -3.275 0.567 79
-11.801 -3.252 0.564 72
-11.789 -3.339 0.550 54
-11.795 -3.297 0.553 54
-11.795 -3.289 0.570 62
-11.785 -3.255 0.710 142
-11.790 -3.332 0.542 41
-11.801 -3.261 0.555 84
-11.802 -3.231 0.590 134
-11.796 -3.297 0.545 59
-11.785 -3.306 0.634 65
-11.782 -3.274 0.712 142
-11.788 -3.252 0.689 140
-11.802 -3.231 0.586 132
-11.791 -3.347 0.511 124
-11.786 -3.301 0.628 79
-11.785 -3.315 0.616 55
-11.797 -3.258 0.598 64
-11.785 -3.281 0.669 72
-11.787 -3.344 0.555 52
-11.797 -3.263 0.583 77
-11.785 -3.284 0.666 55
-11.789 -3.346 0.534 148
-11.787 -3.269 0.671 115
-11.795 -3.274 0.589 75
-11.797 -3.262 0.593 51
-11.796 -3.311 0.527 157
-11.790 -3.295 0.607 63
-11.797 -3.282 0.563 64
-11.796 -3.240 0.631 145
-11.787 -3.345 0.556 48
-11.788 -3.311 0.601 86
-11.794 -3.331 0.514 119
-11.798 -3.236 0.619 152
-11.794 -3.294 0.564 58
-11.797 -3.274 0.574 72
-11.789 -3.361 0.513 141
-11.795 -3.241 0.640 94
-11.789 -3.270 0.653 105
-11.798 -3.239 0.617 151
-11.791 -3.315 0.559 53
-11.783 -3.329 0.613 51
-11.784 -3.272 0.694 132
-11.791 -3.347 0.514 140
-11.793 -3.310 0.552 54
-11.790 -3.319 0.566 59
-11.797 -3.244 0.614 152
-11.784 -3.297 0.654 92
-11.792 -3.255 0.651 71
-11.784 -3.279 0.685 106
-11.797 -3.256 0.600 77
-11.793 -3.310 0.552 54
-11.790 -3.266 0.650 98
-11.794 -3.270 0.607 28
-11.786 -3.363 0.534 146
-11.796 -3.255 0.606 94
-11.786 -3.367 0.527 139
-11.789 -3.370 0.493 129
-11.790 -3.361 0.507 142
-11.788 -3.293 0.629 80
-11.798 -3.283 0.549 54
-11.799 -3.279 0.542 71
-11.798 -3.289 0.542 54
-11.799 -3.244 0.596 143
-11.785 -3.365 0.538 138
-11.789 -3.332 0.552 52
-11.802 -3.239 0.576 27
-11.792 -3.279 0.611 68
-11.789 -3.339 0.547 49
-11.789 -3.353 0.526 144
-11.794 -3.261 0.617 52
-11.791 -3.292 0.602 62
-11.792 -3.299 0.583 93
-11.788 -3.274 0.656 101
-11.785 -3.304 0.634 71
-11.788 -3.287 0.635 75
-11.783 -3.278 0.694 108
-11.786 -3.335 0.576 54
-11.794 -3.315 0.534 94
-11.796 -3.254 0.609 92
-11.786 -3.375 0.522 140
-11.796 -3.277 0.573 72
-11.802 -3.244 0.571 36
-11.783 -3.291 0.678 74
-11.782 -3.269 0.717 141
-11.786 -3.370 0.528 136
-11.786 -3.343 0.569 54
-11.789 -3.330 0.556 55
-11.799 -3.252 0.585 69
-11.786 -3.312 0.611 54
-11.801 -3.232 0.601 145
-11.796 -3.244 0.623 150
-11.795 -3.276 0.590 63
-11.797 -3.263 0.591 74
-11.799 -3.250 0.588 69
-11.799 -3.240 0.606 140
-11.784 -3.253 0.726 154
-11.798 -3.271 0.563 85
-11.788 -3.279 0.644 81
-11.785 -3.287 0.663 58
-11.783 -3.276 0.698 124
-11.789 -3.354 0.518 138
-11.788 -3.371 0.508 138
-11.796 -3.250 0.615 119
-11.798 -3.284 0.550 54
-11.788 -3.368 0.506 139
-11.790 -3.294 0.602 60
-11.652 -3.729 0.683 97
-11.651 -3.733 0.663 102
-11.645 -3.745 0.635 58
-11.645 -3.745 0.647 74
-11.643 -3.747 0.647 74
-11.658 -3.719 0.688 108
-11.665 -3.705 0.727 104
-11.661 -3.712 0.722 79
-11.649 -3.735 0.682 106
-11.645 -3.742 0.683 104
-11.648 -3.738 0.671 106
-11.643 -3.748 0.647 63
-11.647 -3.739 0.685 105
-11.647 -3.739 0.678 108
-11.642 -3.750 0.649 63
-11.664 -3.707 0.719 97
-11.652 -3.731 0.669 91
-11.645 -3.745 0.639 53
-11.641 -3.753 0.624 62
-11.645 -3.747 0.632 59
-11.654 -3.726 0.696 104
-11.657 -3.720 0.715 68
-11.660 -3.714 0.707 117
-11.656 -3.721 0.698 116
-11.644 -3.747 0.637 57
-12.153 -3.794 0.421 92
-12.143 -3.802 0.403 107
-12.145 -3.806 0.416 102
-12.143 -3.831 0.439 123
-12.128 -3.844 0.415 126
-12.167 -3.766 0.426 79
-12.153 -3.803 0.433 85
-12.137 -3.818 0.406 99
-12.154 -3.808 0.443 91
-12.154 -3.796 0.427 90
-12.147 -3.822 0.440 81
-12.166 -3.774 0.432 52
-12.181 -3.726 0.413 115
-12.148 -3.798 0.413 110
-12.153 -3.822 0.457 91
-12.157 -3.779 0.414 81
-12.172 -3.751 0.419 85
-12.125 -3.846 0.407 122
-12.158 -3.804 0.448 95
-12.157 -3.796 0.437 90
-12.144 -3.819 0.429 114
-12.133 -3.832 0.414 115
-12.153 -3.823 0.457 91
-12.155 -3.816 0.455 91
-12.142 -3.824 0.429 121
-12.138 -3.824 0.417 136
-12.153 -3.787 0.411 83
-12.161 -3.775 0.419 81
-12.127 -3.844 0.410 140
-12.148 -3.802 0.417 103
-12.151 -3.793 0.414 83
-12.155 -3.803 0.438 88
-12.150 -3.789 0.405 102
-12.156 -3.821 0.463 96
-12.153 -3.802 0.433 85
-12.143 -3.833 0.444 133
-12.145 -3.828 0.442 103
-12.142 -3.807 0.406 97
-12.167 -3.771 0.430 60
-12.152 -3.818 0.450 84
-12.156 -3.799 0.436 84
-12.165 -3.768 0.421 58
-12.142 -3.816 0.419 115
-12.140 -3.835 0.437 119
-12.175 -3.737 0.410 76
-12.155 -3.805 0.441 91
-12.168 -3.758 0.417 82
-12.153 -3.805 0.434 83
-12.170 -3.759 0.424 94
-12.158 -3.802 0.445 92
-12.151 -3.812 0.439 90
-12.143 -3.810 0.413 104
-12.161 -3.796 0.445 94
-12.160 -3.800 0.448 95
-12.203 -3.622 0.442 94
-12.184 -3.715 0.416 85
-12.210 -3.594 0.429 105
-12.194 -3.668 0.415 95
-12.220 -3.554 0.423 123
-12.189 -3.679 0.448 101
-12.202 -3.627 0.430 61
-12.185 -3.703 0.431 114
-12.171 -3.761 0.440 73
-12.188 -3.696 0.414 106
-12.219 -3.555 0.422 111
-12.233 -3.494 0.423 85
-12.241 -3.462 0.420 85
-12.184 -3.707 0.439 116
-12.200 -3.639 0.426 88
-12.209 -3.601 0.424 100
-12.221 -3.548 0.417 89
-12.191 -3.682 0.419 98
-12.202 -3.633 0.416 100
-12.184 -3.711 0.419 105
-12.177 -3.732 0.454 121
-12.171 -3.765 0.434 101
-12.221 -3.548 0.422 128
-12.190 -3.686 0.418 97
-12.165 -3.785 0.448 67
-12.201 -3.637 0.424 93
-12.179 -3.729 0.430 104
-12.212 -3.586 0.426 101
-12.180 -3.730 0.423 102
-12.200 -3.645 0.417 76
-12.174 -3.749 0.443 95
-12.187 -3.694 0.436 102
-12.177 -3.732 0.448 119
-12.206 -3.610 0.433 95
-12.196 -3.659 0.425 97
-12.165 -3.785 0.448 67
-12.197 -3.646 0.443 92
-12.181 -3.721 0.435 118
-12.200 -3.634 0.445 93
-12.183 -3.706 0.444 115
-12.208 -3.607 0.421 110
-12.183 -3.720 0.413 96
-12.172 -3.760 0.436 89
-12.165 -3.784 0.456 82
-12.184 -3.699 0.452 99
-12.191 -3.682 0.414 109
-12.195 -3.659 0.428 91
-12.179 -3.723 0.454 118
-12.190 -3.678 0.446 97
-12.200 -3.639 0.430 85
-12.201 -3.629 0.441 94
-12.174 -3.750 0.438 108
-12.215 -3.577 0.417 110
-12.222 -3.542 0.430 106
-12.202 -3.633 0.414 76
-12.184 -3.705 0.445 114
-12.189 -3.683 0.446 102
-12.191 -3.670 0.447 95
-12.181 -3.721 0.436 113
-12.200 -3.642 0.419 99
-12.184 -3.706 0.434 115
-12.226 -3.525 0.420 129
-12.208 -3.607 0.422 110
-12.219 -3.553 0.436 112
-12.221 -3.549 0.421 128
-12.186 -3.697 0.439 112
-12.212 -3.582 0.432 129
-12.211 -3.586 0.440 122
-12.196 -3.661 0.417 92
-12.219 -3.557 0.416 100
-12.183 -3.711 0.441 118
-12.186 -3.704 0.418 109
-12.242 -3.454 0.425 102
-12.191 -3.674 0.442 100
-12.213 -3.580 0.432 125
-12.172 -3.755 0.450 102
-12.178 -3.727 0.455 118
-12.178 -3.728 0.451 119
-12.173 -3.747 0.454 119
-12.215 -3.574 0.421 108
-12.213 -3.586 0.416 64
-12.156 -3.820 0.466 94
-12.244 -3.447 0.420 88
-12.188 -3.694 0.415 104
-12.178 -3.737 0.423 112
-12.179 -3.733 0.423 114
-12.193 -3.665 0.443 98
-12.229 -3.509 0.428 130
-12.185 -3.699 0.439 112
-12.178 -3.735 0.432 117
-12.203 -3.622 0.439 94
-12.170 -3.763 0.447 82
-12.202 -3.626 0.443 93
-12.210 -3.595 0.429 105
-12.191 -3.677 0.429 96
-12.227 -3.517 0.431 128
-12.162 -3.798 0.457 86
-12.179 -3.721 0.455 117
-11.977 -3.757 0.472 127
-11.842 -3.675 0.474 61
-11.969 -3.748 0.472 132
-12.080 -3.800 0.470 37
-11.987 -3.778 0.473 52
-12.075 -3.787 0.469 48
-11.878 -3.562 0.467 41
-11.868 -3.629 0.471 100
-11.923 -3.634 0.469 106
-12.001 -3.684 0.468 76
-11.817 -3.532 0.468 53
-11.997 -3.718 0.469 63
-11.835 -3.528 0.467 92
-11.911 -3.736 0.474 87
-11.861 -3.720 0.475 71
-11.878 -3.572 0.468 42
-11.810 -3.647 0.474 100
-12.051 -3.763 0.469 87
-11.825 -3.588 0.471 107
-12.034 -3.747 0.469 89
-12.011 -3.694 0.468 78
-11.819 -3.682 0.475 56
-11.865 -3.664 0.473 97
-11.932 -3.666 0.470 73
-11.800 -3.677 0.476 57
-11.875 -3.634 0.471 106
-11.787 -3.600 0.473 61
-11.925 -3.689 0.471 60
-12.037 -3.780 0.470 75
-11.883 -3.660 0.472 107
-11.846 -3.671 0.474 86
-11.876 -3.709 0.474 54
-12.030 -3.721 0.468 58
-12.012 -3.702 0.468 70
-11.763 -3.710 0.479 58
-11.910 -3.601 0.468 53
-11.970 -3.773 0.473 70
-11.953 -3.641 0.468 101
-11.853 -3.642 0.472 75
-11.893 -3.597 0.468 34
-11.859 -3.689 0.474 59
-11.891 -3.655 0.471 113
-11.913 -3.756 0.475 94
-11.816 -3.554 0.470 90
-11.823 -3.552 0.469 60
-11.857 -3.600 0.470 67
-11.868 -3.589 0.469 43
-11.805 -3.572 0.471 90
-11.819 -3.585 0.471 86
-11.911 -3.682 0.471 97
-11.859 -3.715 0.475 71
-11.979 -3.732 0.471 54
-12.116 -3.806 0.468 76
-12.039 -3.755 0.469 84
-11.931 -3.657 0.469 85
-12.072 -3.755 0.468 30
-11.906 -3.735 0.474 98
-11.879 -3.682 0.473 79
-11.839 -3.547 0.468 58
-11.854 -3.547 0.468 68
-12.009 -3.719 0.469 63
-11.796 -3.491 0.467 93
-12.006 -3.767 0.471 142
-12.039 -3.790 0.471 88
-12.031 -3.713 0.468 63
-12.008 -3.728 0.469 64
-11.952 -3.744 0.473 139
-11.813 -3.634 0.473 92
-11.936 -3.675 0.470 71
-11.941 -3.711 0.471 61
-12.054 -3.741 0.468 84
-11.776 -3.625 0.475 81
-11.848 -3.621 0.471 72
-11.856 -3.689 0.474 61
-11.836 -3.648 0.473 82
-11.815 -3.621 0.473 81
-12.029 -3.791 0.471 65
-11.944 -3.706 0.471 59
-11.915 -3.639 0.469 113
-11.833 -3.603 0.471 68
-11.803 -3.559 0.470 65
-11.882 -3.722 0.475 44
-11.818 -3.725 0.478 86
-11.992 -3.677 0.468 79
-11.882 -3.694 0.473 59
-11.945 -3.678 0.470 87
-11.809 -3.637 0.474 89
-12.058 -3.738 0.468 117
-11.878 -3.672 0.472 99
-11.973 -3.679 0.469 107
-12.072 -3.758 0.468 14
-11.957 -3.643 0.468 102
-11.827 -3.579 0.470 93
-11.907 -3.726 0.474 44
-11.842 -3.575 0.469 65
-11.959 -3.640 0.467 100
-11.872 -3.650 0.472 102
-11.928 -3.695 0.471 61
-11.804 -3.541 0.469 94
-11.820 -3.647 0.474 84
-11.945 -3.644 0.468 97
-11.954 -3.658 0.468 66
-11.799 -3.604 0.473 53
-12.096 -3.809 0.469 31
-11.960 -3.650 0.468 105
-11.857 -3.747 0.477 99
-11.957 -3.672 0.469 107
-11.867 -3.693 0.474 60
-11.828 -3.651 0.474 68
-11.868 -3.697 0.474 58
-11.875 -3.694 0.474 61
-12.030 -3.710 0.467 61
-11.772 -3.643 0.476 59
-11.881 -3.639 0.471 105
-11.892 -3.580 0.467 110
-11.982 -3.705 0.469 58
-11.789 -3.722 0.479 68
-11.983 -3.770 0.472 93
-11.863 -3.678 0.473 85
-11.923 -3.740 0.474 102
-12.091 -3.774 0.468 27
-11.931 -3.654 0.469 88
-11.980 -3.750 0.472 125
-11.887 -3.611 0.469 62
-11.808 -3.675 0.476 56
-12.048 -3.761 0.469 82
-11.881 -3.746 0.476 76
-11.840 -3.524 0.467 94
-11.918 -3.650 0.470 106
-11.796 -3.560 0.471 67
-11.868 -3.748 0.476 74
-11.819 -3.621 0.473 76
-11.936 -3.681 0.470 70
-11.809 -3.535 0.469 65
-11.967 -3.657 0.468 87
-11.784 -3.642 0.475 71
-11.876 -3.585 0.468 80
-11.986 -3.677 0.468 75
-11.778 -3.659 0.476 67
-11.835 -3.535 0.468 67
-11.815 -3.585 0.471 96
-11.926 -3.665 0.470 75
-11.901 -3.692 0.472 56
-11.870 -3.583 0.469 58
-11.979 -3.699 0.469 73
-11.850 -3.705 0.475 56
-11.887 -3.756 0.476 73
-11.841 -3.544 0.468 74
-12.097 -3.783 0.468 42
-11.860 -3.734 0.476 74
-11.876 -3.726 0.475 60
-11.865 -3.662 0.472 97
-12.012 -3.776 0.471 117
-11.788 -3.520 0.469 83
-12.073 -3.788 0.469 86
-12.094 -3.807 0.469 32
-11.791 -3.730 0.479 65
-12.074 -3.796 0.470 66
-11.803 -3.677 0.476 56
-12.083 -3.762 0.468 29
-11.957 -3.670 0.469 104
-11.847 -3.570 0.469 62
-11.851 -3.739 0.477 98
-11.786 -3.661 0.476 62
-11.996 -3.754 0.471 132
-12.026 -3.717 0.468 60
-11.966 -3.670 0.468 99
-11.942 -3.711 0.471 59
-11.869 -3.552 0.467 67
-12.021 -3.791 0.472 53
-11.980 -3.775 0.473 46
-11.766 -3.696 0.478 53
-12.015 -3.740 0.470 145
-11.944 -3.637 0.468 101
-11.989 -3.758 0.472 125
-12.094 -3.783 0.468 34
-11.956 -3.712 0.471 60
-11.800 -3.665 0.475 87
-11.908 -3.629 0.469 65
-11.845 -3.537 0.467 51
-11.968 -3.702 0.470 59
-11.784 -3.681 0.477 54
-11.797 -3.730 0.479 64
-11.895 -3.618 0.469 75
-11.954 -3.699 0.470 59
-11.843 -3.675 0.474 62
-11.932 -3.628 0.468 89
-11.832 -3.537 0.468 102
-11.882 -3.656 0.471 114
-11.803 -3.644 0.474 92
-11.775 -3.663 0.476 61
-11.811 -3.559 0.470 69
-11.822 -3.705 0.476 52
-11.828 -3.718 0.477 53
-11.961 -3.766 0.473 110
-11.864 -3.702 0.474 55
-11.863 -3.696 0.474 57
-11.977 -3.660 0.467 69
-11.935 -3.672 0.470 66
-12.028 -3.728 0.468 41
-11.823 -3.660 0.474 83
-11.928 -3.704 0.472 58
-11.804 -3.647 0.474 96
-12.035 -3.742 0.469 44
-11.832 -3.684 0.475 54
-11.774 -3.622 0.475 75
-11.857 -3.693 0.474 59
-11.795 -3.549 0.470 78
-11.881 -3.751 0.476 72
-12.063 -3.782 0.469 87
-12.113 -3.791 0.468 76
-11.803 -3.530 0.469 86
-11.946 -3.679 0.470 87
-11.816 -3.641 0.474 69
-11.902 -3.595 0.468 51
-11.917 -3.711 0.472 60
-11.827 -3.680 0.475 57
-11.855 -3.542 0.467 66
-11.894 -3.643 0.470 114
-12.034 -3.775 0.470 80
-11.993 -3.745 0.471 29
-12.018 -3.770 0.471 128
-11.801 -3.702 0.477 51
-11.785 -3.588 0.473 85
-11.896 -3.656 0.471 119
-11.799 -3.640 0.474 67
-12.107 -3.801 0.468 68
-11.915 -3.635 0.469 106
-12.039 -3.746 0.469 83
-11.907 -3.594 0.467 44
-11.815 -3.565 0.470 73
-11.968 -3.774 0.473 57
-11.814 -3.676 0.475 55
-11.967 -3.696 0.470 76
-11.857 -3.735 0.476 92
-11.804 -3.654 0.475 84
-11.977 -3.737 0.471 47
-11.831 -3.633 0.473 62
-11.779 -3.704 0.478 43
-11.814 -3.704 0.477 48
-11.781 -3.608 0.474 55
-11.989 -3.672 0.467 79
-11.771 -3.666 0.477 58
-11.973 -3.717 0.470 60
-11.983 -3.756 0.472 128
-11.845 -3.709 0.476 50
-11.976 -3.713 0.470 60
-12.056 -3.767 0.469 79
-11.991 -3.762 0.472 134
-11.990 -3.725 0.470 64
-11.782 -3.642 0.475 70
-11.803 -3.703 0.477 51
-11.866 -3.708 0.475 52
-11.791 -3.612 0.473 50
-11.829 -3.708 0.476 48
-12.065 -3.787 0.470 94
-11.834 -3.589 0.470 64
-12.092 -3.786 0.468 31
-12.040 -3.767 0.470 85
-11.815 -3.637 0.473 111
-12.000 -3.688 0.468 81
-11.866 -3.696 0.474 59
-11.833 -3.530 0.468 90
-12.090 -3.806 0.469 20
-11.920 -3.704 0.472 58
-11.813 -3.688 0.476 53
-11.873 -3.606 0.469 57
-11.799 -3.496 0.468 110
-11.877 -3.644 0.471 106
-11.847 -3.586 0.470 66
-11.867 -3.699 0.474 58
-11.802 -3.484 0.467 78
-11.783 -3.658 0.476 61
-12.041 -3.787 0.471 89
-11.850 -3.692 0.475 57
-11.811 -3.669 0.475 58
-11.868 -3.671 0.473 93
-11.997 -3.680 0.467 68
-12.108 -3.795 0.468 78
-11.889 -3.673 0.472 103
-11.932 -3.717 0.472 59
-11.797 -3.517 0.469 92
-11.897 -3.734 0.474 79
-11.874 -3.690 0.473 59
-11.779 -3.679 0.477 53
-11.901 -3.732 0.474 72
-11.872 -3.619 0.470 53
-12.076 -3.802 0.470 81
-11.806 -3.726 0.478 83
-11.881 -3.561 0.467 74
-11.900 -3.596 0.468 37
-11.827 -3.622 0.472 75
-11.780 -3.710 0.478 68
-11.777 -3.595 0.473 68
-11.895 -3.661 0.471 112
-11.952 -3.728 0.472 57
-11.937 -3.652 0.469 68
-11.880 -3.715 0.474 48
-11.820 -3.576 0.470 94
-11.895 -3.740 0.475 81
-11.792 -3.578 0.472 85
-11.814 -3.688 0.476 53
-11.999 -3.776 0.472 109
-11.824 -3.508 0.467 39
-11.856 -3.616 0.471 68
-11.815 -3.616 0.472 64
-11.841 -3.641 0.473 67
-11.876 -3.632 0.471 105
-11.999 -3.731 0.470 57
-11.964 -3.732 0.471 54
-11.792 -3.561 0.471 56
-11.789 -3.611 0.473 50
-11.827 -3.712 0.477 31
-12.039 -3.788 0.471 88
-11.826 -3.646 0.473 62
-11.854 -3.549 0.468 68
-11.895 -3.697 0.473 62
-11.961 -3.646 0.467 103
-12.087 -3.790 0.469 28
-12.029 -3.793 0.471 65
-11.984 -3.708 0.469 58
-11.821 -3.529 0.468 67
-11.973 -3.690 0.469 94
-11.975 -3.693 0.469 86
-11.874 -3.632 0.471 105
-11.864 -3.727 0.476 89
-11.824 -3.672 0.475 63
-12.095 -3.792 0.469 32
-12.101 -3.804 0.469 30
-11.767 -3.669 0.477 55
-11.962 -3.679 0.469 100
-12.071 -3.754 0.468 30
-12.020 -3.719 0.468 61
-11.940 -3.668 0.469 70
-11.892 -3.738 0.475 74
-12.066 -3.803 0.470 68
-11.851 -3.538 0.467 72
-11.940 -3.632 0.468 102
-11.791 -3.689 0.477 49
-11.863 -3.584 0.469 45
-11.944 -3.692 0.470 79
-11.835 -3.671 0.474 83
-11.812 -3.546 0.469 69
-11.859 -3.643 0.472 98
-11.973 -3.651 0.467 92
-11.912 -3.721 0.473 88
-11.956 -3.731 0.472 52
-11.828 -3.518 0.467 116
-11.954 -3.664 0.469 67
-11.870 -3.658 0.472 101
-11.932 -3.660 0.469 49
-12.099 -3.810 0.469 33
-12.073 -3.795 0.470 101
-11.895 -3.653 0.471 111
-11.903 -3.687 0.472 89
-11.893 -3.645 0.470 112
-12.089 -3.794 0.469 26
-11.847 -3.547 0.468 66
-11.870 -3.683 0.473 67
-11.819 -3.568 0.470 86
-11.802 -3.564 0.471 98
-11.872 -3.625 0.470 72
-11.879 -3.736 0.475 75
-11.947 -3.713 0.471 63
-12.047 -3.755 0.469 90
-11.809 -3.583 0.471 91
-11.857 -3.544 0.467 61
-11.816 -3.593 0.471 93
-11.854 -3.631 0.471 69
-11.949 -3.706 0.471 58
-11.932 -3.727 0.473 62
-11.836 -3.605 0.471 72
-11.875 -3.578 0.468 82
-11.910 -3.726 0.474 83
-11.905 -3.742 0.474 88
-11.953 -3.744 0.473 110
-11.995 -3.694 0.468 69
-11.880 -3.691 0.473 59
-11.911 -3.661 0.470 117
-11.808 -3.675 0.476 55
-11.843 -3.554 0.468 69
-11.829 -3.648 0.473 66
-11.789 -3.723 0.479 64
-11.779 -3.657 0.476 66
-12.009 -3.688 0.467 71
-11.797 -3.557 0.470 58
-11.995 -3.709 0.469 63
-11.847 -3.596 0.470 66
-11.785 -3.722 0.479 61
-11.943 -3.652 0.469 64
-12.057 -3.785 0.470 99
-11.789 -3.514 0.469 83
-11.951 -3.644 0.468 103
-11.846 -3.627 0.472 67
-12.021 -3.782 0.471 61
-11.915 -3.709 0.472 61
-12.030 -3.789 0.471 77
-11.907 -3.613 0.468 61
-12.015 -3.709 0.468 60
-11.813 -3.720 0.478 83
-11.940 -3.673 0.470 67
-12.087 -3.797 0.469 25
-11.815 -3.684 0.476 53
-12.073 -3.778 0.469 42
-11.858 -3.569 0.468 62
-11.942 -3.758 0.474 104
-11.912 -3.758 0.475 89
-11.828 -3.708 0.476 48
-11.880 -3.702 0.474 63
-12.042 -3.726 0.468 134
-12.038 -3.753 0.469 86
-11.920 -3.672 0.471 117
-11.775 -3.664 0.477 61
-11.817 -3.589 0.471 89
-11.876 -3.640 0.471 105
-11.801 -3.715 0.478 77
-11.799 -3.687 0.477 54
-11.855 -3.688 0.474 61
-12.085 -3.801 0.469 28
-11.985 -3.730 0.470 55
-11.862 -3.609 0.470 76
-11.862 -3.659 0.472 96
-11.894 -3.620 0.469 80
-11.826 -3.516 0.467 73
-11.978 -3.706 0.470 58
-11.787 -3.685 0.477 55
-12.011 -3.764 0.471 123
-11.958 -3.774 0.474 96
-11.952 -3.722 0.471 61
-11.857 -3.574 0.469 66
-12.036 -3.745 0.469 95
-11.855 -3.634 0.472 74
-11.977 -3.771 0.473 61
-12.086 -3.773 0.468 21
-11.921 -3.608 0.467 93
-11.831 -3.535 0.468 102
-11.842 -3.705 0.476 54
-11.869 -3.750 0.476 83
-12.013 -3.709 0.468 62
-12.018 -3.713 0.468 64
-11.801 -3.696 0.477 50
-12.018 -3.780 0.471 70
-11.805 -3.666 0.475 77
-11.809 -3.559 0.470 69
-11.839 -3.605 0.471 72
-11.980 -3.735 0.471 62
-11.899 -3.722 0.474 68
-11.791 -3.684 0.477 53
-11.781 -3.677 0.477 56
-11.960 -3.700 0.470 66
-11.812 -3.625 0.473 104
-11.779 -3.667 0.476 60
-11.882 -3.735 0.475 77
-11.862 -3.696 0.474 57
-11.779 -3.621 0.474 91
-11.796 -3.682 0.476 54
-11.921 -3.647 0.469 111
-12.006 -3.759 0.471 112
-12.055 -3.738 0.468 119
-11.921 -3.652 0.470 110
-11.890 -3.615 0.469 50
-11.791 -3.729 0.479 65
-12.030 -3.757 0.470 88
-11.876 -3.650 0.471 108
-11.824 -3.607 0.472 63
-12.013 -3.726 0.469 53
-12.132 -3.813 0.468 104
-11.995 -3.717 0.469 62
-11.898 -3.715 0.474 47
-11.770 -3.681 0.478 55
-11.831 -3.688 0.475 56
-12.102 -3.786 0.468 68
-12.010 -3.722 0.469 68
-11.871 -3.682 0.473 67
-11.922 -3.709 0.472 62
-11.884 -3.722 0.474 53
-11.802 -3.721 0.478 81
-12.129 -3.810 0.468 93
-11.882 -3.684 0.473 81
-12.009 -3.743 0.470 96
-11.992 -3.708 0.469 61
-11.815 -3.512 0.468 81
-11.888 -3.746 0.475 77
-11.804 -3.683 0.476 54
-12.015 -3.753 0.470 104
-12.034 -3.758 0.470 80
-11.809 -3.490 0.467 92
-11.834 -3.686 0.475 55
-12.020 -3.776 0.471 56
-11.827 -3.540 0.468 92
-11.953 -3.698 0.470 54
-11.783 -3.561 0.471 85
-12.063 -3.786 0.470 88
-11.889 -3.751 0.476 74
-11.781 -3.701 0.478 47
-12.042 -3.762 0.469 88
-12.089 -3.784 0.468 32
-11.820 -3.636 0.473 78
-11.843 -3.714 0.476 43
-12.089 -3.787 0.469 31
-11.982 -3.661 0.467 92
-12.037 -3.717 0.468 58
-11.900 -3.737 0.474 84
-11.789 -3.529 0.470 66
-11.859 -3.724 0.476 86
-11.904 -3.372 0.482 44
-11.892 -3.520 0.471 78
-11.984 -3.624 0.470 72
-11.902 -3.371 0.482 44
-11.877 -3.538 0.468 98
-11.949 -3.551 0.473 101
-11.858 -3.505 0.469 100
-11.905 -3.505 0.473 109
-12.087 -3.746 0.469 32
-11.821 -3.501 0.467 78
-11.934 -3.554 0.471 98
-11.826 -3.459 0.470 59
-11.955 -3.410 0.483 58
-11.851 -3.405 0.476 53
-11.870 -3.443 0.475 59
-11.887 -3.366 0.481 32
-11.965 -3.457 0.481 59
-11.930 -3.367 0.484 93
-12.058 -3.683 0.471 97
-12.019 -3.638 0.471 100
-12.094 -3.703 0.472 110
-11.877 -3.432 0.476 62
-11.906 -3.580 0.467 85
-11.915 -3.523 0.472 81
-11.915 -3.470 0.476 66
-11.866 -3.404 0.477 54
-11.928 -3.351 0.485 81
-11.812 -3.482 0.468 44
-12.080 -3.674 0.473 60
-11.938 -3.430 0.481 64
-11.850 -3.400 0.476 47
-11.847 -3.522 0.467 100
-12.028 -3.676 0.469 82
-11.968 -3.501 0.478 83
-11.894 -3.411 0.479 78
-12.072 -3.725 0.469 56
-12.101 -3.741 0.470 118
-11.966 -3.427 0.483 65
-12.073 -3.702 0.471 59
-11.973 -3.641 0.468 105
-12.009 -3.683 0.468 73
-12.000 -3.547 0.477 70
-11.844 -3.454 0.472 59
-11.997 -3.584 0.474 81
-11.915 -3.333 0.486 63
-11.834 -3.474 0.470 62
-11.819 -3.472 0.469 46
-12.066 -3.657 0.474 98
-11.941 -3.554 0.472 98
-11.910 -3.499 0.474 92
-11.920 -3.434 0.479 57
-12.060 -3.673 0.472 92
-11.873 -3.380 0.479 50
-11.901 -3.484 0.474 91
-11.919 -3.386 0.482 85
-12.047 -3.632 0.474 105
-12.042 -3.717 0.468 47
-11.979 -3.607 0.471 64
-11.873 -3.533 0.468 100
-11.898 -3.535 0.470 100
-11.914 -3.318 0.487 58
-12.049 -3.640 0.474 108
-11.911 -3.587 0.467 57
-11.923 -3.404 0.481 74
-11.858 -3.473 0.472 95
-11.859 -3.510 0.469 101
-11.850 -3.443 0.473 83
-11.998 -3.526 0.478 64
-12.054 -3.700 0.470 73
-11.941 -3.391 0.484 66
-11.871 -3.410 0.477 59
-11.827 -3.460 0.470 58
-11.911 -3.447 0.477 40
-11.866 -3.423 0.476 38
-11.857 -3.463 0.472 77
-11.968 -3.477 0.479 47
-11.903 -3.477 0.475 90
-11.935 -3.423 0.481 80
-11.913 -3.537 0.471 77
-11.845 -3.433 0.473 49
-12.130 -3.804 0.468 104
-11.947 -3.429 0.481 66
-11.958 -3.469 0.479 66
-11.919 -3.328 0.487 62
-12.032 -3.696 0.468 75
-12.039 -3.635 0.473 109
-11.994 -3.595 0.473 51
-11.879 -3.490 0.472 94
-11.881 -3.549 0.468 87
-11.909 -3.514 0.472 95
-11.913 -3.367 0.483 77
-12.019 -3.602 0.474 99
-11.841 -3.459 0.471 59
-11.956 -3.568 0.472 77
-11.867 -3.423 0.476 38
-11.978 -3.603 0.471 66
-11.862 -3.470 0.472 93
-11.935 -3.573 0.470 75
-11.921 -3.349 0.485 67
-11.945 -3.492 0.477 83
-12.065 -3.715 0.469 42
-11.933 -3.462 0.478 45
-11.908 -3.389 0.481 67
-11.877 -3.361 0.481 96
-11.975 -3.578 0.473 39
-11.966 -3.490 0.478 54
-11.900 -3.429 0.478 34
-12.070 -3.661 0.474 86
-11.988 -3.656 0.468 90
-11.982 -3.588 0.472 69
-12.022 -3.678 0.469 79
-11.883 -3.467 0.474 91
-11.967 -3.484 0.479 38
-11.898 -3.463 0.475 59
-11.882 -3.503 0.471 77
-12.068 -3.646 0.475 101
-11.971 -3.600 0.471 42
-11.893 -3.358 0.482 50
-11.863 -3.440 0.474 61
-12.000 -3.668 0.468 82
-11.894 -3.496 0.473 78
-11.824 -3.473 0.469 41
-11.868 -3.519 0.469 101
-11.989 -3.490 0.480 57
-11.895 -3.545 0.469 98
-11.938 -3.479 0.477 58
-11.919 -3.568 0.469 52
-11.879 -3.554 0.467 40
-11.834 -3.511 0.467 96
-11.974 -3.467 0.481 48
-12.071 -3.736 0.468 23
-11.851 -3.404 0.476 48
-12.030 -3.593 0.476 95
-11.896 -3.507 0.472 82
-11.951 -3.422 0.482 61
-11.923 -3.373 0.484 90
-12.057 -3.709 0.469 62
-11.924 -3.525 0.473 93
-11.884 -3.348 0.482 66
-11.966 -3.442 0.482 59
-11.910 -3.466 0.476 58
-12.010 -3.629 0.472 96
-11.909 -3.555 0.469 95
-12.081 -3.731 0.469 35
-11.912 -3.315 0.487 62
-12.036 -3.606 0.475 99
-11.936 -3.481 0.477 58
-11.876 -3.374 0.480 67
-11.847 -3.433 0.474 51
-12.091 -3.700 0.472 116
-11.855 -3.496 0.470 94
-11.866 -3.507 0.470 100
-12.004 -3.553 0.476 59
-11.830 -3.487 0.469 50
-11.979 -3.496 0.479 49
-11.864 -3.525 0.468 94
-11.977 -3.616 0.470 67
-11.946 -3.559 0.472 102
-12.006 -3.520 0.479 74
-11.972 -3.647 0.467 101
-12.016 -3.570 0.476 107
-11.868 -3.379 0.479 47
-11.826 -3.467 0.470 55
-12.119 -3.783 0.468 85
-11.899 -3.433 0.477 37
-11.958 -3.596 0.470 73
-11.835 -3.509 0.467 94
-12.000 -3.655 0.469 105
-11.977 -3.578 0.473 39
-12.076 -3.704 0.471 46
-11.900 -3.396 0.480 56
-11.869 -3.511 0.470 99
-11.864 -3.525 0.468 94
-11.935 -3.487 0.476 67
-11.924 -3.348 0.485 67
-11.961 -3.585 0.471 68
-11.887 -3.488 0.473 100
-11.930 -3.432 0.480 75
-12.071 -3.725 0.469 50
-11.909 -3.320 0.486 64
-11.934 -3.382 0.484 29
-11.994 -3.615 0.471 74
-11.995 -3.651 0.469 105
-11.844 -3.421 0.474 53
-11.952 -3.543 0.473 98
-11.853 -3.401 0.476 52
-11.948 -3.512 0.475 94
-11.879 -3.429 0.476 42
-12.034 -3.706 0.468 68
-12.062 -3.678 0.472 111
-11.924 -3.576 0.469 87
-11.918 -3.487 0.475 87
-11.993 -3.497 0.480 55
-12.079 -3.754 0.468 26
-11.921 -3.449 0.478 44
-11.976 -3.503 0.478 52
-11.897 -3.564 0.468 53
-11.921 -3.371 0.484 93
-12.030 -3.647 0.472 100
-11.880 -3.404 0.478 59
-12.006 -3.667 0.468 74
-12.060 -3.654 0.473 106
-12.090 -3.735 0.470 95
-11.921 -3.358 0.484 86
-11.935 -3.583 0.469 52
-11.898 -3.508 0.472 78
-12.063 -3.738 0.468 32
-11.922 -3.495 0.475 82
-11.840 -3.426 0.474 65
-11.947 -3.493 0.477 76
-11.820 -3.484 0.468 51
-11.881 -3.541 0.468 105
-12.015 -3.691 0.467 76
-11.987 -3.627 0.470 82
-11.911 -3.493 0.474 89
-11.993 -3.558 0.475 84
-11.926 -3.487 0.476 88
-11.826 -3.453 0.471 58
-12.015 -3.576 0.476 99
-11.962 -3.476 0.479 56
-12.021 -3.664 0.470 83
-11.921 -3.345 0.485 78
-11.823 -3.503 0.467 78
-11.918 -3.566 0.469 84
-12.015 -3.561 0.477 62
-11.912 -3.398 0.481 68
-12.024 -3.682 0.469 79
-11.844 -3.447 0.472 73
-12.102 -3.767 0.468 102
-11.964 -3.475 0.479 50
-11.998 -3.502 0.480 65
-11.894 -3.468 0.475 88
-11.899 -3.439 0.477 42
-11.918 -3.377 0.483 27
-12.083 -3.706 0.471 104
-11.856 -3.490 0.470 83
-11.986 -3.472 0.481 90
-11.966 -3.610 0.470 65
-11.931 -3.601 0.468 53
-11.908 -3.478 0.475 96
-11.948 -3.537 0.474 93
-11.999 -3.536 0.477 58
-12.027 -3.665 0.470 81
-11.982 -3.569 0.474 68
-11.973 -3.544 0.475 60
-12.032 -3.572 0.477 62
-11.948 -3.622 0.467 64
-11.902 -3.334 0.485 66
-11.828 -3.505 0.467 76
-12.079 -3.677 0.473 98
-11.946 -3.451 0.480 50
-12.096 -3.768 0.468 45
-11.892 -3.531 0.470 90
-11.892 -3.390 0.480 55
-11.923 -3.374 0.483 79
-12.087 -3.719 0.471 119
-12.009 -3.627 0.472 96
-12.003 -3.604 0.473 97
-11.991 -3.668 0.467 75
-12.067 -3.723 0.469 37
-11.978 -3.621 0.470 66
-12.052 -3.676 0.471 88
-11.933 -3.430 0.480 80
-11.968 -3.569 0.473 77
-11.835 -3.474 0.470 60
-11.950 -3.564 0.472 93
-12.009 -3.619 0.472 91
-11.888 -3.387 0.480 56
-11.877 -3.373 0.480 67
-11.864 -3.432 0.475 54
-12.014 -3.577 0.476 99
-12.059 -3.713 0.469 46
-11.818 -3.447 0.471 28
-11.836 -3.492 0.469 64
-11.981 -3.643 0.468 104
-11.976 -3.580 0.473 37
-12.108 -3.769 0.469 108
-11.907 -3.537 0.471 82
-11.952 -3.438 0.481 49
-11.968 -3.445 0.482 63
-11.898 -3.481 0.474 93
-11.956 -3.553 0.473 102
-12.020 -3.661 0.470 92
-11.858 -3.410 0.476 52
-11.922 -3.575 0.469 88
-11.861 -3.519 0.468 100
-12.067 -3.676 0.472 114
-11.893 -3.534 0.470 96
-11.991 -3.486 0.480 61
-11.840 -3.450 0.472 59
-11.927 -3.408 0.481 78
-11.911 -3.341 0.485 70
-11.983 -3.497 0.479 56
-11.936 -3.451 0.479 38
-11.880 -3.386 0.479 56
-12.027 -3.625 0.473 97
-11.913 -3.405 0.480 77
-11.974 -3.534 0.476 63
-11.861 -3.470 0.472 93
-11.931 -3.536 0.472 79
-11.974 -3.603 0.471 75
-12.022 -3.614 0.474 91
-11.955 -3.597 0.470 94
-11.914 -3.326 0.486 65
-11.924 -3.446 0.478 31
-11.972 -3.600 0.471 42
-11.975 -3.579 0.472 37
-11.885 -3.508 0.471 84
-12.012 -3.601 0.474 88
-11.859 -3.409 0.476 52
-12.013 -3.599 0.474 93
-11.925 -3.369 0.484 97
-11.972 -3.566 0.473 69
-12.037 -3.659 0.471 115
-11.926 -3.448 0.478 57
-12.013 -3.673 0.469 73
-11.926 -3.401 0.482 75
-11.892 -3.468 0.474 93
-11.927 -3.543 0.472 90
-11.997 -3.583 0.474 81
-12.002 -3.640 0.470 105
-11.937 -3.516 0.474 78
-12.106 -3.772 0.468 82
-11.985 -3.548 0.475 60
-11.942 -3.547 0.472 100
-12.033 -3.637 0.473 73
-11.987 -3.541 0.476 61
-12.044 -3.635 0.474 106
-11.941 -3.562 0.471 97
-11.869 -3.511 0.470 99
-11.964 -3.475 0.479 50
-11.875 -3.390 0.479 58
-11.924 -3.493 0.475 94
-11.938 -3.456 0.479 39
-12.067 -3.729 0.468 27
-11.958 -3.533 0.475 96
-11.873 -3.379 0.479 50
-11.946 -3.535 0.474 93
-12.053 -3.649 0.473 106
-12.116 -3.785 0.468 88
-12.079 -3.730 0.469 22
-11.961 -3.598 0.470 59
-11.911 -3.414 0.480 82
-11.895 -3.333 0.484 74
-11.975 -3.547 0.475 62
-11.996 -3.492 0.480 53
-12.117 -3.755 0.470 120
-11.982 -3.571 0.474 68
-11.894 -3.538 0.470 96
-11.943 -3.467 0.478 37
-11.864 -3.456 0.473 92
-11.972 -3.579 0.472 50
-11.837 -3.478 0.470 65
-11.905 -3.544 0.470 98
-11.893 -3.359 0.482 47
-11.964 -3.507 0.477 97
-11.819 -3.488 0.468 84
-11.975 -3.466 0.481 48
-12.058 -3.628 0.475 112
-11.968 -3.535 0.475 56
-12.039 -3.627 0.474 51
-11.869 -3.476 0.472 93
-12.041 -3.695 0.469 75
-11.849 -3.474 0.471 82
-12.072 -3.656 0.474 71
-11.813 -3.475 0.468 72
-11.912 -3.532 0.471 75
-11.948 -3.490 0.477 58
-11.948 -3.570 0.471 90
-11.873 -3.503 0.471 75
-11.864 -3.458 0.473 92
-12.051 -3.679 0.471 87
-11.905 -3.555 0.469 94
-12.106 -3.748 0.470 108
-11.971 -3.578 0.472 49
-11.870 -3.431 0.475 38
-11.878 -3.540 0.468 98
-11.859 -3.503 0.469 99
-11.935 -3.613 0.467 92
-11.936 -3.584 0.469 83
-11.977 -3.458 0.481 54
-12.138 -3.802 0.468 101
-11.855 -3.411 0.476 48
-11.905 -3.507 0.473 109
-11.950 -3.441 0.481 37
-11.992 -3.591 0.473 73
-12.072 -3.745 0.468 35
-11.992 -3.635 0.470 99
-12.005 -3.676 0.468 76
-11.939 -3.529 0.473 90
-12.053 -3.662 0.472 110
-11.932 -3.387 0.483 62
-12.063 -3.736 0.468 34
-11.895 -3.499 0.472 81
-11.937 -3.611 0.467 84
-11.985 -3.625 0.470 71
-12.071 -3.659 0.474 70
-11.866 -3.513 0.469 101
-11.927 -3.386 0.483 69
-11.922 -3.479 0.476 62
-11.916 -3.392 0.482 78
-11.935 -3.612 0.467 92
-11.988 -3.656 0.468 90
-11.851 -3.415 0.475 47
-11.980 -3.471 0.481 66
-12.001 -3.664 0.468 79
-12.092 -3.738 0.470 127
-11.921 -3.587 0.468 70
-11.851 -3.433 0.474 63
-12.075 -3.712 0.470 46
-12.000 -3.630 0.471 100
-11.956 -3.415 0.483 58
-11.926 -3.515 0.474 116
-11.866 -3.448 0.474 67
-12.015 -3.627 0.472 98
-11.947 -3.512 0.475 94
-11.952 -3.553 0.473 102
-11.878 -3.502 0.471 76
-11.887 -3.479 0.473 95
-11.878 -3.516 0.470 110
-11.995 -3.581 0.474 59
-12.030 -3.616 0.474 101
-11.951 -3.437 0.481 48
-11.905 -3.388 0.481 62
-12.000 -3.553 0.476 57
-11.876 -3.399 0.478 59
-11.923 -3.403 0.481 74
-12.005 -3.650 0.470 106
-11.957 -3.622 0.468 72
-11.934 -3.572 0.470 75
-11.873 -3.431 0.476 53
-11.978 -3.569 0.474 62
-11.874 -3.362 0.481 95
-11.932 -3.444 0.479 53
-12.074 -3.709 0.470 46
-11.947 -3.412 0.483 57
-11.973 -3.643 0.468 102
-11.900 -3.326 0.485 65
-11.942 -3.397 0.483 66
-11.917 -3.464 0.477 62
-11.995 -3.611 0.472 67
-11.910 -3.566 0.469 86
-11.979 -3.532 0.476 62
-11.984 -3.511 0.478 63
-11.890 -3.536 0.469 96
-11.976 -3.456 0.481 57
-11.946 -3.407 0.483 56
-12.000 -3.591 0.473 43
-11.890 -3.488 0.473 98
-11.939 -3.526 0.474 85
-11.959 -3.429 0.482 63
-12.108 -3.737 0.471 101
-12.066 -3.725 0.469 37
-11.961 -3.429 0.482 63
-11.950 -3.571 0.471 86
-11.995 -3.571 0.475 41
-11.851 -3.477 0.471 88
-11.905 -3.433 0.478 47
-11.853 -3.409 0.476 51
-12.009 -3.558 0.477 77
-11.947 -3.405 0.483 56
-11.872 -3.517 0.469 104
-11.939 -3.566 0.471 95
-12.060 -3.724 0.468 22
-11.975 -3.485 0.479 51
-11.896 -3.573 0.467 42
-12.043 -3.636 0.473 106
-12.045 -3.698 0.469 74
-12.008 -3.519 0.479 70
-12.066 -3.724 0.469 37
-12.106 -3.750 0.470 112
-11.844 -3.456 0.472 59
-11.990 -3.550 0.476 64
-11.967 -3.546 0.474 59
-11.954 -3.528 0.475 93
-11.970 -3.472 0.480 44
-11.991 -3.521 0.478 60
-12.061 -3.645 0.474 105
-11.912 -3.343 0.485 86
-11.902 -3.397 0.480 65
-11.920 -3.595 0.467 76
-11.894 -3.498 0.472 72
-11.941 -3.591 0.469 84
-11.948 -3.478 0.478 56
-11.877 -3.372 0.480 64
-11.995 -3.526 0.478 73
-12.076 -3.708 0.471 44
-11.900 -3.401 0.480 80
-11.900 -3.442 0.477 59
-11.964 -3.601 0.470 80
-11.952 -3.497 0.477 95
-11.910 -3.347 0.484 80
-11.898 -3.510 0.472 77
-11.975 -3.629 0.469 97
-11.892 -3.443 0.476 57
-12.078 -3.698 0.472 112
-11.875 -3.548 0.467 89
-11.896 -3.394 0.480 56
-12.065 -3.704 0.470 53
-11.984 -3.640 0.469 106
-11.956 -3.458 0.480 23
-11.975 -3.561 0.474 91
-12.016 -3.580 0.476 89
-11.975 -3.606 0.471 63
-11.937 -3.424 0.481 80
-11.960 -3.472 0.479 57
-11.923 -3.548 0.471 102
-11.990 -3.523 0.478 60
-11.891 -3.465 0.475 81
-11.939 -3.465 0.478 45
-11.993 -3.566 0.475 73
-12.130 -3.745 0.468 115
-12.020 -3.476 0.474 89
-12.244 -3.435 0.424 104
-12.070 -3.580 0.470 104
-12.199 -3.583 0.443 111
-12.188 -3.523 0.441 90
-12.189 -3.529 0.442 88
-12.104 -3.521 0.459 70
-12.140 -3.641 0.459 112
-12.010 -3.376 0.470 56
-12.141 -3.698 0.462 119
-12.130 -3.422 0.447 49
-12.149 -3.733 0.463 130
-12.062 -3.555 0.470 115
-12.133 -3.715 0.465 100
-12.137 -3.686 0.462 112
-12.130 -3.615 0.459 72
-12.197 -3.553 0.441 120
-12.130 -3.647 0.461 109
-11.972 -3.418 0.481 62
-12.193 -3.553 0.442 111
-12.131 -3.459 0.449 65
-12.173 -3.722 0.457 111
-12.067 -3.392 0.459 96
-12.144 -3.396 0.443 56
-12.080 -3.622 0.471 92
-12.124 -3.396 0.447 68
-12.105 -3.514 0.459 57
-12.174 -3.512 0.443 77
-12.160 -3.702 0.458 129
-12.106 -3.594 0.463 84
-12.222 -3.528 0.434 127
-12.066 -3.438 0.462 91
-12.174 -3.560 0.446 96
-12.043 -3.424 0.466 37
-12.124 -3.710 0.467 72
-12.082 -3.445 0.459 38
-11.947 -3.340 0.482 43
-12.111 -3.616 0.464 85
-12.167 -3.449 0.441 81
-12.065 -3.607 0.473 113
-12.022 -3.406 0.470 87
-12.042 -3.502 0.471 59
-12.084 -3.513 0.463 56
-12.065 -3.534 0.468 69
-12.110 -3.696 0.469 93
-12.035 -3.567 0.477 87
-12.146 -3.773 0.466 139
-12.167 -3.652 0.454 116
-12.193 -3.407 0.433 69
-12.108 -3.433 0.453 62
-12.198 -3.578 0.442 124
-12.119 -3.701 0.467 98
-12.108 -3.656 0.467 81
-12.071 -3.386 0.458 99
-12.101 -3.408 0.453 71
-12.158 -3.785 0.464 91
-12.042 -3.519 0.472 73
-12.096 -3.513 0.460 44
-12.119 -3.388 0.448 61
-11.983 -3.433 0.480 66
-12.109 -3.505 0.457 74
-12.045 -3.432 0.466 78
-12.142 -3.794 0.468 89
-12.179 -3.524 0.443 72
-12.075 -3.481 0.463 90
-12.239 -3.415 0.424 92
-12.065 -3.569 0.471 83
-12.095 -3.584 0.465 101
-12.151 -3.415 0.443 73
-12.088 -3.676 0.472 61
-12.175 -3.728 0.457 118
-12.090 -3.458 0.458 62
-11.960 -3.337 0.479 67
-12.167 -3.603 0.451 80
-12.137 -3.456 0.448 79
-12.037 -3.384 0.465 88
-12.149 -3.731 0.463 130
-12.189 -3.415 0.434 85
-12.047 -3.574 0.475 63
-12.037 -3.375 0.464 87
-12.190 -3.432 0.435 76
-11.978 -3.407 0.479 67
-12.072 -3.603 0.471 108
-12.020 -3.387 0.469 70
-12.145 -3.549 0.452 107
-12.184 -3.655 0.450 91
-12.094 -3.539 0.463 72
-12.105 -3.434 0.454 60
-12.189 -3.504 0.440 76
-12.095 -3.453 0.457 78
-12.164 -3.507 0.445 50
-12.138 -3.583 0.456 101
-12.120 -3.585 0.460 96
-12.151 -3.512 0.449 52
-12.128 -3.622 0.460 114
-11.985 -3.407 0.478 70
-12.180 -3.601 0.448 77
-12.154 -3.424 0.442 79
-12.171 -3.616 0.451 100
-12.070 -3.495 0.465 78
-12.145 -3.416 0.444 72
-12.144 -3.750 0.465 127
-12.218 -3.439 0.430 80
-12.010 -3.418 0.473 75
-12.077 -3.372 0.456 97
-12.200 -3.494 0.437 91
-12.157 -3.699 0.459 119
-12.044 -3.560 0.475 80
-11.971 -3.394 0.480 50
-12.041 -3.500 0.471 60
-11.995 -3.473 0.480 94
-12.093 -3.476 0.459 73
-12.162 -3.632 0.454 105
-12.204 -3.450 0.433 75
-12.097 -3.593 0.465 101
-12.166 -3.768 0.461 124
-11.983 -3.419 0.479 63
-12.034 -3.357 0.464 85
-12.118 -3.661 0.465 80
-11.985 -3.408 0.478 69
-12.165 -3.419 0.440 57
-12.184 -3.445 0.437 76
-12.248 -3.422 0.422 87
-12.095 -3.455 0.457 72
-12.044 -3.396 0.464 86
-12.084 -3.628 0.470 75
-12.146 -3.648 0.458 115
-12.101 -3.592 0.464 98
-12.104 -3.455 0.455 80
-12.193 -3.659 0.449 91
-11.998 -3.386 0.473 42
-12.069 -3.512 0.466 73
-12.199 -3.535 0.440 104
-12.049 -3.409 0.464 66
-12.153 -3.411 0.442 54
-11.973 -3.420 0.481 65
-11.995 -3.378 0.474 27
-12.061 -3.604 0.474 105
-12.150 -3.427 0.443 75
-12.185 -3.610 0.447 113
-11.934 -3.332 0.484 21
-12.075 -3.649 0.473 76
-12.173 -3.419 0.438 75
-12.118 -3.502 0.455 66
-12.076 -3.579 0.469 104
-12.152 -3.456 0.445 87
-12.170 -3.548 0.447 117
-12.008 -3.509 0.479 66
-12.168 -3.703 0.457 132
-11.971 -3.362 0.478 92
-12.074 -3.491 0.464 68
-12.199 -3.625 0.445 95
-12.059 -3.501 0.468 60
-12.077 -3.572 0.468 103
-12.144 -3.451 0.446 77
-12.163 -3.693 0.457 104
-12.206 -3.473 0.434 82
-12.208 -3.583 0.441 123
-12.077 -3.544 0.466 53
-12.144 -3.441 0.446 68
-12.199 -3.509 0.438 105
-12.149 -3.449 0.445 66
-12.116 -3.445 0.452 66
-12.094 -3.695 0.472 111
-12.040 -3.569 0.476 120
-12.030 -3.443 0.470 87
-12.084 -3.566 0.466 87
-12.135 -3.526 0.453 101
-12.018 -3.371 0.468 78
-12.088 -3.386 0.454 93
-12.092 -3.504 0.461 49
-12.105 -3.568 0.462 100
-12.188 -3.666 0.450 96
-12.118 -3.607 0.461 91
-12.052 -3.579 0.474 80
-11.951 -3.324 0.480 72
-12.143 -3.607 0.456 109
-12.060 -3.462 0.465 86
-12.058 -3.607 0.474 108
-12.041 -3.570 0.476 114
-12.213 -3.573 0.439 126
-12.061 -3.398 0.461 91
-12.133 -3.473 0.450 88
-12.093 -3.454 0.457 69
-12.236 -3.445 0.426 101
-12.175 -3.671 0.453 92
-12.020 -3.401 0.470 83
-12.186 -3.398 0.434 69
-12.181 -3.684 0.453 92
-12.169 -3.611 0.451 87
-12.182 -3.660 0.451 98
-12.212 -3.411 0.429 79
-12.083 -3.585 0.468 100
-12.101 -3.411 0.453 72
-12.203 -3.423 0.432 74
-12.166 -3.754 0.460 116
-12.024 -3.470 0.473 91
-12.031 -3.405 0.468 79
-12.070 -3.574 0.470 103
-11.936 -3.319 0.483 18
-12.022 -3.388 0.469 82
-12.104 -3.679 0.469 52
-12.162 -3.762 0.462 100
-12.140 -3.384 0.443 59
-12.177 -3.622 0.450 93
-12.015 -3.415 0.472 78
-12.124 -3.526 0.455 104
-12.129 -3.701 0.465 99
-12.115 -3.680 0.467 92
-12.118 -3.476 0.453 98
-12.006 -3.368 0.471 77
-12.104 -3.422 0.453 34
-12.032 -3.505 0.474 57
-12.010 -3.383 0.471 40
-12.168 -3.569 0.448 84
-12.153 -3.609 0.454 103
-12.120 -3.673 0.465 91
-12.056 -3.444 0.465 92
-12.000 -3.385 0.473 52
-12.131 -3.653 0.462 108
-12.129 -3.399 0.446 70
-12.191 -3.477 0.438 100
-12.183 -3.582 0.446 96
-12.151 -3.612 0.455 73
-12.216 -3.528 0.435 120
-12.185 -3.623 0.448 87
-12.125 -3.685 0.465 107
-12.097 -3.696 0.472 110
-12.087 -3.381 0.454 88
-12.160 -3.400 0.440 69
-12.174 -3.404 0.437 62
-12.078 -3.594 0.469 100
-12.070 -3.389 0.458 99
-12.204 -3.415 0.431 57
-11.958 -3.350 0.480 106
-12.109 -3.566 0.461 97
-12.110 -3.401 0.450 68
-12.100 -3.490 0.458 66
-12.116 -3.605 0.462 97
-12.004 -3.457 0.477 90
-12.100 -3.524 0.460 54
-12.202 -3.518 0.438 111
-12.090 -3.683 0.472 109
-12.150 -3.566 0.452 81
-12.066 -3.500 0.466 92
-12.114 -3.740 0.471 90
-12.139 -3.576 0.455 105
-12.149 -3.577 0.453 106
-12.105 -3.641 0.467 95
-12.057 -3.483 0.467 69
-12.202 -3.459 0.434 78
-12.134 -3.621 0.459 100
-12.156 -3.674 0.457 82
-12.125 -3.476 0.452 100
-12.100 -3.602 0.465 89
-12.064 -3.609 0.473 113
-12.192 -3.648 0.448 97
-12.171 -3.443 0.440 72
-12.110 -3.610 0.463 71
-12.207 -3.439 0.432 76
-12.165 -3.695 0.457 71
-12.162 -3.469 0.443 82
-12.192 -3.432 0.435 71
-12.028 -3.357 0.465 90
-12.066 -3.456 0.463 89
-12.212 -3.433 0.431 78
-12.041 -3.554 0.475 60
-12.193 -3.628 0.447 91
-12.079 -3.577 0.468 108
-12.164 -3.463 0.443 74
-12.140 -3.701 0.463 104
-12.045 -3.370 0.462 95
-12.122 -3.586 0.459 78
-12.167 -3.771 0.461 109
-11.998 -3.400 0.475 68
-12.169 -3.599 0.450 87
-12.038 -3.402 0.466 86
-12.076 -3.487 0.463 71
-12.110 -3.708 0.470 92
-12.110 -3.561 0.460 99
-12.004 -3.358 0.471 53
-12.022 -3.523 0.477 72
-12.041 -3.355 0.462 89
-12.098 -3.484 0.458 71
-12.205 -3.471 0.434 80
-12.100 -3.398 0.452 71
-12.080 -3.408 0.457 68
-12.118 -3.666 0.465 78
-12.233 -3.487 0.429 93
-12.178 -3.555 0.445 104
-12.101 -3.604 0.465 89
-12.126 -3.450 0.450 82
-12.204 -3.571 0.441 124
-12.228 -3.445 0.428 60
-12.034 -3.537 0.475 61
-12.194 -3.481 0.437 106
-12.022 -3.505 0.476 62
-12.027 -3.490 0.474 61
-12.230 -3.426 0.426 88
-12.078 -3.639 0.472 78
-12.082 -3.618 0.470 79
-12.109 -3.543 0.460 81
-12.174 -3.661 0.453 90
-12.200 -3.573 0.442 116
-12.120 -3.717 0.468 94
-11.984 -3.423 0.479 64
-12.134 -3.419 0.446 50
-12.153 -3.408 0.442 59
-11.914 -3.312 0.487 61
-12.079 -3.408 0.458 94
-12.143 -3.386 0.442 96
-12.008 -3.357 0.470 57
-12.011 -3.393 0.471 69
-12.202 -3.482 0.436 85
-12.135 -3.721 0.465 97
-12.148 -3.488 0.448 77
-12.162 -3.661 0.455 93
-12.053 -3.395 0.462 94
-12.148 -3.815 0.468 107
-12.057 -3.496 0.468 61
-12.172 -3.748 0.459 100
-12.099 -3.544 0.462 69
-12.133 -3.565 0.456 101
-12.049 -3.411 0.464 40
-12.100 -3.668 0.469 74
-12.224 -3.520 0.433 120
-12.167 -3.700 0.457 105
-12.106 -3.509 0.458 74
-12.229 -3.445 0.428 60
-12.056 -3.427 0.464 48
-12.060 -3.562 0.471 114
-11.946 -3.382 0.484 48
-12.091 -3.665 0.471 70
-12.176 -3.403 0.436 62
-12.114 -3.743 0.471 105
-12.081 -3.607 0.470 88
-12.149 -3.668 0.459 80
-12.168 -3.443 0.441 72
-11.980 -3.349 0.475 90
-12.137 -3.722 0.465 97
-12.123 -3.570 0.458 108
-12.051 -3.441 0.466 90
-12.108 -3.452 0.454 85
-12.139 -3.446 0.447 79
-12.109 -3.554 0.460 93
-12.143 -3.516 0.451 67
-12.044 -3.385 0.464 95
-12.169 -3.594 0.450 88
-11.998 -3.447 0.477 86
-12.038 -3.349 0.463 91
-12.102 -3.511 0.459 69
-12.225 -3.438 0.428 68
-12.076 -3.455 0.461 46
-12.214 -3.464 0.432 51
-12.111 -3.462 0.454 71
-12.157 -3.557 0.450 100
-12.200 -3.504 0.438 98
-11.993 -3.434 0.478 67
-12.025 -3.436 0.471 77
-11.931 -3.334 0.485 22
-12.059 -3.429 0.463 87
-12.153 -3.435 0.443 71
-12.007 -3.364 0.470 66
-12.004 -3.414 0.474 70
-12.109 -3.539 0.459 106
-12.031 -3.410 0.468 81
-12.100 -3.443 0.455 66
-12.163 -3.658 0.455 102
-12.082 -3.662 0.473 73
-12.072 -3.573 0.469 103
-12.130 -3.627 0.460 108
-12.148 -3.740 0.463 128
-12.046 -3.519 0.471 69
-12.107 -3.386 0.450 63
-12.189 -3.479 0.438 99
-12.057 -3.439 0.464 90
-12.029 -3.381 0.467 69
-11.997 -3.391 0.474 70
-12.082 -3.636 0.471 71
-12.135 -3.566 0.455 95
-12.034 -3.417 0.468 63
-12.081 -3.612 0.470 75
-12.201 -3.426 0.432 69
-12.170 -3.720 0.457 107
-12.109 -3.550 0.460 91
-12.060 -3.392 0.461 93
-12.191 -3.461 0.437 87
-12.175 -3.576 0.447 110
-12.088 -3.507 0.462 40
-11.979 -3.434 0.481 66
-12.072 -3.509 0.465 70
-12.093 -3.626 0.468 103
-12.025 -3.490 0.474 61
-12.120 -3.739 0.469 111
-12.027 -3.513 0.475 74
-12.227 -3.435 0.427 81
-12.076 -3.470 0.462 44
-12.122 -3.407 0.448 58
-11.998 -3.352 0.471 64
-12.166 -3.431 0.440 70
-12.054 -3.362 0.460 62
-12.168 -3.443 0.440 72
-12.031 -3.439 0.470 82
-11.989 -3.437 0.479 67
-12.112 -3.502 0.456 72
-12.183 -3.405 0.435 67
-12.092 -3.641 0.469 95
-12.078 -3.646 0.473 72
-11.983 -3.372 0.476 96
-12.235 -3.440 0.426 105
-12.069 -3.524 0.467 63
-12.176 -3.670 0.453 119
-12.087 -3.376 0.454 98
-12.066 -3.490 0.465 62
-12.068 -3.446 0.462 91
-12.187 -3.457 0.437 79
-12.174 -3.737 0.457 127
-12.170 -3.748 0.459 72
-12.206 -3.427 0.431 68
-12.076 -3.433 0.460 39
-12.043 -3.484 0.470 65
-12.060 -3.477 0.466 79
-11.993 -3.407 0.476 69
-12.071 -3.639 0.474 89
-12.147 -3.769 0.465 138
-12.102 -3.566 0.462 98
-12.113 -3.612 0.463 70
-12.073 -3.467 0.462 46
-12.024 -3.386 0.468 78
-11.991 -3.390 0.475 68
-12.055 -3.399 0.462 92
-11.993 -3.405 0.476 70
-12.003 -3.406 0.474 71
-12.064 -3.529 0.468 76
-12.173 -3.487 0.442 80
-12.040 -3.451 0.469 97
-12.120 -3.755 0.470 120
-11.999 -3.464 0.478 89
-12.205 -3.460 0.434 74
-12.057 -3.552 0.471 95
-12.023 -3.529 0.477 76
-12.087 -3.536 0.464 41
-12.155 -3.717 0.460 126
-12.059 -3.394 0.461 93
-12.144 -3.501 0.449 75
-12.089 -3.549 0.464 96
-12.131 -3.677 0.463 110
-12.017 -3.419 0.472 77
-12.081 -3.373 0.455 95
-12.141 -3.757 0.466 132
-12.109 -3.486 0.456 67
-12.087 -3.364 0.453 84
-12.143 -3.654 0.459 119
-12.081 -3.504 0.463 40
-12.057 -3.380 0.461 96
-12.047 -3.518 0.471 62
-12.219 -3.496 0.433 116
-11.984 -3.449 0.480 60
-12.150 -3.553 0.451 110
-11.931 -3.317 0.484 18
-12.179 -3.580 0.447 95
-12.123 -3.382 0.446 68
-12.078 -3.633 0.472 76
-12.129 -3.449 0.449 82
-12.108 -3.683 0.468 92
-12.115 -3.638 0.464 90
-11.987 -3.376 0.475 41
-12.085 -3.615 0.469 68
-12.091 -3.636 0.469 77
-12.080 -3.424 0.458 37
-12.218 -3.504 0.434 113
-12.050 -3.583 0.475 71
-12.042 -3.509 0.472 63
-12.043 -3.409 0.465 69
-12.150 -3.736 0.463 130
-12.157 -3.527 0.448 112
-12.005 -3.465 0.477 92
-12.184 -3.560 0.444 100
-12.157 -3.517 0.447 53
-12.150 -3.512 0.449 58
-12.105 -3.661 0.468 101
-12.131 -3.590 0.458 79
-12.074 -3.613 0.471 94
-12.078 -3.608 0.470 93
-12.139 -3.508 0.451 62
-12.095 -3.541 0.462 53
-12.081 -3.627 0.471 79
-12.082 -3.576 0.467 106
-12.090 -3.390 0.454 86
-12.012 -3.415 0.472 73
-12.165 -3.526 0.446 60
-12.072 -3.381 0.457 95
-12.158 -3.446 0.443 70
-12.011 -3.385 0.471 55
-12.208 -3.568 0.440 125
-12.182 -3.447 0.438 74
-11.939 -3.319 0.482 26
-12.021 -3.451 0.473 95
-12.181 -3.653 0.451 93
-12.114 -3.430 0.451 65
-12.243 -3.415 0.423 92
-12.154 -3.473 0.445 84
-12.137 -3.777 0.468 140
-12.150 -3.592 0.454 104
-12.078 -3.404 0.458 93
-12.018 -3.443 0.473 86
-11.985 -3.361 0.475 95
-12.168 -3.692 0.456 67
-11.926 -3.315 0.485 28
-12.071 -3.421 0.460 84
-11.977 -3.426 0.481 63
-12.181 -3.572 0.446 115
-12.141 -3.589 0.456 90
-12.075 -3.643 0.473 74
-12.150 -3.521 0.449 103
-12.098 -3.381 0.452 55
-12.212 -3.502 0.435 113
-12.185 -3.692 0.452 105
-12.127 -3.583 0.458 91
-12.159 -3.501 0.446 71
-11.983 -3.387 0.477 34
-12.043 -3.470 0.469 89
-12.136 -3.467 0.449 64
-12.177 -3.670 0.453 119
-12.114 -3.646 0.465 77
-12.208 -3.597 0.442 94
-12.055 -3.468 0.466 86
-12.144 -3.681 0.461 100
-12.120 -3.648 0.464 97
-12.205 -3.598 0.442 96
-12.139 -3.750 0.466 129
-12.045 -3.484 0.470 66
-12.113 -3.563 0.460 100
-12.028 -3.513 0.475 74
-12.123 -3.526 0.455 104
-11.999 -3.370 0.472 67
-12.045 -3.432 0.466 78
-12.210 -3.458 0.433 56
-12.208 -3.566 0.440 125
-12.087 -3.633 0.470 72
-12.214 -3.480 0.433 83
-12.206 -3.552 0.439 124
-12.056 -3.464 0.466 81
-12.241 -3.439 0.425 127
-12.113 -3.679 0.467 39
-11.983 -3.338 0.474 73
-12.073 -3.490 0.464 73
-11.981 -3.386 0.477 36
-11.947 -3.366 0.483 89
-12.003 -3.376 0.472 40
-12.203 -3.459 0.434 76
-12.199 -3.527 0.439 101
-12.113 -3.488 0.455 69
-11.998 -3.384 0.473 42
-12.026 -3.436 0.471 77
-12.182 -3.407 0.435 66
-12.182 -3.398 0.435 66
-12.131 -3.578 0.457 104
-12.138 -3.644 0.460 112
-12.179 -3.697 0.454 101
-12.041 -3.361 0.463 70
-12.113 -3.633 0.464 68
-12.201 -3.526 0.439 101
-11.953 -3.334 0.480 67
-12.127 -3.532 0.455 106
-12.196 -3.436 0.434 68
-12.183 -3.606 0.448 61
-12.194 -3.558 0.442 113
-12.121 -3.676 0.465 112
-12.133 -3.579 0.457 101
-12.230 -3.427 0.426 85
-12.156 -3.470 0.445 70
-12.171 -3.536 0.446 96
-12.096 -3.631 0.468 86
-12.029 -3.491 0.473 60
-12.128 -3.750 0.468 122
-12.205 -3.610 0.443 92
-12.114 -3.536 0.458 97
-12.137 -3.754 0.467 123
-12.191 -3.662 0.449 93
-12.157 -3.598 0.453 84
-12.078 -3.382 0.456 84
-12.213 -3.466 0.432 60
-12.120 -3.460 0.452 74
-12.057 -3.404 0.462 88
-12.126 -3.658 0.463 90
-12.072 -3.592 0.471 99
-12.094 -3.441 0.456 62
-12.049 -3.504 0.470 65
-12.082 -3.407 0.457 79
-12.151 -3.695 0.460 126
-12.171 -3.468 0.442 76
-12.224 -3.425 0.427 85
-12.078 -3.546 0.466 79
-12.140 -3.442 0.446 71
-12.184 -3.625 0.448 87
-12.147 -3.774 0.466 139
-12.154 -3.498 0.447 69
-11.981 -3.334 0.474 71
-12.082 -3.423 0.458 37
-12.046 -3.512 0.471 65
-12.171 -3.715 0.457 91
-12.119 -3.665 0.465 78
-12.135 -3.635 0.460 103
-12.067 -3.381 0.458 97
-12.037 -3.381 0.465 89
-12.040 -3.406 0.466 87
-12.131 -3.610 0.459 74
-11.998 -3.344 0.471 59
-12.060 -3.421 0.462 38
-12.133 -3.479 0.450 83
-12.142 -3.740 0.465 126
-12.141 -3.747 0.465 128
-12.118 -3.443 0.451 65
-12.198 -3.482 0.437 94
-12.171 -3.606 0.450 80
-11.972 -3.338 0.476 69
-12.104 -3.619 0.465 82
-12.092 -3.605 0.467 85
-12.082 -3.609 0.469 77
-12.178 -3.495 0.442 79
-12.016 -3.411 0.471 79
-12.140 -3.702 0.463 112
-12.177 -3.713 0.455 109
-12.123 -3.382 0.446 68
-12.211 -3.484 0.434 91
-12.029 -3.496 0.474 58
-12.104 -3.444 0.454 62
-12.164 -3.744 0.460 95
-12.086 -3.487 0.461 62
-12.067 -3.386 0.459 98
-12.214 -3.563 0.438 131
-12.160 -3.703 0.458 127
-12.066 -3.624 0.474 115
-12.049 -3.400 0.464 93
-12.132 -3.723 0.466 103
-12.177 -3.644 0.451 90
-12.158 -3.779 0.464 105
-12.153 -3.506 0.448 74
-12.058 -3.392 0.461 96
-12.069 -3.362 0.457 69
-12.125 -3.453 0.450 82
-12.090 -3.546 0.464 78
-12.014 -3.507 0.478 68
-12.191 -3.400 0.433 67
-12.201 -3.468 0.435 75
-12.011 -3.377 0.470 40
-12.131 -3.647 0.461 110
-12.186 -3.595 0.446 86
-12.172 -3.711 0.456 100
-12.133 -3.741 0.467 124
-12.144 -3.581 0.454 106
-12.200 -3.403 0.431 78
-12.186 -3.680 0.452 99
-11.991 -3.439 0.478 66
-12.054 -3.477 0.467 76
-12.171 -3.416 0.438 76
-12.055 -3.439 0.465 91
-12.148 -3.542 0.451 110
-11.992 -3.464 0.480 85
-12.035 -3.418 0.468 46
-12.062 -3.426 0.462 58
-12.103 -3.482 0.457 71
-12.098 -3.698 0.472 116
-12.207 -3.538 0.438 112
-12.199 -3.497 0.437 94
-12.156 -3.558 0.450 57
-12.034 -3.481 0.472 71
-12.027 -3.372 0.466 85
-12.145 -3.588 0.455 103
-12.016 -3.508 0.477 68
-12.060 -3.600 0.473 101
-12.118 -3.580 0.460 113
-12.110 -3.461 0.454 71
-12.057 -3.550 0.471 66
-12.151 -3.646 0.457 114
-12.225 -3.506 0.432 125
-12.032 -3.547 0.476 59
-12.074 -3.495 0.464 69
-12.027 -3.443 0.471 88
-12.079 -3.555 0.467 106
-12.042 -3.510 0.472 63
-12.150 -3.427 0.443 75
-12.104 -3.543 0.461 102
-12.194 -3.618 0.446 92
-11.924 -3.332 0.486 66
-12.171 -3.708 0.456 109
-12.125 -3.674 0.464 102
-12.164 -3.494 0.444 49
-12.179 -3.440 0.438 71
-12.180 -3.486 0.441 78
-12.089 -3.457 0.458 62
-11.983 -3.400 0.478 65
-12.226 -3.457 0.429 63
-12.108 -3.563 0.461 105
-12.121 -3.486 0.453 70
-12.149 -3.476 0.447 95
-12.103 -3.542 0.461 102
-12.207 -3.521 0.437 117
-12.092 -3.438 0.457 55
-12.131 -3.387 0.445 70
-12.095 -3.476 0.458 70
-12.078 -3.610 0.470 93
-11.961 -3.346 0.479 96
-12.016 -3.475 0.475 86
-12.212 -3.458 0.432 52
-12.076 -3.604 0.470 112
-11.946 -3.334 0.481 71
-12.150 -3.666 0.458 80
-12.193 -3.410 0.433 74
-12.030 -3.384 0.467 75
-12.173 -3.732 0.458 123
-12.038 -3.454 0.469 97
-12.088 -3.582 0.467 101
-12.157 -3.620 0.454 94
-12.208 -3.534 0.438 114
-12.034 -3.378 0.465 85
-12.092 -3.482 0.459 66
-12.197 -3.628 0.446 94
-12.200 -3.498 0.437 93
-12.127 -3.716 0.466 95
-12.131 -3.576 0.457 104
-12.182 -3.412 0.436 71
-12.122 -3.689 0.466 94
-12.192 -3.511 0.440 90
-12.034 -3.454 0.470 95
-12.190 -3.620 0.447 88
-12.146 -3.683 0.460 110
-12.092 -3.377 0.453 101
-12.155 -3.434 0.443 71
-11.983 -3.423 0.479 65
-11.968 -3.385 0.480 46
-12.003 -3.382 0.472 33
-12.085 -3.488 0.461 73
-12.077 -3.605 0.470 107
-12.134 -3.758 0.467 131
-12.063 -3.605 0.473 97
-12.142 -3.721 0.463 100
-12.127 -3.463 0.451 67
-12.017 -3.405 0.471 79
-12.107 -3.607 0.464 69
-11.960 -3.382 0.481 94
-12.225 -3.488 0.431 92
-12.164 -3.540 0.447 111
-12.025 -3.477 0.473 81
-12.190 -3.538 0.442 109
-12.038 -3.352 0.463 90
-12.176 -3.718 0.456 109
-12.057 -3.560 0.472 106
-12.104 -3.570 0.462 110
-12.189 -3.625 0.447 98
-12.142 -3.493 0.449 70
-12.059 -3.388 0.461 97
-12.032 -3.516 0.474 74
-12.054 -3.502 0.469 59
-12.177 -3.424 0.437 76
-12.116 -3.632 0.463 74
-12.140 -3.782 0.468 125
-12.130 -3.410 0.447 62
-11.942 -3.358 0.484 93
-12.183 -3.519 0.442 80
-12.100 -3.372 0.451 108
-12.136 -3.661 0.461 87
-12.152 -3.642 0.456 115
-11.970 -3.421 0.482 63
-11.961 -3.397 0.482 61
-12.196 -3.467 0.436 73
-12.218 -3.555 0.437 114
-12.144 -3.559 0.453 110
-12.011 -3.478 0.477 95
-11.973 -3.783 0.464 90
-11.954 -3.784 0.444 139
-11.933 -3.784 0.429 128
-11.977 -3.793 0.437 60
-11.910 -3.774 0.441 95
-11.941 -3.785 0.432 128
-11.954 -3.790 0.427 126
-11.810 -3.738 0.469 73
-11.888 -3.774 0.424 154
-12.024 -3.795 0.466 49
-11.958 -3.783 0.452 122
-12.030 -3.802 0.451 88
-11.890 -3.769 0.438 47
-12.049 -3.801 0.469 68
-11.872 -3.758 0.459 81
-11.999 -3.798 0.438 40
-12.092 -3.817 0.456 30
-11.943 -3.788 0.423 124
-11.877 -3.761 0.453 73
-11.989 -3.787 0.463 103
-11.908 -3.780 0.422 135
-12.116 -3.821 0.462 46
-12.049 -3.805 0.458 79
-11.879 -3.765 0.444 43
-11.825 -3.747 0.454 98
-11.897 -3.765 0.458 85
-11.905 -3.781 0.416 115
-11.818 -3.739 0.473 69
-11.898 -3.762 0.468 82
-11.892 -3.761 0.466 79
-12.050 -3.809 0.447 91
-11.883 -3.755 0.476 79
-11.924 -3.779 0.436 40
-11.967 -3.792 0.431 124
-11.826 -3.744 0.465 106
-12.053 -3.808 0.452 75
-12.094 -3.814 0.465 30
-12.014 -3.796 0.457 64
-11.948 -3.776 0.463 99
-11.888 -3.759 0.468 76
-11.868 -3.760 0.451 56
-11.928 -3.776 0.449 122
-11.895 -3.777 0.421 105
-11.910 -3.777 0.432 89
-11.888 -3.757 0.473 75
-12.120 -3.820 0.466 75
-11.951 -3.778 0.459 96
-11.797 -3.733 0.475 65
-11.894 -3.766 0.453 88
-12.080 -3.813 0.457 58
-12.034 -3.802 0.454 78
-12.013 -3.799 0.448 85
-12.037 -3.804 0.451 82
-12.008 -3.801 0.437 35
-11.827 -3.749 0.449 105
-11.943 -3.778 0.454 116
-11.892 -3.763 0.459 82
-11.827 -3.749 0.451 102
-11.794 -3.731 0.478 68
-11.901 -3.772 0.440 54
-12.022 -3.804 0.439 25
-12.063 -3.811 0.450 82
-11.992 -3.793 0.447 132
-11.953 -3.780 0.455 101
-11.846 -3.757 0.441 62
-11.870 -3.763 0.442 60
-11.866 -3.756 0.460 90
-12.061 -3.805 0.466 62
-11.953 -3.780 0.455 114
-12.069 -3.810 0.458 73
-11.832 -3.742 0.475 84
-11.914 -3.773 0.446 125
-11.838 -3.749 0.458 104
-11.899 -3.762 0.470 84
-11.819 -3.741 0.468 69
-11.958 -3.791 0.428 95
-11.848 -3.746 0.475 107
-11.875 -3.762 0.450 61
-12.013 -3.795 0.458 60
-11.812 -3.737 0.474 71
-12.014 -3.794 0.461 63
-11.826 -3.747 0.456 95
-11.928 -3.776 0.447 126
-11.899 -3.759 0.475 81
-11.902 -3.780 0.417 97
-11.950 -3.786 0.437 29
-11.874 -3.768 0.429 73
-11.919 -3.769 0.461 90
-11.964 -3.778 0.472 47
-11.899 -3.769 0.448 76
-12.019 -3.801 0.446 83
-11.812 -3.737 0.475 81
-11.851 -3.750 0.465 101
-11.980 -3.796 0.430 120
-11.951 -3.778 0.460 96
-12.033 -3.799 0.463 55
-11.897 -3.761 0.470 81
-11.975 -3.783 0.464 92
-11.945 -3.785 0.435 71
-12.121 -3.820 0.468 85
-11.971 -3.782 0.465 90
-11.788 -3.729 0.478 70
-11.917 -3.775 0.444 131
-11.948 -3.790 0.423 134
-11.893 -3.767 0.450 73
-11.989 -3.795 0.440 27
-11.855 -3.754 0.457 103
-11.879 -3.768 0.435 27
-12.135 -3.825 0.464 102
-11.881 -3.764 0.449 45
-12.049 -3.807 0.452 80
-11.805 -3.740 0.461 76
-11.913 -3.777 0.433 69
-12.102 -3.816 0.466 35
-12.102 -3.817 0.462 28
-11.861 -3.756 0.457 102
-11.937 -3.782 0.437 37
-11.814 -3.737 0.476 81
-12.088 -3.812 0.468 31
-11.852 -3.751 0.465 101
-11.833 -3.745 0.467 98
-11.941 -3.788 0.423 150
-12.021 -3.794 0.467 54
-12.068 -3.806 0.468 48
-11.972 -3.786 0.454 127
-11.889 -3.761 0.463 72
-11.997 -3.795 0.447 126
-12.000 -3.791 0.460 123
-12.016 -3.795 0.460 63
-11.989 -3.790 0.455 128
-11.901 -3.772 0.438 41
-12.081 -3.811 0.466 40
-11.869 -3.755 0.464 77
-12.024 -3.805 0.437 49
-12.128 -3.832 0.444 130
-11.934 -3.790 0.415 109
-12.059 -3.831 0.404 121
-12.032 -3.815 0.423 156
-12.107 -3.847 0.401 34
-12.080 -3.816 0.450 63
-12.103 -3.824 0.448 39
-12.106 -3.844 0.407 32
-12.102 -3.834 0.426 40
-12.143 -3.827 0.465 103
-12.024 -3.805 0.439 35
-11.943 -3.789 0.421 124
-12.094 -3.830 0.428 33
-12.045 -3.811 0.439 34
-12.125 -3.843 0.421 107
-12.096 -3.819 0.453 27
-11.996 -3.800 0.432 110
-11.994 -3.803 0.425 110
-12.111 -3.838 0.423 36
-12.082 -3.835 0.410 104
-12.058 -3.823 0.420 128
-11.994 -3.801 0.429 122
-12.053 -3.810 0.445 66
-11.971 -3.800 0.415 112
-12.013 -3.809 0.423 117
-12.106 -3.843 0.409 31
-12.123 -3.835 0.435 118
-12.052 -3.810 0.445 83
-12.057 -3.831 0.404 116
-12.043 -3.815 0.428 118
-12.134 -3.833 0.448 99
-12.026 -3.817 0.414 113
-12.073 -3.814 0.449 71
-12.125 -3.842 0.422 107
-12.110 -3.850 0.397 36
-12.037 -3.823 0.409 118
-12.031 -3.818 0.416 119
-12.098 -3.845 0.399 31
-12.125 -3.833 0.443 132
-12.074 -3.829 0.419 114
-12.093 -3.837 0.415 51
-12.122 -3.836 0.433 117
-12.040 -3.811 0.436 123
-12.055 -3.826 0.412 113
-12.090 -3.824 0.440 35
-12.084 -3.823 0.438 49
-12.094 -3.840 0.408 36
-12.074 -3.818 0.441 40
-11.927 -3.789 0.411 135
-12.123 -3.844 0.417 94
-12.079 -3.818 0.446 37
-11.919 -3.785 0.416 130
-12.011 -3.813 0.414 106
-12.141 -3.836 0.446 132
-12.039 -3.819 0.417 120
-11.934 -3.788 0.418 122
-12.110 -3.846 0.406 38
-12.105 -3.846 0.402 33
-12.026 -3.819 0.409 145
-12.091 -3.826 0.435 33
-12.059 -3.830 0.407 114
-12.018 -3.810 0.425 103
-12.087 -3.825 0.436 35
-12.135 -3.828 0.459 101
-12.063 -3.812 0.447 82
-12.107 -3.845 0.405 37
-12.081 -3.832 0.417 120
-11.962 -3.799 0.412 117
-12.124 -3.842 0.421 107
-11.940 -3.790 0.418 117
-12.072 -3.835 0.403 121
-12.088 -3.822 0.442 34
-12.064 -3.813 0.445 68
-12.029 -3.810 0.430 129
-12.109 -3.821 0.456 37
-12.015 -3.805 0.433 111
-12.098 -3.839 0.413 32
-12.095 -3.833 0.424 29
-12.067 -3.830 0.413 117
-12.007 -3.804 0.430 125
-12.131 -3.837 0.436 101
-12.102 -3.835 0.423 28
-12.091 -3.843 0.399 77
-12.124 -3.832 0.444 109
-12.019 -3.820 0.404 99
-12.077 -3.834 0.410 136
-12.038 -3.816 0.423 116
-12.100 -3.836 0.419 29
-12.021 -3.806 0.434 92
-12.088 -3.829 0.427 52
-12.071 -3.367 0.442 90
-12.201 -3.401 0.430 73
-12.063 -3.364 0.444 98
-12.042 -3.358 0.446 89
-12.056 -3.358 0.452 92
-11.946 -3.321 0.476 73
-12.024 -3.354 0.447 49
-12.032 -3.356 0.446 87
-12.139 -3.384 0.438 58
-12.083 -3.367 0.446 87
-12.150 -3.385 0.439 71
-12.022 -3.352 0.449 88
-12.044 -3.359 0.445 89
-12.171 -3.394 0.431 59
-12.054 -3.359 0.449 96
-12.025 -3.351 0.452 80
-12.051 -3.353 0.460 58
-12.019 -3.352 0.449 83
-12.026 -3.347 0.460 84
-12.058 -3.363 0.444 97
-12.180 -3.395 0.434 70
-12.134 -3.382 0.439 60
-12.054 -3.358 0.451 92
-11.979 -3.332 0.469 57
-12.001 -3.345 0.453 67
-12.025 -3.348 0.458 77
-12.170 -3.393 0.434 61
-11.972 -3.331 0.468 87
-12.056 -3.359 0.450 96
-12.017 -3.350 0.451 80
-12.025 -3.354 0.447 79
-12.115 -3.374 0.446 64
-12.075 -3.362 0.452 93
-12.194 -3.400 0.429 72
-12.008 -3.345 0.457 66
-12.191 -3.398 0.432 64
-12.113 -3.375 0.444 65
-12.166 -3.392 0.433 62
-11.971 -3.330 0.470 60
-11.763 -3.469 0.437 57
-11.778 -3.484 0.465 87
-11.780 -3.453 0.430 96
-11.778 -3.483 0.465 87
-11.783 -3.469 0.451 45
-11.770 -3.482 0.458 84
-11.761 -3.492 0.464 35
-11.772 -3.461 0.434 65
-11.727 -3.502 0.452 140
-11.771 -3.480 0.456 56
-11.757 -3.481 0.447 83
-11.754 -3.485 0.450 71
-11.750 -3.481 0.443 74
-11.789 -3.464 0.450 53
-11.769 -3.486 0.462 86
-11.742 -3.495 0.453 108
-11.776 -3.457 0.432 72
-11.806 -3.426 0.416 37
-11.779 -3.461 0.440 89
-11.814 -3.418 0.413 61
-11.780 -3.467 0.447 66
-11.740 -3.491 0.446 75
-11.755 -3.476 0.441 76
-11.787 -3.447 0.428 100
-11.808 -3.423 0.415 37
-11.779 -3.463 0.442 70
-11.810 -3.432 0.427 40
-11.809 -3.432 0.426 40
-11.749 -3.480 0.441 79
-11.771 -3.471 0.445 66
-11.752 -3.487 0.451 66
-11.758 -3.486 0.454 53
-11.808 -3.421 0.412 46
-11.744 -3.501 0.463 154
-11.727 -3.512 0.463 144
-11.797 -3.456 0.445 72
-11.798 -3.444 0.432 49
-11.762 -3.485 0.455 62
-11.712 -3.518 0.460 140
-11.758 -3.484 0.452 71
-11.772 -3.461 0.435 65
-11.738 -3.588 0.490 117
-11.757 -3.548 0.482 77
-11.741 -3.575 0.487 111
-11.743 -3.547 0.478 117
-11.765 -3.555 0.486 70
-11.735 -3.529 0.471 138
-11.729 -3.526 0.469 141
-11.766 -3.568 0.490 39
-11.732 -3.552 0.478 112
-11.756 -3.558 0.485 51
-11.764 -3.515 0.473 73
-11.759 -3.542 0.480 64
-11.745 -3.567 0.485 115
-11.749 -3.505 0.467 157
-11.732 -3.518 0.467 139
-11.741 -3.584 0.489 114
-11.723 -3.569 0.481 113
-11.716 -3.536 0.469 121
-11.735 -3.516 0.467 137
-11.773 -3.547 0.484 49
-11.769 -3.500 0.469 60
-11.748 -3.539 0.477 156
-11.754 -3.606 0.499 43
-11.752 -3.526 0.474 108
-11.740 -3.509 0.466 137
-11.731 -3.555 0.478 110
-11.773 -3.549 0.485 49
-11.773 -3.536 0.481 80
-11.740 -3.540 0.476 135
-11.759 -3.564 0.487 47
-11.756 -3.602 0.498 34
-11.752 -3.509 0.469 143
-11.738 -3.568 0.484 112
-11.754 -3.606 0.499 43
-11.745 -3.547 0.479 118
-11.776 -3.532 0.481 77
-11.720 -3.544 0.473 108
-11.778 -3.498 0.471 46
-11.771 -3.518 0.475 78
-11.743 -3.546 0.478 117
-11.721 -3.522 0.466 137
-11.755 -3.543 0.480 78
-11.761 -3.507 0.470 68
-11.725 -3.554 0.477 108
-11.764 -3.497 0.467 50
-11.733 -3.567 0.482 111
-11.765 -3.562 0.487 41
-11.746 -3.531 0.474 143
-11.701 -3.530 0.464 113
-11.782 -3.484 0.467 89
-11.744 -3.588 0.491 104
-11.760 -3.593 0.496 69
-11.736 -3.536 0.473 134
-11.770 -3.491 0.466 80
-11.758 -3.530 0.476 56
-11.757 -3.606 0.499 43
-11.713 -3.551 0.474 111
-11.782 -3.490 0.469 85
-11.733 -3.567 0.483 111
-11.747 -3.557 0.482 116
-11.748 -3.504 0.466 157
-11.745 -3.534 0.475 157
-11.734 -3.589 0.490 106
-11.769 -3.503 0.470 87
-11.812 -3.444 0.456 38
-11.846 -3.394 0.461 50
-11.831 -3.414 0.457 55
-11.820 -3.430 0.453 52
-11.831 -3.409 0.443 92
-11.893 -3.331 0.479 76
-11.881 -3.341 0.461 45
-11.819 -3.420 0.426 60
-11.858 -3.377 0.463 52
-11.828 -3.402 0.420 76
-11.866 -3.364 0.461 52
-11.829 -3.413 0.445 87
-11.867 -3.359 0.456 56
-11.805 -3.456 0.462 47
-11.816 -3.427 0.431 59
-11.822 -3.416 0.427 60
-11.826 -3.414 0.438 59
-11.850 -3.380 0.443 49
-11.845 -3.400 0.470 50
-11.863 -3.363 0.449 60
-11.870 -3.366 0.478 46
-11.866 -3.364 0.463 53
-11.841 -3.393 0.442 59
-11.831 -3.402 0.428 69
-11.875 -3.355 0.471 56
-11.895 -3.330 0.483 71
-11.876 -3.350 0.464 67
-11.834 -3.411 0.459 66
-11.831 -3.421 0.473 65
-11.863 -3.372 0.469 52
-11.829 -3.405 0.427 62
-11.841 -3.391 0.438 55
-11.806 -3.453 0.459 60
-11.825 -3.424 0.457 69
-11.823 -3.424 0.451 54
-11.856 -3.370 0.442 52
-11.830 -3.418 0.458 57
-11.823 -3.418 0.435 58
-11.821 -3.435 0.468 46
-11.849 -3.391 0.465 53
-11.815 -3.446 0.470 48
-11.822 -3.419 0.434 60
-11.809 -3.451 0.464 52
-11.808 -3.447 0.451 53
-11.898 -3.325 0.481 68
-11.848 -3.389 0.459 48
-11.830 -3.420 0.467 58
-11.831 -3.419 0.464 54
-11.811 -3.449 0.465 48
-11.844 -3.382 0.428 54
-11.860 -3.368 0.451 57
-11.836 -3.406 0.454 70
-11.861 -3.375 0.470 57
-11.835 -3.400 0.438 84
-11.848 -3.391 0.461 52
-11.870 -3.356 0.460 54
-11.805 -3.449 0.444 50
-11.830 -3.405 0.431 61
-11.820 -3.426 0.445 54
-11.865 -3.370 0.471 48
-11.853 -3.384 0.462 46
-11.898 -3.326 0.485 63
-11.805 -3.459 0.469 56
-11.822 -3.431 0.465 38
-11.876 -3.353 0.470 48
-11.818 -3.424 0.433 59
-11.851 -3.385 0.456 54
-11.841 -3.396 0.449 68
-11.830 -3.417 0.457 89
-11.829 -3.409 0.437 66
-11.850 -3.394 0.473 51
-11.783 -3.414 0.473 61
-11.780 -3.422 0.478 67
-11.754 -3.501 0.518 119
-11.767 -3.455 0.498 135
-11.759 -3.514 0.511 117
-11.746 -3.618 0.533 117
-11.768 -3.467 0.497 143
-11.760 -3.483 0.508 140
-11.779 -3.429 0.480 71
-11.766 -3.511 0.501 133
-11.761 -3.469 0.506 134
-11.757 -3.481 0.513 125
-11.761 -3.500 0.507 127
-11.752 -3.573 0.523 123
-11.784 -3.413 0.471 65
-11.749 -3.614 0.530 130
-11.749 -3.571 0.528 131
-11.762 -3.503 0.506 126
-11.752 -3.542 0.522 116
-11.746 -3.629 0.534 121
-11.759 -3.528 0.512 118
-11.775 -3.461 0.486 79
-11.760 -3.502 0.510 126
-11.750 -3.568 0.526 133
-11.775 -3.466 0.487 97
-11.757 -3.470 0.512 137
-11.754 -3.490 0.517 129
-11.756 -3.492 0.515 129
-11.752 -3.573 0.524 130
-11.759 -3.542 0.512 123
-11.761 -3.512 0.508 117
-11.756 -3.569 0.518 121
-11.765 -3.486 0.502 133
-11.767 -3.507 0.499 133
-11.762 -3.479 0.506 134
-11.759 -3.502 0.511 124
-11.752 -3.539 0.522 121
-11.754 -3.576 0.520 119
-11.771 -3.488 0.493 133
-11.780 -3.431 0.478 68
-11.778 -3.426 0.476 132
-11.772 -3.437 0.487 134
-11.740 -3.516 0.477 122
-11.771 -3.442 0.478 144
-11.745 -3.503 0.476 140
-11.753 -3.484 0.474 140
-11.760 -3.469 0.470 136
-11.753 -3.486 0.475 137
-11.764 -3.456 0.492 140
-11.777 -3.426 0.482 138
-11.753 -3.476 0.516 132
-11.747 -3.498 0.486 133
-11.769 -3.445 0.484 139
-11.755 -3.473 0.512 132
-11.748 -3.497 0.472 136
-11.740 -3.518 0.468 147
-11.783 -3.414 0.473 95
-11.737 -3.525 0.465 145
-11.736 -3.530 0.462 119
-11.759 -3.465 0.506 135
-11.751 -3.492 0.470 152
-11.757 -3.471 0.497 134
-11.736 -3.526 0.478 131
-11.766 -3.454 0.482 138
-11.753 -3.483 0.481 139
-11.757 -3.469 0.509 136
-11.761 -3.465 0.480 132
-11.765 -3.455 0.476 146
-11.737 -3.524 0.471 70
-11.757 -3.475 0.480 135
-11.759 -3.469 0.482 133
-11.748 -3.495 0.493 135
-11.750 -3.491 0.478 139
-11.747 -3.500 0.476 133
-11.752 -3.486 0.488 134
-11.733 -3.538 0.460 110
-11.763 -3.456 0.497 138
-11.745 -3.503 0.486 131
-11.751 -3.492 0.470 152
-11.756 -3.474 0.498 131
-11.754 -3.483 0.475 140
-11.752 -3.489 0.470 160
-11.747 -3.516 0.510 113
-11.741 -3.537 0.497 125
-11.741 -3.545 0.500 127
-11.738 -3.526 0.484 128
-11.740 -3.589 0.508 107
-11.734 -3.574 0.485 80
-11.745 -3.525 0.506 115
-11.747 -3.561 0.522 128
-11.746 -3.515 0.506 119
-11.748 -3.558 0.524 132
-11.744 -3.567 0.514 124
-11.746 -3.554 0.517 129
-11.746 -3.563 0.519 123
-11.742 -3.528 0.498 120
-11.751 -3.507 0.518 125
-11.735 -3.552 0.482 147
-11.735 -3.538 0.480 140
-11.749 -3.542 0.522 133
-11.738 -3.527 0.486 128
-11.750 -3.519 0.520 121
-11.749 -3.510 0.514 116
-11.740 -3.518 0.489 126
-11.742 -3.551 0.504 126
-11.748 -3.529 0.516 123
-11.740 -3.520 0.489 124
-11.738 -3.558 0.493 131
-11.735 -3.539 0.479 135
-11.746 -3.534 0.510 119
-11.746 -3.544 0.515 120
-11.729 -3.567 0.471 47
-11.741 -3.525 0.495 121
-11.736 -3.563 0.491 132
-11.744 -3.541 0.507 119
-11.750 -3.501 0.513 120
-11.741 -3.574 0.509 128
-11.746 -3.522 0.507 116
-11.745 -3.547 0.511 120
-11.748 -3.563 0.523 134
-11.739 -3.594 0.508 94
-11.742 -3.601 0.519 121
-11.741 -3.592 0.513 123
-11.737 -3.557 0.491 132
-11.746 -3.525 0.510 114
-11.742 -3.605 0.520 125
-11.737 -3.576 0.497 119
-11.743 -3.524 0.499 120
-11.751 -3.513 0.519 126
-11.735 -3.545 0.480 138
-11.744 -3.575 0.516 122
-11.740 -3.610 0.514 86
-11.735 -3.544 0.482 144
-11.746 -3.542 0.514 118
-11.747 -3.580 0.527 139
-11.733 -3.580 0.487 53
-11.752 -3.483 0.515 129
-11.742 -3.623 0.523 97
-11.744 -3.595 0.521 128
-11.742 -3.578 0.511 128
-11.756 -3.647 0.499 86
-11.762 -3.695 0.479 42
-11.776 -3.591 0.475 81
-11.763 -3.690 0.479 48
-11.788 -3.503 0.472 103
-11.782 -3.534 0.476 46
-11.757 -3.644 0.497 86
-11.766 -3.658 0.479 53
-11.760 -3.607 0.498 49
-11.762 -3.613 0.495 43
-11.762 -3.598 0.497 56
-11.762 -3.616 0.494 43
-11.760 -3.630 0.494 36
-11.760 -3.655 0.490 77
-11.782 -3.552 0.473 49
-11.763 -3.666 0.483 64
-11.789 -3.509 0.469 57
-11.768 -3.648 0.479 73
-11.767 -3.611 0.486 62
-11.768 -3.597 0.487 49
-11.769 -3.632 0.480 93
-11.765 -3.604 0.491 80
-11.783 -3.541 0.472 81
-11.785 -3.534 0.471 63
-11.766 -3.626 0.485 31
-11.779 -3.541 0.479 46
-11.771 -3.620 0.478 34
-11.773 -3.569 0.484 66
-11.783 -3.531 0.474 55
-11.763 -3.600 0.496 71
-11.776 -3.551 0.483 55
-11.774 -3.582 0.480 62
-11.769 -3.636 0.479 78
-11.767 -3.647 0.481 65
-11.765 -3.625 0.488 36
-11.777 -3.585 0.475 85
-11.763 -3.631 0.489 46
-11.765 -3.651 0.482 63
-11.785 -3.516 0.475 86
-11.773 -3.582 0.482 42
-11.789 -3.510 0.469 78
-11.761 -3.636 0.491 89
-11.759 -3.642 0.494 80
-11.662 -3.730 0.667 94
-11.714 -3.756 0.647 43
-11.674 -3.708 0.719 94
-11.690 -3.751 0.642 30
-11.685 -3.750 0.642 30
-11.697 -3.772 0.606 32
-11.658 -3.748 0.629 57
-11.684 -3.746 0.649 55
-11.685 -3.727 0.686 105
-11.736 -3.779 0.615 60
-11.712 -3.755 0.647 43
-11.682 -3.767 0.605 63
-11.676 -3.715 0.704 100
-11.701 -3.751 0.650 64
-11.661 -3.723 0.680 104
-11.661 -3.719 0.688 112
-11.736 -3.782 0.610 35
-11.697 -3.771 0.607 32
-11.664 -3.721 0.686 111
-11.712 -3.763 0.633 55
-11.710 -3.753 0.651 66
-11.664 -3.709 0.709 104
-11.680 -3.763 0.612 67
-11.674 -3.725 0.685 107
-11.678 -3.750 0.636 47
-11.714 -3.752 0.657 106
-11.671 -3.732 0.668 101
-11.694 -3.756 0.634 56
-11.672 -3.715 0.702 101
-11.728 -3.772 0.624 57
-11.660 -3.737 0.651 100
-11.698 -3.752 0.645 33
-11.668 -3.756 0.618 65
-11.722 -3.780 0.605 17
-11.724 -3.776 0.615 69
-11.660 -3.732 0.660 97
-11.665 -3.748 0.633 57
-11.660 -3.726 0.672 99
-11.656 -3.747 0.630 57
-11.709 -3.755 0.646 37
-11.699 -3.770 0.610 36
-11.738 -3.774 0.626 57
-11.672 -3.751 0.630 59
-11.693 -3.742 0.662 100
-11.653 -3.730 0.661 100
-11.695 -3.736 0.675 111
-11.701 -3.750 0.651 64
-11.662 -3.759 0.609 89
-11.661 -3.764 0.597 107
-11.669 -3.748 0.635 48
-11.666 -3.745 0.640 25
-11.657 -3.723 0.678 102
-11.712 -3.771 0.616 68
-11.666 -3.752 0.625 57
-11.660 -3.735 0.655 107
-11.671 -3.743 0.646 51
-11.659 -3.744 0.638 44
-11.663 -3.723 0.681 104
-11.675 -3.768 0.599 103
-11.672 -3.766 0.600 108
-11.672 -3.710 0.712 98
-11.698 -3.767 0.615 58
-11.735 -3.783 0.608 22
-11.677 -3.767 0.602 92
-11.655 -3.728 0.666 92
-11.662 -3.753 0.622 59
-11.695 -3.749 0.649 60
-11.676 -3.763 0.609 68
-11.659 -3.759 0.607 89
-11.665 -3.737 0.655 100
-11.666 -3.758 0.613 65
-11.656 -3.733 0.656 109
-11.667 -3.753 0.624 57
-11.661 -3.716 0.693 114
-11.662 -3.722 0.683 108
-11.698 -3.750 0.649 44
-11.679 -3.761 0.616 57
-11.713 -3.759 0.641 42
-11.683 -3.719 0.702 97
-11.723 -3.777 0.611 40
-11.671 -3.733 0.665 102
-11.650 -3.744 0.630 58
-11.714 -3.781 0.605 25
-11.723 -3.786 0.606 23
-11.722 -3.788 0.606 29
