-13.328 -4.239 3.089 134
-13.337 -4.126 3.095 136
-13.392 -3.787 3.135 138
-13.330 -4.049 3.090 134
-13.337 -4.097 3.094 136
-13.408 -3.620 3.147 135
-13.359 -4.086 3.111 138
-13.319 -4.183 3.082 139
-13.349 -3.917 3.103 137
-13.328 -3.667 3.089 136
-13.339 -4.051 3.096 138
-13.324 -4.325 3.086 136
-13.373 -3.975 3.121 138
-13.351 -4.130 3.105 135
-13.416 -3.692 3.152 129
-13.420 -3.621 3.155 118
-13.327 -4.241 3.088 134
-13.406 -3.635 3.145 137
-13.414 -3.542 3.151 137
-13.335 -3.648 3.093 145
-13.368 -3.621 3.118 142
-13.318 -4.184 3.082 139
-13.319 -4.265 3.083 136
-13.383 -3.814 3.128 135
-13.349 -4.013 3.103 138
-13.319 -3.784 3.082 128
-13.414 -3.750 3.151 125
-13.343 -3.872 3.099 140
-13.320 -4.411 3.083 138
-13.352 -4.149 3.105 137
-13.333 -4.119 3.092 136
-13.364 -4.123 3.114 134
-13.407 -3.761 3.146 132
-13.425 -3.595 3.159 114
-13.356 -3.609 3.109 140
-13.370 -3.998 3.119 140
-13.379 -3.901 3.125 137
-13.428 -3.552 3.161 119
-13.392 -3.534 3.136 141
-13.368 -3.635 3.118 145
-13.327 -3.508 3.088 161
-13.327 -4.126 3.087 136
-13.338 -3.552 3.096 139
-13.396 -3.729 3.138 133
-13.373 -3.886 3.121 138
-13.393 -3.704 3.136 141
-13.371 -3.751 3.120 140
-13.358 -3.896 3.110 137
-13.323 -4.047 3.084 142
-13.360 -4.125 3.111 135
-13.332 -4.121 3.091 136
-13.353 -4.092 3.106 136
-13.336 -4.177 3.095 135
-13.438 -3.607 3.169 128
-13.390 -3.584 3.133 140
-13.327 -4.224 3.088 137
-13.335 -3.548 3.094 136
-13.407 -3.671 3.146 135
-13.327 -4.211 3.089 138
-13.329 -4.134 3.088 138
-13.336 -3.906 3.094 141
-13.377 -3.510 3.124 140
-13.419 -3.525 3.155 126
-13.380 -4.007 3.126 138
-13.418 -3.572 3.154 122
-13.322 -3.585 3.084 142
-13.353 -3.704 3.107 140
-13.363 -3.795 3.114 141
-13.349 -3.991 3.103 135
-13.395 -3.692 3.137 140
-13.380 -3.658 3.126 141
-13.318 -3.910 3.081 130
-13.430 -3.619 3.163 122
-13.364 -4.060 3.114 140
-13.429 -3.592 3.162 118
-13.356 -3.963 3.109 137
-13.349 -3.831 3.103 137
-13.348 -3.878 3.103 138
-13.331 -3.725 3.090 139
-13.407 -3.769 3.146 134
-13.319 -3.669 3.082 128
-13.411 -3.775 3.149 127
-13.325 -3.701 3.086 136
-13.332 -3.799 3.091 138
-13.335 -3.652 3.093 139
-13.386 -3.768 3.131 140
-13.339 -3.608 3.096 143
-13.348 -4.159 3.102 137
-13.332 -4.289 3.092 137
-13.318 -4.209 3.082 138
-13.329 -4.072 3.089 136
-13.331 -4.325 3.091 137
-13.382 -3.824 3.128 134
-13.358 -4.060 3.110 137
-13.373 -3.955 3.121 138
-13.355 -3.505 3.108 156
-13.332 -3.966 3.091 135
-13.362 -3.904 3.113 138
-13.328 -3.689 3.088 137
-13.372 -4.103 3.120 138
-13.323 -4.236 3.086 133
-13.347 -3.860 3.102 139
-13.339 -3.961 3.096 135
-13.343 -3.970 3.099 138
-13.386 -3.647 3.131 140
-13.351 -3.916 3.105 136
-13.401 -3.748 3.142 134
-13.341 -3.598 3.098 143
-13.331 -3.647 3.091 140
-13.427 -3.547 3.161 117
-13.367 -4.136 3.116 139
-13.319 -3.690 3.082 130
-13.376 -3.606 3.123 142
-13.367 -3.611 3.117 142
-13.377 -3.668 3.125 142
-13.318 -4.039 3.081 132
-13.395 -3.628 3.137 140
-13.417 -3.770 3.153 124
-13.321 -4.382 3.084 133
-13.366 -3.546 3.116 141
-13.335 -3.985 3.093 135
-13.332 -3.715 3.092 135
-13.358 -4.160 3.109 137
-13.357 -3.561 3.110 140
-13.337 -3.749 3.095 135
-13.345 -3.657 3.101 140
-13.349 -4.106 3.103 136
-13.320 -4.245 3.084 136
-13.403 -3.827 3.143 131
-13.419 -3.643 3.155 126
-13.357 -3.940 3.109 138
-13.320 -4.064 3.082 134
-13.361 -3.649 3.112 143
-13.342 -4.041 3.098 140
-13.355 -3.809 3.108 137
-13.319 -3.844 3.082 130
-13.345 -4.112 3.100 134
-13.356 -3.540 3.109 143
-13.398 -3.732 3.139 133
-13.331 -3.819 3.091 137
-13.321 -4.236 3.084 133
-13.335 -3.757 3.094 136
-13.380 -3.963 3.126 137
-13.332 -4.018 3.091 137
-13.342 -4.042 3.098 141
-13.371 -3.656 3.120 144
-13.371 -3.990 3.119 140
-13.391 -3.710 3.134 140
-13.347 -4.025 3.102 139
-13.325 -3.876 3.086 135
-13.359 -3.712 3.111 143
-13.342 -4.134 3.098 137
-13.377 -3.809 3.124 139
-13.339 -3.798 3.096 139
-13.340 -4.026 3.097 137
-13.324 -3.750 3.086 140
-13.381 -4.002 3.127 139
-13.351 -4.019 3.105 139
-13.320 -3.767 3.082 133
-13.361 -3.854 3.113 139
-13.403 -3.634 3.143 140
-13.363 -4.167 3.114 136
-13.387 -3.800 3.131 139
-13.348 -3.647 3.103 138
-13.329 -3.588 3.089 135
-13.326 -4.409 3.087 135
-13.368 -3.927 3.117 139
-13.360 -4.157 3.111 138
-13.325 -3.831 3.086 139
-13.338 -4.060 3.095 137
-13.353 -3.517 3.107 145
-13.336 -3.839 3.094 136
-13.359 -3.678 3.111 142
-13.321 -3.743 3.083 127
-13.349 -4.046 3.103 140
-13.325 -4.036 3.086 136
-13.328 -4.352 3.089 137
-13.351 -4.019 3.105 139
-13.365 -4.020 3.115 138
-13.392 -3.941 3.134 137
-13.401 -3.779 3.142 137
-13.343 -3.512 3.100 150
-13.362 -3.844 3.113 137
-13.343 -4.175 3.100 136
-13.399 -3.906 3.140 134
-13.355 -3.702 3.108 140
-13.347 -3.984 3.102 134
-13.421 -3.556 3.157 119
-13.346 -3.773 3.102 140
-13.384 -3.783 3.129 137
-13.422 -3.631 3.157 123
-13.365 -4.135 3.115 139
-13.318 -3.652 3.081 126
-13.325 -4.119 3.085 136
-13.354 -3.593 3.108 140
-13.350 -4.111 3.104 132
-13.319 -4.352 3.082 139
-13.345 -3.665 3.101 141
-13.370 -4.096 3.119 135
-13.358 -4.020 3.110 139
-13.371 -3.807 3.119 138
-13.382 -3.649 3.128 141
-13.338 -4.250 3.097 136
-13.416 -3.633 3.153 128
-13.322 -3.674 3.084 138
-13.344 -3.682 3.100 144
-13.320 -4.043 3.082 132
-13.346 -4.063 3.101 138
-13.379 -3.671 3.126 145
-13.376 -3.959 3.123 139
-13.326 -3.893 3.087 131
-13.343 -3.827 3.099 137
-13.353 -3.515 3.107 145
-13.332 -4.391 3.092 137
-13.385 -3.770 3.130 140
-13.415 -3.530 3.152 133
-13.349 -3.781 3.103 138
-13.414 -3.684 3.151 129
-13.359 -3.749 3.111 140
-13.429 -3.660 3.162 123
-13.396 -3.616 3.138 137
-13.446 -3.549 3.174 138
-13.336 -3.834 3.094 138
-13.318 -3.491 3.082 129
-13.409 -3.817 3.147 128
-13.369 -3.893 3.118 137
-13.393 -3.795 3.136 136
-13.335 -4.149 3.093 140
-13.382 -3.590 3.128 139
-13.321 -4.258 3.084 130
-13.367 -3.937 3.117 139
-13.394 -3.565 3.137 143
-13.367 -3.923 3.116 139
-13.403 -3.851 3.143 134
-13.356 -4.039 3.108 139
-13.330 -4.017 3.089 138
-13.369 -3.502 3.118 154
-13.332 -4.217 3.092 136
-13.339 -4.198 3.097 140
-13.410 -3.584 3.149 134
-13.347 -4.243 3.103 138
-13.396 -3.674 3.138 136
-13.387 -3.607 3.132 140
-13.337 -3.659 3.095 142
-13.364 -3.651 3.115 144
-13.435 -3.576 3.167 120
-13.341 -3.630 3.098 140
-13.346 -3.893 3.101 140
-13.365 -3.972 3.115 138
-13.319 -3.598 3.082 128
-13.386 -3.902 3.131 135
-13.342 -4.189 3.099 137
-13.320 -3.728 3.083 134
-13.385 -3.685 3.130 137
-13.392 -3.930 3.135 135
-13.323 -4.394 3.085 134
-13.327 -3.634 3.088 140
-13.324 -3.904 3.085 140
-13.347 -4.116 3.101 133
-13.366 -3.874 3.116 140
-13.349 -4.009 3.103 137
-13.332 -3.653 3.091 144
-13.331 -3.670 3.091 137
-13.352 -3.676 3.106 143
-13.412 -3.552 3.150 134
-13.362 -3.700 3.113 143
-13.346 -4.250 3.102 136
-13.336 -4.352 3.094 138
-13.406 -3.547 3.145 139
-13.355 -3.822 3.108 139
-13.341 -3.747 3.098 139
-13.325 -3.490 3.086 118
-13.391 -3.678 3.135 139
-13.354 -3.929 3.107 138
-13.392 -3.907 3.134 138
-13.376 -3.595 3.124 142
-13.356 -3.867 3.108 139
-13.348 -3.896 3.103 138
-13.372 -3.638 3.120 144
-13.368 -3.997 3.117 140
-13.362 -3.605 3.113 140
-13.324 -3.788 3.086 138
-13.373 -3.621 3.121 143
-13.330 -3.731 3.090 145
-13.361 -3.782 3.112 142
-13.326 -4.340 3.087 138
-13.368 -3.985 3.117 138
-13.348 -3.511 3.103 142
-13.340 -4.097 3.096 136
-13.427 -3.667 3.161 124
-13.441 -3.560 3.171 126
-13.328 -3.603 3.089 138
-13.359 -3.661 3.111 143
-13.321 -4.181 3.084 134
-13.417 -3.708 3.153 127
-13.439 -3.567 3.170 126
-13.354 -3.662 3.107 144
-13.393 -3.547 3.136 142
-13.449 -3.540 3.177 154
-13.343 -3.918 3.099 139
-13.356 -3.767 3.109 140
-13.352 -3.661 3.106 136
-13.384 -3.659 3.130 142
-13.321 -4.129 3.083 136
-13.392 -3.949 3.134 136
-13.410 -3.547 3.149 140
-13.386 -3.775 3.131 138
-13.355 -4.225 3.109 136
-13.322 -4.118 3.084 139
-13.385 -4.011 3.129 135
-13.329 -3.958 3.089 137
-13.363 -3.824 3.114 140
-13.333 -3.977 3.092 137
-13.352 -3.528 3.106 138
-13.334 -4.218 3.093 136
-13.393 -3.671 3.136 136
-13.334 -4.056 3.092 137
-13.364 -3.535 3.115 140
-13.407 -3.851 3.146 132
-13.319 -4.069 3.081 132
-13.322 -3.636 3.084 139
-13.373 -3.600 3.121 143
-13.413 -3.564 3.150 137
-13.320 -4.055 3.082 141
-13.352 -4.228 3.107 138
-13.380 -3.798 3.127 135
-13.323 -4.159 3.084 140
-13.391 -3.674 3.134 139
-13.320 -3.712 3.083 126
-13.376 -4.015 3.123 139
-13.383 -3.745 3.128 138
-13.342 -3.687 3.098 141
-13.395 -3.937 3.137 137
-13.349 -3.793 3.104 139
-13.321 -3.875 3.083 136
-13.346 -4.062 3.101 138
-13.404 -3.854 3.143 133
-13.348 -3.604 3.103 142
-13.334 -4.113 3.092 137
-13.342 -3.620 3.098 142
-13.329 -3.723 3.089 141
-13.321 -3.654 3.084 139
-13.334 -4.174 3.093 135
-13.317 -3.677 3.081 120
-13.322 -3.894 3.083 143
-13.342 -3.526 3.099 143
-13.334 -3.655 3.093 137
-13.376 -3.628 3.123 143
-13.340 -4.303 3.098 136
-13.323 -4.074 3.084 135
-13.411 -3.771 3.149 131
-13.381 -3.840 3.127 136
-13.387 -3.675 3.131 139
-13.343 -3.852 3.099 138
-13.370 -3.996 3.119 140
-13.363 -4.033 3.113 138
-13.432 -3.552 3.164 121
-13.388 -3.763 3.132 140
-13.342 -3.725 3.099 138
-13.356 -3.786 3.109 140
-13.394 -3.655 3.137 142
-13.367 -4.094 3.116 138
-13.318 -3.637 3.081 108
-13.337 -4.332 3.096 139
-13.319 -3.686 3.082 128
-13.349 -3.617 3.104 146
-13.379 -3.794 3.126 137
-13.352 -3.662 3.106 136
-13.353 -3.751 3.106 139
-13.332 -3.860 3.091 140
-13.362 -3.830 3.113 139
-13.341 -3.800 3.098 138
-13.323 -4.078 3.084 138
-13.354 -4.062 3.107 136
-13.338 -3.845 3.096 136
-13.344 -3.992 3.100 135
-13.349 -4.159 3.103 136
-13.347 -4.173 3.103 136
-13.399 -3.787 3.140 136
-13.325 -4.448 3.087 134
-13.327 -3.639 3.088 141
-13.325 -3.933 3.086 136
-13.321 -3.568 3.084 121
-13.384 -3.896 3.129 136
-13.348 -3.722 3.103 141
-13.344 -3.878 3.100 139
-13.407 -3.665 3.146 138
-13.375 -3.565 3.123 140
-13.339 -3.556 3.096 143
-13.364 -3.506 3.115 149
-13.334 -3.997 3.092 134
-13.359 -3.866 3.111 140
-13.376 -4.081 3.123 136
-13.334 -4.201 3.094 137
-13.365 -4.129 3.115 137
-13.419 -3.724 3.155 123
-13.396 -3.674 3.138 136
-13.363 -4.111 3.114 138
-13.355 -3.611 3.108 142
-13.398 -3.573 3.139 139
-13.363 -3.814 3.113 139
-13.339 -4.237 3.097 136
-13.373 -3.969 3.121 139
-13.346 -3.585 3.102 140
-13.326 -3.557 3.088 144
-13.333 -3.996 3.092 134
-13.320 -4.451 3.083 139
-13.374 -3.739 3.122 140
-13.407 -3.715 3.146 132
-13.372 -3.577 3.120 143
-13.400 -3.747 3.141 134
-13.411 -3.631 3.149 135
-13.372 -4.059 3.120 137
-13.338 -4.312 3.096 138
-13.390 -3.671 3.133 141
-13.348 -3.815 3.103 138
-13.359 -3.847 3.110 139
-13.322 -4.152 3.083 137
-13.326 -4.374 3.087 138
-13.353 -3.686 3.106 139
-13.353 -3.601 3.106 140
-13.364 -4.120 3.114 135
-13.380 -3.683 3.127 141
-13.319 -4.347 3.082 137
-13.318 -4.239 3.082 135
-13.382 -3.748 3.128 138
-13.369 -3.934 3.118 141
-13.356 -3.904 3.109 135
-13.422 -3.580 3.157 119
-13.393 -3.906 3.135 137
-13.321 -3.554 3.083 128
-13.383 -3.807 3.128 139
-13.389 -3.692 3.133 137
-13.337 -4.236 3.096 137
-13.421 -3.540 3.157 118
-13.354 -3.857 3.107 139
-13.394 -3.915 3.136 136
-13.383 -3.515 3.129 136
-13.329 -3.649 3.089 141
-13.446 -3.554 3.175 134
-13.436 -3.591 3.167 120
-13.348 -3.545 3.103 141
-13.383 -3.877 3.128 135
-13.348 -3.735 3.103 140
-13.416 -3.611 3.153 129
-13.325 -4.218 3.087 137
-13.325 -3.905 3.086 140
-13.359 -3.786 3.111 140
-13.350 -3.561 3.104 140
-13.402 -3.686 3.142 138
-13.333 -4.306 3.093 137
-13.340 -3.924 3.097 141
-13.362 -3.857 3.113 139
-13.323 -3.487 3.085 123
-13.319 -3.479 3.082 150
-13.382 -3.813 3.127 138
-13.330 -3.850 3.089 136
-13.382 -3.704 3.128 140
-13.338 -4.332 3.096 139
-13.318 -4.246 3.081 136
-13.397 -3.748 3.138 136
-13.366 -3.562 3.117 141
-13.326 -3.788 3.087 138
-13.360 -3.964 3.111 138
-13.372 -3.779 3.120 141
-13.391 -3.790 3.134 139
-13.358 -3.821 3.110 139
-13.385 -3.883 3.130 135
-13.327 -3.856 3.088 136
-13.371 -3.914 3.120 140
-13.349 -3.758 3.103 140
-13.352 -3.548 3.106 137
-13.319 -4.199 3.083 138
-13.334 -4.166 3.092 136
-13.322 -3.789 3.084 146
-13.358 -3.505 3.110 152
-13.375 -3.929 3.122 137
-13.326 -4.403 3.088 135
-13.394 -3.651 3.137 140
-13.396 -3.547 3.138 137
-13.316 -4.301 3.081 137
-13.343 -4.082 3.099 137
-13.321 -3.899 3.083 136
-13.357 -4.099 3.109 137
-13.428 -3.683 3.161 122
-13.381 -3.787 3.127 136
-13.333 -4.269 3.093 138
-13.434 -3.630 3.166 122
-13.396 -3.612 3.138 139
-13.326 -4.286 3.088 135
-13.394 -3.812 3.137 139
-13.350 -3.815 3.104 138
-13.402 -3.783 3.142 137
-13.332 -4.225 3.092 136
-13.320 -4.129 3.082 130
-13.336 -3.732 3.094 142
-13.375 -4.049 3.122 136
-13.340 -4.167 3.096 137
-13.328 -4.284 3.089 136
-13.370 -4.124 3.118 136
-13.342 -4.308 3.099 138
-13.324 -4.426 3.086 136
-13.329 -3.582 3.089 146
-13.339 -3.901 3.096 140
-13.358 -3.611 3.110 141
-13.340 -3.896 3.097 139
-13.399 -3.712 3.140 137
-13.365 -3.632 3.116 143
-13.383 -3.962 3.128 136
-13.368 -3.885 3.117 136
-13.370 -3.632 3.119 146
-13.380 -3.939 3.126 137
-13.361 -3.668 3.113 141
-13.339 -4.198 3.097 140
-13.349 -3.626 3.104 138
-13.346 -3.820 3.101 138
-13.347 -4.082 3.102 136
-13.329 -3.759 3.089 142
-13.376 -4.004 3.123 141
-13.332 -4.340 3.092 139
-13.347 -4.011 3.102 137
-13.391 -3.918 3.134 136
-13.318 -3.503 3.082 162
-13.320 -3.534 3.083 132
-13.408 -3.756 3.146 133
-13.322 -4.251 3.085 134
-13.398 -3.920 3.139 134
-13.336 -3.995 3.094 137
-13.319 -4.298 3.082 135
-13.317 -4.447 3.081 136
-13.386 -3.867 3.130 133
-13.364 -4.121 3.114 135
-13.363 -3.622 3.114 144
-13.328 -3.762 3.088 138
-13.360 -4.041 3.111 138
-13.367 -3.962 3.117 138
-13.330 -4.213 3.091 137
-13.377 -3.649 3.124 141
-13.319 -3.770 3.082 128
-13.399 -3.903 3.140 135
-13.333 -3.965 3.092 134
-13.323 -4.232 3.085 135
-13.413 -3.715 3.150 125
-13.356 -3.616 3.109 139
-13.435 -3.626 3.166 123
-13.409 -3.650 3.147 135
-13.402 -3.563 3.143 138
-13.409 -3.526 3.148 137
-13.366 -3.877 3.116 140
-13.402 -3.698 3.143 140
-13.320 -3.626 3.083 128
-13.412 -3.704 3.150 133
-13.394 -3.866 3.136 134
-13.427 -3.631 3.161 125
-13.422 -3.613 3.157 116
-13.404 -3.845 3.143 134
-13.351 -3.930 3.104 141
-13.319 -3.790 3.082 126
-13.331 -4.270 3.091 136
-13.347 -3.685 3.102 144
-13.328 -4.387 3.089 136
-13.321 -3.632 3.083 131
-13.384 -3.738 3.130 136
-13.396 -3.804 3.138 136
-13.346 -3.834 3.102 136
-13.366 -3.757 3.116 139
-13.366 -3.746 3.116 140
-13.332 -3.797 3.091 139
-13.317 -3.650 3.081 114
-13.353 -3.688 3.106 139
-13.367 -4.109 3.117 138
-13.367 -4.128 3.116 137
-13.326 -3.721 3.087 137
-13.422 -3.530 3.157 126
-13.394 -3.528 3.137 143
-13.350 -3.757 3.105 140
-13.329 -3.882 3.089 135
-13.339 -4.242 3.097 136
-13.362 -3.738 3.113 144
-13.335 -3.512 3.094 154
-13.365 -3.597 3.116 145
-13.331 -3.623 3.090 142
-13.331 -4.028 3.090 135
-13.373 -4.040 3.121 137
-13.333 -3.962 3.092 135
-13.390 -3.513 3.134 139
-13.361 -3.804 3.113 141
-13.351 -3.840 3.105 140
-13.432 -3.652 3.164 125
-13.365 -3.673 3.116 143
-13.355 -3.853 3.108 140
-13.366 -3.532 3.116 138
-13.354 -3.679 3.107 144
-13.391 -3.572 3.135 142
-13.426 -3.577 3.160 116
-13.352 -3.641 3.106 139
-13.445 -3.554 3.174 134
-13.406 -3.654 3.145 135
-13.401 -3.876 3.141 133
-13.412 -3.600 3.150 132
-13.385 -3.828 3.130 134
-13.327 -3.709 3.087 138
-13.375 -4.017 3.122 139
-13.326 -3.557 3.087 144
-13.331 -3.875 3.090 139
-13.322 -4.349 3.085 137
-13.427 -3.705 3.161 119
-13.382 -3.689 3.127 140
-13.355 -4.214 3.109 140
-13.329 -3.653 3.089 141
-13.351 -3.903 3.105 138
-13.381 -3.666 3.127 143
-13.423 -3.687 3.158 121
-13.370 -4.106 3.118 139
-13.356 -4.191 3.110 137
-13.404 -3.520 3.144 137
-13.388 -3.964 3.132 135
-13.417 -3.639 3.153 130
-13.415 -3.596 3.152 128
-13.383 -3.685 3.128 139
-13.357 -4.105 3.109 138
-13.351 -3.741 3.105 135
-13.429 -3.666 3.162 122
-13.331 -3.762 3.090 141
-13.351 -3.518 3.106 145
-13.403 -3.716 3.143 132
-13.352 -3.865 3.106 141
-13.377 -3.716 3.124 141
-13.397 -3.728 3.139 133
-13.333 -3.811 3.092 141
-13.321 -4.437 3.084 133
-13.435 -3.609 3.166 125
-13.435 -3.535 3.167 123
-13.337 -3.938 3.095 138
-13.433 -3.621 3.165 122
-13.330 -4.152 3.089 136
-13.411 -3.527 3.149 137
-13.366 -3.728 3.116 141
-13.389 -3.776 3.133 138
-13.364 -3.814 3.114 139
-13.361 -3.795 3.112 141
-13.373 -3.914 3.121 139
-13.363 -3.691 3.114 141
-13.321 -3.825 3.083 138
-13.371 -4.028 3.119 138
-13.338 -3.867 3.096 140
-13.347 -3.695 3.102 139
-13.326 -3.529 3.087 142
-13.333 -4.038 3.092 137
-13.434 -3.604 3.166 120
-13.379 -3.818 3.125 136
-13.409 -3.562 3.148 138
-13.330 -3.534 3.090 140
-13.373 -3.590 3.121 143
-13.400 -3.616 3.141 137
-13.357 -3.683 3.110 145
-13.381 -3.982 3.126 135
-13.363 -3.780 3.113 142
-13.351 -3.894 3.105 139
-13.320 -3.555 3.083 128
-13.319 -4.132 3.081 130
-13.365 -3.580 3.116 141
-13.322 -4.086 3.083 133
-13.319 -3.875 3.082 129
-13.421 -3.660 3.157 124
-13.368 -3.965 3.117 138
-13.329 -4.077 3.089 135
-13.399 -3.688 3.141 137
-13.361 -3.603 3.113 139
-13.334 -4.199 3.093 137
-13.405 -3.765 3.144 134
-13.344 -3.596 3.100 143
-13.339 -3.933 3.096 139
-13.343 -4.063 3.099 139
-13.396 -3.602 3.138 139
-13.405 -3.767 3.145 133
-13.334 -3.840 3.092 136
-13.333 -3.588 3.092 137
-13.363 -3.994 3.114 140
-13.367 -3.850 3.117 139
-13.360 -3.946 3.111 136
-13.351 -4.172 3.106 137
-13.323 -3.971 3.084 135
-13.380 -3.585 3.126 139
-13.434 -3.596 3.166 120
-13.397 -3.879 3.138 135
-13.319 -4.252 3.083 140
-13.320 -4.188 3.083 137
-13.333 -4.360 3.092 138
-13.388 -3.782 3.132 137
-13.368 -3.585 3.118 143
-13.399 -3.875 3.140 133
-13.372 -3.683 3.121 141
-13.337 -3.642 3.095 142
-13.356 -3.696 3.109 141
-13.333 -4.138 3.092 133
-13.399 -3.653 3.141 141
-13.343 -4.055 3.099 137
-13.377 -3.664 3.124 142
-13.385 -3.958 3.130 138
-13.344 -3.519 3.100 139
-13.319 -4.244 3.082 136
-13.337 -4.250 3.096 136
-13.416 -3.708 3.153 127
-13.327 -4.017 3.087 136
-13.366 -3.816 3.116 139
-13.330 -3.991 3.089 136
-13.395 -3.921 3.137 135
-13.381 -3.731 3.127 138
-13.390 -3.615 3.134 139
-13.362 -3.950 3.113 137
-13.386 -3.963 3.130 136
-13.385 -3.891 3.130 135
-13.359 -3.770 3.111 140
-13.323 -3.608 3.085 139
-13.395 -3.542 3.137 142
-13.361 -4.114 3.112 136
-13.360 -4.040 3.111 138
-13.372 -3.982 3.120 137
-13.346 -4.228 3.102 135
-13.377 -3.703 3.124 140
-13.366 -3.889 3.116 136
-13.343 -4.183 3.100 135
-13.333 -3.708 3.092 138
-13.323 -4.440 3.085 134
-13.334 -3.708 3.093 138
-13.325 -4.057 3.086 137
-13.377 -3.855 3.124 138
-13.398 -3.816 3.139 132
-13.361 -3.862 3.112 139
-13.353 -4.064 3.106 135
-13.427 -3.702 3.160 119
-13.363 -4.043 3.114 138
-13.412 -3.578 3.150 132
-13.336 -4.029 3.094 137
-13.327 -3.812 3.088 139
-13.319 -3.824 3.081 130
-13.374 -3.751 3.122 140
-13.396 -3.810 3.138 137
-13.332 -4.201 3.092 136
-13.375 -4.042 3.122 137
-13.379 -3.594 3.126 142
-13.334 -4.267 3.093 138
-13.390 -3.644 3.133 139
-13.317 -4.170 3.081 136
-13.341 -4.053 3.097 138
-13.333 -3.517 3.092 147
-13.357 -3.718 3.110 142
-13.333 -3.798 3.092 139
-13.394 -3.708 3.136 141
-13.319 -4.484 3.082 132
-13.322 -4.063 3.083 134
-13.337 -4.038 3.095 137
-13.328 -3.631 3.088 139
-13.412 -3.810 3.149 126
-13.383 -3.695 3.129 140
-13.403 -3.562 3.143 138
-13.347 -3.537 3.102 139
-13.364 -3.652 3.114 144
-13.418 -3.617 3.154 119
-13.335 -4.282 3.094 135
-13.363 -3.654 3.114 142
-13.363 -3.663 3.114 142
-13.349 -3.691 3.104 143
-13.329 -4.353 3.090 137
-13.323 -4.035 3.085 136
-13.326 -4.214 3.088 137
-13.412 -3.735 3.149 130
-13.347 -4.058 3.101 137
-13.421 -3.674 3.156 124
-13.377 -3.787 3.124 142
-13.325 -4.190 3.087 140
-13.332 -3.613 3.092 140
-13.323 -4.155 3.084 133
-13.346 -4.094 3.101 137
-13.334 -3.648 3.093 145
-13.393 -3.524 3.136 140
-13.344 -4.195 3.101 138
-13.392 -3.622 3.135 140
-13.360 -3.910 3.111 141
-13.344 -3.591 3.100 140
-13.330 -4.214 3.091 136
-13.329 -4.169 3.089 136
-13.375 -3.960 3.122 139
-13.351 -3.651 3.105 137
-13.417 -3.719 3.153 126
-13.361 -3.611 3.112 139
-13.366 -3.887 3.116 136
-13.426 -3.686 3.160 121
-13.344 -3.998 3.099 136
-13.318 -4.285 3.082 138
-13.334 -3.874 3.092 138
-13.335 -4.363 3.094 138
-13.344 -3.696 3.100 145
-13.322 -4.130 3.084 136
-13.405 -3.853 3.145 132
-13.332 -4.315 3.092 138
-13.328 -4.027 3.088 137
-13.365 -3.757 3.115 139
-13.330 -4.351 3.091 137
-13.342 -4.135 3.098 138
-13.331 -4.272 3.091 136
-13.329 -3.778 3.089 134
-13.350 -4.093 3.104 138
-13.332 -4.128 3.091 138
-13.341 -3.780 3.098 139
-13.348 -3.826 3.103 137
-13.380 -3.813 3.126 137
-13.401 -3.873 3.141 133
-13.358 -3.584 3.110 141
-13.371 -3.810 3.120 138
-13.360 -4.189 3.112 137
-13.378 -3.861 3.125 135
-13.350 -3.575 3.105 139
-13.352 -3.821 3.106 137
-13.352 -4.112 3.105 131
-13.407 -3.742 3.146 134
-13.360 -4.019 3.111 138
-13.366 -4.158 3.115 136
-13.317 -4.275 3.081 139
-13.371 -3.822 3.119 139
-13.372 -4.080 3.120 136
-13.364 -3.689 3.114 146
-13.363 -4.066 3.113 140
-13.394 -3.582 3.136 138
-13.344 -4.059 3.100 137
-13.397 -3.799 3.139 135
-13.330 -3.733 3.090 140
-13.330 -3.957 3.089 141
-13.336 -3.959 3.094 133
-13.387 -3.713 3.131 141
-13.410 -3.656 3.148 136
-13.414 -3.547 3.151 137
-13.352 -3.777 3.106 138
-13.329 -4.329 3.090 137
-13.336 -4.249 3.095 135
-13.352 -3.977 3.105 138
-13.386 -3.561 3.131 139
-13.349 -3.865 3.103 141
-13.397 -3.737 3.139 134
-13.325 -3.939 3.086 137
-13.349 -4.240 3.104 136
-13.404 -3.880 3.143 135
-13.405 -4.476 3.149 125
-13.444 -4.342 3.178 140
-13.394 -4.389 3.140 129
-13.355 -4.615 3.110 104
-13.423 -4.140 3.160 120
-13.437 -4.623 3.174 105
-13.437 -4.050 3.170 127
-13.433 -4.208 3.169 118
-13.411 -4.340 3.152 127
-13.343 -4.371 3.100 138
-13.363 -4.455 3.116 130
-13.420 -4.378 3.160 108
-13.420 -4.388 3.160 107
-13.413 -4.250 3.154 126
-13.439 -3.830 3.171 130
-13.448 -3.921 3.178 134
-13.444 -4.435 3.178 146
-13.343 -4.320 3.100 141
-13.353 -4.553 3.109 128
-13.392 -4.582 3.139 121
-13.442 -3.747 3.173 130
-13.430 -3.990 3.164 120
-13.421 -4.623 3.162 95
-13.391 -4.623 3.139 116
-13.391 -4.616 3.139 115
-13.437 -4.533 3.174 113
-13.415 -4.130 3.153 121
-13.328 -4.576 3.089 131
-13.346 -4.538 3.103 132
-13.353 -4.428 3.108 134
-13.436 -3.877 3.168 123
-13.431 -3.853 3.165 121
-13.443 -4.253 3.177 127
-13.415 -4.472 3.156 112
-13.399 -4.146 3.141 131
-13.361 -4.423 3.114 132
-13.404 -4.261 3.147 125
-13.373 -4.322 3.123 135
-13.399 -4.084 3.141 133
-13.390 -4.515 3.137 123
-13.379 -4.390 3.128 132
-13.342 -4.431 3.100 137
-13.398 -4.256 3.142 131
-13.332 -4.552 3.093 131
-13.342 -4.389 3.099 138
-13.384 -4.274 3.131 134
-13.411 -3.910 3.149 128
-13.365 -4.469 3.117 130
-13.332 -4.528 3.092 133
-13.420 -3.913 3.156 117
-13.437 -3.670 3.168 124
-13.440 -3.869 3.172 128
-13.389 -4.257 3.135 136
-13.430 -3.883 3.164 118
-13.398 -4.536 3.144 122
-13.415 -3.844 3.152 124
-13.412 -4.585 3.155 108
-13.429 -4.047 3.164 122
-13.428 -4.154 3.163 118
-13.318 -4.585 3.082 126
-13.407 -4.522 3.150 123
-13.383 -4.539 3.132 124
-13.354 -4.384 3.108 136
-13.385 -4.217 3.132 138
-13.412 -4.604 3.154 103
-13.349 -4.602 3.106 124
-13.447 -4.132 3.178 136
-13.439 -4.236 3.174 118
-13.339 -4.561 3.098 131
-13.398 -4.315 3.142 132
-13.399 -3.954 3.140 132
-13.420 -4.630 3.161 91
-13.406 -4.171 3.148 129
-13.440 -4.412 3.175 116
-13.326 -4.492 3.087 132
-13.396 -4.193 3.140 134
-13.399 -4.249 3.143 132
-13.412 -4.380 3.153 124
-13.423 -4.279 3.162 111
-13.350 -4.469 3.106 133
-13.379 -4.166 3.125 135
-13.424 -4.240 3.162 111
-13.369 -4.166 3.118 137
-13.446 -4.495 3.180 145
-13.390 -4.549 3.137 123
-13.447 -4.230 3.180 139
-13.400 -3.933 3.140 138
-13.381 -4.103 3.127 136
-13.426 -3.735 3.160 120
-13.374 -4.349 3.124 132
-13.383 -4.522 3.132 125
-13.449 -4.008 3.179 136
-13.392 -4.205 3.137 135
-13.411 -4.580 3.154 110
-13.440 -4.320 3.175 121
-13.431 -4.447 3.169 113
-13.449 -3.927 3.179 133
-13.347 -4.499 3.103 132
-13.406 -4.088 3.146 128
-13.375 -4.159 3.122 138
-13.440 -4.610 3.176 117
-13.389 -4.514 3.136 124
-13.412 -4.219 3.153 120
-13.353 -4.571 3.109 128
-13.422 -3.936 3.157 119
-13.428 -4.217 3.165 112
-13.407 -4.148 3.147 128
-13.387 -4.107 3.131 135
-13.418 -4.320 3.158 111
-13.365 -4.581 3.118 125
-13.435 -4.616 3.173 105
-13.415 -4.047 3.153 121
-13.371 -4.188 3.121 135
-13.425 -4.420 3.164 114
-13.410 -4.513 3.152 121
-13.437 -4.375 3.173 117
-13.371 -4.305 3.121 135
-13.399 -4.127 3.141 135
-13.359 -4.376 3.112 136
-13.439 -4.266 3.174 119
-13.398 -4.443 3.143 128
-13.392 -4.097 3.135 136
-13.424 -4.548 3.163 108
-13.432 -3.893 3.165 123
-13.386 -4.036 3.130 135
-13.414 -4.003 3.152 122
-13.419 -4.263 3.159 113
-13.442 -4.004 3.174 132
-13.394 -3.954 3.136 134
-13.340 -4.598 3.099 130
-13.412 -4.311 3.153 125
-13.348 -4.522 3.105 131
-13.414 -4.141 3.152 119
-13.436 -4.346 3.172 118
-13.444 -3.655 3.173 132
-13.384 -4.508 3.132 126
-13.351 -4.489 3.106 130
-13.432 -3.716 3.164 121
-13.426 -3.953 3.161 119
-13.374 -4.124 3.121 136
-13.362 -4.484 3.116 130
-13.409 -4.200 3.151 123
-13.430 -3.989 3.164 120
-13.432 -4.208 3.169 118
-13.387 -4.086 3.131 134
-13.361 -4.341 3.114 135
-13.445 -4.608 3.180 138
-13.350 -4.585 3.106 129
-13.400 -4.179 3.144 133
-13.404 -4.392 3.148 127
-13.382 -4.410 3.130 130
-13.444 -3.728 3.174 132
-13.348 -4.514 3.105 131
-13.385 -4.250 3.132 136
-13.424 -4.149 3.160 115
-13.424 -3.857 3.159 119
-13.418 -4.041 3.155 119
-13.367 -4.596 3.120 123
-13.404 -4.495 3.148 125
-13.424 -3.999 3.160 119
-13.442 -4.225 3.176 127
-13.414 -4.609 3.156 95
-13.443 -4.610 3.179 137
-13.405 -3.887 3.144 131
-13.370 -4.550 3.122 126
-13.335 -4.417 3.094 139
-13.439 -4.380 3.175 120
-13.363 -4.530 3.117 129
-13.389 -4.322 3.135 130
-13.407 -4.509 3.150 122
-13.446 -3.888 3.176 131
-13.361 -4.606 3.115 121
-13.444 -4.533 3.179 145
-13.367 -4.330 3.119 135
-13.374 -4.546 3.125 125
-13.402 -4.531 3.146 122
-13.423 -4.441 3.163 112
-13.424 -3.990 3.160 118
-13.377 -4.398 3.127 133
-13.410 -4.547 3.153 113
-13.438 -4.130 3.171 127
-13.383 -4.119 3.129 135
-13.427 -4.616 3.166 99
-13.393 -4.193 3.138 138
-13.334 -4.506 3.094 135
-13.361 -4.414 3.114 135
-13.384 -4.419 3.132 128
-13.393 -3.976 3.135 136
-13.401 -4.319 3.145 131
-13.399 -4.519 3.144 121
-13.403 -4.184 3.146 129
-13.418 -3.983 3.155 118
-13.386 -4.385 3.133 130
-13.433 -4.570 3.171 103
-13.432 -4.018 3.166 123
-13.409 -4.345 3.151 126
-13.394 -4.068 3.137 136
-13.421 -4.280 3.160 110
-13.351 -4.527 3.107 131
-13.396 -4.605 3.143 118
-13.431 -3.676 3.164 123
-13.418 -3.782 3.154 118
-13.383 -4.252 3.131 135
-13.425 -4.279 3.164 111
-13.424 -3.914 3.160 117
-13.408 -4.153 3.148 124
-13.428 -4.318 3.166 111
-13.441 -4.135 3.174 126
-13.326 -4.583 3.088 127
-13.356 -4.528 3.111 131
-13.419 -4.253 3.159 113
-13.357 -4.471 3.111 131
-13.410 -3.874 3.148 128
-13.443 -4.058 3.174 131
-13.369 -4.524 3.121 130
-13.374 -4.385 3.124 132
-13.439 -4.469 3.175 117
-13.427 -4.594 3.166 102
-13.367 -4.487 3.119 129
-13.378 -4.348 3.127 132
-13.351 -4.485 3.107 133
-13.444 -3.829 3.174 134
-13.342 -4.374 3.099 138
-13.398 -4.421 3.143 126
-13.435 -4.141 3.169 123
-13.417 -4.046 3.154 119
-13.428 -3.826 3.162 122
-13.421 -3.896 3.157 121
-13.357 -4.301 3.111 137
-13.426 -4.419 3.164 114
-13.386 -4.142 3.131 136
-13.424 -4.160 3.161 118
-13.436 -4.472 3.173 114
-13.387 -4.384 3.134 130
-13.379 -4.585 3.129 122
-13.427 -4.565 3.166 103
-13.414 -3.835 3.151 122
-13.368 -4.317 3.119 138
-13.411 -4.016 3.150 126
-13.429 -3.862 3.163 121
-13.430 -4.412 3.167 116
-13.394 -4.473 3.140 129
-13.447 -4.015 3.178 134
-13.410 -4.242 3.151 120
-13.448 -3.974 3.178 133
-13.391 -4.567 3.139 122
-13.416 -4.608 3.158 95
-13.395 -4.456 3.141 129
-13.362 -4.192 3.114 136
-13.418 -4.614 3.159 93
-13.342 -4.484 3.100 133
-13.426 -4.606 3.166 99
-13.423 -3.865 3.158 118
-13.386 -4.383 3.134 130
-13.434 -4.618 3.172 100
-13.415 -4.070 3.153 122
-13.351 -4.511 3.107 130
-13.404 -4.229 3.147 127
-13.430 -4.632 3.169 93
-13.420 -3.948 3.156 117
-13.388 -4.416 3.135 128
-13.441 -4.568 3.177 140
-13.388 -4.473 3.136 127
-13.449 -3.682 3.178 134
-13.399 -4.033 3.141 132
-13.420 -4.082 3.157 116
-13.440 -4.191 3.174 121
-13.438 -4.355 3.174 119
-13.447 -4.266 3.180 139
-13.369 -4.252 3.120 137
-13.430 -4.299 3.167 118
-13.415 -4.631 3.157 88
-13.426 -4.623 3.165 98
-13.343 -4.600 3.101 126
-13.446 -3.770 3.176 132
-13.419 -3.964 3.155 120
-13.433 -4.086 3.167 124
-13.361 -4.592 3.115 125
-13.420 -4.314 3.159 111
-13.326 -4.502 3.087 133
-13.442 -4.414 3.177 131
-13.321 -4.560 3.084 130
-13.330 -4.492 3.090 134
-13.340 -4.503 3.099 134
-13.436 -4.136 3.170 121
-13.321 -4.526 3.083 131
-13.429 -4.383 3.167 115
-13.431 -3.992 3.165 120
-13.412 -3.860 3.150 127
-13.430 -3.931 3.164 120
-13.421 -4.394 3.161 107
-13.337 -4.378 3.096 137
-13.413 -4.201 3.153 120
-13.384 -4.446 3.132 128
-13.409 -4.121 3.149 125
-13.426 -4.328 3.164 112
-13.350 -4.360 3.106 137
-13.360 -4.259 3.113 137
-13.324 -4.578 3.087 133
-13.367 -4.225 3.118 138
-13.431 -3.773 3.164 121
-13.439 -4.358 3.175 119
-13.442 -4.355 3.177 131
-13.385 -4.049 3.130 135
-13.394 -4.059 3.137 135
-13.333 -4.450 3.093 136
-13.410 -4.625 3.153 105
-13.441 -3.976 3.173 129
-13.442 -4.590 3.178 135
-13.431 -3.910 3.165 119
-13.431 -4.529 3.169 107
-13.446 -4.625 3.181 127
-13.396 -4.457 3.141 127
-13.445 -4.250 3.179 137
-13.367 -4.409 3.119 134
-13.412 -4.434 3.154 120
-13.408 -4.015 3.148 128
-13.404 -4.304 3.147 131
-13.357 -4.402 3.111 136
-13.361 -4.554 3.115 129
-13.377 -4.203 3.125 139
-13.445 -3.801 3.175 135
-13.412 -4.327 3.153 124
-13.419 -4.535 3.160 102
-13.362 -4.375 3.115 135
-13.420 -4.343 3.159 109
-13.410 -4.489 3.153 122
-13.424 -4.372 3.163 108
-13.399 -4.190 3.143 134
-13.439 -4.540 3.175 121
-13.366 -4.470 3.118 129
-13.438 -4.615 3.175 117
-13.360 -4.563 3.114 128
-13.387 -4.574 3.135 120
-13.409 -4.190 3.151 123
-13.332 -4.484 3.092 134
-13.390 -4.446 3.137 129
-13.448 -3.966 3.178 133
-13.389 -4.617 3.137 117
-13.447 -3.916 3.177 135
-13.416 -3.797 3.152 122
-13.377 -4.363 3.126 132
-13.360 -4.461 3.114 130
-13.382 -4.292 3.130 133
-13.445 -4.189 3.178 135
-13.443 -3.710 3.173 131
-13.371 -4.532 3.122 129
-13.399 -4.121 3.140 134
-13.428 -3.766 3.161 119
-13.424 -4.263 3.162 112
-13.437 -3.760 3.169 125
-13.367 -4.201 3.118 139
-13.441 -4.241 3.176 128
-13.421 -4.177 3.160 119
-13.389 -4.236 3.135 135
-13.350 -4.562 3.106 129
-13.398 -4.301 3.142 132
-13.440 -3.641 3.171 130
-13.387 -4.266 3.134 134
-13.434 -4.400 3.171 115
-13.328 -4.523 3.089 133
-13.361 -4.308 3.114 138
-13.430 -4.260 3.167 114
-13.382 -4.400 3.131 130
-13.386 -4.548 3.135 122
-13.403 -3.908 3.143 133
-13.427 -4.370 3.166 114
-13.368 -4.263 3.119 136
-13.368 -4.240 3.118 138
-13.380 -4.515 3.129 127
-13.429 -4.358 3.166 112
-13.396 -4.117 3.138 133
-13.415 -3.869 3.152 122
-13.418 -3.986 3.155 119
-13.331 -4.470 3.091 135
-13.336 -4.430 3.095 138
-13.440 -4.564 3.176 119
-13.444 -4.162 3.176 123
-13.430 -4.358 3.168 117
-13.414 -4.309 3.155 117
-13.426 -4.084 3.162 119
-13.341 -4.467 3.099 134
-13.432 -4.293 3.169 120
-13.404 -4.041 3.144 131
-13.434 -4.502 3.171 110
-13.422 -4.483 3.162 109
-13.443 -4.115 3.175 129
-13.348 -4.290 3.104 140
-13.403 -4.357 3.147 128
-13.425 -4.265 3.164 113
-13.420 -4.049 3.157 119
-13.427 -3.952 3.162 119
-13.446 -4.385 3.180 144
-13.421 -4.071 3.158 119
-13.332 -4.583 3.092 130
-13.414 -4.216 3.154 120
-13.408 -4.006 3.147 127
-13.395 -4.390 3.141 129
-13.435 -3.979 3.168 124
-13.332 -4.463 3.092 136
-13.339 -4.379 3.097 139
-13.349 -4.593 3.106 129
-13.410 -4.291 3.152 130
-13.358 -4.228 3.111 136
-13.408 -4.089 3.148 126
-13.377 -4.457 3.127 127
-13.435 -4.222 3.171 118
-13.438 -4.610 3.175 117
-13.411 -3.854 3.149 128
-13.411 -4.523 3.153 115
-13.359 -4.233 3.112 135
-13.403 -4.189 3.145 129
-13.427 -3.987 3.162 120
-13.438 -3.647 3.169 126
-13.402 -4.147 3.143 131
-13.413 -4.300 3.154 126
-13.410 -4.218 3.151 122
-13.446 -4.388 3.180 144
-13.445 -4.472 3.179 144
-13.414 -4.442 3.156 116
-13.425 -4.252 3.163 111
-13.402 -4.244 3.146 130
-13.380 -4.332 3.129 132
-13.440 -4.159 3.172 120
-13.418 -4.390 3.159 109
-13.429 -3.872 3.163 121
-13.360 -4.482 3.114 130
-13.373 -4.241 3.122 136
-13.355 -4.365 3.109 136
-13.363 -4.505 3.116 129
-13.434 -3.789 3.166 125
-13.442 -4.022 3.173 130
-13.360 -4.354 3.113 135
-13.440 -3.688 3.171 129
-13.345 -4.606 3.103 124
-13.391 -4.578 3.138 121
-13.429 -3.964 3.163 121
-13.333 -4.404 3.092 139
-13.403 -4.416 3.147 126
-13.400 -4.033 3.141 132
-13.378 -4.324 3.127 132
-13.357 -4.289 3.110 137
-13.401 -4.227 3.145 129
-13.434 -3.950 3.167 122
-13.414 -3.987 3.152 122
-13.337 -4.426 3.096 139
-13.443 -4.118 3.175 128
-13.341 -4.484 3.099 133
-13.408 -4.351 3.150 126
-13.419 -4.476 3.159 108
-13.417 -4.043 3.154 119
-13.339 -4.436 3.097 138
-13.317 -4.580 3.081 132
-13.410 -4.064 3.149 129
-13.423 -3.939 3.159 117
-13.428 -4.013 3.163 119
-13.404 -4.434 3.148 125
-13.334 -4.430 3.094 139
-13.421 -4.618 3.162 96
-13.404 -4.430 3.148 125
-13.442 -3.805 3.173 133
-13.431 -4.168 3.167 121
-13.408 -3.987 3.147 130
-13.350 -4.434 3.106 137
-13.380 -4.415 3.129 130
-13.330 -4.508 3.091 134
-13.383 -4.416 3.132 129
-13.435 -4.596 3.172 103
-13.422 -4.633 3.163 82
-13.322 -4.589 3.085 128
-13.434 -4.527 3.172 111
-13.403 -3.941 3.143 132
-13.443 -4.547 3.178 136
-13.364 -4.451 3.117 130
-13.441 -3.801 3.172 128
-13.448 -3.983 3.178 133
-13.341 -4.477 3.099 133
-13.391 -4.088 3.134 134
-13.372 -4.303 3.122 135
-13.377 -4.525 3.127 126
-13.347 -4.391 3.104 139
-13.446 -4.248 3.180 138
-13.424 -4.164 3.160 118
-13.376 -4.294 3.125 135
-13.440 -4.188 3.175 121
-13.402 -4.274 3.145 132
-13.442 -4.586 3.178 136
-13.407 -4.609 3.151 112
-13.380 -4.359 3.129 131
-13.419 -4.615 3.160 93
-13.411 -4.498 3.153 115
-13.360 -4.325 3.113 137
-13.389 -4.064 3.132 135
-13.324 -4.523 3.086 133
-13.443 -4.568 3.179 140
-13.392 -4.597 3.139 120
-13.416 -3.793 3.153 120
-13.374 -4.232 3.123 137
-13.405 -4.140 3.145 131
-13.415 -4.091 3.153 119
-13.446 -3.868 3.176 133
-13.423 -4.360 3.162 109
-13.446 -3.606 3.175 129
-13.390 -4.461 3.137 130
-13.327 -4.583 3.089 127
-13.434 -3.897 3.167 123
-13.333 -4.552 3.093 131
-13.355 -4.574 3.111 128
-13.445 -3.829 3.175 134
-13.396 -4.606 3.142 120
-13.418 -4.229 3.158 110
-13.428 -3.746 3.161 122
-13.419 -4.278 3.158 111
-13.366 -4.312 3.118 137
-13.405 -3.902 3.145 133
-13.429 -3.916 3.163 120
-13.425 -4.210 3.163 112
-13.331 -4.522 3.091 134
-13.357 -4.501 3.112 130
-13.446 -4.256 3.179 137
-13.416 -3.867 3.153 122
-13.435 -4.241 3.171 117
-13.430 -4.193 3.167 115
-13.445 -4.079 3.176 131
-13.365 -4.600 3.118 123
-13.445 -3.769 3.175 132
-13.415 -4.057 3.153 120
-13.405 -4.455 3.148 127
-13.388 -4.446 3.135 128
-13.421 -4.108 3.158 118
-13.319 -4.544 3.082 131
-13.419 -3.964 3.156 119
-13.415 -4.216 3.155 118
-13.443 -4.345 3.178 130
-13.443 -4.249 3.177 127
-13.375 -4.179 3.124 135
-13.434 -4.189 3.170 118
-13.382 -4.151 3.128 136
-13.388 -4.610 3.136 121
-13.407 -4.222 3.149 125
-13.441 -4.589 3.177 135
-13.361 -4.271 3.113 139
-13.379 -4.327 3.128 132
-13.406 -3.890 3.145 131
-13.430 -3.810 3.164 121
-13.331 -4.542 3.092 131
-13.383 -4.494 3.132 128
-13.407 -4.202 3.149 125
-13.382 -4.192 3.129 137
-13.357 -4.305 3.111 138
-13.350 -4.511 3.106 131
-13.415 -3.833 3.152 122
-13.402 -4.588 3.147 115
-13.391 -4.457 3.138 130
-13.385 -4.024 3.130 135
-13.431 -4.364 3.169 115
-13.437 -3.730 3.169 125
-13.361 -4.280 3.113 136
-13.370 -4.449 3.121 129
-13.368 -4.529 3.120 130
-13.441 -3.797 3.172 131
-13.381 -4.079 3.126 137
-13.391 -4.498 3.138 126
-13.442 -4.043 3.174 129
-13.377 -4.095 3.124 136
-13.440 -4.059 3.172 129
-13.419 -4.199 3.159 116
-13.380 -4.174 3.128 136
-13.434 -3.873 3.167 123
-13.400 -4.472 3.145 124
-13.413 -4.615 3.155 100
-13.412 -4.512 3.155 116
-13.365 -4.610 3.118 121
-13.427 -3.878 3.162 119
-13.374 -4.507 3.125 128
-13.345 -4.516 3.102 134
-13.392 -4.605 3.139 118
-13.408 -4.278 3.150 133
-13.336 -4.589 3.096 131
-13.441 -3.806 3.172 133
-13.425 -4.568 3.165 103
-13.358 -4.328 3.112 138
-13.406 -4.517 3.149 122
-13.405 -4.233 3.148 125
-13.400 -3.992 3.141 134
-13.387 -4.163 3.131 134
-13.342 -4.454 3.100 134
-13.384 -4.311 3.132 133
-13.416 -4.603 3.158 95
-13.406 -4.207 3.148 128
-13.402 -4.048 3.143 131
-13.364 -4.321 3.116 137
-13.443 -3.830 3.174 133
-13.439 -4.424 3.175 121
-13.359 -4.212 3.112 140
-13.425 -4.401 3.164 110
-13.416 -3.913 3.153 123
-13.424 -4.502 3.164 108
-13.417 -4.246 3.157 121
-13.422 -4.471 3.162 111
-13.401 -4.559 3.146 122
-13.348 -4.291 3.104 140
-13.418 -4.540 3.159 103
-13.386 -4.134 3.131 136
-13.416 -3.836 3.153 121
-13.429 -3.913 3.163 119
-13.323 -4.568 3.085 127
-13.413 -4.198 3.154 121
-13.441 -4.174 3.175 123
-13.331 -4.495 3.091 134
-13.360 -4.236 3.113 137
-13.371 -4.186 3.121 135
-13.439 -3.784 3.170 128
-13.442 -4.192 3.176 123
-13.373 -4.535 3.124 127
-13.397 -4.554 3.143 121
-13.427 -4.222 3.165 114
-13.441 -4.174 3.175 122
-13.445 -3.886 3.176 131
-13.438 -4.208 3.173 118
-13.405 -3.989 3.145 131
-13.362 -4.583 3.116 126
-13.417 -4.018 3.154 119
-13.413 -4.421 3.154 120
-13.334 -4.578 3.094 130
-13.349 -4.385 3.105 137
-13.416 -4.033 3.154 121
-13.349 -4.357 3.105 137
-13.379 -4.082 3.125 136
-13.420 -4.633 3.161 82
-13.439 -4.451 3.175 117
-13.402 -4.622 3.147 108
-13.348 -4.388 3.104 137
-13.438 -4.020 3.171 128
-13.405 -4.357 3.148 127
-13.364 -4.467 3.116 130
-13.434 -4.235 3.170 120
-13.438 -4.099 3.171 129
-13.418 -4.598 3.160 95
-13.375 -4.576 3.126 123
-13.445 -4.200 3.179 138
-13.420 -4.582 3.161 101
-13.411 -4.587 3.154 108
-13.404 -4.144 3.145 130
-13.391 -4.459 3.138 130
-13.441 -4.099 3.173 132
-13.408 -4.547 3.151 120
-13.353 -4.414 3.108 137
-13.423 -4.032 3.159 118
-13.341 -4.394 3.099 138
-13.444 -3.831 3.174 133
-13.420 -3.836 3.155 118
-13.319 -4.543 3.082 131
-13.422 -4.323 3.161 109
-13.448 -4.105 3.178 130
-13.354 -4.282 3.109 138
-13.321 -4.591 3.084 128
-13.333 -4.601 3.093 129
-13.351 -4.296 3.106 138
-13.403 -4.528 3.147 122
-13.437 -4.489 3.174 112
-13.412 -4.617 3.155 100
-13.420 -4.136 3.157 116
-13.353 -4.284 3.108 140
-13.420 -4.631 3.161 91
-13.352 -4.565 3.108 129
-13.434 -4.034 3.167 121
-13.433 -4.029 3.167 122
-13.409 -4.031 3.148 130
-13.436 -4.061 3.169 125
-13.401 -4.608 3.146 117
-13.447 -3.973 3.177 133
-13.321 -4.510 3.084 130
-13.392 -4.125 3.136 134
-13.375 -4.107 3.122 138
-13.385 -4.422 3.133 128
-13.358 -4.331 3.111 137
-13.428 -4.385 3.166 114
-13.393 -4.250 3.138 135
-13.410 -4.094 3.149 126
-13.427 -4.362 3.165 111
-13.412 -4.320 3.153 126
-13.407 -4.277 3.149 133
-13.429 -3.732 3.162 121
-13.373 -4.347 3.123 133
-13.337 -4.576 3.097 129
-13.448 -4.038 3.179 131
-13.371 -4.349 3.122 134
-13.427 -4.620 3.167 101
-13.445 -4.155 3.176 122
-13.415 -4.346 3.156 115
-13.327 -4.496 3.089 133
-13.377 -4.598 3.128 121
-13.423 -4.124 3.159 117
-13.407 -4.343 3.150 127
-13.424 -4.595 3.164 102
-13.390 -4.156 3.134 135
-13.379 -4.077 3.125 134
-13.438 -4.473 3.174 117
-13.438 -3.984 3.171 127
-13.395 -4.293 3.140 131
-13.354 -4.444 3.109 133
-13.360 -4.245 3.113 137
-13.428 -4.265 3.166 113
-13.436 -4.053 3.169 126
-13.346 -4.532 3.103 130
-13.391 -4.421 3.137 127
-13.329 -4.591 3.090 130
-13.385 -4.099 3.130 135
-13.381 -4.525 3.130 126
-13.404 -4.266 3.147 128
-13.397 -4.053 3.139 133
-13.415 -4.516 3.157 107
-13.395 -4.465 3.141 128
-13.366 -4.567 3.119 127
-13.396 -4.533 3.142 120
-13.406 -3.897 3.145 133
-13.445 -3.779 3.175 133
-13.418 -4.508 3.159 109
-13.323 -4.550 3.086 130
-13.387 -4.085 3.131 134
-13.381 -4.167 3.127 135
-13.442 -3.618 3.172 129
-13.431 -3.937 3.165 121
-13.345 -4.499 3.102 132
-13.332 -4.596 3.093 129
-13.397 -4.188 3.141 134
-13.435 -3.733 3.167 125
-13.432 -4.498 3.169 110
-13.406 -4.076 3.146 129
-13.398 -4.134 3.140 133
-13.433 -4.478 3.170 115
-13.414 -4.476 3.156 111
-13.335 -4.566 3.095 129
-13.429 -3.892 3.163 121
-13.392 -4.463 3.139 129
-13.392 -4.597 3.139 120
-13.415 -4.544 3.157 105
-13.445 -4.087 3.176 132
-13.410 -3.983 3.148 130
-13.442 -3.642 3.172 132
-13.429 -4.515 3.168 110
-13.379 -4.583 3.129 122
-13.444 -4.604 3.180 136
-13.387 -4.275 3.134 134
-13.430 -4.008 3.164 120
-13.414 -4.195 3.155 121
-13.442 -3.646 3.172 132
-13.399 -4.493 3.144 124
-13.372 -4.526 3.124 129
-13.393 -3.971 3.135 136
-13.417 -3.854 3.154 123
-13.348 -4.530 3.105 130
-13.446 -4.109 3.177 131
-13.375 -4.263 3.125 137
-13.374 -4.115 3.122 138
-13.400 -4.357 3.144 130
-13.384 -4.381 3.132 130
-13.441 -3.894 3.173 128
-13.339 -4.514 3.097 134
-13.437 -4.061 3.170 125
-13.400 -4.335 3.144 129
-13.433 -3.669 3.165 125
-13.434 -4.562 3.172 106
-13.352 -4.390 3.107 136
-13.383 -4.139 3.128 138
-13.419 -4.255 3.159 113
-13.441 -4.179 3.175 122
-13.435 -3.880 3.168 123
-13.388 -4.611 3.136 121
-13.417 -4.072 3.155 121
-13.430 -3.717 3.163 121
-13.404 -4.259 3.147 125
-13.397 -4.066 3.139 134
-13.407 -4.113 3.147 126
-13.380 -4.119 3.126 137
-13.415 -4.573 3.157 101
-13.406 -4.581 3.150 116
-13.359 -4.472 3.113 131
-13.319 -4.527 3.082 133
-13.414 -4.035 3.152 121
-13.416 -4.473 3.157 112
-13.427 -4.086 3.163 118
-13.431 -4.260 3.168 114
-13.347 -4.520 3.104 132
-13.400 -4.569 3.145 119
-13.377 -4.468 3.127 127
-13.414 -4.053 3.152 121
-13.375 -4.329 3.125 132
-13.334 -4.455 3.093 136
-13.425 -4.030 3.160 118
-13.445 -4.110 3.177 131
-13.424 -4.158 3.160 117
-13.355 -4.292 3.109 138
-13.414 -4.345 3.155 115
-13.344 -4.601 3.102 124
-13.403 -4.017 3.143 132
-13.340 -4.413 3.098 138
-13.444 -4.405 3.178 126
-13.412 -4.326 3.153 124
-13.441 -4.274 3.175 121
-13.434 -3.914 3.167 122
-13.355 -4.397 3.110 136
-13.321 -4.595 3.084 129
-13.415 -3.979 3.153 121
-13.442 -3.702 3.172 130
-13.447 -3.809 3.177 135
-13.357 -4.384 3.111 136
-13.415 -3.807 3.151 124
-13.428 -3.966 3.163 120
-13.436 -3.717 3.167 126
-13.371 -4.313 3.121 136
-13.357 -4.346 3.111 136
-13.402 -4.063 3.143 131
-13.382 -4.600 3.132 121
-13.373 -4.183 3.123 137
-13.441 -3.987 3.173 130
-13.346 -4.492 3.103 132
-13.385 -4.427 3.133 127
-13.398 -4.445 3.143 128
-13.330 -4.510 3.091 135
-13.404 -4.443 3.148 128
-13.435 -4.208 3.171 118
-13.419 -4.424 3.160 111
-13.340 -4.536 3.099 133
-13.439 -3.991 3.171 128
-13.437 -4.123 3.170 127
-13.445 -3.812 3.175 134
-13.442 -3.634 3.172 134
-13.431 -4.258 3.168 114
-13.399 -4.559 3.144 122
-13.388 -4.597 3.136 121
-13.320 -4.597 3.083 133
-13.440 -3.612 3.170 128
-13.392 -4.208 3.137 136
-13.402 -4.305 3.145 131
-13.441 -4.202 3.176 123
-13.404 -4.590 3.149 114
-13.401 -4.265 3.145 124
-13.432 -4.590 3.170 102
-13.333 -4.563 3.093 129
-13.407 -4.495 3.150 124
-13.439 -4.502 3.175 115
-13.428 -4.491 3.167 113
-13.418 -4.059 3.155 117
-13.417 -4.396 3.157 109
-13.441 -3.716 3.172 132
-13.417 -4.424 3.158 111
-13.418 -3.812 3.154 121
-13.379 -4.111 3.125 137
-13.404 -4.317 3.147 131
-13.397 -4.059 3.139 134
-13.427 -4.214 3.165 112
-13.400 -4.138 3.141 131
-13.414 -3.899 3.152 123
-13.409 -4.029 3.149 129
-13.435 -3.979 3.168 124
-13.347 -4.422 3.103 138
-13.384 -4.484 3.133 126
-13.387 -4.622 3.136 118
-13.423 -4.089 3.159 117
-13.342 -4.600 3.100 126
-13.440 -3.800 3.171 128
-13.440 -4.145 3.172 125
-13.429 -4.303 3.166 113
-13.325 -4.451 3.087 134
-13.412 -4.318 3.153 126
-13.346 -4.403 3.103 139
-13.357 -4.509 3.112 130
-13.400 -4.440 3.144 127
-13.386 -4.482 3.134 126
-13.424 -3.944 3.159 117
-13.384 -4.309 3.132 133
-13.370 -4.340 3.121 136
-13.430 -4.488 3.168 113
-13.356 -4.331 3.110 134
-13.435 -3.979 3.168 124
-13.412 -4.585 3.155 109
-13.383 -4.194 3.130 137
-13.406 -3.872 3.145 130
-13.389 -4.376 3.136 130
-13.380 -4.320 3.129 133
-13.389 -4.271 3.135 133
-13.395 -4.623 3.142 113
-13.374 -4.410 3.124 131
-13.348 -4.567 3.105 129
-13.406 -4.283 3.148 131
-13.419 -3.945 3.156 118
-13.334 -4.503 3.093 135
-13.444 -3.788 3.174 129
-13.443 -4.258 3.177 128
-13.446 -3.667 3.175 136
-13.364 -4.598 3.117 124
-13.407 -3.941 3.147 130
-13.444 -4.234 3.178 138
-13.399 -4.137 3.141 131
-13.358 -4.232 3.111 135
-13.402 -4.444 3.146 128
-13.442 -4.275 3.176 131
-13.352 -4.360 3.107 136
-13.380 -4.611 3.130 121
-13.380 -4.291 3.128 134
-13.448 -3.994 3.178 134
-13.358 -4.576 3.113 127
-13.351 -4.564 3.107 129
-13.434 -4.313 3.170 117
-13.407 -4.268 3.149 130
-13.362 -4.299 3.115 137
-13.436 -4.175 3.171 120
-13.356 -4.543 3.111 129
-13.407 -4.139 3.147 131
-13.421 -4.274 3.160 111
-13.447 -3.717 3.176 135
-13.431 -4.015 3.165 121
-13.405 -4.231 3.148 125
-13.361 -4.194 3.113 136
-13.395 -4.054 3.138 133
-13.397 -4.117 3.139 133
-13.443 -4.351 3.177 131
-13.343 -4.600 3.101 126
-13.414 -4.130 3.152 121
-13.441 -4.629 3.177 139
-13.393 -4.332 3.139 131
-13.317 -4.563 3.081 134
-13.390 -4.293 3.136 131
-13.438 -3.693 3.169 125
-13.375 -4.125 3.122 137
-13.363 -4.585 3.116 125
-13.424 -4.246 3.162 111
-13.383 -4.221 3.131 138
-13.416 -4.390 3.157 115
-13.339 -4.505 3.097 134
-13.366 -4.271 3.118 137
-13.429 -3.887 3.163 120
-13.411 -3.923 3.149 126
-13.404 -4.470 3.148 126
-13.420 -4.431 3.160 110
-13.433 -3.827 3.166 122
-13.424 -3.897 3.159 120
-13.441 -3.702 3.171 127
-13.399 -4.201 3.143 130
-13.435 -4.476 3.172 115
-13.353 -4.269 3.107 139
-13.443 -4.063 3.175 131
-13.440 -4.407 3.175 116
-13.430 -4.150 3.165 116
-13.435 -4.461 3.172 114
-13.449 -3.723 3.177 134
-13.428 -3.729 3.162 119
-13.317 -4.598 3.081 125
-13.411 -3.840 3.149 125
-13.358 -4.306 3.112 137
-13.430 -3.760 3.163 122
-13.354 -4.294 3.108 140
-13.448 -4.095 3.178 132
-13.399 -4.193 3.143 134
-13.436 -4.362 3.172 117
-13.410 -4.621 3.153 100
-13.391 -4.560 3.138 122
-13.429 -4.062 3.164 120
-13.414 -4.208 3.154 120
-13.388 -4.189 3.134 138
-13.383 -4.216 3.131 139
-13.404 -4.135 3.145 127
-13.361 -4.515 3.115 130
-13.325 -4.460 3.087 133
-13.432 -4.338 3.169 113
-13.424 -4.460 3.164 112
-13.428 -4.305 3.166 113
-13.359 -4.255 3.112 137
-13.392 -4.091 3.135 135
-13.429 -3.904 3.163 119
-13.443 -4.081 3.175 132
-13.422 -4.536 3.162 104
-13.432 -3.748 3.165 123
-13.447 -4.171 3.179 132
-13.357 -4.578 3.112 127
-13.433 -3.808 3.166 121
-13.385 -4.505 3.133 126
-13.413 -3.928 3.151 127
-13.366 -4.550 3.119 127
-13.330 -4.581 3.091 131
-13.538 -4.279 3.083 130
-13.508 -3.559 3.133 140
-13.508 -3.590 3.132 142
-13.503 -3.980 3.121 132
-13.501 -4.124 3.117 129
-13.476 -3.590 3.156 144
-13.550 -3.573 3.102 136
-13.533 -3.632 3.112 141
-13.516 -4.241 3.100 124
-13.513 -4.284 3.101 123
-13.516 -3.908 3.114 136
-13.492 -4.095 3.125 130
-13.467 -3.658 3.159 142
-13.545 -3.889 3.094 137
-13.503 -4.352 3.106 119
-13.509 -3.664 3.128 139
-13.561 -3.628 3.092 129
-13.571 -3.695 3.082 150
-13.536 -3.983 3.097 131
-13.473 -3.565 3.159 143
-13.545 -3.769 3.098 138
-13.538 -4.089 3.091 127
-13.560 -3.741 3.088 124
-13.535 -4.126 3.092 126
-13.503 -3.924 3.124 134
-13.487 -3.827 3.138 137
-13.530 -3.674 3.112 139
-13.522 -3.972 3.107 131
-13.552 -3.896 3.088 117
-13.553 -3.606 3.099 153
-13.517 -4.235 3.100 124
-13.493 -3.946 3.130 135
-13.551 -3.609 3.100 145
-13.565 -3.722 3.085 135
-13.532 -4.203 3.090 128
-13.528 -4.111 3.098 128
-13.502 -4.313 3.108 119
-13.519 -4.103 3.105 128
-13.520 -4.265 3.096 124
-13.506 -4.285 3.106 121
-13.545 -3.776 3.098 137
-13.495 -4.267 3.115 121
-13.507 -4.102 3.114 129
-13.543 -3.625 3.105 138
-13.539 -3.936 3.096 136
-13.524 -4.110 3.101 127
-13.504 -3.817 3.127 136
-13.529 -3.708 3.112 137
-13.522 -3.717 3.117 138
-13.539 -3.709 3.105 142
-13.504 -4.254 3.109 123
-13.519 -3.975 3.109 131
-13.519 -3.942 3.111 133
-13.510 -4.016 3.114 131
-13.526 -3.960 3.105 132
-13.482 -4.030 3.135 131
-13.526 -3.564 3.120 143
-13.555 -3.824 3.088 122
-13.492 -3.798 3.136 136
-13.501 -4.030 3.121 131
-13.555 -3.574 3.098 146
-13.455 -3.562 3.172 133
-13.506 -4.009 3.118 130
-13.484 -3.666 3.147 139
-13.546 -3.941 3.091 136
-13.553 -3.757 3.093 131
-13.535 -4.071 3.094 129
-13.505 -4.101 3.115 130
-13.506 -3.815 3.125 136
-13.556 -3.741 3.091 124
-13.497 -4.117 3.120 129
-13.546 -4.118 3.085 121
-13.517 -4.050 3.108 130
-13.517 -3.911 3.113 134
-13.519 -4.184 3.100 126
-13.522 -4.297 3.094 123
-13.511 -3.618 3.129 142
-13.556 -3.587 3.097 139
-13.489 -3.577 3.147 144
-13.535 -3.680 3.109 139
-13.494 -3.621 3.141 143
-13.545 -3.598 3.105 141
-13.497 -4.212 3.115 125
-13.548 -4.126 3.082 110
-13.520 -3.618 3.122 140
-13.480 -3.621 3.151 145
-13.539 -4.045 3.092 128
-13.511 -3.929 3.117 133
-13.540 -3.946 3.095 132
-13.505 -4.017 3.119 132
-13.520 -4.233 3.098 125
-13.536 -3.844 3.102 137
-13.505 -3.898 3.122 135
-13.529 -4.087 3.098 130
-13.527 -4.089 3.100 128
-13.542 -4.111 3.087 145
-13.509 -4.368 3.101 120
-13.538 -4.080 3.092 129
-13.521 -4.619 3.082 122
-13.517 -3.963 3.112 132
-13.509 -4.086 3.113 130
-13.516 -4.326 3.097 123
-13.555 -3.703 3.093 120
-13.498 -3.849 3.130 137
-13.539 -3.803 3.101 136
-13.507 -3.966 3.119 133
-13.526 -4.147 3.098 126
-13.500 -4.314 3.110 119
-13.496 -3.785 3.133 137
-13.554 -3.584 3.098 151
-13.521 -4.423 3.090 120
-13.508 -3.975 3.118 132
-13.514 -4.049 3.111 130
-13.512 -3.898 3.117 133
-13.468 -3.588 3.162 148
-13.532 -4.101 3.095 127
-13.496 -4.003 3.125 132
-13.513 -4.199 3.104 125
-13.472 -3.586 3.158 148
-13.482 -3.786 3.144 136
-13.530 -3.993 3.101 130
-13.458 -3.556 3.170 130
-13.478 -3.691 3.151 137
-13.526 -3.703 3.115 137
-13.471 -3.773 3.153 136
-13.526 -4.252 3.093 126
-13.516 -3.589 3.126 142
-13.554 -3.843 3.089 121
-13.520 -3.876 3.112 136
-13.503 -4.148 3.115 128
-13.521 -4.390 3.091 122
-13.523 -3.671 3.118 138
-13.526 -3.563 3.120 143
-13.507 -4.442 3.099 115
-13.523 -4.004 3.106 132
-13.533 -4.199 3.089 128
-13.545 -3.932 3.092 139
-13.516 -4.104 3.107 129
-13.482 -3.895 3.140 136
-13.518 -4.300 3.097 122
-13.522 -4.352 3.091 120
-13.481 -3.945 3.138 133
-13.537 -4.238 3.085 127
-13.477 -3.633 3.153 142
-13.464 -3.748 3.159 138
-13.531 -4.155 3.094 128
-13.477 -3.770 3.148 136
-13.529 -3.562 3.118 142
-13.503 -4.295 3.108 120
-13.542 -3.596 3.107 139
-13.490 -3.775 3.139 137
-13.548 -3.727 3.098 138
-13.489 -3.894 3.135 136
-13.518 -4.111 3.106 128
-13.527 -3.746 3.112 138
-13.556 -3.897 3.085 125
-13.520 -4.279 3.096 125
-13.528 -4.126 3.097 125
-13.535 -4.311 3.084 106
-13.533 -3.562 3.115 145
-13.547 -3.998 3.088 137
-13.546 -4.037 3.087 135
-13.468 -3.658 3.159 141
-13.511 -4.434 3.097 117
-13.501 -3.950 3.124 133
-13.524 -4.322 3.092 123
-13.481 -3.623 3.151 141
-13.519 -3.718 3.119 138
-13.528 -3.739 3.112 137
-13.553 -3.737 3.093 132
-13.507 -4.238 3.107 124
-13.508 -4.321 3.103 120
-13.520 -3.928 3.111 134
-13.570 -3.666 3.084 139
-13.518 -4.441 3.091 119
-13.514 -4.452 3.094 118
-13.459 -3.576 3.169 132
-13.504 -4.115 3.115 129
-13.548 -3.742 3.097 135
-13.478 -3.647 3.152 141
-13.530 -3.881 3.105 136
-13.523 -4.192 3.097 126
-13.534 -3.837 3.104 136
-13.503 -4.387 3.104 115
-13.527 -3.759 3.112 137
-13.532 -3.686 3.111 139
-13.516 -4.183 3.103 126
-13.553 -3.849 3.089 121
-13.516 -4.356 3.096 118
-13.459 -3.578 3.168 138
-13.559 -3.600 3.094 129
-13.495 -3.980 3.127 133
-13.513 -3.949 3.115 133
-13.483 -4.027 3.134 132
-13.524 -4.112 3.101 126
-13.500 -4.036 3.121 131
-13.537 -4.152 3.089 124
-13.511 -4.354 3.100 117
-13.480 -3.628 3.151 140
-13.522 -3.941 3.109 133
-13.538 -4.037 3.093 133
-13.499 -4.071 3.120 131
-13.498 -3.756 3.133 138
-13.511 -3.893 3.118 133
-13.565 -3.692 3.086 133
-13.506 -3.759 3.127 138
-13.535 -4.160 3.091 128
-13.551 -3.644 3.099 141
-13.517 -3.795 3.118 136
-13.531 -3.564 3.116 143
-13.456 -3.576 3.171 132
-13.501 -3.821 3.128 136
-13.533 -4.292 3.086 118
-13.486 -3.783 3.141 136
-13.522 -4.011 3.106 130
-13.552 -3.828 3.091 126
-13.557 -3.758 3.090 122
-13.502 -3.852 3.127 137
-13.475 -3.805 3.148 137
-13.489 -3.671 3.143 139
-13.503 -4.084 3.118 131
-13.536 -3.568 3.112 146
-13.534 -3.648 3.111 139
-13.562 -3.580 3.092 129
-13.484 -3.788 3.142 136
-13.516 -4.133 3.106 128
-13.561 -3.567 3.094 132
-13.488 -4.081 3.128 130
-13.485 -3.602 3.148 143
-13.538 -4.040 3.093 132
-13.540 -4.071 3.091 123
-13.561 -3.886 3.082 126
-13.467 -3.710 3.157 137
-13.491 -4.096 3.126 129
-13.532 -3.708 3.110 139
-13.546 -3.703 3.100 137
-13.537 -3.585 3.111 142
-13.503 -4.147 3.115 128
-13.572 -3.590 3.085 148
-13.485 -3.874 3.139 137
-13.540 -3.898 3.097 138
-13.564 -3.818 3.082 134
-13.550 -3.973 3.087 119
-13.483 -4.047 3.134 131
-13.547 -3.852 3.094 141
-13.538 -3.616 3.109 142
-13.554 -3.763 3.092 133
-13.539 -3.579 3.109 140
-13.513 -3.674 3.125 138
-13.488 -3.824 3.138 138
-13.500 -3.732 3.133 137
-13.509 -3.707 3.127 137
-13.492 -3.928 3.131 136
-13.496 -3.784 3.133 137
-13.529 -4.197 3.093 130
-13.505 -3.900 3.122 135
-13.453 -3.555 3.174 131
-13.479 -3.704 3.149 137
-13.511 -3.865 3.119 134
-13.520 -4.449 3.090 120
-13.502 -3.602 3.136 144
-13.510 -3.730 3.126 138
-13.498 -4.301 3.112 120
-13.483 -3.948 3.137 133
-13.567 -3.748 3.083 144
-13.552 -3.978 3.085 114
-13.557 -3.746 3.090 126
-13.504 -4.370 3.104 119
-13.542 -4.155 3.086 142
-13.485 -3.724 3.144 136
-13.510 -3.736 3.125 137
-13.545 -3.625 3.104 139
-13.515 -4.528 3.090 118
-13.562 -3.866 3.082 129
-13.515 -3.714 3.122 137
-13.553 -3.647 3.097 149
-13.547 -3.764 3.097 138
-13.495 -4.124 3.122 129
-13.522 -4.453 3.088 124
-13.506 -3.606 3.133 145
-13.532 -3.633 3.113 141
-13.527 -3.670 3.115 139
-13.502 -4.248 3.111 123
-13.559 -3.703 3.090 125
-13.479 -3.765 3.147 135
-13.489 -3.630 3.145 141
-13.534 -4.388 3.082 134
-13.504 -4.037 3.118 131
-13.500 -3.581 3.138 145
-13.523 -4.441 3.088 118
-13.540 -3.762 3.102 138
-13.534 -4.015 3.097 131
-13.488 -3.546 3.149 145
-13.576 -3.567 3.083 158
-13.490 -3.982 3.130 133
-13.470 -3.704 3.156 138
-13.520 -3.630 3.122 141
-13.518 -3.733 3.119 137
-13.478 -3.570 3.155 148
-13.479 -3.782 3.146 137
-13.497 -3.927 3.128 136
-13.498 -3.986 3.124 132
-13.505 -3.638 3.133 143
-13.507 -3.613 3.132 143
-13.545 -3.899 3.093 138
-13.455 -3.616 3.170 138
-13.553 -3.761 3.092 133
-13.547 -3.646 3.101 138
-13.540 -3.675 3.105 142
-13.508 -4.308 3.104 120
-13.517 -3.834 3.116 136
-13.488 -3.863 3.136 138
-13.520 -4.644 3.082 122
-13.555 -3.623 3.096 144
-13.485 -3.658 3.147 138
-13.488 -3.820 3.138 137
-13.507 -3.888 3.121 133
-13.497 -3.801 3.132 136
-13.510 -4.371 3.100 120
-13.518 -4.584 3.086 124
-13.533 -3.606 3.113 142
-13.505 -4.220 3.110 124
-13.566 -3.581 3.090 134
-13.476 -3.746 3.150 135
-13.516 -4.553 3.089 120
-13.554 -3.759 3.092 132
-13.551 -3.856 3.090 137
-13.519 -4.009 3.108 130
-13.565 -3.733 3.085 135
-13.509 -4.242 3.106 124
-13.523 -4.354 3.091 120
-13.523 -4.566 3.083 124
-13.520 -4.540 3.086 119
-13.518 -4.032 3.108 131
-13.538 -3.638 3.108 140
-13.480 -3.769 3.146 136
-13.483 -3.559 3.152 144
-13.540 -3.906 3.097 138
-13.495 -3.576 3.142 150
-13.558 -3.808 3.087 124
-13.533 -3.987 3.099 130
-13.518 -3.724 3.120 138
-13.501 -3.577 3.138 145
-13.533 -3.570 3.114 144
-13.533 -4.226 3.089 123
-13.504 -4.147 3.114 128
-13.548 -3.678 3.100 139
-13.498 -3.903 3.128 133
-13.533 -3.683 3.110 139
-13.515 -4.502 3.091 119
-13.504 -4.144 3.114 128
-13.489 -3.630 3.144 141
-13.561 -3.800 3.085 127
-13.547 -3.969 3.089 143
-13.518 -4.449 3.091 119
-13.490 -4.027 3.129 132
-13.489 -3.683 3.143 138
-13.529 -4.110 3.097 128
-13.471 -3.617 3.158 144
-13.477 -3.696 3.151 135
-13.535 -4.344 3.083 123
-13.548 -4.076 3.084 133
-13.546 -3.958 3.090 140
-13.537 -4.046 3.093 128
-13.555 -3.620 3.096 147
-13.557 -3.801 3.088 119
-13.524 -3.745 3.114 138
-13.477 -3.775 3.148 136
-13.569 -3.680 3.084 139
-13.534 -4.365 3.082 137
-13.489 -3.832 3.137 137
-13.497 -3.976 3.126 133
-13.484 -3.995 3.134 133
-13.520 -4.113 3.103 128
-13.512 -4.410 3.097 115
-13.523 -4.581 3.083 122
-13.516 -3.871 3.116 135
-13.550 -4.038 3.084 113
-13.529 -3.934 3.104 134
-13.568 -3.658 3.086 138
-13.541 -3.902 3.096 139
-13.465 -3.737 3.158 136
-13.546 -3.651 3.102 143
-13.535 -4.194 3.088 120
-13.533 -4.407 3.082 114
-13.530 -3.781 3.109 139
-13.524 -3.818 3.112 136
-13.453 -3.581 3.173 132
-13.499 -3.816 3.130 135
-13.537 -3.825 3.102 139
-13.519 -4.155 3.103 127
-13.501 -4.162 3.116 128
-13.526 -3.585 3.119 144
-13.542 -4.042 3.090 140
-13.570 -3.558 3.087 147
-13.530 -4.156 3.095 128
-13.535 -3.972 3.098 130
-13.555 -3.826 3.089 122
-13.529 -3.854 3.107 138
-13.476 -3.808 3.148 137
-13.548 -3.740 3.097 138
-13.518 -3.854 3.115 136
-13.548 -3.618 3.101 138
-13.499 -4.273 3.111 121
-13.501 -3.761 3.131 138
-13.516 -4.063 3.108 131
-13.476 -3.547 3.157 139
-13.481 -3.874 3.141 137
-13.493 -3.705 3.139 138
-13.526 -3.650 3.116 140
-13.498 -4.045 3.122 131
-13.496 -3.859 3.131 137
-13.513 -3.589 3.129 140
-13.513 -4.303 3.100 122
-13.484 -3.767 3.143 136
-13.540 -4.193 3.084 135
-13.512 -3.552 3.130 140
-13.553 -3.661 3.096 145
-13.511 -3.630 3.129 144
-13.568 -3.735 3.083 145
-13.521 -4.467 3.088 121
-13.553 -3.865 3.088 116
-13.530 -4.208 3.091 125
-13.521 -4.382 3.091 120
-13.516 -3.673 3.123 138
-13.558 -3.653 3.093 131
-13.513 -4.479 3.094 118
-13.554 -4.001 3.083 114
-13.552 -3.814 3.091 121
-13.534 -3.580 3.113 143
-13.519 -3.563 3.125 142
-13.480 -3.668 3.150 141
-13.502 -4.274 3.109 122
-13.515 -3.849 3.117 136
-13.473 -3.609 3.157 140
-13.523 -4.014 3.105 129
-13.502 -4.184 3.113 126
-13.475 -3.545 3.158 139
-13.479 -3.834 3.144 137
-13.504 -3.941 3.122 134
-13.553 -3.610 3.098 150
-13.533 -4.306 3.086 122
-13.565 -3.630 3.088 135
-13.495 -3.932 3.129 136
-13.492 -3.937 3.130 135
-13.546 -3.738 3.099 138
-13.516 -3.672 3.123 139
-13.517 -4.044 3.108 130
-13.573 -3.657 3.082 148
-13.520 -4.463 3.089 120
-13.533 -4.193 3.090 125
-13.550 -3.962 3.087 116
-13.524 -3.894 3.109 136
-13.469 -3.792 3.153 137
-13.493 -3.944 3.130 135
-13.534 -4.159 3.091 128
-13.495 -3.901 3.130 136
-13.524 -4.064 3.103 129
-13.524 -4.232 3.095 126
-13.518 -3.602 3.125 142
-13.462 -3.585 3.166 143
-13.507 -3.816 3.124 136
-13.479 -3.894 3.142 136
-13.538 -3.785 3.103 137
-13.485 -4.000 3.134 133
-13.570 -3.636 3.085 137
-13.534 -3.564 3.114 147
-13.557 -3.807 3.088 118
-13.515 -4.352 3.097 117
-13.509 -4.231 3.106 125
-13.503 -4.208 3.111 125
-13.540 -3.916 3.097 134
-13.510 -4.001 3.115 132
-13.541 -4.214 3.083 133
-13.504 -4.050 3.118 131
-13.523 -4.282 3.094 121
-13.518 -4.052 3.107 131
-13.549 -4.024 3.085 102
-13.515 -3.713 3.122 137
-13.530 -4.017 3.100 130
-13.556 -3.605 3.097 135
-13.516 -4.161 3.105 127
-13.522 -3.727 3.117 138
-13.509 -4.052 3.114 131
-13.516 -4.033 3.110 131
-13.552 -3.671 3.097 141
-13.496 -3.635 3.140 141
-13.471 -3.790 3.151 137
-13.526 -3.564 3.120 143
-13.509 -3.831 3.122 136
-13.504 -3.608 3.135 146
-13.553 -3.651 3.097 149
-13.487 -3.697 3.143 139
-13.516 -4.354 3.096 118
-13.483 -3.909 3.138 136
-13.549 -4.002 3.087 114
-13.564 -3.797 3.083 136
-13.513 -4.363 3.098 119
-13.471 -3.588 3.159 148
-13.519 -4.585 3.086 124
-13.518 -4.039 3.108 130
-13.483 -3.885 3.140 136
-13.472 -3.712 3.154 137
-13.480 -3.746 3.147 135
-13.523 -4.165 3.100 127
-13.577 -3.559 3.082 160
-13.544 -3.744 3.100 137
-13.548 -3.890 3.091 137
-13.523 -4.378 3.090 123
-13.496 -4.231 3.115 123
-13.551 -3.659 3.098 143
-13.510 -4.029 3.114 129
-13.488 -4.116 3.127 129
-13.489 -3.896 3.134 136
-13.496 -3.763 3.134 135
-13.521 -4.567 3.085 120
-13.532 -3.782 3.107 139
-13.523 -3.770 3.114 138
-13.554 -3.778 3.091 127
-13.469 -3.594 3.160 143
-13.505 -4.061 3.116 131
-13.523 -3.788 3.114 137
-13.517 -3.963 3.111 132
-13.505 -3.583 3.134 145
-13.498 -4.128 3.119 129
-13.531 -3.871 3.104 137
-13.509 -3.680 3.128 139
-13.516 -4.417 3.094 119
-13.532 -3.945 3.101 132
-13.572 -3.613 3.084 149
-13.531 -4.119 3.095 127
-13.520 -3.885 3.112 135
-13.555 -3.820 3.089 119
-13.506 -4.398 3.101 116
-13.485 -4.021 3.133 132
-13.516 -4.499 3.091 118
-13.525 -3.920 3.107 135
-13.528 -4.458 3.083 121
-13.508 -3.845 3.123 136
-13.523 -3.552 3.122 142
-13.473 -3.627 3.157 141
-13.549 -3.991 3.087 113
-13.516 -4.253 3.100 123
-13.536 -4.324 3.082 115
-13.508 -4.192 3.108 126
-13.515 -4.274 3.100 123
-13.517 -4.073 3.107 131
-13.520 -3.777 3.116 138
-13.507 -4.364 3.103 119
-13.482 -3.926 3.139 134
-13.484 -3.892 3.139 136
-13.500 -4.021 3.122 131
-13.519 -4.071 3.106 131
-13.497 -3.623 3.139 141
-13.495 -3.862 3.132 139
-13.482 -3.717 3.146 137
-13.557 -3.751 3.090 123
-13.527 -3.984 3.103 132
-13.520 -3.644 3.122 141
-13.501 -3.653 3.135 140
-13.509 -3.761 3.125 138
-13.569 -3.723 3.082 140
-13.481 -3.580 3.152 145
-13.541 -4.237 3.082 119
-13.511 -3.802 3.122 136
-13.469 -3.608 3.160 141
-13.507 -4.044 3.115 130
-13.508 -3.913 3.120 134
-13.565 -3.678 3.087 133
-13.537 -4.306 3.083 132
-13.508 -4.314 3.104 120
-13.573 -3.593 3.084 149
-13.538 -3.827 3.101 137
-13.476 -3.584 3.156 147
-13.480 -3.912 3.140 135
-13.554 -3.816 3.090 119
-13.547 -3.832 3.094 138
-13.544 -4.068 3.087 137
-13.536 -3.953 3.098 131
-13.538 -4.305 3.082 130
-13.516 -4.362 3.096 119
-13.519 -4.162 3.102 127
-13.509 -4.301 3.103 120
-13.525 -3.638 3.118 140
-13.512 -3.577 3.130 141
-13.552 -4.043 3.082 120
-13.501 -4.034 3.120 131
-13.545 -3.856 3.095 137
-13.493 -4.082 3.124 131
-13.502 -4.255 3.110 123
-13.508 -4.173 3.109 127
-13.528 -4.002 3.102 130
-13.515 -4.369 3.096 121
-13.488 -3.552 3.148 138
-13.524 -3.828 3.111 135
-13.539 -4.249 3.083 128
-13.518 -4.017 3.109 131
-13.473 -3.826 3.149 137
-13.522 -4.072 3.104 130
-13.517 -4.203 3.101 126
-13.527 -3.699 3.114 137
-13.494 -3.591 3.142 145
-13.527 -4.445 3.084 122
-13.539 -4.089 3.091 127
-13.485 -4.013 3.133 133
-13.468 -3.589 3.162 146
-13.532 -4.021 3.098 130
-13.510 -3.892 3.120 133
-13.532 -3.618 3.113 140
-13.549 -3.794 3.095 140
-13.500 -3.623 3.136 144
-13.555 -3.659 3.095 145
-13.499 -3.871 3.128 135
-13.567 -3.602 3.088 132
-13.560 -3.755 3.088 122
-13.499 -3.854 3.129 137
-13.554 -3.796 3.091 127
-13.542 -3.854 3.097 139
-13.495 -3.923 3.129 136
-13.471 -3.738 3.154 136
-13.482 -3.812 3.143 136
-13.476 -3.578 3.156 145
-13.492 -3.844 3.135 137
-13.532 -3.631 3.113 141
-13.535 -4.087 3.094 129
-13.515 -4.514 3.090 118
-13.456 -3.630 3.169 133
-13.558 -3.737 3.090 125
-13.513 -3.797 3.121 136
-13.491 -3.852 3.135 137
-13.472 -3.586 3.158 148
-13.563 -3.700 3.087 127
-13.524 -3.731 3.115 139
-13.490 -4.178 3.122 125
-13.502 -3.620 3.136 143
-13.464 -3.752 3.159 138
-13.497 -3.857 3.130 137
-13.559 -3.669 3.091 128
-13.495 -3.970 3.127 133
-13.471 -3.645 3.157 142
-13.524 -4.194 3.096 126
-13.535 -3.927 3.099 134
-13.520 -3.609 3.122 141
-13.502 -4.208 3.112 125
-13.510 -4.281 3.103 122
-13.501 -3.576 3.138 146
-13.555 -3.741 3.092 124
-13.521 -4.414 3.090 117
-13.489 -4.143 3.126 128
-13.529 -4.149 3.096 129
-13.548 -3.762 3.096 137
-13.528 -3.706 3.113 138
-13.515 -4.077 3.109 130
-13.525 -4.566 3.082 117
-13.553 -3.565 3.100 147
-13.522 -4.244 3.096 126
-13.489 -3.666 3.143 138
-13.532 -4.142 3.093 127
-13.507 -3.683 3.129 139
-13.495 -3.863 3.132 139
-13.537 -3.807 3.103 135
-13.476 -3.748 3.150 135
-13.523 -4.546 3.084 123
-13.549 -3.816 3.094 137
-13.536 -4.313 3.083 110
-13.507 -3.698 3.128 137
-13.509 -3.719 3.127 138
-13.487 -3.622 3.146 142
-13.571 -3.628 3.084 145
-13.516 -3.862 3.116 136
-13.465 -3.640 3.162 140
-13.561 -3.620 3.092 134
-13.517 -4.482 3.091 118
-13.524 -4.529 3.084 120
-13.531 -4.405 3.083 115
-13.530 -4.433 3.083 121
-13.540 -3.782 3.101 136
-13.548 -3.818 3.094 137
-13.540 -3.661 3.106 140
-13.521 -4.288 3.095 123
-13.508 -4.438 3.099 116
-13.507 -4.250 3.107 123
-13.528 -4.339 3.088 121
-13.487 -3.646 3.145 138
-13.526 -3.901 3.107 135
-13.524 -4.409 3.088 124
-13.541 -3.957 3.094 133
-13.547 -3.607 3.103 145
-13.501 -4.011 3.121 132
-13.551 -4.063 3.083 103
-13.485 -3.755 3.143 135
-13.530 -4.180 3.092 124
-13.508 -4.076 3.114 130
-13.550 -3.941 3.088 122
-13.491 -3.833 3.135 137
-13.524 -4.174 3.097 127
-13.517 -4.201 3.101 126
-13.517 -4.109 3.106 128
-13.561 -3.879 3.082 126
-13.504 -4.239 3.110 124
-13.486 -3.813 3.140 136
-13.542 -4.087 3.088 139
-13.510 -4.459 3.097 114
-13.521 -4.121 3.103 127
-13.534 -4.368 3.082 129
-13.527 -4.133 3.097 129
-13.493 -3.929 3.131 136
-13.531 -4.221 3.090 128
-13.464 -3.610 3.164 144
-13.458 -3.625 3.167 138
-13.458 -3.667 3.166 137
-13.492 -3.554 3.145 145
-13.560 -3.635 3.092 130
-13.503 -3.679 3.132 138
-13.548 -3.864 3.092 138
-13.515 -3.749 3.121 137
-13.508 -3.949 3.119 133
-13.519 -4.386 3.093 121
-13.505 -4.360 3.104 118
-13.464 -3.663 3.162 141
-13.523 -4.020 3.105 130
-13.547 -3.605 3.103 145
-13.510 -4.486 3.095 115
-13.488 -4.093 3.128 129
-13.473 -3.651 3.156 140
-13.483 -3.701 3.147 137
-13.525 -4.365 3.089 124
-13.478 -3.961 3.140 134
-13.479 -3.754 3.148 135
-13.523 -3.556 3.122 142
-13.559 -3.620 3.093 128
-13.487 -3.737 3.142 136
-13.517 -3.993 3.110 131
-13.546 -3.709 3.100 140
-13.552 -3.776 3.093 145
-13.530 -3.829 3.107 137
-13.483 -3.833 3.141 138
-13.507 -4.410 3.100 115
-13.479 -3.800 3.146 137
-13.535 -3.611 3.111 141
-13.524 -4.004 3.105 132
-13.530 -4.009 3.100 133
-13.506 -3.633 3.132 144
-13.522 -4.276 3.095 125
-13.526 -3.778 3.112 138
-13.560 -3.755 3.088 122
-13.522 -3.769 3.115 139
-13.522 -4.423 3.089 124
-13.538 -3.876 3.099 136
-13.494 -3.941 3.129 135
-13.510 -3.731 3.125 138
-13.505 -3.561 3.135 142
-13.531 -3.663 3.113 140
-13.531 -3.901 3.103 136
-13.531 -4.201 3.091 128
-13.520 -4.160 3.102 127
-13.535 -3.793 3.105 138
-13.541 -3.777 3.100 138
-13.522 -4.021 3.105 131
-13.490 -3.658 3.143 138
-13.515 -3.567 3.128 144
-13.481 -3.854 3.142 137
-13.536 -4.054 3.094 128
-13.501 -3.866 3.127 135
-13.576 -3.573 3.083 152
-13.518 -3.868 3.114 136
-13.488 -3.931 3.134 136
-13.513 -3.622 3.127 142
-13.514 -3.556 3.129 141
-13.472 -3.795 3.151 137
-13.513 -3.973 3.114 133
-13.506 -4.182 3.110 126
-13.530 -3.570 3.117 143
-13.502 -4.322 3.108 120
-13.518 -4.235 3.099 124
-13.575 -3.568 3.083 158
-13.547 -3.636 3.101 137
-13.487 -4.103 3.129 129
-13.486 -4.037 3.132 131
-13.507 -3.990 3.118 132
-13.562 -3.732 3.087 131
-13.557 -3.921 3.084 124
-13.525 -3.614 3.118 142
-13.505 -3.946 3.121 134
-13.505 -4.383 3.103 117
-13.538 -3.909 3.098 136
-13.507 -4.321 3.104 120
-13.523 -3.807 3.113 136
-13.514 -4.392 3.096 118
-13.564 -3.578 3.091 133
-13.524 -3.774 3.113 137
-13.509 -3.573 3.132 140
-13.474 -3.547 3.159 138
-13.525 -3.758 3.113 137
-13.516 -4.364 3.096 122
-13.525 -3.613 3.119 143
-13.489 -3.764 3.140 137
-13.538 -4.124 3.090 124
-13.540 -4.025 3.092 126
-13.552 -3.823 3.091 124
-13.477 -3.688 3.152 138
-13.523 -4.436 3.088 122
-13.491 -3.822 3.136 138
-13.508 -4.232 3.107 124
-13.534 -3.649 3.110 139
-13.511 -4.438 3.096 117
-13.517 -4.094 3.107 129
-13.513 -3.606 3.128 142
-13.536 -4.212 3.086 120
-13.479 -3.991 3.139 133
-13.455 -3.542 3.173 145
-13.506 -3.922 3.121 135
-13.546 -3.997 3.089 136
-13.530 -3.831 3.107 137
-13.507 -3.656 3.131 138
-13.522 -4.351 3.092 121
-13.473 -3.676 3.154 140
-13.523 -3.712 3.117 138
-13.468 -3.816 3.153 136
-13.492 -3.683 3.140 138
-13.487 -3.969 3.133 133
-13.479 -3.640 3.151 141
-13.533 -3.611 3.113 141
-13.498 -3.977 3.125 133
-13.518 -4.506 3.089 119
-13.538 -4.200 3.085 116
-13.520 -3.974 3.109 131
-13.515 -4.334 3.097 122
-13.564 -3.735 3.086 130
-13.528 -4.143 3.097 130
-13.486 -4.095 3.129 129
-13.495 -4.021 3.126 132
-13.523 -4.332 3.092 121
-13.503 -3.750 3.130 137
-13.529 -3.783 3.109 139
-13.520 -4.091 3.104 129
-13.502 -4.133 3.116 128
-13.473 -3.575 3.159 145
-13.541 -3.787 3.100 136
-13.510 -3.984 3.116 132
-13.509 -3.590 3.131 142
-13.562 -3.784 3.085 128
-13.502 -4.277 3.109 122
-13.486 -3.959 3.134 133
-13.526 -4.282 3.091 125
-13.493 -4.197 3.119 124
-13.567 -3.591 3.089 136
-13.540 -4.120 3.089 126
-13.467 -3.647 3.160 141
-13.532 -4.403 3.083 115
-13.497 -4.127 3.120 128
-13.542 -4.027 3.090 138
-13.537 -4.049 3.093 127
-13.472 -3.873 3.148 135
-13.519 -4.441 3.090 122
-13.523 -3.776 3.114 138
-13.528 -4.098 3.098 130
-13.498 -4.226 3.114 123
-13.491 -4.155 3.124 127
-13.505 -4.352 3.104 119
-13.494 -4.060 3.125 131
-13.527 -3.573 3.119 144
-13.504 -3.608 3.134 146
-13.565 -3.649 3.088 135
-13.490 -3.591 3.145 146
-13.499 -3.781 3.132 136
-13.533 -3.560 3.115 143
-13.476 -3.810 3.148 137
-13.495 -3.904 3.130 136
-13.516 -3.847 3.116 136
-13.536 -4.206 3.087 123
-13.515 -4.538 3.090 119
-13.522 -4.457 3.088 124
-13.516 -4.140 3.106 128
-13.455 -3.549 3.172 132
-13.460 -3.551 3.169 127
-13.514 -3.881 3.117 135
-13.538 -3.895 3.098 135
-13.558 -3.832 3.086 124
-13.568 -3.617 3.087 141
-13.503 -4.321 3.107 120
-13.523 -4.554 3.083 121
-13.453 -4.362 3.173 116
-13.472 -3.993 3.148 134
-13.466 -4.077 3.156 131
-13.483 -4.231 3.131 124
-13.456 -4.069 3.170 127
-13.466 -4.055 3.157 133
-13.473 -4.004 3.147 134
-13.474 -4.016 3.146 134
-13.462 -4.100 3.161 128
-13.453 -4.391 3.173 120
-13.508 -4.619 3.099 121
-13.454 -4.457 3.171 111
-13.479 -4.238 3.136 123
-13.468 -3.891 3.153 135
-13.455 -4.397 3.170 123
-13.476 -4.017 3.143 132
-13.479 -4.536 3.137 119
-13.462 -4.090 3.162 127
-13.453 -3.597 3.172 134
-13.462 -4.138 3.162 124
-13.460 -4.134 3.165 125
-13.471 -4.458 3.148 112
-13.461 -4.227 3.162 123
-13.452 -3.869 3.175 127
-13.465 -4.619 3.157 115
-13.475 -4.450 3.143 111
-13.487 -4.133 3.128 127
-13.462 -4.499 3.161 115
-13.453 -4.081 3.175 118
-13.470 -4.633 3.151 111
-13.499 -4.389 3.110 117
-13.499 -4.638 3.111 117
-13.458 -4.162 3.168 124
-13.487 -4.215 3.126 126
-13.502 -4.576 3.106 120
-13.498 -4.562 3.112 119
-13.458 -4.547 3.166 126
-13.456 -3.912 3.169 133
-13.497 -4.367 3.112 118
-13.490 -4.654 3.123 110
-13.452 -3.672 3.174 132
-13.473 -4.381 3.145 114
-13.464 -3.937 3.159 136
-13.516 -4.640 3.087 121
-13.466 -4.147 3.156 127
-13.452 -4.550 3.174 118
-13.486 -4.511 3.128 116
-13.496 -4.453 3.113 114
-13.452 -4.100 3.175 116
-13.464 -4.092 3.159 127
-13.486 -4.182 3.127 125
-13.449 -4.196 3.177 113
-13.478 -4.358 3.138 114
-13.499 -4.529 3.111 118
-13.484 -4.581 3.131 120
-13.489 -4.485 3.124 113
-13.465 -4.560 3.157 121
-13.476 -4.130 3.143 127
-13.472 -4.473 3.147 112
-13.463 -4.578 3.159 123
-13.454 -4.099 3.173 119
-13.458 -3.981 3.167 131
-13.451 -3.991 3.176 122
-13.488 -4.199 3.123 125
-13.456 -3.716 3.169 135
-13.486 -4.321 3.127 118
-13.482 -4.589 3.134 120
-13.460 -3.803 3.163 138
-13.451 -3.629 3.175 131
-13.471 -4.281 3.147 122
-13.471 -4.285 3.148 122
-13.458 -4.597 3.166 121
-13.464 -4.569 3.158 122
-13.483 -4.533 3.132 118
-13.460 -4.126 3.164 128
-13.451 -3.981 3.176 121
-13.458 -4.377 3.165 119
-13.487 -4.641 3.126 117
-13.476 -4.493 3.141 112
-13.461 -4.553 3.162 123
-13.462 -4.201 3.160 121
-13.459 -4.079 3.165 128
-13.453 -3.700 3.172 129
-13.452 -4.591 3.175 112
-13.478 -4.388 3.138 112
-13.461 -4.648 3.163 108
-13.456 -4.360 3.168 121
-13.451 -4.067 3.177 119
-13.474 -4.610 3.144 120
-13.487 -4.575 3.126 119
-13.473 -4.450 3.145 111
-13.456 -3.953 3.170 129
-13.469 -4.186 3.149 125
-13.492 -4.355 3.119 115
-13.498 -4.475 3.111 115
-13.461 -4.603 3.163 123
-13.473 -3.931 3.147 134
-13.477 -4.371 3.139 115
-13.490 -4.658 3.123 108
-13.487 -4.645 3.126 114
-13.469 -4.357 3.150 116
-13.475 -4.424 3.143 111
-13.467 -4.081 3.155 131
-13.457 -3.736 3.168 135
-13.494 -4.405 3.117 115
-13.486 -4.140 3.129 127
-13.495 -4.422 3.116 114
-13.503 -4.548 3.104 119
-13.483 -4.126 3.133 129
-13.483 -4.315 3.132 120
-13.451 -4.078 3.177 118
-13.499 -4.569 3.111 119
-13.468 -4.621 3.152 117
-13.449 -4.508 3.179 112
-13.458 -4.414 3.165 120
-13.512 -4.677 3.092 106
-13.482 -4.264 3.132 122
-13.460 -3.886 3.164 138
-13.495 -4.378 3.115 118
-13.486 -4.372 3.127 116
-13.501 -4.446 3.108 115
-13.507 -4.579 3.100 122
-13.472 -4.214 3.145 121
-13.475 -4.305 3.141 121
-13.496 -4.435 3.114 115
-13.485 -4.150 3.130 127
-13.496 -4.402 3.113 116
-13.456 -3.653 3.168 138
-13.458 -3.764 3.166 136
-13.520 -4.677 3.082 115
-13.470 -4.080 3.151 130
-13.474 -4.107 3.146 129
-13.452 -3.857 3.175 127
-13.483 -4.530 3.132 118
-13.482 -4.396 3.133 113
-13.480 -4.403 3.136 112
-13.477 -4.069 3.141 130
-13.472 -4.208 3.146 122
-13.457 -3.989 3.168 131
-13.478 -4.193 3.138 124
-13.482 -4.293 3.133 121
-13.496 -4.584 3.115 120
-13.502 -4.489 3.105 117
-13.475 -4.583 3.144 119
-13.487 -4.171 3.125 125
-13.507 -4.599 3.100 121
-13.481 -4.351 3.134 115
-13.450 -4.384 3.176 111
-13.474 -4.305 3.143 121
-13.467 -4.093 3.155 128
-13.475 -4.600 3.143 119
-13.500 -4.341 3.109 117
-13.462 -4.433 3.160 112
-13.486 -4.220 3.126 124
-13.456 -3.851 3.169 133
-13.461 -4.430 3.162 113
-13.512 -4.598 3.092 122
-13.507 -4.466 3.099 116
-13.476 -4.425 3.142 111
-13.457 -4.223 3.166 123
-13.451 -4.538 3.175 117
-13.477 -4.329 3.140 116
-13.454 -4.617 3.173 108
-13.468 -4.317 3.152 122
-13.455 -4.647 3.170 106
-13.510 -4.497 3.095 117
-13.461 -4.632 3.162 110
-13.488 -4.425 3.125 112
-13.475 -4.434 3.142 111
-13.456 -4.093 3.170 126
-13.488 -4.364 3.125 118
-13.479 -4.157 3.139 127
-13.456 -4.348 3.168 120
-13.450 -4.390 3.176 108
-13.468 -4.503 3.153 114
-13.449 -4.487 3.178 107
-13.457 -4.126 3.169 129
-13.509 -4.677 3.097 106
-13.452 -3.870 3.174 131
-13.467 -4.530 3.153 120
-13.463 -4.237 3.158 123
-13.463 -3.847 3.160 138
-13.463 -4.431 3.159 112
-13.472 -4.142 3.148 128
-13.506 -4.514 3.101 118
-13.487 -4.314 3.126 120
-13.458 -4.235 3.165 122
-13.479 -4.350 3.137 115
-13.454 -3.747 3.171 130
-13.488 -4.197 3.124 125
-13.461 -4.633 3.162 110
-13.456 -4.165 3.170 124
-13.501 -4.567 3.108 119
-13.459 -3.802 3.166 138
-13.471 -4.418 3.148 112
-13.473 -4.249 3.145 122
-13.455 -4.525 3.170 124
-13.504 -4.530 3.104 118
-13.459 -4.509 3.165 118
-13.468 -4.598 3.153 120
-13.455 -3.644 3.170 134
-13.477 -4.275 3.139 124
-13.493 -4.622 3.118 117
-13.483 -4.324 3.132 117
-13.472 -3.901 3.148 135
-13.466 -3.846 3.156 136
-13.472 -4.364 3.146 115
-13.471 -3.890 3.149 136
-13.453 -3.841 3.173 132
-13.472 -4.157 3.149 126
-13.451 -4.385 3.175 111
-13.509 -4.561 3.096 120
-13.474 -4.422 3.145 111
-13.482 -4.267 3.132 123
-13.466 -4.132 3.156 127
-13.510 -4.525 3.095 117
-13.465 -4.075 3.158 130
-13.458 -4.167 3.167 126
-13.483 -4.392 3.132 113
-13.471 -4.492 3.148 113
-13.471 -4.102 3.149 129
-13.490 -4.342 3.122 118
-13.519 -4.666 3.084 118
-13.501 -4.370 3.106 119
-13.464 -4.300 3.157 123
-13.454 -4.172 3.172 122
-13.478 -4.232 3.137 123
-13.455 -3.911 3.170 133
-13.466 -4.515 3.155 117
-13.454 -3.754 3.172 130
-13.461 -4.506 3.163 118
-13.486 -4.287 3.127 121
-13.458 -4.363 3.165 120
-13.477 -4.062 3.141 131
-13.494 -4.315 3.117 118
-13.509 -4.580 3.096 121
-13.501 -4.438 3.107 115
-13.466 -4.050 3.157 131
-13.481 -4.369 3.135 115
-13.472 -4.369 3.147 115
-13.452 -4.477 3.175 112
-13.474 -4.232 3.143 123
-13.484 -4.253 3.130 122
-13.484 -4.332 3.130 117
-13.464 -4.427 3.158 112
-13.478 -4.084 3.140 130
-13.449 -4.433 3.178 108
-13.466 -4.457 3.155 113
-13.459 -4.433 3.165 114
-13.499 -4.630 3.111 118
-13.482 -4.622 3.134 118
-13.450 -4.454 3.177 106
-13.451 -3.951 3.176 119
-13.474 -4.169 3.144 126
-13.466 -4.564 3.155 123
-13.493 -4.467 3.118 115
-13.490 -4.348 3.121 117
-13.454 -3.690 3.171 133
-13.481 -4.399 3.134 113
-13.487 -4.487 3.127 113
-13.482 -4.083 3.134 130
-13.516 -4.659 3.087 118
-13.449 -4.562 3.179 109
-13.461 -4.451 3.161 113
-13.466 -3.800 3.155 134
-13.476 -4.294 3.140 121
-13.499 -4.591 3.110 121
-13.472 -4.630 3.148 113
-13.494 -4.315 3.116 118
-13.477 -4.269 3.139 122
-13.494 -4.605 3.117 119
-13.452 -4.010 3.175 126
-13.463 -4.051 3.161 131
-13.497 -4.475 3.113 114
-13.505 -4.485 3.102 117
-13.493 -4.288 3.118 121
-13.466 -3.921 3.155 134
-13.470 -3.920 3.150 134
-13.488 -4.439 3.125 113
-13.479 -4.002 3.138 132
-13.509 -4.626 3.097 120
-13.477 -4.294 3.139 121
-13.474 -4.031 3.145 132
-13.455 -4.059 3.171 126
-13.464 -4.338 3.157 119
-13.456 -4.117 3.170 128
-13.481 -4.275 3.133 123
-13.515 -4.618 3.089 122
-13.475 -4.601 3.143 119
-13.501 -4.478 3.107 116
-13.474 -4.410 3.144 109
-13.506 -4.501 3.101 118
-13.471 -4.306 3.148 122
-13.477 -4.019 3.141 132
-13.460 -4.164 3.165 124
-13.449 -3.799 3.178 124
-13.477 -4.456 3.140 112
-13.466 -4.309 3.154 122
-13.480 -4.558 3.137 120
-13.470 -4.164 3.151 126
-13.448 -4.630 3.180 95
-13.491 -4.654 3.121 112
-13.469 -4.027 3.152 134
-13.492 -4.568 3.120 119
-13.466 -4.452 3.155 113
-13.476 -4.202 3.141 124
-13.463 -4.322 3.158 120
-13.456 -4.136 3.170 125
-13.458 -3.935 3.167 136
-13.471 -4.265 3.148 121
-13.456 -4.325 3.168 122
-13.474 -4.189 3.143 124
-13.456 -4.608 3.170 116
-13.467 -3.936 3.154 136
-13.473 -4.531 3.146 119
-13.458 -3.774 3.166 134
-13.461 -4.370 3.161 117
-13.476 -4.517 3.141 117
-13.505 -4.662 3.102 115
-13.463 -4.446 3.160 113
-13.462 -4.203 3.159 121
-13.457 -4.195 3.166 123
-13.470 -4.183 3.148 126
-13.465 -3.926 3.158 134
-13.450 -4.094 3.178 121
-13.452 -3.626 3.173 131
-13.464 -4.227 3.157 123
-13.448 -4.194 3.179 117
-13.454 -4.116 3.173 118
-13.515 -4.604 3.089 122
-13.471 -4.102 3.150 130
-13.459 -4.589 3.165 122
-13.477 -4.347 3.140 115
-13.465 -4.062 3.158 131
-13.462 -4.310 3.160 121
-13.464 -3.920 3.158 136
-13.471 -3.927 3.149 134
-13.468 -3.836 3.153 136
-13.520 -4.687 3.082 98
-13.469 -4.364 3.150 116
-13.519 -4.683 3.084 104
-13.453 -3.680 3.172 132
-13.458 -4.242 3.166 122
-13.460 -4.479 3.163 113
-13.484 -4.458 3.131 113
-13.463 -4.652 3.160 107
-13.462 -4.334 3.159 120
-13.452 -4.124 3.175 116
-13.450 -3.806 3.177 124
-13.462 -4.571 3.160 122
-13.454 -3.824 3.172 130
-13.488 -4.213 3.124 126
-13.477 -4.451 3.139 113
-13.489 -4.303 3.124 121
-13.471 -3.937 3.148 133
-13.451 -3.981 3.177 121
-13.497 -4.334 3.113 117
-13.457 -4.343 3.167 119
-13.484 -4.252 3.130 124
-13.462 -3.878 3.161 137
-13.459 -4.215 3.163 123
-13.475 -4.149 3.145 128
-13.456 -4.044 3.169 132
-13.474 -4.334 3.143 116
-13.503 -4.517 3.105 116
-13.451 -4.357 3.176 111
-13.474 -4.487 3.144 113
-13.492 -4.524 3.120 116
-13.488 -4.135 3.127 128
-13.454 -3.694 3.172 133
-13.464 -4.495 3.158 113
-13.465 -4.006 3.158 134
-13.510 -4.644 3.096 118
-13.482 -4.123 3.135 128
-13.491 -4.433 3.121 114
-13.464 -4.108 3.160 127
-13.480 -4.137 3.138 128
-13.462 -4.128 3.162 126
-13.482 -4.512 3.133 115
-13.474 -4.226 3.143 123
-13.485 -4.367 3.129 116
-13.472 -4.175 3.146 126
-13.460 -4.372 3.163 120
-13.457 -4.415 3.167 119
-13.494 -4.369 3.116 118
-13.493 -4.437 3.118 114
-13.452 -4.516 3.175 115
-13.469 -4.257 3.150 120
-13.456 -4.645 3.169 106
-13.463 -4.362 3.158 117
-13.495 -4.301 3.115 120
-13.482 -4.121 3.135 128
-13.450 -3.739 3.177 127
-13.459 -4.328 3.164 121
-13.462 -3.829 3.160 138
-13.498 -4.366 3.111 118
-13.481 -4.222 3.133 124
-13.483 -4.526 3.132 117
-13.478 -4.499 3.139 113
-13.447 -4.257 3.180 116
-13.456 -3.963 3.170 128
-13.451 -4.580 3.176 110
-13.452 -3.743 3.175 126
-13.482 -4.612 3.134 119
-13.455 -3.755 3.170 131
-13.482 -4.063 3.135 130
-13.453 -3.899 3.173 124
-13.451 -4.270 3.174 116
-13.467 -4.476 3.153 114
-13.484 -4.491 3.130 112
-13.458 -4.495 3.166 113
-13.503 -4.553 3.104 118
-13.493 -4.303 3.117 120
-13.498 -4.451 3.111 114
-13.462 -4.439 3.161 113
-13.453 -4.029 3.174 118
-13.478 -4.596 3.138 118
-13.465 -3.980 3.157 136
-13.455 -4.029 3.171 125
-13.462 -4.364 3.160 118
-13.461 -4.440 3.161 113
-13.459 -3.912 3.166 136
-13.449 -4.196 3.178 113
-13.461 -4.244 3.161 123
-13.456 -4.145 3.170 121
-13.483 -4.590 3.132 120
-13.454 -4.410 3.171 119
-13.458 -3.904 3.167 134
-13.460 -4.263 3.162 123
-13.489 -4.562 3.125 120
-13.485 -4.645 3.130 112
-13.459 -4.472 3.165 114
-13.458 -3.681 3.166 139
-13.468 -4.112 3.153 129
-13.455 -4.452 3.170 113
-13.485 -4.545 3.130 118
-13.455 -4.406 3.170 119
-13.501 -4.386 3.106 118
-13.456 -3.751 3.168 133
-13.453 -4.205 3.172 121
-13.463 -3.800 3.160 136
-13.450 -4.482 3.177 107
-13.481 -4.266 3.134 123
-13.449 -4.191 3.177 114
-13.455 -3.628 3.170 135
-13.452 -3.811 3.174 126
-13.465 -4.367 3.156 117
-13.503 -4.456 3.104 116
-13.501 -4.598 3.108 121
-13.475 -4.634 3.144 114
-13.451 -4.505 3.176 112
-13.496 -4.540 3.115 119
-13.516 -4.675 3.087 115
-13.460 -4.348 3.162 118
-13.484 -4.159 3.133 127
-13.498 -4.383 3.110 117
-13.481 -4.490 3.134 113
-13.472 -4.615 3.147 117
-13.467 -3.942 3.154 136
-13.485 -4.386 3.128 115
-13.451 -4.319 3.175 113
-13.509 -4.531 3.096 118
-13.473 -4.625 3.145 114
-13.469 -4.197 3.150 124
-13.460 -3.945 3.163 134
-13.474 -4.513 3.144 116
-13.452 -4.439 3.174 110
-13.462 -4.573 3.161 122
-13.466 -4.507 3.155 115
-13.447 -4.594 3.181 103
-13.450 -3.739 3.178 127
-13.479 -4.474 3.137 112
-13.455 -3.719 3.170 135
-13.462 -4.069 3.162 129
-13.472 -3.917 3.148 134
-13.494 -4.663 3.117 108
-13.461 -4.059 3.164 130
-13.458 -3.951 3.166 131
-13.451 -3.941 3.177 120
-13.465 -4.346 3.156 119
-13.450 -4.236 3.176 113
-13.454 -4.345 3.171 118
-13.499 -4.648 3.110 116
-13.515 -4.652 3.089 117
-13.461 -4.416 3.162 117
-13.507 -4.539 3.099 119
-13.487 -4.668 3.126 105
-13.505 -4.670 3.102 110
-13.452 -4.603 3.174 111
-13.503 -4.444 3.104 115
-13.500 -4.515 3.109 116
-13.464 -3.770 3.158 136
-13.467 -4.049 3.155 133
-13.473 -4.427 3.146 111
-13.476 -4.186 3.141 124
-13.514 -4.643 3.090 119
-13.490 -4.345 3.121 117
-13.465 -4.432 3.156 112
-13.469 -3.851 3.151 135
-13.474 -4.211 3.143 123
-13.467 -4.518 3.154 118
-13.497 -4.566 3.113 118
-13.497 -4.576 3.113 119
-13.468 -4.614 3.152 119
-13.473 -4.525 3.146 117
-13.468 -3.981 3.153 134
-13.469 -4.495 3.150 113
-13.489 -4.259 3.123 122
-13.478 -4.296 3.138 121
-13.456 -4.244 3.168 122
-13.467 -4.111 3.156 128
-13.451 -3.927 3.176 120
-13.476 -3.994 3.143 133
-13.464 -4.322 3.157 120
-13.496 -4.340 3.113 117
-13.484 -4.482 3.131 113
-13.475 -4.047 3.144 129
-13.485 -4.403 3.128 114
-13.457 -3.855 3.168 138
-13.463 -4.144 3.161 126
-13.469 -4.179 3.150 126
-13.473 -4.619 3.146 116
-13.508 -4.520 3.097 118
-13.447 -4.548 3.181 112
-13.460 -3.998 3.164 133
-13.497 -4.361 3.112 116
-13.468 -4.306 3.151 121
-13.456 -4.257 3.167 123
-13.483 -4.143 3.134 128
-13.477 -4.619 3.140 116
-13.483 -4.097 3.133 129
-13.468 -4.007 3.153 132
-13.487 -4.664 3.126 105
-13.471 -4.229 3.147 123
-13.467 -3.936 3.155 136
-13.489 -4.526 3.124 118
-13.481 -4.453 3.135 113
-13.461 -3.743 3.162 136
-13.467 -4.372 3.154 116
-13.453 -4.638 3.173 104
-13.473 -4.455 3.145 112
-13.471 -4.100 3.150 129
-13.463 -4.592 3.160 120
-13.454 -3.937 3.172 123
-13.479 -4.516 3.138 115
-13.487 -4.376 3.126 116
-13.458 -4.189 3.164 123
-13.496 -4.387 3.114 116
-13.503 -4.444 3.105 115
-13.455 -3.727 3.171 132
-13.460 -4.242 3.163 123
-13.487 -4.429 3.126 112
-13.506 -4.549 3.100 120
-13.467 -4.543 3.154 122
-13.461 -4.470 3.162 113
-13.501 -4.558 3.107 120
-13.453 -4.516 3.173 115
-13.461 -3.902 3.162 135
-13.461 -4.609 3.162 119
-13.469 -4.313 3.150 121
-13.498 -4.456 3.111 114
-13.460 -4.634 3.163 110
-13.492 -4.551 3.120 120
-13.499 -4.581 3.111 121
-13.462 -4.622 3.161 115
-13.450 -3.869 3.177 128
-13.475 -3.990 3.143 133
-13.466 -4.434 3.155 113
-13.501 -4.487 3.108 115
-13.505 -4.589 3.103 122
-13.478 -4.448 3.139 113
-13.451 -4.451 3.175 108
-13.456 -4.127 3.170 125
-13.458 -4.040 3.167 133
-13.482 -4.072 3.135 129
-13.458 -3.934 3.167 136
-13.462 -3.866 3.162 137
-13.466 -4.295 3.154 122
-13.487 -4.534 3.126 119
-13.479 -4.352 3.137 115
-13.474 -3.924 3.145 134
-13.465 -4.033 3.157 133
-13.460 -4.281 3.163 122
-13.454 -4.511 3.172 119
-13.465 -4.571 3.157 122
-13.514 -4.685 3.090 96
-13.461 -3.796 3.162 135
-13.458 -4.643 3.166 108
-13.454 -4.613 3.173 108
-13.479 -4.347 3.137 115
-13.460 -4.452 3.163 113
-13.477 -4.457 3.139 112
-13.503 -4.580 3.105 122
-13.449 -3.956 3.179 124
-13.471 -4.154 3.150 127
-13.454 -3.957 3.173 121
-13.458 -4.042 3.167 134
-13.450 -3.681 3.176 131
-13.462 -3.931 3.161 135
-13.471 -3.937 3.149 133
-13.454 -3.745 3.172 130
-13.495 -4.414 3.116 114
-13.480 -4.500 3.136 112
-13.451 -4.474 3.176 111
-13.460 -4.499 3.164 116
-13.449 -4.564 3.178 106
-13.480 -4.572 3.137 120
-13.449 -4.171 3.177 114
-13.461 -4.366 3.162 119
-13.463 -3.940 3.161 136
-13.504 -4.414 3.103 117
-13.474 -4.433 3.144 111
-13.493 -4.611 3.119 118
-13.455 -4.470 3.170 112
-13.470 -4.391 3.150 114
-13.516 -4.649 3.087 117
-13.486 -4.464 3.128 112
-13.450 -3.892 3.178 126
-13.451 -4.236 3.174 116
-13.450 -4.460 3.177 107
-13.460 -4.294 3.163 123
-13.482 -4.505 3.133 114
-13.457 -4.278 3.166 124
-13.483 -4.662 3.132 104
-13.464 -4.022 3.159 133
-13.455 -4.159 3.171 121
-13.479 -4.104 3.138 129
-13.461 -4.572 3.162 122
-13.473 -4.133 3.147 128
-13.499 -4.619 3.111 119
-13.472 -4.178 3.145 126
-13.462 -4.287 3.160 122
-13.482 -4.282 3.132 123
-13.481 -4.163 3.137 127
-13.491 -4.327 3.121 118
-13.459 -4.407 3.165 118
-13.495 -4.334 3.115 117
-13.474 -4.211 3.143 123
-13.490 -4.226 3.121 125
-13.488 -4.144 3.127 127
-13.501 -4.572 3.107 119
-13.488 -4.249 3.124 122
-13.499 -4.604 3.111 120
-13.484 -4.661 3.131 104
-13.462 -3.963 3.162 132
-13.491 -4.503 3.121 114
-13.482 -4.494 3.133 113
-13.498 -4.353 3.111 116
-13.486 -4.356 3.127 116
-13.482 -4.277 3.133 123
-13.496 -4.286 3.114 121
-13.500 -4.463 3.109 115
-13.460 -4.645 3.164 107
-13.483 -4.515 3.132 115
-13.510 -4.585 3.095 121
-13.470 -3.877 3.150 135
-13.520 -4.672 3.082 119
-13.455 -3.692 3.170 137
-13.457 -4.466 3.167 113
-13.492 -4.433 3.120 114
-13.467 -4.100 3.156 128
-13.482 -4.059 3.135 130
-13.449 -4.158 3.179 119
-13.459 -3.834 3.165 138
-13.457 -3.781 3.168 135
-13.503 -4.598 3.105 121
-13.482 -4.528 3.133 117
-13.451 -4.261 3.175 114
-13.469 -4.078 3.153 131
-13.473 -4.270 3.145 122
-13.456 -4.307 3.168 121
-13.463 -3.875 3.159 137
-13.464 -4.409 3.157 115
-13.458 -3.883 3.166 136
-13.491 -4.572 3.121 120
-13.495 -4.289 3.115 121
-13.483 -4.352 3.131 116
-13.498 -4.493 3.112 114
-13.451 -4.489 3.175 108
-13.467 -3.820 3.155 136
-13.496 -4.498 3.114 114
-13.457 -4.186 3.166 124
-13.449 -4.316 3.178 117
-13.461 -3.715 3.162 136
-13.452 -4.607 3.174 108
-13.476 -4.003 3.143 133
-13.490 -4.513 3.122 116
-13.476 -4.433 3.141 111
-13.484 -4.438 3.130 112
-13.488 -4.272 3.124 122
-13.451 -3.999 3.176 124
-13.455 -3.860 3.171 131
-13.474 -4.264 3.144 122
-13.460 -4.565 3.163 122
-13.485 -4.586 3.130 120
-13.505 -4.434 3.101 116
-13.461 -3.969 3.163 133
-13.465 -3.867 3.157 135
-13.486 -4.633 3.128 116
-13.483 -4.361 3.131 115
-13.466 -4.499 3.155 114
-13.503 -4.424 3.105 116
-13.458 -4.234 3.165 123
-13.448 -4.213 3.179 116
-13.481 -4.657 3.135 106
-13.461 -3.828 3.162 140
-13.493 -4.303 3.117 120
-13.464 -3.524 3.089 150
-13.381 -3.498 3.089 155
-13.484 -3.533 3.101 175
-13.487 -3.538 3.118 135
-13.457 -3.539 3.164 149
-13.470 -3.536 3.132 150
-13.444 -3.517 3.084 107
-13.433 -3.523 3.125 166
-13.414 -3.521 3.143 165
-13.445 -3.518 3.087 160
-13.386 -3.508 3.123 158
-13.525 -3.545 3.095 141
-13.336 -3.485 3.092 153
-13.451 -3.531 3.136 162
-13.530 -3.545 3.090 140
-13.486 -3.544 3.145 140
-13.533 -3.551 3.112 142
-13.403 -3.516 3.137 175
-13.476 -3.532 3.107 174
-13.487 -3.538 3.117 135
-13.512 -3.541 3.098 138
-13.481 -3.529 3.085 143
-13.410 -3.516 3.127 171
-13.407 -3.512 3.114 128
-13.501 -3.541 3.113 140
-13.412 -3.508 3.092 106
-13.514 -3.542 3.099 137
-13.466 -3.534 3.130 161
-13.534 -3.546 3.089 139
-13.418 -3.516 3.117 171
-13.440 -3.527 3.134 170
-13.380 -3.502 3.108 139
-13.575 -3.558 3.083 154
-13.437 -3.515 3.086 114
-13.553 -3.554 3.098 147
-13.368 -3.496 3.100 145
-13.519 -3.547 3.114 142
-13.389 -3.511 3.133 173
-13.428 -3.520 3.118 172
-13.517 -3.547 3.118 145
-13.458 -3.526 3.104 176
-13.445 -3.531 3.143 164
-13.450 -3.525 3.114 171
-13.443 -3.534 3.159 160
-13.327 -3.481 3.088 155
-13.461 -3.533 3.130 164
-13.362 -3.496 3.103 139
-13.505 -3.538 3.093 166
-13.479 -3.530 3.094 173
-13.541 -3.551 3.099 143
-13.445 -3.527 3.126 165
-13.445 -3.521 3.101 148
-13.431 -3.525 3.136 168
-13.426 -3.520 3.121 171
-13.520 -3.546 3.107 142
-13.527 -3.551 3.119 144
-13.481 -3.529 3.088 143
-13.409 -3.518 3.134 169
-13.450 -3.537 3.162 159
-13.553 -3.553 3.092 149
-13.492 -3.536 3.101 175
-13.563 -3.554 3.083 140
-13.496 -3.535 3.093 176
-13.551 -3.553 3.095 139
-13.480 -3.539 3.132 140
-13.476 -3.539 3.135 138
-13.432 -3.522 3.121 168
-13.378 -3.502 3.111 139
-13.428 -3.522 3.131 172
-13.360 -3.493 3.095 152
-13.328 -3.480 3.083 154
-13.495 -3.534 3.090 177
-13.385 -3.501 3.094 141
-13.418 -3.522 3.144 167
-13.465 -3.530 3.113 172
-13.418 -3.521 3.138 168
-13.474 -3.538 3.135 135
-13.376 -3.501 3.107 101
-13.454 -3.527 3.115 170
-13.412 -3.513 3.110 141
-13.442 -3.525 3.124 168
-13.446 -3.533 3.151 165
-13.434 -3.515 3.088 139
-13.473 -3.530 3.101 175
-13.368 -3.500 3.114 128
-13.448 -3.521 3.095 143
-13.512 -3.540 3.091 145
-13.490 -3.545 3.146 147
-13.398 -3.505 3.098 105
-13.384 -3.500 3.095 141
-13.522 -3.547 3.107 144
-13.387 -3.507 3.121 145
-13.447 -3.525 3.115 168
-13.481 -3.535 3.112 165
-13.415 -3.517 3.123 170
-13.376 -3.495 3.085 150
-13.419 -3.513 3.101 173
-13.477 -3.528 3.090 149
-13.457 -3.524 3.099 163
-13.452 -3.524 3.103 171
-13.472 -3.539 3.143 143
-13.468 -3.542 3.162 138
-13.441 -3.521 3.108 174
-13.397 -3.507 3.106 174
-13.462 -3.527 3.104 172
-13.560 -3.555 3.090 139
-13.372 -3.500 3.111 122
-13.387 -3.503 3.102 104
-13.530 -3.549 3.107 145
-13.447 -3.526 3.122 166
-13.479 -3.528 3.085 148
-13.473 -3.539 3.140 143
-13.343 -3.486 3.087 156
-13.424 -3.517 3.111 157
-13.453 -3.522 3.096 145
-13.486 -3.540 3.125 137
-13.469 -3.527 3.093 152
-13.439 -3.530 3.149 165
-13.408 -3.509 3.098 124
-13.367 -3.493 3.084 153
-13.371 -3.494 3.083 150
-13.366 -3.496 3.101 145
-13.509 -3.537 3.082 172
-13.441 -3.517 3.089 159
-13.454 -3.525 3.103 176
-13.513 -3.543 3.106 143
-13.521 -3.543 3.091 143
-13.525 -3.542 3.082 141
-13.509 -3.540 3.098 140
-13.445 -3.532 3.148 165
-13.498 -3.537 3.097 164
-13.432 -3.531 3.163 161
-13.443 -4.654 3.104 109
-13.417 -4.642 3.109 115
-13.448 -4.645 3.174 128
-13.429 -4.642 3.141 93
-13.407 -4.634 3.133 110
-13.446 -4.650 3.136 87
-13.354 -4.616 3.106 124
-13.383 -4.625 3.127 116
-13.456 -4.660 3.097 107
-13.445 -4.652 3.118 107
-13.413 -4.635 3.146 107
-13.438 -4.652 3.101 112
-13.500 -4.678 3.100 88
-13.489 -4.670 3.122 88
-13.416 -4.641 3.110 114
-13.445 -4.644 3.177 129
-13.481 -4.666 3.130 87
-13.455 -4.655 3.130 88
-13.374 -4.623 3.115 122
-13.348 -4.615 3.093 125
-13.517 -4.688 3.082 86
-13.437 -4.641 3.172 89
-13.457 -4.654 3.144 86
-13.368 -4.620 3.118 123
-13.445 -4.646 3.159 96
-13.416 -4.641 3.110 114
-13.432 -4.642 3.150 91
-13.424 -4.646 3.103 114
-13.441 -4.649 3.131 99
-13.505 -4.681 3.096 81
-13.392 -4.631 3.114 116
-13.435 -4.643 3.148 89
-13.377 -4.623 3.121 120
-13.440 -4.647 3.137 88
-13.332 -4.610 3.087 126
-13.445 -4.657 3.087 108
-13.388 -4.629 3.117 118
-13.396 -4.628 3.142 110
-13.451 -4.659 3.091 107
-13.350 -4.615 3.099 124
-13.358 -4.617 3.108 123
-13.434 -4.640 3.166 96
-13.368 -4.621 3.112 124
-13.414 -4.639 3.119 110
-13.423 -4.647 3.094 116
-13.383 -4.627 3.112 120
-13.384 -4.625 3.130 115
-13.501 -4.679 3.100 86
-13.448 -4.657 3.095 108
-13.431 -4.647 3.114 107
-13.420 -4.645 3.098 114
-13.377 -4.623 3.125 120
-13.506 -4.682 3.089 74
-13.419 -4.644 3.099 114
-13.503 -4.680 3.092 81
-13.431 -4.643 3.144 91
-13.418 -4.641 3.120 111
-13.326 -4.607 3.085 129
-13.413 -4.638 3.121 110
-13.491 -4.673 3.109 86
-13.438 -4.641 3.171 89
-13.438 -4.642 3.168 96
-13.430 -4.647 3.109 109
-13.476 -4.662 3.139 89
-13.470 -4.666 3.097 102
-13.478 -4.667 3.113 86
-13.428 -4.643 3.131 109
-13.464 -4.654 3.158 102
-13.448 -4.646 3.165 94
-13.376 -4.624 3.115 121
-13.407 -4.632 3.151 105
-13.432 -4.643 3.143 91
-13.415 -4.641 3.109 115
-13.376 -4.627 3.093 124
-13.444 -4.650 3.131 87
-13.429 -4.647 3.113 108
-13.486 -4.669 3.123 90
-13.370 -4.625 3.091 125
-13.354 -4.618 3.090 127
-13.363 -4.619 3.108 124
-13.437 -4.650 3.108 110
-13.458 -4.655 3.139 88
-13.399 -4.631 3.133 111
-13.407 -4.642 3.081 121
-13.418 -4.640 3.122 110
-13.451 -4.659 3.089 106
-13.453 -4.658 3.100 108
-13.499 -4.678 3.098 78
-13.492 -4.675 3.098 80
-13.464 -4.659 3.124 88
-13.453 -4.650 3.156 94
-13.407 -4.632 3.147 109
-13.468 -4.658 3.142 89
-13.491 -4.671 3.122 86
-13.435 -4.643 3.156 88
-13.483 -4.672 3.094 93
-13.463 -4.660 3.114 88
-13.439 -4.643 3.166 97
-13.439 -4.642 3.168 91
-13.320 -4.605 3.083 132
-13.396 -4.634 3.103 118
-13.360 -4.618 3.111 124
-13.431 -4.642 3.150 91
-13.381 -4.626 3.112 121
-13.381 -4.628 3.097 125
-13.414 -4.635 3.148 98
-13.430 -4.651 3.087 113
-13.439 -4.644 3.157 89
-13.448 -4.652 3.128 87
-13.439 -4.642 3.168 96
-13.411 -4.638 3.114 114
-13.510 -4.684 3.087 88
-13.476 -4.666 3.112 85
-13.410 -4.634 3.142 109
-13.440 -4.651 3.115 108
