-15.453 -4.818 0.461 29
-15.327 -4.531 0.452 41
-15.433 -4.775 0.459 36
-15.380 -4.648 0.458 72
-15.392 -4.675 0.459 74
-15.340 -4.578 0.444 32
-15.378 -4.651 0.454 71
-15.351 -4.622 0.436 47
-15.396 -4.691 0.456 70
-15.325 -4.527 0.451 44
-15.442 -4.791 0.462 24
-15.441 -4.791 0.461 24
-15.387 -4.686 0.448 71
-15.442 -4.798 0.459 28
-15.327 -4.530 0.452 41
-15.371 -4.655 0.444 58
-15.411 -4.722 0.458 41
-15.365 -4.644 0.442 48
-15.353 -4.605 0.447 50
-15.370 -4.622 0.458 65
-15.340 -4.582 0.443 31
-15.331 -4.534 0.455 34
-15.421 -4.751 0.457 41
-15.332 -4.580 0.434 8
-15.376 -4.646 0.454 62
-15.355 -4.604 0.450 58
-15.427 -4.766 0.457 34
-15.389 -4.683 0.451 75
-15.340 -4.564 0.452 46
-15.332 -4.545 0.450 32
-15.441 -4.795 0.459 25
-15.406 -4.720 0.454 89
-15.340 -4.571 0.448 32
-15.320 -4.531 0.444 11
-15.355 -4.617 0.443 52
-15.338 -4.597 0.434 26
-15.401 -4.703 0.456 89
-15.387 -4.675 0.453 78
-15.327 -4.537 0.448 37
-15.364 -4.640 0.443 40
-15.405 -4.726 0.450 45
-15.333 -4.587 0.432 6
-15.451 -4.813 0.461 35
-15.419 -4.755 0.452 58
-15.397 -4.705 0.451 82
-15.386 -4.686 0.447 71
-15.373 -4.653 0.448 60
-15.372 -4.635 0.455 42
-15.332 -4.577 0.437 11
-15.343 -4.587 0.444 33
-15.354 -4.594 0.453 54
-15.339 -4.580 0.442 29
-15.359 -4.617 0.448 61
-15.418 -4.752 0.453 57
-15.373 -4.636 0.455 42
-15.346 -4.610 0.437 49
-15.367 -4.659 0.438 56
-15.319 -4.528 0.444 12
-15.412 -4.721 0.460 39
-15.418 -4.735 0.461 44
-15.357 -4.616 0.446 55
-15.335 -4.591 0.433 16
-15.373 -4.661 0.443 65
-15.361 -4.615 0.452 58
-15.359 -4.599 0.456 61
-15.368 -4.620 0.457 75
-15.378 -4.652 0.453 74
-15.338 -4.595 0.435 26
-15.361 -4.637 0.440 39
-15.420 -4.747 0.458 46
-15.343 -4.592 0.441 39
-15.436 -4.777 0.462 32
-15.430 -4.771 0.457 33
-15.351 -4.633 0.432 32
-15.381 -4.706 0.435 63
-15.452 -4.821 0.459 10
-15.388 -4.733 0.432 25
-15.389 -4.710 0.441 62
-15.358 -4.668 0.427 72
-15.369 -4.693 0.428 59
-15.417 -4.773 0.444 51
-15.400 -4.770 0.430 25
-15.373 -4.685 0.434 60
-15.434 -4.802 0.450 51
-15.344 -4.617 0.431 27
-15.390 -4.748 0.429 18
-15.405 -4.776 0.433 24
-15.380 -4.723 0.428 54
-15.361 -4.664 0.430 59
-15.360 -4.679 0.425 63
-15.378 -4.689 0.438 64
-15.376 -4.679 0.440 65
-15.405 -4.776 0.433 24
-15.392 -4.726 0.438 28
-15.388 -4.736 0.431 21
-15.427 -4.803 0.443 47
-15.409 -4.746 0.446 39
-15.363 -4.692 0.423 69
-15.407 -4.743 0.445 29
-15.357 -4.651 0.432 68
-15.425 -4.803 0.442 45
-15.441 -4.807 0.455 28
-15.374 -4.740 0.417 51
-15.411 -4.775 0.438 34
-15.385 -4.719 0.434 62
-15.439 -4.817 0.450 54
-15.359 -4.646 0.435 50
-15.367 -4.723 0.417 62
-15.400 -4.759 0.434 30
-15.364 -4.703 0.420 68
-15.349 -4.646 0.426 18
-15.367 -4.679 0.431 61
-15.392 -4.763 0.426 11
-15.433 -4.805 0.449 54
-15.438 -4.792 0.457 32
-15.369 -4.692 0.428 61
-15.425 -4.774 0.452 38
-15.379 -4.689 0.439 65
-15.453 -4.821 0.461 10
-15.402 -4.753 0.438 15
-15.340 -4.614 0.428 7
-15.374 -4.688 0.435 61
-15.440 -4.797 0.457 30
-15.357 -4.651 0.432 65
-15.373 -4.709 0.427 59
-15.353 -4.670 0.422 53
-15.345 -4.619 0.431 49
-15.462 -4.837 0.463 10
-15.389 -4.733 0.433 25
-15.378 -4.712 0.430 63
-15.399 -4.757 0.434 33
-15.375 -4.724 0.424 60
-15.377 -4.683 0.438 66
-15.359 -4.647 0.434 50
-15.424 -4.791 0.445 63
-15.385 -4.694 0.442 67
-15.399 -4.747 0.437 22
-15.338 -4.610 0.428 7
-15.370 -4.683 0.432 67
-15.426 -4.773 0.453 39
-15.369 -4.710 0.423 57
-15.383 -4.722 0.431 68
-15.429 -4.796 0.447 57
-15.416 -4.782 0.440 50
-15.400 -4.755 0.435 23
-15.429 -4.874 0.697 45
-15.437 -4.862 0.655 23
-15.438 -4.884 0.729 38
-15.357 -4.849 0.622 38
-15.427 -4.875 0.698 41
-15.417 -4.874 0.697 35
-15.445 -4.853 0.624 29
-15.431 -4.862 0.656 26
-15.443 -4.886 0.733 39
-15.435 -4.887 0.738 44
-15.433 -4.879 0.712 37
-15.393 -4.850 0.620 30
-15.413 -4.854 0.630 43
-15.431 -4.870 0.683 37
-15.439 -4.866 0.668 29
-15.409 -4.856 0.638 36
-15.433 -4.861 0.653 28
-15.403 -4.859 0.649 32
-15.420 -4.872 0.689 43
-15.452 -4.868 0.672 49
-15.418 -4.862 0.658 41
-15.437 -4.858 0.640 31
-15.423 -4.882 0.723 37
-15.453 -4.860 0.646 45
-15.348 -4.856 0.644 45
-15.404 -4.871 0.687 35
-15.412 -4.863 0.662 25
-15.392 -4.869 0.684 45
-15.451 -4.864 0.659 31
-15.409 -4.853 0.628 41
-15.359 -4.849 0.619 40
-15.413 -4.876 0.704 38
-15.442 -4.872 0.687 26
-15.439 -4.884 0.728 38
-15.384 -4.859 0.652 49
-15.454 -4.862 0.653 41
-15.401 -4.857 0.643 39
-15.396 -4.850 0.619 31
-15.337 -4.847 0.618 31
-15.379 -4.866 0.674 49
-15.398 -4.870 0.686 35
-15.345 -4.849 0.621 42
-15.432 -4.887 0.739 41
-15.407 -4.868 0.677 31
-15.346 -4.846 0.612 28
-15.350 -4.856 0.646 42
-15.423 -4.855 0.631 38
-15.415 -4.876 0.705 38
-15.373 -4.862 0.662 49
-15.355 -4.857 0.647 40
-15.391 -4.863 0.665 48
-15.341 -4.852 0.631 48
-15.435 -4.866 0.669 35
-15.399 -4.853 0.629 42
-15.416 -4.866 0.669 43
-15.396 -4.849 0.618 28
-15.452 -4.867 0.670 47
-15.317 -4.842 0.603 61
-15.402 -4.849 0.616 29
-15.396 -4.863 0.662 42
-15.370 -4.849 0.619 36
-15.415 -4.861 0.652 43
-15.433 -4.856 0.636 36
-15.426 -4.873 0.694 36
-15.392 -4.852 0.628 42
-15.455 -4.856 0.632 38
-15.403 -4.870 0.685 37
-15.409 -4.861 0.654 37
-15.421 -4.872 0.689 40
-15.448 -4.870 0.681 36
-15.438 -4.865 0.665 32
-15.407 -4.854 0.633 38
-15.449 -4.867 0.671 49
-15.395 -4.862 0.661 40
-15.425 -4.871 0.686 39
-15.408 -4.869 0.682 45
-15.381 -4.859 0.650 49
-15.433 -4.885 0.732 40
-15.450 -4.864 0.659 31
-15.446 -4.867 0.671 37
-15.404 -4.871 0.689 30
-15.341 -4.853 0.637 48
-15.328 -4.847 0.616 31
-15.405 -4.876 0.706 37
-15.389 -4.851 0.624 41
-15.452 -4.853 0.623 28
-15.452 -4.868 0.673 49
-15.354 -4.849 0.621 38
-15.420 -4.869 0.680 39
-15.403 -4.876 0.707 39
-15.448 -4.873 0.691 40
-15.325 -4.843 0.604 30
-15.333 -4.846 0.615 27
-15.409 -4.852 0.623 31
-15.441 -4.875 0.696 28
-15.411 -4.867 0.674 35
-15.353 -4.853 0.635 45
-15.435 -4.886 0.736 39
-15.383 -4.856 0.641 47
-15.403 -4.873 0.696 33
-15.395 -4.861 0.657 43
-15.423 -4.884 0.729 42
-15.421 -4.867 0.674 40
-15.412 -4.851 0.622 31
-15.359 -4.889 0.580 79
-15.358 -4.894 0.600 94
-15.365 -4.907 0.623 102
-15.398 -4.956 0.675 130
-15.394 -4.932 0.599 88
-15.333 -4.863 0.583 13
-15.380 -4.906 0.558 83
-15.368 -4.895 0.564 70
-15.373 -4.921 0.640 88
-15.385 -4.927 0.614 107
-15.387 -4.915 0.562 91
-15.340 -4.877 0.606 31
-15.320 -4.851 0.593 33
-15.360 -4.906 0.635 98
-15.405 -4.946 0.606 114
-15.397 -4.930 0.580 83
-15.394 -4.946 0.653 117
-15.355 -4.886 0.581 67
-15.408 -4.952 0.616 116
-15.402 -4.948 0.629 114
-15.410 -4.974 0.689 128
-15.394 -4.916 0.540 88
-15.326 -4.858 0.594 18
-15.321 -4.852 0.591 33
-15.394 -4.944 0.644 113
-15.364 -4.891 0.567 67
-15.402 -4.933 0.571 86
-15.362 -4.908 0.636 99
-15.394 -4.939 0.625 113
-15.388 -4.925 0.600 93
-15.412 -4.963 0.642 112
-15.336 -4.874 0.611 28
-15.382 -4.928 0.632 105
-15.399 -4.956 0.669 136
-15.379 -4.911 0.582 93
-15.393 -4.932 0.600 88
-15.388 -4.917 0.565 93
-15.404 -4.927 0.540 88
-15.401 -4.947 0.626 116
-15.327 -4.859 0.592 12
-15.415 -4.959 0.617 110
-15.409 -4.942 0.574 80
-15.399 -4.950 0.644 112
-15.417 -4.958 0.605 112
-15.388 -4.920 0.578 95
-15.357 -4.887 0.576 62
-15.364 -4.899 0.592 97
-15.417 -4.977 0.677 130
-15.394 -4.934 0.607 114
-15.388 -4.924 0.596 80
-15.411 -4.974 0.688 128
-15.379 -4.902 0.547 80
-15.355 -4.887 0.587 76
-15.365 -4.902 0.604 106
-15.314 -4.847 0.598 41
-15.389 -4.936 0.633 112
-15.403 -4.954 0.646 111
-15.418 -4.949 0.566 84
-15.360 -4.898 0.608 97
-15.389 -4.941 0.651 118
-15.400 -4.937 0.593 72
-15.330 -4.863 0.595 9
-15.413 -4.955 0.611 112
-15.414 -4.968 0.654 125
-15.397 -4.932 0.588 72
-15.409 -4.960 0.645 113
-15.338 -4.877 0.616 30
-15.345 -4.878 0.593 34
-15.386 -4.938 0.655 112
-15.409 -4.928 0.525 91
-15.367 -4.917 0.652 88
-15.380 -4.905 0.555 81
-15.396 -4.953 0.668 138
-15.369 -4.899 0.577 73
-15.391 -4.942 0.646 114
-15.380 -4.934 0.662 101
-15.417 -4.967 0.638 111
-15.419 -4.982 0.684 128
-15.396 -4.916 0.530 85
-15.371 -4.914 0.621 100
-15.413 -4.955 0.611 112
-15.347 -4.889 0.627 65
-15.415 -4.944 0.558 88
-15.364 -4.905 0.616 106
-15.384 -4.925 0.613 102
-15.402 -4.959 0.667 131
-15.385 -4.908 0.547 88
-15.400 -4.943 0.617 115
-15.383 -4.918 0.590 94
-15.402 -4.953 0.646 111
-15.383 -4.919 0.594 90
-15.407 -4.957 0.640 113
-15.367 -4.916 0.648 88
-15.373 -4.896 0.551 87
-15.420 -4.976 0.659 135
-15.391 -4.948 0.671 140
-15.415 -4.953 0.593 82
-15.406 -4.955 0.637 111
-15.363 -4.907 0.631 97
-15.348 -4.882 0.598 58
-15.367 -4.894 0.569 66
-15.419 -4.982 0.685 132
-15.401 -4.950 0.640 111
-15.397 -4.951 0.658 122
-15.414 -4.945 0.570 81
-15.392 -4.918 0.555 88
-15.394 -4.951 0.667 142
-15.398 -4.944 0.626 115
-15.363 -4.893 0.579 76
-15.388 -4.934 0.628 111
-15.414 -4.969 0.659 134
-15.390 -4.910 0.535 85
-15.343 -4.885 0.626 53
-15.417 -4.954 0.589 75
-15.390 -4.938 0.640 115
-15.360 -4.896 0.603 98
-15.375 -4.903 0.567 76
-15.319 -4.853 0.604 27
-15.410 -4.928 0.520 92
-15.402 -4.961 0.673 135
-15.374 -4.920 0.631 82
-15.410 -4.974 0.690 126
-15.349 -4.884 0.600 74
-15.377 -4.926 0.645 94
-15.382 -4.909 0.562 83
-15.372 -4.906 0.587 95
-15.411 -4.944 0.576 77
-15.405 -4.940 0.588 65
-15.377 -4.925 0.643 91
-15.404 -4.944 0.602 104
-15.398 -4.951 0.654 111
-15.334 -4.863 0.582 14
-15.409 -4.965 0.664 137
-15.389 -4.911 0.539 87
-15.355 -4.882 0.567 44
-15.412 -4.930 0.519 92
-15.410 -4.930 0.528 90
-15.404 -4.923 0.525 90
-15.416 -4.955 0.597 104
-15.341 -4.882 0.626 48
-15.383 -4.905 0.542 78
-15.315 -4.850 0.606 46
-15.384 -4.921 0.601 98
-15.334 -4.864 0.584 11
-15.396 -4.925 0.565 89
-15.411 -4.937 0.552 89
-15.386 -4.908 0.540 85
-15.413 -4.966 0.648 114
-15.358 -4.884 0.564 61
-15.407 -4.967 0.678 137
-15.363 -4.898 0.597 98
-15.407 -4.966 0.676 137
-15.374 -4.916 0.617 95
-15.375 -4.901 0.560 80
-15.452 -4.948 0.567 75
-15.461 -4.951 0.579 84
-15.480 -4.965 0.628 110
-15.428 -4.975 0.656 125
-15.422 -4.945 0.552 88
-15.495 -4.949 0.578 111
-15.481 -4.952 0.587 111
-15.429 -4.938 0.529 91
-15.460 -4.944 0.554 82
-15.432 -4.952 0.579 71
-15.435 -4.938 0.531 89
-15.450 -4.965 0.626 114
-15.447 -4.963 0.618 112
-15.467 -4.952 0.585 106
-15.457 -4.962 0.614 114
-15.482 -4.955 0.596 115
-15.464 -4.951 0.581 97
-15.478 -4.959 0.609 115
-15.420 -4.954 0.583 70
-15.444 -4.961 0.611 111
-15.423 -4.979 0.669 132
-15.455 -4.944 0.556 82
-15.460 -4.947 0.567 71
-15.421 -4.942 0.544 89
-15.437 -4.961 0.609 112
-15.465 -4.947 0.567 73
-15.424 -4.943 0.546 88
-15.442 -4.980 0.675 131
-15.441 -4.968 0.632 111
-15.478 -4.956 0.599 116
-15.487 -4.960 0.615 110
-15.423 -4.967 0.626 112
-15.442 -4.961 0.610 109
-15.488 -4.954 0.593 113
-15.454 -4.969 0.640 116
-15.453 -4.958 0.602 112
-15.469 -4.949 0.573 71
-15.442 -4.949 0.569 78
-15.470 -4.954 0.592 111
-15.459 -4.943 0.551 85
-15.458 -4.943 0.552 85
-15.482 -4.959 0.610 115
-15.437 -4.948 0.565 78
-15.478 -4.951 0.582 109
-15.478 -4.959 0.609 115
-15.470 -4.944 0.556 81
-15.421 -4.957 0.592 89
-15.429 -4.940 0.537 89
-15.428 -4.964 0.617 112
-15.466 -4.954 0.589 111
-15.466 -4.969 0.641 126
-15.430 -4.974 0.652 122
-15.453 -4.974 0.657 136
-15.453 -4.959 0.604 114
-15.455 -4.957 0.598 112
-15.471 -4.951 0.579 93
-15.438 -4.962 0.613 109
-15.419 -4.940 0.536 89
-15.426 -4.962 0.610 115
-15.481 -4.949 0.575 85
-15.432 -4.980 0.673 131
-15.464 -4.950 0.576 72
-15.450 -4.955 0.590 110
-15.487 -4.961 0.617 111
-15.473 -4.949 0.573 72
-15.423 -4.951 0.575 76
-15.448 -4.953 0.585 90
-15.435 -4.963 0.617 113
-15.427 -4.983 0.684 128
-15.442 -4.940 0.537 89
-15.440 -4.971 0.643 113
-15.444 -4.964 0.621 113
-15.460 -4.966 0.630 113
-15.462 -4.970 0.644 128
-15.447 -4.950 0.573 71
-15.466 -4.968 0.639 121
-15.452 -4.946 0.560 82
-15.493 -4.956 0.600 115
-15.437 -4.942 0.546 89
-15.452 -4.965 0.624 114
-15.478 -4.947 0.570 71
-15.431 -4.944 0.551 88
-15.442 -4.976 0.662 134
-15.459 -4.970 0.642 123
-15.447 -4.944 0.553 84
-15.424 -4.951 0.575 74
-15.439 -4.958 0.600 111
-15.460 -4.968 0.636 114
-15.424 -4.939 0.532 90
-15.434 -4.967 0.630 111
-15.422 -4.976 0.659 132
-15.444 -4.964 0.619 113
-15.479 -4.958 0.606 115
-15.368 -4.503 0.453 56
-15.443 -4.589 0.454 33
-15.435 -4.743 0.462 35
-15.438 -4.542 0.452 58
-15.375 -4.490 0.452 56
-15.444 -4.597 0.454 48
-15.385 -4.621 0.458 51
-15.487 -4.551 0.450 40
-15.417 -4.519 0.452 54
-15.345 -4.522 0.454 48
-15.497 -4.487 0.447 49
-15.399 -4.649 0.458 64
-15.465 -4.563 0.452 67
-15.470 -4.804 0.463 41
-15.442 -4.700 0.459 35
-15.432 -4.699 0.460 66
-15.515 -4.621 0.453 42
-15.402 -4.632 0.457 55
-15.497 -4.563 0.451 44
-15.452 -4.775 0.462 34
-15.407 -4.565 0.454 58
-15.430 -4.613 0.456 52
-15.453 -4.758 0.462 21
-15.401 -4.681 0.460 76
-15.394 -4.609 0.457 54
-15.448 -4.574 0.453 26
-15.371 -4.597 0.457 61
-15.440 -4.587 0.454 36
-15.509 -4.512 0.448 45
-15.387 -4.495 0.451 58
-15.424 -4.480 0.449 34
-15.404 -4.645 0.458 42
-15.460 -4.573 0.453 68
-15.464 -4.639 0.455 55
-15.447 -4.529 0.451 25
-15.458 -4.546 0.451 62
-15.375 -4.492 0.452 54
-15.345 -4.543 0.455 43
-15.348 -4.501 0.453 56
-15.406 -4.633 0.457 41
-15.421 -4.532 0.452 55
-15.484 -4.528 0.450 41
-15.442 -4.641 0.456 52
-15.399 -4.500 0.451 64
-15.507 -4.527 0.449 35
-15.510 -4.597 0.452 41
-15.489 -4.742 0.459 59
-15.406 -4.622 0.457 69
-15.419 -4.517 0.451 45
-15.430 -4.501 0.450 45
-15.401 -4.661 0.459 75
-15.437 -4.644 0.457 51
-15.476 -4.753 0.460 61
-15.475 -4.600 0.453 48
-15.529 -4.489 0.446 40
-15.484 -4.639 0.455 45
-15.478 -4.797 0.462 36
-15.409 -4.567 0.454 62
-15.441 -4.479 0.449 40
-15.457 -4.700 0.459 41
-15.443 -4.577 0.453 30
-15.468 -4.796 0.463 40
-15.458 -4.682 0.458 29
-15.482 -4.519 0.449 45
-15.481 -4.769 0.461 46
-15.488 -4.580 0.452 42
-15.489 -4.672 0.456 71
-15.513 -4.485 0.446 42
-15.496 -4.569 0.451 42
-15.368 -4.606 0.457 62
-15.487 -4.628 0.454 47
-15.338 -4.498 0.453 53
-15.456 -4.751 0.461 30
-15.410 -4.657 0.458 49
-15.426 -4.710 0.460 58
-15.360 -4.545 0.455 43
-15.511 -4.601 0.452 38
-15.463 -4.688 0.458 43
-15.521 -4.488 0.446 39
-15.492 -4.488 0.447 43
-15.405 -4.676 0.459 58
-15.495 -4.554 0.450 38
-15.459 -4.588 0.453 72
-15.487 -4.634 0.454 47
-15.519 -4.489 0.446 39
-15.448 -4.684 0.458 36
-15.411 -4.647 0.458 28
-15.523 -4.486 0.446 36
-15.381 -4.529 0.453 42
-15.472 -4.653 0.456 27
-15.414 -4.511 0.451 52
-15.469 -4.670 0.457 43
-15.495 -4.718 0.458 57
-15.405 -4.532 0.453 54
-15.493 -4.499 0.448 46
-15.506 -4.585 0.451 41
-15.380 -4.536 0.454 43
-15.407 -4.706 0.461 35
-15.492 -4.569 0.451 41
-15.407 -4.662 0.459 68
-15.481 -4.529 0.450 47
-15.531 -4.521 0.447 31
-15.432 -4.655 0.457 47
-15.430 -4.640 0.457 47
-15.428 -4.483 0.449 29
-15.532 -4.524 0.448 27
-15.478 -4.635 0.455 44
-15.452 -4.788 0.463 34
-15.462 -4.482 0.448 38
-15.538 -4.503 0.446 43
-15.384 -4.652 0.459 90
-15.529 -4.483 0.446 37
-15.457 -4.793 0.463 36
-15.427 -4.497 0.450 39
-15.433 -4.544 0.452 65
-15.447 -4.599 0.454 48
-15.387 -4.633 0.458 46
-15.450 -4.644 0.456 60
-15.467 -4.777 0.462 38
-15.449 -4.733 0.461 29
-15.330 -4.517 0.455 45
-15.336 -4.523 0.455 47
-15.391 -4.590 0.456 58
-15.482 -4.542 0.450 38
-15.513 -4.625 0.453 42
-15.496 -4.703 0.457 55
-15.426 -4.569 0.454 71
-15.437 -4.511 0.450 36
-15.488 -4.528 0.449 46
-15.458 -4.535 0.451 20
-15.409 -4.667 0.459 60
-15.368 -4.514 0.453 51
-15.370 -4.612 0.458 63
-15.457 -4.624 0.455 67
-15.488 -4.549 0.450 44
-15.469 -4.478 0.448 38
-15.458 -4.746 0.461 25
-15.438 -4.638 0.456 49
-15.378 -4.567 0.455 41
-15.393 -4.651 0.459 85
-15.380 -4.556 0.455 47
-15.454 -4.553 0.452 61
-15.380 -4.506 0.452 53
-15.514 -4.605 0.452 45
-15.391 -4.516 0.452 62
-15.455 -4.805 0.464 31
-15.372 -4.547 0.455 48
-15.456 -4.609 0.454 66
-15.455 -4.814 0.464 31
-15.427 -4.507 0.451 43
-15.449 -4.524 0.451 21
-15.439 -4.734 0.461 53
-15.386 -4.510 0.452 53
-15.441 -4.545 0.452 54
-15.500 -4.667 0.455 69
-15.380 -4.482 0.451 61
-15.482 -4.481 0.447 36
-15.457 -4.676 0.458 32
-15.476 -4.505 0.449 40
-15.500 -4.666 0.455 69
-15.522 -4.530 0.448 32
-15.459 -4.569 0.452 65
-15.478 -4.741 0.460 62
-15.471 -4.502 0.449 34
-15.445 -4.792 0.464 28
-15.475 -4.780 0.462 52
-15.396 -4.641 0.458 43
-15.465 -4.580 0.453 67
-15.516 -4.575 0.451 41
-15.380 -4.502 0.452 55
-15.321 -4.495 0.454 44
-15.317 -4.482 0.453 26
-15.472 -4.704 0.458 62
-15.439 -4.770 0.463 37
-15.480 -4.756 0.460 61
-15.414 -4.661 0.458 34
-15.382 -4.568 0.455 42
-15.431 -4.639 0.457 47
-15.460 -4.661 0.457 35
-15.425 -4.582 0.454 68
-15.392 -4.659 0.459 71
-15.454 -4.703 0.459 38
-15.363 -4.496 0.452 54
-15.354 -4.580 0.457 44
-15.461 -4.806 0.464 32
-15.482 -4.748 0.460 59
-15.373 -4.482 0.451 57
-15.452 -4.569 0.453 45
-15.501 -4.546 0.450 61
-15.450 -4.690 0.458 32
-15.481 -4.656 0.456 54
-15.366 -4.604 0.457 62
-15.410 -4.590 0.455 62
-15.435 -4.622 0.456 51
-15.465 -4.503 0.449 36
-15.402 -4.582 0.455 39
-15.443 -4.761 0.462 28
-15.453 -4.765 0.462 25
-15.466 -4.510 0.449 31
-15.417 -4.704 0.460 60
-15.443 -4.690 0.459 35
-15.455 -4.787 0.463 34
-15.371 -4.485 0.452 57
-15.408 -4.531 0.452 60
-15.434 -4.734 0.461 71
-15.409 -4.582 0.455 63
-15.399 -4.565 0.454 41
-15.468 -4.663 0.456 31
-15.450 -4.509 0.450 38
-15.454 -4.673 0.457 46
-15.473 -4.619 0.454 49
-15.450 -4.485 0.449 39
-15.422 -4.733 0.462 52
-15.378 -4.565 0.455 42
-15.420 -4.541 0.452 62
-15.423 -4.646 0.457 47
-15.350 -4.509 0.454 55
-15.479 -4.663 0.456 66
-15.434 -4.742 0.462 37
-15.385 -4.560 0.455 44
-15.408 -4.495 0.451 52
-15.361 -4.586 0.457 41
-15.335 -4.504 0.454 50
-15.491 -4.533 0.449 52
-15.377 -4.530 0.454 38
-15.485 -4.549 0.450 40
-15.429 -4.544 0.452 63
-15.390 -4.609 0.457 61
-15.399 -4.505 0.452 56
-15.476 -4.492 0.448 35
-15.446 -4.578 0.453 28
-15.466 -4.842 0.465 30
-15.428 -4.681 0.459 46
-15.439 -4.715 0.460 45
-15.399 -4.558 0.454 38
-15.540 -4.481 0.445 66
-15.471 -4.507 0.449 39
-15.431 -4.648 0.457 52
-15.452 -4.593 0.454 54
-15.350 -4.548 0.455 42
-15.451 -4.669 0.457 44
-15.409 -4.633 0.457 38
-15.428 -4.707 0.460 60
-15.492 -4.549 0.450 46
-15.359 -4.524 0.454 46
-15.495 -4.677 0.456 51
-15.436 -4.551 0.452 63
-15.388 -4.565 0.455 41
-15.343 -4.506 0.454 55
-15.421 -4.581 0.454 69
-15.414 -4.496 0.451 44
-15.529 -4.518 0.447 32
-15.530 -4.500 0.446 34
-15.481 -4.488 0.448 39
-15.447 -4.698 0.459 33
-15.447 -4.772 0.462 34
-15.474 -4.495 0.448 36
-15.403 -4.562 0.454 51
-15.475 -4.489 0.448 36
-15.384 -4.631 0.458 45
-15.488 -4.517 0.449 46
-15.454 -4.798 0.463 35
-15.362 -4.498 0.453 57
-15.466 -4.784 0.462 42
-15.449 -4.638 0.456 56
-15.426 -4.521 0.451 27
-15.373 -4.494 0.452 52
-15.365 -4.549 0.455 46
-15.427 -4.641 0.457 47
-15.396 -4.585 0.455 43
-15.417 -4.560 0.453 69
-15.460 -4.683 0.458 29
-15.517 -4.477 0.446 41
-15.387 -4.615 0.457 58
-15.441 -4.675 0.458 44
-15.436 -4.511 0.450 29
-15.490 -4.542 0.450 64
-15.466 -4.706 0.459 53
-15.470 -4.721 0.459 58
-15.442 -4.665 0.458 52
-15.527 -4.501 0.447 34
-15.483 -4.743 0.460 59
-15.474 -4.631 0.455 47
-15.403 -4.626 0.457 70
-15.456 -4.578 0.453 71
-15.507 -4.630 0.453 45
-15.417 -4.631 0.457 47
-15.434 -4.576 0.454 76
-15.449 -4.683 0.458 36
-15.489 -4.527 0.449 47
-15.407 -4.600 0.456 59
-15.488 -4.550 0.450 40
-15.484 -4.623 0.454 49
-15.486 -4.751 0.460 59
-15.458 -4.739 0.460 42
-15.399 -4.626 0.457 53
-15.411 -4.696 0.460 75
-15.467 -4.776 0.462 38
-15.499 -4.610 0.453 52
-15.381 -4.578 0.456 42
-15.462 -4.535 0.451 20
-15.392 -4.667 0.459 73
-15.405 -4.598 0.456 58
-15.454 -4.808 0.464 35
-15.470 -4.482 0.448 39
-15.490 -4.552 0.450 40
-15.448 -4.743 0.461 25
-15.370 -4.551 0.455 47
-15.519 -4.593 0.451 37
-15.500 -4.496 0.447 45
-15.456 -4.730 0.460 40
-15.433 -4.619 0.456 54
-15.424 -4.567 0.454 69
-15.413 -4.492 0.450 41
-15.374 -4.492 0.452 55
-15.434 -4.525 0.451 25
-15.465 -4.558 0.452 63
-15.460 -4.518 0.450 36
-15.397 -4.552 0.454 42
-15.494 -4.690 0.457 45
-15.459 -4.566 0.452 69
-15.394 -4.649 0.459 71
-15.449 -4.765 0.462 28
-15.430 -4.739 0.462 58
-15.446 -4.602 0.454 46
-15.341 -4.481 0.453 53
-15.499 -4.681 0.456 59
-15.429 -4.625 0.456 47
-15.475 -4.733 0.460 64
-15.445 -4.554 0.452 37
-15.380 -4.639 0.459 47
-15.438 -4.560 0.453 57
-15.426 -4.520 0.451 33
-15.412 -4.551 0.453 61
-15.386 -4.495 0.452 58
-15.511 -4.528 0.448 34
-15.486 -4.636 0.455 47
-15.493 -4.716 0.458 57
-15.473 -4.619 0.454 49
-15.466 -4.627 0.455 57
-15.438 -4.697 0.459 58
-15.511 -4.503 0.447 41
-15.373 -4.601 0.457 55
-15.437 -4.668 0.458 49
-15.523 -4.499 0.447 37
-15.462 -4.599 0.454 69
-15.368 -4.501 0.452 55
-15.472 -4.704 0.458 62
-15.406 -4.491 0.451 56
-15.451 -4.554 0.452 39
-15.419 -4.595 0.455 61
-15.420 -4.517 0.451 45
-15.406 -4.548 0.453 56
-15.459 -4.766 0.462 30
-15.419 -4.726 0.461 55
-15.483 -4.524 0.449 46
-15.450 -4.648 0.456 57
-15.432 -4.693 0.459 62
-15.457 -4.792 0.463 36
-15.391 -4.547 0.454 37
-15.459 -4.644 0.456 66
-15.421 -4.567 0.454 71
-15.471 -4.688 0.458 58
-15.395 -4.584 0.455 35
-15.450 -4.591 0.454 48
-15.507 -4.501 0.447 41
-15.431 -4.495 0.450 37
-15.362 -4.596 0.457 61
-15.479 -4.761 0.461 55
-15.522 -4.481 0.446 36
-15.386 -4.494 0.451 58
-15.349 -4.547 0.455 43
-15.517 -4.540 0.449 47
-15.413 -4.536 0.452 61
-15.517 -4.508 0.447 38
-15.449 -4.670 0.458 44
-15.339 -4.492 0.453 56
-15.421 -4.480 0.450 30
-15.467 -4.527 0.450 29
-15.448 -4.481 0.449 33
-15.443 -4.610 0.455 53
-15.466 -4.712 0.459 52
-15.399 -4.674 0.460 77
-15.494 -4.656 0.455 46
-15.488 -4.633 0.454 46
-15.497 -4.519 0.449 46
-15.388 -4.657 0.459 75
-15.475 -4.792 0.462 44
-15.520 -4.480 0.446 37
-15.512 -4.608 0.452 47
-15.403 -4.576 0.455 43
-15.346 -4.517 0.454 52
-15.492 -4.716 0.458 55
-15.394 -4.516 0.452 62
-15.511 -4.570 0.450 46
-15.510 -4.556 0.450 38
-15.373 -4.557 0.455 45
-15.408 -4.572 0.454 58
-15.480 -4.719 0.459 62
-15.465 -4.654 0.456 29
-15.450 -4.499 0.449 32
-15.358 -4.568 0.456 42
-15.326 -4.481 0.453 34
-15.489 -4.664 0.456 70
-15.452 -4.499 0.449 32
-15.477 -4.522 0.449 49
-15.440 -4.555 0.452 56
-15.469 -4.655 0.456 25
-15.441 -4.490 0.449 49
-15.436 -4.635 0.456 45
-15.483 -4.701 0.458 63
-15.517 -4.588 0.451 40
-15.502 -4.595 0.452 51
-15.472 -4.492 0.448 35
-15.387 -4.510 0.452 53
-15.441 -4.512 0.450 39
-15.486 -4.604 0.453 50
-15.438 -4.599 0.455 53
-15.393 -4.614 0.457 50
-15.532 -4.485 0.446 39
-15.538 -4.497 0.446 57
-15.348 -4.531 0.455 42
-15.512 -4.571 0.451 48
-15.458 -4.765 0.462 30
-15.442 -4.561 0.453 42
-15.469 -4.741 0.460 48
-15.498 -4.482 0.447 47
-15.405 -4.662 0.459 70
-15.349 -4.560 0.456 41
-15.341 -4.542 0.455 45
-15.399 -4.523 0.452 39
-15.516 -4.534 0.449 39
-15.389 -4.633 0.458 46
-15.322 -4.486 0.453 36
-15.443 -4.672 0.458 37
-15.477 -4.701 0.458 66
-15.449 -4.565 0.453 37
-15.560 -4.612 0.454 31
-15.525 -4.666 0.456 77
-15.546 -4.572 0.451 76
-15.537 -4.708 0.460 64
-15.567 -4.672 0.459 68
-15.526 -4.577 0.450 39
-15.568 -4.684 0.460 62
-15.579 -4.727 0.463 66
-15.557 -4.809 0.467 10
-15.529 -4.793 0.465 61
-15.528 -4.680 0.457 65
-15.525 -4.661 0.456 67
-15.515 -4.711 0.459 47
-15.547 -4.802 0.466 13
-15.497 -4.744 0.460 38
-15.527 -4.749 0.462 56
-15.526 -4.771 0.463 47
-15.615 -4.775 0.468 52
-15.534 -4.782 0.464 37
-15.526 -4.757 0.462 50
-15.541 -4.733 0.461 17
-15.591 -4.768 0.466 50
-15.597 -4.770 0.467 58
-15.579 -4.645 0.457 34
-15.522 -4.646 0.455 76
-15.553 -4.676 0.458 65
-15.488 -4.760 0.460 54
-15.493 -4.790 0.463 27
-15.625 -4.791 0.469 53
-15.575 -4.700 0.461 60
-15.582 -4.707 0.462 62
-15.563 -4.746 0.463 26
-15.537 -4.543 0.449 64
-15.582 -4.619 0.456 33
-15.497 -4.709 0.458 44
-15.498 -4.775 0.462 41
-15.588 -4.752 0.465 68
-15.618 -4.737 0.465 51
-15.607 -4.741 0.465 59
-15.570 -4.766 0.465 68
-15.565 -4.736 0.463 69
-15.592 -4.707 0.462 64
-15.559 -4.792 0.466 29
-15.570 -4.585 0.453 31
-15.512 -4.635 0.454 41
-15.627 -4.789 0.469 53
-15.632 -4.801 0.470 51
-15.600 -4.780 0.467 50
-15.632 -4.802 0.470 51
-15.527 -4.708 0.459 70
-15.488 -4.815 0.464 5
-15.503 -4.751 0.461 43
-15.561 -4.573 0.452 10
-15.592 -4.706 0.462 64
-15.526 -4.620 0.453 40
-15.540 -4.596 0.452 77
-15.507 -4.829 0.466 13
-15.572 -4.584 0.453 31
-15.512 -4.767 0.462 48
-15.601 -4.715 0.463 61
-15.564 -4.762 0.464 46
-15.529 -4.625 0.454 70
-15.590 -4.653 0.459 52
-15.584 -4.729 0.463 63
-15.550 -4.750 0.463 25
-15.562 -4.671 0.458 64
-15.509 -4.719 0.459 62
-15.560 -4.544 0.450 47
-15.509 -4.824 0.466 13
-15.558 -4.782 0.465 37
-15.531 -4.558 0.449 42
-15.556 -4.770 0.464 65
-15.584 -4.796 0.468 77
-15.532 -4.551 0.449 59
-15.518 -4.737 0.460 56
-15.545 -4.583 0.452 83
-15.596 -4.659 0.459 61
-15.511 -4.650 0.454 42
-15.563 -4.557 0.451 13
-15.494 -4.818 0.465 12
-15.549 -4.532 0.449 74
-15.540 -4.604 0.453 60
-15.537 -4.619 0.454 43
-15.619 -4.761 0.467 57
-15.565 -4.639 0.456 14
-15.536 -4.575 0.451 54
-15.497 -4.728 0.459 48
-15.572 -4.691 0.460 57
-15.520 -4.645 0.455 70
-15.566 -4.572 0.452 19
-15.576 -4.651 0.458 56
-15.510 -4.745 0.461 48
-15.573 -4.679 0.459 71
-15.594 -4.774 0.467 49
-15.553 -4.654 0.457 14
-15.488 -4.763 0.461 54
-15.558 -4.618 0.455 23
-15.575 -4.744 0.464 59
-15.548 -4.682 0.458 65
-15.567 -4.800 0.467 9
-15.560 -4.584 0.453 13
-15.556 -4.646 0.456 30
-15.535 -4.742 0.462 34
-15.506 -4.743 0.460 43
-15.544 -4.746 0.462 19
-15.552 -4.510 0.447 71
-15.531 -4.612 0.453 61
-15.602 -4.742 0.465 61
-15.578 -4.649 0.458 31
-15.562 -4.820 0.468 25
-15.543 -4.535 0.449 63
-15.605 -4.789 0.468 62
-15.568 -4.595 0.454 28
-15.486 -4.801 0.463 15
-15.588 -4.670 0.460 77
-15.554 -4.791 0.466 30
-15.561 -4.621 0.455 26
-15.544 -4.758 0.463 31
-15.509 -4.672 0.456 66
-15.561 -4.722 0.462 74
-15.559 -4.818 0.468 25
-15.579 -4.630 0.457 31
-15.543 -4.748 0.462 22
-15.535 -4.741 0.462 25
-15.522 -4.662 0.456 70
-15.485 -4.779 0.462 36
-15.566 -4.749 0.464 35
-15.555 -4.753 0.463 14
-15.497 -4.803 0.464 29
-15.586 -4.659 0.459 69
-15.556 -4.592 0.453 15
-15.558 -4.779 0.465 32
-15.589 -4.724 0.463 63
-15.506 -4.736 0.460 49
-15.596 -4.691 0.461 55
-15.532 -4.561 0.450 42
-15.487 -4.825 0.465 12
-15.584 -4.736 0.464 65
-15.518 -4.748 0.461 61
-15.532 -4.810 0.466 12
-15.612 -4.715 0.464 54
-15.568 -4.806 0.467 6
-15.591 -4.789 0.467 94
-15.590 -4.720 0.463 65
-15.532 -4.585 0.451 54
-15.567 -4.708 0.461 60
-15.623 -4.798 0.470 41
-15.517 -4.640 0.454 50
-15.565 -4.780 0.466 63
-15.476 -4.846 0.465 32
-15.548 -4.771 0.464 66
-15.511 -4.695 0.457 57
-15.572 -4.759 0.465 51
-15.509 -4.777 0.463 32
-15.584 -4.667 0.459 79
-15.533 -4.785 0.464 34
-15.531 -4.554 0.449 49
-15.567 -4.561 0.451 15
-15.531 -4.676 0.457 68
-15.586 -4.717 0.463 62
-15.567 -4.738 0.463 69
-15.526 -4.687 0.458 79
-15.563 -4.602 0.454 25
-15.564 -4.819 0.468 24
-15.585 -4.798 0.468 63
-15.547 -4.721 0.461 21
-15.625 -4.777 0.468 51
-15.512 -4.743 0.461 54
-15.593 -4.744 0.465 68
-15.599 -4.705 0.462 62
-15.593 -4.734 0.464 61
-15.550 -4.638 0.456 9
-15.538 -4.734 0.461 25
-15.546 -4.785 0.465 16
-15.577 -4.738 0.463 67
-15.571 -4.768 0.465 81
-15.579 -4.633 0.457 33
-15.554 -4.528 0.449 82
-15.521 -4.630 0.454 67
-15.530 -4.806 0.466 13
-15.534 -4.585 0.451 56
-15.605 -4.775 0.467 52
-15.584 -4.746 0.464 69
-15.495 -4.828 0.465 8
-15.483 -4.831 0.465 6
-15.540 -4.642 0.455 38
-15.563 -4.771 0.465 53
-15.528 -4.733 0.461 67
-15.628 -4.799 0.470 48
-15.592 -4.714 0.463 61
-15.545 -4.483 0.445 67
-15.538 -4.766 0.463 25
-15.543 -4.756 0.463 31
-15.618 -4.789 0.469 54
-15.536 -4.738 0.461 28
-15.552 -4.571 0.451 63
-15.543 -4.819 0.467 24
-15.571 -4.770 0.465 87
-15.525 -4.654 0.455 53
-15.559 -4.563 0.451 35
-15.594 -4.722 0.463 64
-15.576 -4.647 0.457 33
-15.586 -4.702 0.462 64
-15.599 -4.782 0.467 50
-15.574 -4.642 0.457 19
-15.603 -4.738 0.465 58
-15.512 -4.753 0.461 54
-15.583 -4.678 0.460 73
-15.544 -4.481 0.445 70
-15.503 -4.809 0.464 12
-15.532 -4.793 0.465 55
-15.567 -4.796 0.467 12
-15.586 -4.740 0.464 67
-15.538 -4.628 0.454 45
-15.550 -4.508 0.447 53
-15.527 -4.636 0.454 75
-15.524 -4.800 0.465 38
-15.513 -4.771 0.462 50
-15.625 -4.781 0.469 58
-15.581 -4.776 0.466 61
-15.540 -4.643 0.455 36
-15.569 -4.569 0.452 22
-15.555 -4.620 0.455 24
-15.605 -4.793 0.468 62
-15.517 -4.798 0.464 46
-15.494 -4.767 0.461 57
-15.595 -4.725 0.463 63
-15.512 -4.765 0.462 50
-15.525 -4.636 0.454 77
-15.498 -4.767 0.461 43
-15.519 -4.764 0.462 52
-15.535 -4.787 0.465 39
-15.593 -4.710 0.462 62
-15.578 -4.749 0.464 43
-15.560 -4.655 0.457 58
-15.551 -4.755 0.463 28
-15.503 -4.695 0.457 45
-15.504 -4.759 0.461 52
-15.584 -4.715 0.462 63
-15.507 -4.776 0.462 27
-15.531 -4.571 0.450 41
-15.534 -4.805 0.466 13
-15.593 -4.784 0.467 46
-15.543 -4.788 0.465 19
-15.518 -4.740 0.461 60
-15.538 -4.688 0.458 65
-15.525 -4.799 0.465 55
-15.562 -4.804 0.467 3
-15.614 -4.793 0.469 68
-15.530 -4.625 0.454 70
-15.591 -4.803 0.468 49
-15.484 -4.836 0.465 19
-15.511 -4.816 0.465 7
-15.584 -4.641 0.457 36
-15.564 -4.578 0.452 10
-15.573 -4.661 0.458 67
-15.480 -4.813 0.464 10
-15.513 -4.742 0.461 58
-15.547 -4.507 0.447 47
-15.511 -4.666 0.455 69
-15.478 -4.819 0.464 3
-15.528 -4.683 0.457 71
-15.511 -4.760 0.462 52
-15.514 -4.736 0.460 52
-15.621 -4.776 0.468 52
-15.551 -4.740 0.462 16
-15.570 -4.642 0.457 20
-15.554 -4.820 0.468 26
-15.488 -4.837 0.466 38
-15.518 -4.611 0.452 51
-15.567 -4.740 0.463 32
-15.603 -4.706 0.463 61
-15.513 -4.816 0.465 9
-15.549 -4.743 0.462 11
-15.524 -4.779 0.464 62
-15.506 -4.802 0.464 29
-15.548 -4.548 0.450 90
-15.474 -4.830 0.464 10
-15.594 -4.784 0.467 39
-15.523 -4.619 0.453 28
-15.593 -4.778 0.467 41
-15.566 -4.667 0.458 69
-15.596 -4.804 0.469 61
-15.557 -4.523 0.448 73
-15.496 -4.739 0.460 48
-15.621 -4.774 0.468 52
-15.550 -4.679 0.458 63
-15.545 -4.625 0.455 29
-15.538 -4.712 0.460 30
-15.570 -4.795 0.467 13
-15.534 -4.821 0.467 15
-15.556 -4.625 0.455 39
-15.569 -4.636 0.456 14
-15.560 -4.678 0.459 69
-15.551 -4.519 0.448 64
-15.563 -4.704 0.460 63
-15.600 -4.624 0.462 50
-15.661 -4.681 0.482 51
-15.627 -4.725 0.469 51
-15.579 -4.582 0.455 34
-15.632 -4.690 0.471 60
-15.637 -4.697 0.473 61
-15.591 -4.603 0.459 38
-15.601 -4.580 0.463 56
-15.618 -4.665 0.467 49
-15.635 -4.657 0.473 33
-15.615 -4.609 0.467 64
-15.580 -4.568 0.455 34
-15.579 -4.560 0.455 37
-15.635 -4.651 0.473 37
-15.614 -4.630 0.466 59
-15.601 -4.650 0.461 52
-15.629 -4.630 0.472 33
-15.625 -4.758 0.467 49
-15.646 -4.752 0.475 33
-15.580 -4.568 0.455 34
-15.653 -4.732 0.478 40
-15.628 -4.643 0.471 37
-15.653 -4.767 0.477 22
-15.649 -4.687 0.477 53
-15.589 -4.568 0.459 43
-15.569 -4.562 0.452 24
-15.678 -4.710 0.487 55
-15.592 -4.557 0.460 39
-15.600 -4.624 0.461 50
-15.623 -4.637 0.469 54
-15.601 -4.674 0.461 67
-15.655 -4.670 0.480 62
-15.624 -4.684 0.469 60
-15.582 -4.588 0.456 40
-15.609 -4.626 0.464 61
-15.624 -4.608 0.470 56
-15.657 -4.737 0.479 44
-15.639 -4.794 0.472 46
-15.628 -4.617 0.472 28
-15.671 -4.716 0.485 49
-15.682 -4.731 0.488 57
-15.653 -4.725 0.478 41
-15.623 -4.689 0.468 59
-15.618 -4.718 0.466 54
-15.650 -4.675 0.478 58
-15.569 -4.551 0.452 17
-15.671 -4.691 0.485 58
-15.643 -4.790 0.473 40
-15.618 -4.626 0.468 63
-15.584 -4.605 0.456 41
-15.613 -4.627 0.466 60
-15.587 -4.601 0.457 43
-15.611 -4.645 0.465 61
-15.628 -4.767 0.468 45
-15.664 -4.733 0.482 43
-15.620 -4.644 0.468 54
-15.605 -4.599 0.464 64
-15.689 -4.728 0.491 59
-15.676 -4.741 0.486 45
-15.647 -4.683 0.477 55
-15.598 -4.648 0.460 48
-15.600 -4.585 0.462 55
-15.658 -4.769 0.479 28
-15.660 -4.664 0.482 62
-15.632 -4.621 0.473 44
-15.649 -4.740 0.476 41
-15.606 -4.623 0.464 59
-15.553 -4.496 0.448 59
-15.588 -4.576 0.458 44
-15.618 -4.661 0.467 48
-15.569 -4.559 0.452 20
-15.675 -4.721 0.486 47
-15.614 -4.649 0.466 59
-15.671 -4.745 0.484 42
-15.644 -4.730 0.475 46
-15.645 -4.756 0.474 33
-15.668 -4.688 0.484 62
-15.583 -4.547 0.457 41
-15.655 -4.710 0.479 46
-15.563 -4.514 0.451 37
-15.654 -4.736 0.478 44
-15.599 -4.617 0.461 54
-15.642 -4.705 0.474 58
-15.640 -4.724 0.473 54
-15.604 -4.648 0.462 54
-15.649 -4.758 0.476 37
-15.647 -4.737 0.476 38
-15.649 -4.784 0.475 34
-15.655 -4.702 0.479 56
-15.567 -4.526 0.452 21
-15.616 -4.612 0.467 65
-15.594 -4.562 0.461 40
-15.658 -4.747 0.479 39
-15.636 -4.796 0.470 45
-15.643 -4.723 0.474 55
-15.603 -4.620 0.463 59
-15.659 -4.734 0.480 43
-15.648 -4.675 0.477 61
-15.572 -4.565 0.453 27
-15.659 -4.732 0.480 43
-15.658 -4.680 0.481 48
-15.633 -4.711 0.471 54
-15.653 -4.678 0.479 50
-15.593 -4.588 0.460 42
-15.673 -4.702 0.486 61
-15.601 -4.590 0.462 59
-15.672 -4.698 0.485 62
-15.658 -4.674 0.481 52
-15.588 -4.594 0.458 42
-15.597 -4.617 0.460 49
-15.629 -4.709 0.470 53
-15.662 -4.722 0.481 44
-15.647 -4.669 0.477 65
-15.626 -4.733 0.468 40
-15.602 -4.655 0.462 54
-15.640 -4.788 0.472 46
-15.687 -4.710 0.490 63
-15.605 -4.683 0.462 63
-15.621 -4.713 0.467 61
-15.640 -4.715 0.474 56
-15.647 -4.721 0.476 53
-15.632 -4.630 0.473 39
-15.643 -4.764 0.474 36
-15.663 -4.715 0.482 42
-15.630 -4.653 0.471 34
-15.625 -4.626 0.470 55
-15.615 -4.593 0.468 64
-15.638 -4.741 0.472 32
-15.676 -4.727 0.486 46
-15.628 -4.702 0.469 57
-15.593 -4.588 0.460 42
-15.620 -4.674 0.467 61
-15.651 -4.714 0.477 51
-15.639 -4.773 0.472 38
-15.621 -4.692 0.467 59
-15.636 -4.681 0.473 58
-15.612 -4.711 0.464 56
-15.655 -4.698 0.479 57
-15.627 -4.733 0.469 45
-15.561 -4.518 0.450 45
-15.585 -4.591 0.457 45
-15.641 -4.638 0.476 41
-15.613 -4.580 0.465 57
-15.718 -4.713 0.491 40
-15.605 -4.541 0.457 53
-15.674 -4.620 0.472 57
-15.715 -4.709 0.490 45
-15.653 -4.605 0.469 59
-15.698 -4.677 0.484 64
-15.605 -4.560 0.461 49
-15.570 -4.511 0.451 30
-15.614 -4.573 0.464 54
-15.647 -4.600 0.469 44
-15.686 -4.654 0.479 39
-15.712 -4.666 0.481 68
-15.580 -4.527 0.455 41
-15.734 -4.701 0.488 54
-15.670 -4.640 0.476 40
-15.574 -4.522 0.454 38
-15.676 -4.682 0.485 49
-15.653 -4.626 0.474 60
-15.737 -4.702 0.488 69
-15.687 -4.659 0.480 46
-15.697 -4.722 0.493 64
-15.738 -4.683 0.484 39
-15.652 -4.594 0.467 39
-15.738 -4.688 0.485 40
-15.726 -4.699 0.488 40
-15.672 -4.659 0.480 29
-15.705 -4.715 0.492 69
-15.595 -4.539 0.457 55
-15.696 -4.642 0.476 33
-15.699 -4.645 0.477 37
-15.744 -4.708 0.489 56
-15.598 -4.555 0.460 40
-15.663 -4.622 0.473 58
-15.734 -4.709 0.489 65
-15.735 -4.682 0.484 40
-15.598 -4.539 0.457 54
-15.715 -4.701 0.488 56
-15.668 -4.660 0.481 37
-15.608 -4.577 0.465 57
-15.686 -4.661 0.481 52
-15.592 -4.547 0.459 38
-15.670 -4.642 0.477 35
-15.551 -4.486 0.447 51
-15.691 -4.640 0.476 35
-15.739 -4.706 0.489 75
-15.736 -4.688 0.485 37
-15.613 -4.569 0.463 54
-15.614 -4.573 0.464 54
-15.677 -4.645 0.477 40
-15.712 -4.665 0.480 68
-15.649 -4.637 0.476 46
-15.653 -4.637 0.476 51
-15.630 -4.605 0.470 42
-15.678 -4.689 0.487 54
-15.598 -4.550 0.459 54
-15.641 -4.588 0.466 56
-15.569 -4.509 0.451 22
-15.708 -4.669 0.482 66
-15.674 -4.672 0.483 52
-15.665 -4.626 0.473 57
-15.694 -4.682 0.485 62
-15.605 -4.552 0.459 53
-15.681 -4.670 0.483 51
-15.634 -4.581 0.465 46
-15.697 -4.666 0.481 57
-15.707 -4.658 0.479 64
-15.637 -4.623 0.474 60
-15.698 -4.713 0.492 64
-15.647 -4.600 0.468 44
-15.661 -4.616 0.471 61
-15.723 -4.708 0.490 44
-15.656 -4.632 0.475 57
-15.663 -4.659 0.481 33
-15.722 -4.703 0.489 40
-15.623 -4.562 0.461 50
-15.617 -4.584 0.466 67
-15.681 -4.680 0.485 53
-15.614 -4.580 0.465 57
-15.696 -4.641 0.476 33
-15.577 -4.514 0.452 59
-15.702 -4.649 0.477 40
-15.713 -4.661 0.480 66
-15.736 -4.704 0.488 64
-15.710 -4.700 0.488 64
-15.667 -4.647 0.478 38
-15.579 -4.516 0.452 59
-15.712 -4.668 0.481 64
-15.601 -4.538 0.456 54
-15.682 -4.640 0.476 36
-15.585 -4.537 0.457 40
-15.613 -4.575 0.464 53
-15.677 -4.640 0.476 36
-15.367 -4.902 0.657 47
-15.406 -4.966 0.688 131
-15.364 -4.874 0.661 26
-15.404 -4.927 0.695 84
-15.413 -4.939 0.703 74
-15.393 -4.878 0.694 65
-15.419 -4.978 0.700 29
-15.346 -4.889 0.634 57
-15.368 -4.887 0.662 31
-15.420 -4.912 0.718 52
-15.403 -4.936 0.691 77
-15.395 -4.909 0.689 60
-15.380 -4.891 0.676 50
-15.398 -4.944 0.683 136
-15.419 -4.918 0.716 57
-15.412 -4.952 0.699 134
-15.390 -4.894 0.686 70
-15.434 -4.896 0.740 96
-15.394 -4.897 0.691 64
-15.366 -4.913 0.652 92
-15.407 -4.904 0.705 54
-15.425 -4.974 0.708 39
-15.377 -4.895 0.670 39
-15.389 -4.908 0.681 47
-15.339 -4.857 0.634 40
-15.443 -4.902 0.749 49
-15.352 -4.862 0.648 94
-15.389 -4.924 0.677 73
-15.392 -4.938 0.678 102
-15.426 -4.965 0.713 38
-15.371 -4.908 0.660 69
-15.344 -4.868 0.637 22
-15.372 -4.880 0.669 34
-15.322 -4.853 0.615 31
-15.412 -4.930 0.704 63
-15.411 -4.905 0.709 40
-15.386 -4.879 0.686 46
-15.353 -4.861 0.650 92
-15.413 -4.901 0.713 39
-15.429 -4.906 0.731 87
-15.358 -4.899 0.646 81
-15.400 -4.954 0.683 130
-15.432 -4.907 0.734 94
-15.401 -4.880 0.704 70
-15.391 -4.917 0.682 49
-15.425 -4.942 0.717 60
-15.431 -4.925 0.729 57
-15.410 -4.881 0.715 72
-15.361 -4.864 0.660 39
-15.381 -4.884 0.679 31
-15.378 -4.899 0.671 41
-15.401 -4.885 0.702 82
-15.402 -4.958 0.685 132
-15.392 -4.902 0.687 75
-15.437 -4.912 0.740 53
-15.364 -4.899 0.654 66
-15.418 -4.982 0.699 39
-15.374 -4.879 0.671 25
-15.375 -4.908 0.665 64
-15.427 -4.942 0.720 60
-15.324 -4.854 0.616 33
-15.400 -4.885 0.701 62
-15.374 -4.893 0.667 36
-15.420 -4.973 0.703 135
-15.423 -4.952 0.712 119
-15.341 -4.877 0.631 19
-15.389 -4.940 0.674 129
-15.405 -4.954 0.690 133
-15.428 -4.886 0.735 72
-15.396 -4.936 0.683 76
-15.432 -4.910 0.733 74
-15.393 -4.941 0.679 127
-15.369 -4.872 0.668 31
-15.382 -4.881 0.680 30
-15.376 -4.917 0.664 86
-15.381 -4.875 0.681 43
-15.356 -4.864 0.653 66
-15.396 -4.932 0.684 71
-15.380 -4.894 0.675 46
-15.379 -4.927 0.665 81
-15.397 -4.897 0.694 52
-15.402 -4.954 0.686 131
-15.426 -4.958 0.714 29
-15.327 -4.850 0.622 62
-15.393 -4.883 0.694 64
-15.415 -4.936 0.706 70
-15.423 -4.947 0.714 77
-15.419 -4.954 0.706 135
-15.361 -4.907 0.648 87
-15.442 -4.891 0.751 45
-15.373 -4.866 0.673 44
-15.427 -4.968 0.712 36
-15.367 -4.881 0.661 34
-15.425 -4.902 0.727 89
-15.320 -4.853 0.612 32
-15.424 -4.911 0.724 51
-15.428 -4.923 0.726 56
-15.389 -4.899 0.684 74
-15.414 -4.918 0.710 49
-15.411 -4.962 0.695 132
-15.413 -4.938 0.703 76
-15.424 -4.928 0.719 58
-15.387 -4.939 0.671 130
-15.369 -4.884 0.664 37
-15.363 -4.879 0.658 28
-15.405 -4.879 0.709 68
-15.411 -4.962 0.695 132
-15.385 -4.932 0.671 95
-15.384 -4.924 0.671 81
-15.410 -4.932 0.701 63
-15.404 -4.937 0.693 74
-15.329 -4.859 0.622 15
-15.411 -4.919 0.706 62
-15.410 -4.936 0.700 78
-15.425 -4.965 0.711 38
-15.349 -4.872 0.643 53
-15.453 -4.937 0.751 38
-15.500 -5.005 0.783 53
-15.452 -4.911 0.757 49
-15.435 -4.978 0.719 50
-15.453 -4.956 0.745 47
-15.502 -5.008 0.785 56
-15.466 -4.936 0.765 38
-15.463 -4.973 0.752 37
-15.464 -4.962 0.755 41
-15.496 -4.998 0.782 50
-15.480 -4.955 0.776 46
-15.477 -4.987 0.763 42
-15.478 -4.994 0.762 42
-15.463 -4.998 0.745 38
-15.482 -5.005 0.764 48
-15.445 -4.975 0.731 45
-15.469 -4.987 0.755 41
-15.445 -4.926 0.745 49
-15.438 -4.991 0.718 48
-15.457 -4.917 0.761 51
-15.444 -4.937 0.741 40
-15.437 -4.981 0.720 52
-15.446 -4.986 0.729 43
-15.473 -4.986 0.759 41
-15.439 -4.940 0.734 45
-15.454 -4.984 0.738 37
-15.473 -4.946 0.771 32
-15.469 -4.960 0.762 43
-15.485 -4.967 0.777 47
-15.442 -4.942 0.737 41
-15.457 -4.988 0.740 36
-15.472 -4.998 0.754 42
-15.451 -4.983 0.735 39
-15.475 -4.983 0.762 41
-15.443 -4.981 0.727 45
-15.473 -4.959 0.767 44
-15.444 -4.981 0.728 45
-15.479 -4.993 0.764 42
-15.467 -4.952 0.762 41
-15.463 -4.994 0.745 38
-15.441 -4.978 0.726 47
-15.454 -4.931 0.754 41
-15.469 -4.985 0.755 41
-15.453 -4.927 0.753 44
-15.454 -4.924 0.756 47
-15.444 -4.906 0.749 47
-15.466 -4.941 0.764 44
-15.489 -5.007 0.771 49
-15.485 -4.979 0.775 44
-15.451 -4.978 0.737 41
-15.459 -4.989 0.743 36
-15.472 -4.962 0.765 43
-15.449 -4.964 0.739 46
-15.489 -4.970 0.782 46
-15.482 -4.957 0.778 44
-15.474 -4.994 0.758 42
-15.469 -4.955 0.764 46
-15.468 -4.933 0.769 40
-15.455 -4.908 0.761 49
-15.458 -4.942 0.755 40
-15.454 -4.948 0.749 42
-15.474 -4.955 0.769 45
-15.451 -4.902 0.758 50
-15.436 -4.963 0.724 36
-15.445 -4.965 0.733 45
-15.446 -4.966 0.734 45
-15.482 -4.976 0.772 44
-15.452 -4.921 0.754 50
-15.447 -4.925 0.747 49
-15.452 -4.966 0.742 46
-15.482 -4.958 0.778 44
-15.436 -4.936 0.732 49
-15.451 -4.970 0.739 44
-15.439 -4.949 0.731 36
-15.522 -4.997 0.795 61
-15.512 -4.975 0.788 51
-15.544 -4.983 0.795 42
-15.658 -4.923 0.801 96
-15.516 -4.919 0.775 39
-15.595 -4.922 0.790 34
-15.578 -4.930 0.789 38
-15.464 -4.908 0.763 47
-15.499 -4.922 0.773 39
-15.480 -4.914 0.767 38
-15.516 -4.986 0.791 54
-15.465 -4.925 0.767 39
-15.601 -4.932 0.793 35
-15.647 -4.922 0.799 72
-15.588 -4.920 0.788 35
-15.574 -4.947 0.792 39
-15.613 -4.924 0.794 39
-15.638 -4.925 0.798 49
-15.473 -4.906 0.764 48
-15.585 -4.923 0.788 36
-15.500 -4.933 0.775 41
-15.525 -4.927 0.778 42
-15.476 -4.938 0.772 40
-15.522 -4.938 0.781 43
-15.472 -4.930 0.770 45
-15.568 -4.912 0.783 51
-15.561 -4.971 0.796 37
-15.563 -4.917 0.783 48
-15.518 -4.929 0.778 41
-15.486 -4.929 0.772 44
-15.616 -4.928 0.795 33
-15.632 -4.923 0.797 42
-15.519 -4.998 0.795 61
-15.516 -4.974 0.788 51
-15.485 -4.907 0.767 41
-15.563 -4.981 0.798 42
-15.589 -4.916 0.787 32
-15.497 -4.958 0.781 43
-15.570 -4.919 0.785 43
-15.527 -4.906 0.774 39
-15.580 -4.947 0.793 35
-15.552 -4.914 0.780 48
-15.624 -4.930 0.797 43
-15.531 -4.916 0.777 41
-15.508 -4.985 0.789 52
-15.573 -4.980 0.800 58
-15.577 -4.939 0.791 39
-15.478 -4.925 0.770 45
-15.548 -4.988 0.797 40
-15.459 -4.908 0.762 51
-15.630 -4.926 0.797 43
-15.545 -4.964 0.791 48
-15.502 -4.978 0.787 48
-15.478 -4.917 0.768 37
-15.491 -4.906 0.767 43
-15.552 -4.959 0.791 44
-15.503 -4.990 0.790 52
-15.512 -4.914 0.773 37
-15.639 -4.925 0.798 49
-15.659 -4.924 0.802 102
-15.518 -4.977 0.789 52
-15.555 -4.949 0.789 47
-15.550 -4.988 0.798 40
-15.626 -4.927 0.797 44
-15.559 -4.950 0.790 41
-15.627 -4.942 0.801 76
-15.599 -4.959 0.800 57
-15.553 -4.918 0.781 49
-15.509 -4.961 0.784 46
-15.519 -4.955 0.784 48
-15.455 -4.904 0.760 49
-15.627 -4.928 0.797 42
-15.556 -4.982 0.797 37
-15.475 -4.924 0.769 41
-15.568 -4.943 0.790 40
-15.474 -4.930 0.770 45
-15.545 -4.918 0.780 51
-15.545 -4.920 0.780 51
-15.524 -5.001 0.796 54
-15.561 -4.930 0.786 50
-15.567 -4.913 0.783 50
-15.561 -4.945 0.789 44
-15.563 -4.929 0.786 49
-15.625 -4.942 0.800 76
-15.573 -4.955 0.794 36
-15.497 -4.900 0.767 51
-15.492 -4.899 0.766 47
-15.553 -4.932 0.785 50
-15.618 -4.942 0.799 50
-15.531 -4.998 0.797 50
-15.501 -4.917 0.772 41
-15.611 -4.928 0.794 34
-15.576 -4.918 0.785 41
-15.571 -4.959 0.795 37
-15.571 -4.950 0.792 39
-15.516 -4.989 0.792 54
-15.594 -4.918 0.789 34
-15.533 -4.984 0.794 54
-15.539 -4.906 0.776 43
-15.462 -4.915 0.764 49
-15.589 -4.947 0.795 34
-15.548 -4.910 0.778 49
-15.593 -4.966 0.800 62
-15.475 -4.902 0.763 40
-15.530 -4.969 0.789 51
-15.601 -4.955 0.799 48
-15.602 -4.932 0.793 39
-15.580 -4.914 0.785 40
-15.624 -4.937 0.799 46
-15.470 -4.911 0.765 43
-15.535 -4.944 0.784 49
-15.630 -4.921 0.796 37
-15.579 -4.952 0.794 36
-15.482 -4.910 0.767 40
-15.492 -4.930 0.773 43
-15.514 -4.988 0.791 53
-15.510 -4.994 0.792 55
-15.497 -4.911 0.769 49
-15.512 -5.001 0.794 58
-15.574 -4.930 0.788 38
-15.541 -4.971 0.792 51
-15.489 -4.955 0.779 43
-15.495 -4.925 0.773 41
-15.592 -4.925 0.790 32
-15.570 -4.934 0.788 40
-15.546 -4.934 0.784 52
-15.558 -4.924 0.784 49
-15.475 -4.929 0.770 45
-15.541 -4.942 0.785 50
-15.506 -4.935 0.777 41
-15.647 -4.870 0.690 30
-15.572 -4.884 0.726 38
-15.672 -4.855 0.658 42
-15.545 -4.884 0.729 33
-15.695 -4.847 0.638 38
-15.718 -4.861 0.665 41
-15.693 -4.840 0.624 29
-15.543 -4.886 0.734 36
-15.687 -4.860 0.667 38
-15.702 -4.871 0.687 41
-15.690 -4.849 0.642 41
-15.717 -4.836 0.612 25
-15.594 -4.871 0.697 41
-15.667 -4.854 0.655 38
-15.725 -4.851 0.644 38
-15.725 -4.833 0.606 106
-15.648 -4.857 0.663 28
-15.613 -4.863 0.679 40
-15.722 -4.850 0.643 38
-15.649 -4.859 0.667 32
-15.477 -4.886 0.740 37
-15.718 -4.860 0.664 45
-15.649 -4.878 0.707 35
-15.660 -4.870 0.689 42
-15.726 -4.873 0.689 62
-15.705 -4.855 0.653 33
-15.565 -4.877 0.712 31
-15.660 -4.862 0.673 39
-15.602 -4.859 0.672 38
-15.660 -4.861 0.670 37
-15.622 -4.878 0.709 27
-15.725 -4.853 0.647 36
-15.530 -4.877 0.715 44
-15.599 -4.867 0.689 46
-15.704 -4.856 0.656 36
-15.686 -4.874 0.695 52
-15.608 -4.868 0.691 42
-15.610 -4.882 0.718 33
-15.653 -4.871 0.692 36
-15.708 -4.872 0.688 37
-15.702 -4.864 0.674 40
-15.722 -4.874 0.691 61
-15.542 -4.877 0.715 46
-15.563 -4.873 0.704 36
-15.590 -4.881 0.719 39
-15.690 -4.848 0.641 39
-15.560 -4.877 0.712 33
-15.715 -4.871 0.685 41
-15.654 -4.865 0.680 35
-15.690 -4.869 0.685 43
-15.559 -4.870 0.699 52
-15.724 -4.857 0.655 42
-15.638 -4.879 0.711 27
-15.534 -4.874 0.710 42
-15.592 -4.862 0.679 39
-15.660 -4.852 0.653 29
-15.640 -4.870 0.690 28
-15.721 -4.846 0.634 35
-15.639 -4.857 0.665 27
-15.634 -4.862 0.676 30
-15.655 -4.862 0.674 37
-15.698 -4.850 0.644 33
-15.671 -4.861 0.670 44
-15.612 -4.876 0.707 38
-15.715 -4.843 0.628 35
-15.614 -4.878 0.710 34
-15.609 -4.860 0.674 40
-15.656 -4.862 0.673 37
-15.708 -4.855 0.654 33
-15.533 -4.881 0.725 41
-15.579 -4.872 0.701 41
-15.559 -4.869 0.696 50
-15.712 -4.843 0.629 38
-15.701 -4.871 0.687 41
-15.672 -4.852 0.651 39
-15.697 -4.863 0.671 39
-15.484 -4.886 0.739 36
-15.613 -4.870 0.694 43
-15.667 -4.857 0.662 40
-15.504 -4.884 0.733 38
-15.518 -4.879 0.720 39
-15.592 -4.877 0.710 37
-15.710 -4.838 0.617 28
-15.645 -4.861 0.671 32
-15.691 -4.856 0.658 40
-15.689 -4.854 0.654 33
-15.583 -4.868 0.692 41
-15.596 -4.869 0.692 47
-15.679 -4.863 0.672 43
-15.695 -4.844 0.632 39
-15.531 -4.883 0.728 39
-15.679 -4.846 0.638 42
-15.717 -4.873 0.690 46
-15.658 -4.853 0.654 29
-15.720 -4.861 0.666 45
-15.565 -4.872 0.703 36
-15.606 -4.867 0.687 41
-15.520 -4.880 0.722 40
-15.722 -4.859 0.661 45
-15.563 -4.870 0.698 50
-15.544 -4.882 0.725 31
-15.668 -4.868 0.684 53
-15.727 -4.849 0.639 38
-15.690 -4.843 0.630 41
-15.727 -4.865 0.673 52
-15.607 -4.860 0.674 38
-15.537 -4.886 0.733 35
-15.634 -4.855 0.660 22
-15.527 -4.883 0.728 41
-15.710 -4.840 0.621 31
-15.613 -4.864 0.681 44
-15.574 -4.880 0.717 35
-15.680 -4.866 0.678 47
-15.638 -4.867 0.685 25
-15.604 -4.869 0.692 42
-15.643 -4.876 0.704 35
-15.585 -4.882 0.721 37
-15.555 -4.876 0.712 40
-15.651 -4.866 0.683 34
-15.711 -4.852 0.647 41
-15.631 -4.871 0.695 29
-15.677 -4.847 0.640 44
-15.565 -4.878 0.715 33
-15.698 -4.849 0.643 37
-15.489 -4.889 0.745 37
-15.662 -4.850 0.648 30
-15.667 -4.858 0.664 44
-15.714 -4.858 0.659 40
-15.583 -4.869 0.695 43
-15.594 -4.873 0.702 36
-15.515 -4.883 0.730 36
-15.543 -4.877 0.715 48
-15.695 -4.855 0.655 34
-15.679 -4.858 0.663 47
-15.551 -4.885 0.731 34
-15.575 -4.865 0.687 49
-15.564 -4.892 0.744 51
-15.552 -4.902 0.768 44
-15.643 -4.920 0.797 42
-15.539 -4.887 0.737 44
-15.666 -4.899 0.751 33
-15.501 -4.898 0.763 48
-15.538 -4.887 0.736 38
-15.660 -4.881 0.713 48
-15.671 -4.913 0.781 60
-15.534 -4.898 0.761 40
-15.674 -4.897 0.746 33
-15.649 -4.902 0.758 44
-15.729 -4.874 0.692 46
-15.664 -4.898 0.750 36
-15.546 -4.896 0.755 48
-15.661 -4.918 0.792 76
-15.663 -4.887 0.724 47
-15.687 -4.885 0.719 51
-15.718 -4.880 0.706 59
-15.605 -4.914 0.789 35
-15.606 -4.884 0.723 37
-15.692 -4.885 0.717 52
-15.681 -4.886 0.721 53
-15.715 -4.881 0.707 56
-15.466 -4.895 0.759 51
-15.482 -4.895 0.757 38
-15.626 -4.895 0.746 36
-15.679 -4.901 0.754 32
-15.589 -4.888 0.734 36
-15.528 -4.892 0.747 44
-15.621 -4.902 0.760 35
-15.711 -4.887 0.721 57
-15.679 -4.891 0.732 51
-15.568 -4.897 0.756 50
-15.652 -4.883 0.718 37
-15.611 -4.892 0.739 35
-15.568 -4.898 0.757 52
-15.616 -4.884 0.722 31
-15.611 -4.894 0.744 35
-15.703 -4.892 0.732 54
-15.692 -4.901 0.752 30
-15.501 -4.899 0.765 48
-15.556 -4.894 0.750 51
-15.577 -4.899 0.759 45
-15.690 -4.894 0.738 33
-15.699 -4.881 0.710 42
-15.689 -4.882 0.712 49
-15.575 -4.897 0.755 46
-15.649 -4.900 0.753 42
-15.560 -4.898 0.758 53
-15.590 -4.904 0.769 37
-15.573 -4.887 0.732 50
-15.688 -4.903 0.758 40
-15.671 -4.884 0.718 55
-15.504 -4.891 0.749 52
-15.666 -4.911 0.776 37
-15.626 -4.898 0.753 36
-15.602 -4.896 0.749 36
-15.614 -4.886 0.727 34
-15.542 -4.891 0.745 49
-15.534 -4.900 0.764 40
-15.567 -4.885 0.729 41
-15.589 -4.900 0.759 35
-15.603 -4.911 0.783 32
-15.659 -4.899 0.752 38
-15.648 -4.914 0.785 40
-15.552 -4.904 0.770 48
-15.581 -4.910 0.783 43
-15.651 -4.906 0.767 41
-15.571 -4.885 0.730 43
-15.579 -4.899 0.758 44
-15.620 -4.897 0.750 35
-15.650 -4.914 0.785 37
-15.454 -4.892 0.755 47
-15.558 -4.894 0.749 51
-15.563 -4.902 0.766 52
-15.582 -4.910 0.781 42
-15.704 -4.893 0.734 54
-15.678 -4.883 0.715 53
-15.635 -4.918 0.794 46
-15.574 -4.909 0.781 48
-15.646 -4.909 0.775 35
-15.584 -4.895 0.750 38
-15.638 -4.894 0.743 36
-15.726 -4.876 0.695 50
-15.622 -4.885 0.725 28
-15.540 -4.901 0.765 42
-15.592 -4.903 0.765 36
-15.559 -4.888 0.736 43
-15.558 -4.907 0.777 51
-15.534 -4.895 0.754 42
-15.664 -4.902 0.757 26
-15.610 -4.896 0.749 35
-15.610 -4.896 0.750 35
-15.503 -4.897 0.761 48
-15.557 -4.898 0.759 53
-15.665 -4.879 0.707 48
-15.530 -4.897 0.759 40
-15.699 -4.883 0.713 48
-15.530 -4.894 0.751 44
-15.635 -4.910 0.777 33
-15.613 -4.894 0.744 35
-15.631 -4.889 0.733 33
-15.528 -4.895 0.753 43
-15.500 -4.895 0.757 47
-15.598 -4.891 0.738 32
-15.685 -4.906 0.765 48
-15.594 -4.885 0.726 37
-15.655 -4.880 0.711 41
-15.566 -4.897 0.754 53
-15.654 -4.908 0.771 44
-15.633 -4.901 0.758 37
-15.657 -4.881 0.713 42
-15.652 -4.887 0.727 40
-15.672 -4.900 0.753 31
-15.657 -4.916 0.789 63
-15.653 -4.912 0.780 39
-15.562 -4.889 0.739 45
-15.545 -4.905 0.774 41
-15.672 -4.911 0.777 42
-15.560 -4.906 0.774 51
-15.504 -4.897 0.761 50
-15.625 -4.898 0.752 36
-15.622 -4.905 0.767 37
-15.667 -4.888 0.727 40
-15.676 -4.913 0.780 62
-15.545 -4.900 0.764 44
-15.666 -4.896 0.744 34
-15.665 -4.881 0.712 52
-15.667 -4.889 0.729 40
-15.555 -4.886 0.733 35
-15.666 -4.904 0.761 22
-15.624 -4.915 0.789 35
-15.555 -4.892 0.745 49
-15.640 -4.896 0.747 37
-15.679 -4.907 0.768 41
-15.553 -4.901 0.765 48
-15.647 -4.897 0.748 35
-15.562 -4.902 0.767 52
-15.703 -4.889 0.725 53
-15.547 -4.903 0.770 41
-15.543 -4.902 0.767 41
-15.526 -4.891 0.745 48
-15.653 -4.911 0.779 39
-15.604 -4.899 0.756 33
-15.608 -4.909 0.777 33
-15.458 -4.894 0.757 47
-15.514 -4.898 0.762 42
-15.676 -4.913 0.780 62
-15.603 -4.907 0.773 33
-15.669 -4.901 0.754 33
-15.497 -4.893 0.753 46
-15.266 -4.642 0.617 31
-15.257 -4.660 0.637 53
-15.257 -4.599 0.625 52
-15.263 -4.670 0.628 53
-15.261 -4.679 0.634 50
-15.256 -4.634 0.634 49
-15.246 -4.589 0.644 33
-15.266 -4.631 0.615 26
-15.240 -4.614 0.660 98
-15.251 -4.605 0.638 50
-15.256 -4.613 0.630 47
-15.253 -4.643 0.641 57
-15.253 -4.633 0.641 54
-15.239 -4.601 0.660 88
-15.266 -4.684 0.626 55
-15.274 -4.720 0.618 75
-15.259 -4.609 0.624 52
-15.270 -4.691 0.618 29
-15.280 -4.752 0.611 83
-15.246 -4.607 0.648 44
-15.275 -4.699 0.610 96
-15.251 -4.647 0.647 53
-15.270 -4.662 0.613 43
-15.240 -4.603 0.659 88
-15.264 -4.686 0.630 50
-15.235 -4.583 0.664 74
-15.245 -4.620 0.653 33
-15.271 -4.672 0.613 60
-15.261 -4.643 0.626 51
-15.263 -4.612 0.617 53
-15.244 -4.601 0.651 38
-15.258 -4.613 0.626 50
-15.267 -4.685 0.623 50
-15.280 -4.748 0.611 91
-15.269 -4.624 0.608 92
-15.257 -4.602 0.626 54
-15.237 -4.585 0.661 103
-15.253 -4.627 0.639 54
-15.269 -4.662 0.615 28
-15.272 -4.715 0.620 49
-15.257 -4.659 0.638 54
-15.263 -4.685 0.632 55
-15.269 -4.624 0.608 92
-15.262 -4.619 0.619 52
-15.239 -4.606 0.662 95
-15.267 -4.648 0.617 38
-15.236 -4.583 0.663 103
-15.277 -4.732 0.614 110
-15.270 -4.633 0.608 69
-15.263 -4.654 0.625 53
-15.262 -4.688 0.634 57
-15.262 -4.639 0.625 54
-15.263 -4.640 0.622 45
-15.273 -4.728 0.620 43
-15.267 -4.652 0.616 36
-15.258 -4.672 0.639 55
-15.270 -4.700 0.621 32
-15.246 -4.594 0.645 40
-15.261 -4.662 0.630 54
-15.390 -4.890 0.533 95
-15.403 -4.896 0.522 91
-15.388 -4.902 0.535 83
-15.372 -4.859 0.547 38
-15.409 -4.890 0.516 98
-15.348 -4.874 0.569 16
-15.367 -4.859 0.551 31
-15.327 -4.850 0.585 55
-15.411 -4.907 0.515 89
-15.378 -4.888 0.544 83
-15.351 -4.861 0.565 18
-15.335 -4.851 0.579 64
-15.345 -4.871 0.571 14
-15.394 -4.878 0.528 19
-15.369 -4.847 0.548 51
-15.335 -4.844 0.578 59
-15.392 -4.899 0.532 84
-15.404 -4.869 0.519 12
-15.406 -4.911 0.520 91
-15.412 -4.917 0.516 90
-15.363 -4.881 0.556 44
-15.414 -4.919 0.514 90
-15.414 -4.893 0.512 100
-15.336 -4.864 0.578 14
-15.394 -4.899 0.530 84
-15.379 -4.850 0.539 45
-15.348 -4.851 0.567 63
-15.407 -4.920 0.520 91
-15.385 -4.876 0.536 12
-15.355 -4.875 0.562 17
-15.412 -4.870 0.512 13
-15.382 -4.892 0.540 84
-15.378 -4.898 0.543 81
-15.349 -4.847 0.566 62
-15.347 -4.859 0.569 16
-15.413 -4.875 0.511 14
-15.377 -4.896 0.545 83
-15.387 -4.889 0.535 90
-15.348 -4.854 0.567 38
-15.412 -4.862 0.512 29
-15.356 -4.869 0.561 12
-15.360 -4.870 0.557 13
-15.334 -4.848 0.579 64
-15.404 -4.905 0.521 87
-15.358 -4.857 0.559 31
-15.358 -4.867 0.559 13
-15.340 -4.861 0.575 15
-15.399 -4.892 0.525 97
-15.335 -4.845 0.578 69
-15.394 -4.909 0.531 85
-15.379 -4.870 0.541 10
-15.360 -4.851 0.557 67
-15.398 -4.871 0.524 11
-15.348 -4.869 0.569 14
-15.349 -4.859 0.567 22
-15.330 -4.847 0.582 70
-15.370 -4.857 0.548 44
-15.346 -4.864 0.570 12
