-12.101 -4.295 3.096 146
-12.221 -4.347 3.155 116
-12.184 -4.278 3.138 137
-12.201 -4.241 3.146 131
-12.137 -4.447 3.113 139
-12.149 -4.492 3.119 134
-12.198 -4.231 3.145 129
-12.143 -4.302 3.116 139
-12.130 -3.961 3.111 147
-12.122 -4.486 3.105 144
-12.100 -4.496 3.094 151
-12.113 -4.283 3.102 143
-12.136 -4.192 3.114 138
-12.160 -4.147 3.125 137
-12.162 -4.285 3.126 138
-12.144 -4.268 3.117 140
-12.166 -4.264 3.128 137
-12.173 -4.315 3.131 136
-12.179 -4.234 3.135 138
-12.116 -4.205 3.104 140
-12.129 -3.911 3.111 143
-12.206 -4.339 3.148 110
-12.140 -4.159 3.115 142
-12.145 -4.268 3.118 139
-12.153 -4.121 3.121 139
-12.113 -4.491 3.101 152
-12.172 -4.163 3.131 136
-12.160 -4.114 3.125 138
-12.135 -4.365 3.112 137
-12.187 -4.403 3.138 130
-12.143 -4.270 3.117 140
-12.108 -3.897 3.100 147
-12.173 -4.229 3.132 139
-12.174 -4.458 3.131 138
-12.180 -4.333 3.135 136
-12.195 -4.319 3.143 135
-12.142 -4.022 3.117 142
-12.193 -4.428 3.141 123
-12.166 -4.390 3.128 138
-12.100 -4.143 3.095 142
-12.104 -4.455 3.096 156
-12.107 -4.271 3.099 145
-12.138 -4.495 3.113 137
-12.105 -3.932 3.098 144
-12.130 -4.411 3.110 138
-12.118 -4.029 3.104 147
-12.127 -4.433 3.108 139
-12.107 -4.369 3.098 151
-12.156 -4.105 3.123 139
-12.134 -3.951 3.113 145
-12.156 -4.249 3.124 141
-12.170 -4.413 3.130 134
-12.096 -3.815 3.095 118
-12.113 -4.488 3.101 152
-12.146 -3.977 3.119 143
-12.098 -3.777 3.096 132
-12.120 -3.973 3.106 146
-12.111 -3.855 3.102 146
-12.100 -4.507 3.094 150
-12.095 -3.738 3.094 129
-12.112 -3.837 3.102 144
-12.091 -4.215 3.091 124
-12.120 -4.551 3.104 141
-12.154 -3.996 3.123 139
-12.165 -4.441 3.127 134
-12.154 -4.476 3.121 134
-12.153 -4.010 3.122 140
-12.125 -3.959 3.108 147
-12.170 -4.250 3.131 141
-12.098 -4.487 3.093 152
-12.102 -4.287 3.096 147
-12.142 -4.514 3.115 135
-12.136 -4.097 3.113 144
-12.118 -3.877 3.105 145
-12.136 -4.170 3.114 142
-12.192 -4.247 3.142 136
-12.185 -4.408 3.137 129
-12.188 -4.335 3.139 137
-12.113 -4.288 3.102 143
-12.135 -4.342 3.112 140
-12.159 -4.264 3.125 140
-12.095 -3.693 3.094 121
-12.190 -4.381 3.140 129
-12.120 -4.449 3.104 148
-12.142 -3.962 3.117 144
-12.124 -4.242 3.108 142
-12.121 -4.256 3.106 145
-12.136 -4.161 3.113 143
-12.101 -3.787 3.097 141
-12.102 -4.336 3.096 143
-12.105 -3.769 3.099 141
-12.165 -4.392 3.127 138
-12.204 -4.325 3.147 119
-12.114 -3.936 3.103 146
-12.124 -4.340 3.107 144
-12.102 -4.219 3.096 143
-12.138 -4.017 3.115 142
-12.123 -4.173 3.107 143
-12.133 -4.330 3.111 141
-12.126 -4.537 3.107 126
-12.161 -4.249 3.126 137
-12.112 -4.501 3.100 151
-12.164 -4.311 3.127 139
-12.093 -4.142 3.091 128
-12.183 -4.406 3.136 130
-12.164 -4.452 3.127 136
-12.173 -4.422 3.131 134
-12.112 -3.945 3.102 145
-12.126 -4.387 3.107 143
-12.098 -4.553 3.093 157
-12.174 -4.148 3.132 137
-12.105 -4.546 3.096 155
-12.134 -4.023 3.113 144
-12.128 -4.259 3.110 143
-12.097 -3.761 3.095 133
-12.159 -4.442 3.124 134
-12.108 -3.795 3.101 140
-12.115 -3.934 3.103 146
-12.100 -4.585 3.094 152
-12.093 -4.019 3.092 137
-12.197 -4.244 3.144 133
-12.170 -4.184 3.131 135
-12.098 -3.922 3.095 131
-12.092 -4.284 3.091 132
-12.112 -4.335 3.101 143
-12.148 -4.477 3.118 135
-12.189 -4.284 3.140 135
-12.142 -4.098 3.116 141
-12.199 -4.334 3.145 128
-12.158 -4.403 3.124 136
-12.152 -4.241 3.122 140
-12.096 -4.369 3.093 149
-12.178 -4.398 3.134 133
-12.216 -4.345 3.153 111
-12.130 -4.412 3.110 138
-12.153 -4.410 3.121 136
-12.129 -4.137 3.109 143
-12.150 -3.977 3.121 142
-12.104 -3.977 3.098 143
-12.140 -4.431 3.114 136
-12.155 -4.120 3.122 139
-12.170 -4.439 3.130 134
-12.093 -4.576 3.090 155
-12.167 -4.142 3.129 135
-12.113 -4.213 3.102 142
-12.142 -4.012 3.116 142
-12.119 -3.996 3.105 143
-12.110 -4.168 3.100 145
-12.125 -4.294 3.108 145
-12.165 -4.037 3.128 138
-12.183 -4.177 3.137 135
-12.133 -3.881 3.113 150
-12.211 -4.299 3.151 112
-12.118 -3.982 3.105 146
-12.187 -4.328 3.139 136
-12.098 -4.402 3.093 151
-12.121 -4.426 3.105 144
-12.140 -4.153 3.115 143
-12.110 -4.401 3.100 150
-12.154 -4.439 3.122 135
-12.118 -4.383 3.104 145
-12.132 -4.512 3.110 132
-12.124 -4.081 3.107 143
-12.158 -4.207 3.125 137
-12.173 -4.329 3.132 137
-12.218 -4.378 3.154 111
-12.156 -4.298 3.123 138
-12.159 -4.115 3.125 139
-12.093 -3.839 3.093 135
-12.125 -4.302 3.107 145
-12.106 -4.449 3.097 153
-12.109 -4.435 3.099 150
-12.119 -4.045 3.105 141
-12.147 -4.316 3.118 138
-12.135 -3.914 3.114 147
-12.114 -3.977 3.103 145
-12.168 -4.274 3.130 139
-12.157 -4.070 3.124 139
-12.109 -3.770 3.101 143
-12.197 -4.307 3.144 132
-12.127 -4.067 3.109 143
-12.121 -4.001 3.106 144
-12.126 -3.923 3.109 147
-12.128 -3.857 3.111 145
-12.130 -4.383 3.110 140
-12.116 -4.009 3.103 143
-12.122 -4.112 3.106 143
-12.150 -4.386 3.120 138
-12.132 -3.967 3.112 147
-12.114 -3.868 3.103 146
-12.210 -4.369 3.150 113
-12.147 -4.463 3.118 139
-12.206 -4.334 3.148 112
-12.118 -4.270 3.104 142
-12.096 -4.242 3.093 134
-12.129 -4.098 3.110 145
-12.113 -3.992 3.102 146
-12.116 -4.348 3.103 149
-12.155 -4.413 3.122 136
-12.199 -4.304 3.145 131
-12.215 -4.388 3.152 112
-12.190 -4.424 3.139 130
-12.125 -4.284 3.108 142
-12.155 -4.419 3.122 136
-12.107 -4.531 3.097 157
-12.135 -4.029 3.113 143
-12.100 -3.738 3.097 143
-12.161 -4.061 3.126 139
-12.139 -4.414 3.114 136
-12.180 -4.433 3.135 131
-12.116 -4.198 3.104 140
-12.131 -3.909 3.112 146
-12.152 -4.137 3.121 140
-12.181 -4.122 3.136 135
-12.121 -3.935 3.106 145
-12.093 -3.697 3.094 134
-12.157 -4.210 3.124 138
-12.191 -4.392 3.140 128
-12.210 -4.281 3.151 112
-12.108 -3.877 3.100 144
-12.092 -4.519 3.090 154
-12.133 -4.177 3.112 142
-12.124 -4.169 3.107 143
-12.093 -3.999 3.092 147
-12.138 -4.020 3.115 144
-12.114 -3.909 3.103 146
-12.124 -4.312 3.107 144
-12.175 -4.366 3.133 135
-12.112 -4.208 3.102 141
-12.136 -4.440 3.112 138
-12.161 -4.475 3.125 135
-12.125 -4.319 3.107 144
-12.155 -4.164 3.122 137
-12.134 -4.077 3.112 139
-12.114 -4.159 3.102 144
-12.093 -3.751 3.093 141
-12.146 -4.255 3.118 141
-12.097 -4.322 3.093 144
-12.096 -3.870 3.094 123
-12.113 -4.014 3.102 143
-12.164 -4.036 3.128 138
-12.098 -4.288 3.094 147
-12.136 -4.485 3.112 137
-12.149 -4.205 3.120 139
-12.164 -4.197 3.128 135
-12.121 -4.288 3.106 143
-12.100 -4.573 3.094 157
-12.146 -4.488 3.117 135
-12.154 -4.157 3.122 137
-12.096 -4.243 3.094 134
-12.094 -3.767 3.094 126
-12.141 -4.400 3.115 137
-12.205 -4.346 3.147 118
-12.099 -4.375 3.094 151
-12.140 -4.473 3.114 136
-12.127 -4.476 3.108 140
-12.225 -4.370 3.158 120
-12.115 -4.451 3.102 151
-12.134 -4.015 3.112 144
-12.174 -4.091 3.132 138
-12.096 -4.300 3.093 140
-12.092 -4.449 3.090 153
-12.201 -4.327 3.146 129
-12.165 -4.177 3.128 136
-12.173 -4.380 3.132 136
-12.108 -3.966 3.100 145
-12.168 -4.224 3.130 139
-12.154 -4.464 3.121 138
-12.163 -4.042 3.127 138
-12.153 -3.977 3.122 142
-12.160 -4.289 3.125 138
-12.123 -4.451 3.106 145
-12.127 -4.225 3.109 139
-12.199 -4.281 3.145 132
-12.121 -4.407 3.105 146
-12.105 -4.162 3.097 146
-12.137 -3.999 3.114 145
-12.156 -4.052 3.123 140
-12.162 -4.273 3.126 139
-12.178 -4.366 3.134 135
-12.101 -4.229 3.096 146
-12.152 -4.026 3.122 140
-12.094 -3.694 3.094 121
-12.140 -4.071 3.115 142
-12.120 -4.216 3.106 140
-12.197 -4.219 3.144 130
-12.194 -4.332 3.142 133
-12.127 -4.464 3.108 143
-12.157 -4.151 3.124 137
-12.132 -4.442 3.110 140
-12.097 -3.998 3.094 132
-12.106 -4.101 3.098 142
-12.108 -4.488 3.098 153
-12.108 -4.036 3.099 141
-12.153 -4.304 3.122 137
-12.161 -4.157 3.126 137
-12.107 -4.156 3.098 144
-12.140 -4.116 3.115 143
-12.119 -4.290 3.105 142
-12.162 -4.308 3.126 138
-12.178 -4.275 3.134 137
-12.095 -3.787 3.094 126
-12.180 -4.155 3.135 136
-12.164 -4.156 3.127 137
-12.097 -4.115 3.094 133
-12.107 -3.875 3.100 144
-12.107 -4.310 3.099 144
-12.135 -4.426 3.112 136
-12.121 -4.108 3.106 143
-12.122 -4.170 3.107 143
-12.152 -4.023 3.121 140
-12.114 -4.181 3.103 144
-12.136 -3.985 3.113 144
-12.181 -4.221 3.136 136
-12.155 -3.989 3.123 140
-12.160 -4.416 3.125 135
-12.169 -4.198 3.131 138
-12.176 -4.425 3.132 133
-12.135 -3.983 3.113 144
-12.224 -4.374 3.157 117
-12.195 -4.339 3.143 132
-12.100 -4.504 3.094 150
-12.121 -3.884 3.107 143
-12.134 -4.050 3.112 143
-12.133 -4.297 3.111 143
-12.114 -4.417 3.101 149
-12.097 -3.940 3.094 137
-12.201 -4.397 3.145 114
-12.147 -4.368 3.118 136
-12.206 -4.339 3.148 110
-12.175 -4.110 3.132 136
-12.141 -4.388 3.115 138
-12.092 -4.295 3.091 136
-12.177 -4.230 3.134 141
-12.120 -3.993 3.106 143
-12.103 -4.561 3.095 160
-12.118 -3.855 3.105 146
-12.123 -3.832 3.108 150
-12.102 -3.905 3.097 144
-12.113 -4.018 3.102 144
-12.211 -4.397 3.150 113
-12.109 -4.069 3.100 143
-12.099 -4.231 3.095 140
-12.147 -4.272 3.119 140
-12.096 -3.759 3.095 127
-12.123 -4.312 3.106 143
-12.108 -4.547 3.098 156
-12.111 -4.412 3.100 151
-12.117 -4.418 3.103 148
-12.117 -3.822 3.105 143
-12.098 -3.821 3.096 132
-12.122 -4.522 3.105 139
-12.117 -4.506 3.103 148
-12.095 -4.529 3.091 153
-12.133 -4.092 3.112 142
-12.197 -4.382 3.144 121
-12.135 -3.988 3.113 144
-12.151 -4.295 3.121 138
-12.160 -4.283 3.126 138
-12.199 -4.254 3.145 134
-12.120 -3.848 3.106 145
-12.158 -4.141 3.124 139
-12.167 -4.309 3.129 138
-12.102 -4.059 3.096 140
-12.106 -3.884 3.099 146
-12.202 -4.248 3.147 118
-12.101 -3.891 3.097 142
-12.128 -4.499 3.108 137
-12.178 -4.252 3.135 138
-12.113 -4.033 3.102 142
-12.112 -3.842 3.102 145
-12.193 -4.244 3.142 134
-12.093 -4.164 3.091 128
-12.120 -3.814 3.107 144
-12.173 -4.299 3.132 137
-12.108 -4.355 3.099 150
-12.179 -4.312 3.134 135
-12.124 -3.979 3.108 144
-12.174 -4.361 3.132 134
-12.133 -4.347 3.112 139
-12.216 -4.389 3.153 112
-12.153 -4.188 3.122 138
-12.184 -4.284 3.137 137
-12.180 -4.137 3.135 136
-12.117 -4.422 3.103 148
-12.110 -4.516 3.099 156
-12.169 -4.201 3.131 138
-12.132 -4.243 3.112 142
-12.126 -4.160 3.108 144
-12.152 -4.368 3.121 137
-12.144 -4.244 3.117 141
-12.104 -4.351 3.097 150
-12.123 -4.077 3.106 142
-12.154 -4.190 3.123 137
-12.164 -4.455 3.127 139
-12.115 -4.246 3.103 145
-12.188 -4.274 3.139 136
-12.141 -4.189 3.116 137
-12.097 -3.862 3.094 141
-12.093 -3.715 3.093 139
-12.167 -4.433 3.128 136
-12.098 -3.798 3.096 136
-12.195 -4.415 3.142 127
-12.167 -4.250 3.129 140
-12.107 -3.850 3.100 145
-12.164 -4.194 3.128 136
-12.183 -4.279 3.137 138
-12.094 -3.891 3.093 118
-12.122 -4.091 3.106 142
-12.112 -3.820 3.102 145
-12.116 -3.984 3.104 145
-12.205 -4.291 3.148 120
-12.115 -3.998 3.103 143
-12.118 -4.292 3.104 142
-12.144 -4.347 3.117 139
-12.114 -4.193 3.102 143
-12.093 -3.707 3.093 138
-12.107 -3.930 3.099 145
-12.104 -3.979 3.097 144
-12.134 -4.413 3.111 137
-12.098 -4.130 3.094 132
-12.159 -4.452 3.124 136
-12.146 -3.997 3.119 142
-12.131 -4.231 3.111 138
-12.132 -4.437 3.110 138
-12.147 -4.091 3.119 142
-12.193 -4.257 3.142 134
-12.091 -4.204 3.091 131
-12.228 -4.369 3.159 122
-12.159 -4.082 3.125 139
-12.173 -4.351 3.132 135
-12.183 -4.361 3.136 131
-12.140 -4.412 3.115 136
-12.129 -4.294 3.110 144
-12.118 -4.386 3.104 144
-12.094 -4.458 3.091 153
-12.116 -3.795 3.105 145
-12.104 -4.272 3.097 145
-12.221 -4.367 3.156 114
-12.175 -4.225 3.133 140
-12.123 -4.070 3.107 144
-12.114 -4.258 3.102 145
-12.157 -4.173 3.124 137
-12.145 -4.314 3.118 137
-12.182 -4.380 3.136 135
-12.172 -4.261 3.132 139
-12.132 -4.508 3.110 132
-12.176 -4.404 3.133 134
-12.109 -4.523 3.099 155
-12.142 -4.498 3.115 136
-12.133 -4.515 3.110 133
-12.141 -4.267 3.116 141
-12.138 -4.431 3.113 136
-12.152 -4.454 3.120 137
-12.217 -4.310 3.154 115
-12.096 -3.732 3.095 126
-12.112 -4.137 3.101 145
-12.152 -4.039 3.122 137
-12.146 -4.109 3.118 143
-12.132 -4.128 3.111 143
-12.195 -4.412 3.142 127
-12.106 -3.763 3.100 144
-12.169 -4.108 3.130 137
-12.157 -4.222 3.124 139
-12.093 -4.494 3.091 152
-12.091 -4.447 3.090 153
-12.192 -4.263 3.142 136
-12.094 -4.563 3.091 156
-12.094 -3.694 3.094 121
-12.100 -3.874 3.096 144
-12.209 -4.367 3.149 113
-12.121 -4.462 3.105 145
-12.164 -4.080 3.127 140
-12.107 -4.200 3.099 140
-12.142 -4.370 3.116 137
-12.132 -4.055 3.112 141
-12.118 -3.879 3.105 145
-12.092 -4.516 3.090 154
-12.180 -4.256 3.135 138
-12.109 -3.999 3.100 145
-12.097 -3.873 3.095 135
-12.108 -4.237 3.099 141
-12.178 -4.329 3.134 135
-12.101 -4.104 3.096 147
-12.149 -4.140 3.120 139
-12.167 -4.245 3.129 141
-12.098 -4.161 3.094 137
-12.136 -4.371 3.113 138
-12.118 -4.253 3.104 144
-12.130 -4.309 3.110 143
-12.102 -4.305 3.096 143
-12.109 -4.473 3.099 152
-12.196 -4.222 3.144 130
-12.134 -4.372 3.112 139
-12.144 -4.467 3.116 138
-12.151 -4.344 3.120 138
-12.174 -4.378 3.132 136
-12.132 -4.501 3.110 135
-12.105 -4.562 3.096 160
-12.184 -4.263 3.137 137
-12.127 -3.969 3.109 146
-12.173 -4.286 3.132 138
-12.111 -4.479 3.099 151
-12.155 -4.363 3.122 136
-12.186 -4.286 3.138 137
-12.184 -4.303 3.137 134
-12.154 -4.160 3.122 137
-12.096 -4.092 3.093 128
-12.097 -3.781 3.095 133
-12.121 -4.472 3.105 145
-12.104 -4.026 3.097 141
-12.121 -4.437 3.105 143
-12.139 -4.430 3.114 136
-12.193 -4.318 3.142 135
-12.156 -4.310 3.123 138
-12.101 -4.553 3.094 157
-12.180 -4.428 3.135 131
-12.137 -4.293 3.114 139
-12.123 -4.251 3.107 144
-12.094 -4.561 3.091 156
-12.127 -4.517 3.108 132
-12.115 -4.477 3.102 150
-12.208 -4.391 3.149 116
-12.155 -4.169 3.123 137
-12.175 -4.345 3.133 137
-12.156 -4.174 3.124 137
-12.148 -4.494 3.118 134
-12.102 -4.146 3.096 142
-12.151 -4.271 3.121 139
-12.102 -3.803 3.098 145
-12.116 -4.159 3.103 144
-12.210 -4.315 3.150 110
-12.146 -4.229 3.118 139
-12.125 -3.968 3.108 146
-12.133 -3.877 3.113 150
-12.146 -4.393 3.117 137
-12.144 -4.461 3.117 139
-12.152 -4.085 3.121 140
-12.122 -4.461 3.105 146
-12.100 -4.169 3.095 144
-12.221 -4.341 3.156 117
-12.178 -4.410 3.134 132
-12.164 -4.318 3.127 139
-12.106 -4.360 3.098 150
-12.134 -3.968 3.113 145
-12.091 -4.207 3.091 143
-12.129 -4.456 3.109 141
-12.099 -4.298 3.094 144
-12.173 -4.320 3.131 137
-12.111 -4.508 3.100 152
-12.144 -4.029 3.117 142
-12.159 -4.390 3.124 136
-12.109 -3.861 3.101 146
-12.161 -4.020 3.126 138
-12.123 -4.455 3.106 145
-12.131 -4.124 3.111 144
-12.141 -4.023 3.116 142
-12.096 -4.307 3.093 140
-12.095 -4.075 3.093 123
-12.117 -4.151 3.103 146
-12.159 -4.038 3.125 138
-12.092 -4.174 3.092 129
-12.095 -4.557 3.091 156
-12.113 -4.520 3.101 152
-12.111 -4.394 3.100 149
-12.101 -4.091 3.096 143
-12.147 -4.127 3.118 141
-12.111 -4.038 3.101 142
-12.130 -4.359 3.110 138
-12.098 -4.527 3.093 153
-12.177 -4.255 3.134 139
-12.091 -4.589 3.089 152
-12.117 -4.469 3.103 151
-12.102 -4.039 3.096 143
-12.198 -4.386 3.144 121
-12.111 -3.852 3.102 146
-12.097 -3.967 3.094 132
-12.130 -3.969 3.111 147
-12.145 -4.351 3.117 137
-12.157 -4.124 3.123 139
-12.106 -4.041 3.098 138
-12.127 -4.251 3.109 143
-12.174 -4.280 3.132 137
-12.134 -4.313 3.112 140
-12.186 -4.175 3.139 138
-12.137 -4.360 3.113 136
-12.125 -4.072 3.108 142
-12.177 -4.284 3.134 135
-12.125 -4.411 3.107 143
-12.170 -4.244 3.131 141
-12.139 -4.387 3.114 138
-12.140 -4.365 3.115 136
-12.150 -4.380 3.120 138
-12.123 -4.193 3.107 143
-12.107 -3.773 3.100 142
-12.113 -4.182 3.102 144
-12.162 -4.155 3.126 137
-12.114 -4.496 3.101 150
-12.155 -4.037 3.123 138
-12.103 -4.192 3.097 142
-12.202 -4.317 3.146 131
-12.098 -4.216 3.094 144
-12.198 -4.298 3.145 130
-12.128 -4.183 3.110 142
-12.107 -4.283 3.099 143
-12.143 -4.238 3.117 140
-12.127 -3.927 3.110 147
-12.113 -3.814 3.103 143
-12.116 -4.448 3.102 151
-12.162 -4.350 3.126 137
-12.162 -4.075 3.126 140
-12.120 -4.389 3.105 144
-12.202 -4.355 3.146 119
-12.133 -4.404 3.111 137
-12.179 -4.340 3.134 135
-12.203 -4.382 3.147 117
-12.114 -3.875 3.103 145
-12.133 -4.507 3.110 132
-12.151 -4.090 3.121 141
-12.115 -4.530 3.101 151
-12.107 -4.259 3.099 141
-12.142 -4.472 3.115 136
-12.169 -4.125 3.130 137
-12.136 -4.430 3.113 136
-12.115 -4.416 3.102 148
-12.217 -4.316 3.154 112
-12.143 -4.105 3.117 144
-12.143 -4.232 3.117 139
-12.148 -4.397 3.119 136
-12.107 -4.473 3.098 153
-12.114 -4.196 3.103 140
-12.131 -4.528 3.109 130
-12.125 -4.060 3.108 140
-12.118 -4.547 3.103 148
-12.095 -4.148 3.092 126
-12.091 -4.233 3.091 144
-12.167 -4.417 3.128 136
-12.155 -4.317 3.123 139
-12.175 -4.188 3.133 135
-12.160 -4.372 3.125 138
-12.117 -4.262 3.104 142
-12.141 -4.145 3.115 141
-12.139 -4.261 3.115 141
-12.122 -4.011 3.107 145
-12.214 -4.359 3.152 112
-12.149 -4.058 3.120 137
-12.117 -4.155 3.103 145
-12.181 -4.168 3.136 136
-12.195 -4.408 3.142 126
-12.159 -4.107 3.124 139
-12.128 -4.131 3.109 141
-12.175 -4.382 3.132 135
-12.131 -4.332 3.110 143
-12.193 -4.384 3.142 125
-12.137 -4.033 3.114 141
-12.160 -4.029 3.126 137
-12.105 -4.227 3.098 142
-12.094 -4.438 3.091 149
-12.167 -4.395 3.128 138
-12.143 -4.161 3.116 141
-12.149 -4.270 3.120 139
-12.137 -4.167 3.114 142
-12.191 -4.386 3.141 129
-12.114 -4.057 3.102 145
-12.145 -4.328 3.117 141
-12.096 -3.722 3.095 127
-12.137 -4.020 3.114 144
-12.136 -4.065 3.114 142
-12.098 -3.897 3.095 131
-12.182 -4.409 3.136 130
-12.143 -4.292 3.117 140
-12.204 -4.306 3.147 122
-12.121 -4.528 3.104 137
-12.175 -4.458 3.132 135
-12.189 -4.171 3.140 137
-12.103 -4.464 3.095 155
-12.112 -4.300 3.101 144
-12.113 -3.817 3.103 144
-12.127 -4.141 3.108 145
-12.123 -4.421 3.106 144
-12.133 -4.042 3.112 142
-12.137 -4.322 3.114 140
-12.092 -4.179 3.091 130
-12.140 -4.283 3.115 141
-12.129 -4.104 3.109 140
-12.197 -4.405 3.143 123
-12.126 -4.053 3.108 141
-12.159 -4.402 3.124 136
-12.101 -4.298 3.096 146
-12.209 -4.373 3.150 112
-12.198 -4.373 3.144 121
-12.172 -4.376 3.131 136
-12.098 -4.469 3.093 154
-12.158 -4.293 3.124 138
-12.175 -4.227 3.133 140
-12.114 -3.861 3.103 147
-12.105 -4.028 3.098 140
-12.162 -4.139 3.126 138
-12.137 -4.471 3.113 137
-12.161 -4.456 3.125 138
-12.220 -4.336 3.155 113
-12.131 -4.277 3.111 142
-12.147 -4.200 3.119 139
-12.141 -4.339 3.116 139
-12.131 -3.898 3.112 142
-12.123 -4.287 3.107 143
-12.094 -3.888 3.093 119
-12.209 -4.330 3.150 111
-12.135 -4.232 3.113 139
-12.098 -3.783 3.096 133
-12.104 -4.439 3.096 151
-12.204 -4.383 3.147 117
-12.141 -4.354 3.115 137
-12.106 -4.280 3.098 146
-12.125 -4.023 3.108 142
-12.203 -4.263 3.147 116
-12.112 -4.036 3.101 142
-12.133 -4.492 3.111 137
-12.119 -4.308 3.105 143
-12.160 -4.304 3.125 137
-12.107 -4.355 3.098 150
-12.098 -4.323 3.094 144
-12.131 -4.397 3.110 139
-12.127 -4.506 3.108 135
-12.188 -4.193 3.140 135
-12.217 -4.375 3.154 110
-12.111 -4.421 3.100 150
-12.100 -4.476 3.094 150
-12.108 -4.551 3.098 161
-12.186 -4.177 3.139 137
-12.113 -4.398 3.101 149
-12.171 -4.115 3.131 137
-12.099 -4.295 3.095 144
-12.182 -4.166 3.136 136
-12.194 -4.195 3.143 134
-12.093 -3.787 3.093 145
-12.125 -4.036 3.108 144
-12.093 -4.109 3.091 148
-12.175 -4.222 3.133 139
-12.117 -4.049 3.104 143
-12.138 -4.042 3.114 142
-12.098 -3.986 3.094 131
-12.189 -4.271 3.140 136
-12.112 -4.436 3.101 149
-12.114 -4.088 3.102 145
-12.098 -4.095 3.094 138
-12.134 -4.371 3.112 138
-12.099 -3.803 3.096 137
-12.148 -4.243 3.119 140
-12.181 -4.189 3.136 136
-12.162 -4.458 3.125 138
-12.172 -4.307 3.131 137
-12.134 -3.986 3.113 144
-12.142 -3.942 3.117 143
-12.131 -4.273 3.111 143
-12.130 -4.192 3.111 144
-12.092 -4.445 3.090 151
-12.113 -3.880 3.103 145
-12.198 -4.214 3.145 132
-12.189 -4.433 3.139 130
-12.103 -4.238 3.097 145
-12.196 -4.262 3.144 134
-12.176 -4.341 3.133 137
-12.139 -4.151 3.115 143
-12.154 -4.271 3.122 139
-12.119 -4.162 3.104 145
-12.171 -4.459 3.130 138
-12.160 -4.239 3.125 139
-12.189 -4.312 3.140 136
-12.113 -3.778 3.103 144
-12.139 -4.115 3.115 143
-12.101 -4.007 3.096 140
-12.106 -4.049 3.098 140
-12.128 -4.479 3.108 140
-12.134 -4.260 3.112 142
-12.205 -3.776 3.154 112
-12.198 -3.781 3.150 134
-12.206 -4.173 3.150 108
-12.221 -3.907 3.161 112
-12.179 -3.649 3.141 141
-12.100 -3.670 3.097 136
-12.191 -4.129 3.141 135
-12.143 -3.690 3.121 143
-12.225 -4.330 3.158 120
-12.184 -3.923 3.140 139
-12.175 -3.774 3.137 138
-12.217 -4.001 3.157 108
-12.100 -3.580 3.099 148
-12.198 -3.859 3.149 141
-12.108 -3.690 3.101 145
-12.224 -3.935 3.162 116
-12.193 -3.750 3.148 135
-12.191 -3.677 3.148 134
-12.228 -3.875 3.165 123
-12.129 -3.771 3.112 145
-12.225 -3.929 3.163 115
-12.155 -3.919 3.124 140
-12.169 -3.693 3.135 139
-12.164 -3.657 3.133 140
-12.214 -3.636 3.161 100
-12.220 -4.099 3.157 113
-12.210 -3.705 3.158 104
-12.227 -3.718 3.167 123
-12.228 -3.618 3.169 140
-12.120 -3.774 3.107 144
-12.229 -3.925 3.165 125
-12.104 -3.614 3.101 138
-12.116 -3.511 3.109 163
-12.207 -4.040 3.151 118
-12.208 -3.939 3.153 112
-12.171 -3.639 3.137 144
-12.120 -3.758 3.107 141
-12.185 -3.706 3.144 135
-12.228 -3.800 3.166 126
-12.225 -4.257 3.159 117
-12.159 -3.610 3.131 146
-12.151 -3.888 3.123 140
-12.196 -3.602 3.152 131
-12.223 -4.221 3.158 120
-12.207 -4.234 3.149 112
-12.189 -3.575 3.148 127
-12.154 -3.846 3.125 142
-12.122 -3.633 3.111 144
-12.220 -4.018 3.159 115
-12.214 -4.185 3.154 108
-12.226 -4.020 3.162 124
-12.189 -3.761 3.145 133
-12.228 -4.212 3.161 114
-12.180 -3.956 3.137 140
-12.126 -3.569 3.113 143
-12.192 -3.984 3.144 133
-12.226 -3.623 3.168 116
-12.172 -4.025 3.132 137
-12.185 -3.969 3.140 136
-12.118 -3.670 3.108 144
-12.145 -3.716 3.122 142
-12.156 -3.687 3.128 138
-12.169 -3.923 3.132 138
-12.165 -4.014 3.128 138
-12.174 -3.960 3.134 139
-12.199 -4.125 3.145 130
-12.150 -3.876 3.122 142
-12.230 -4.335 3.160 127
-12.225 -3.744 3.166 123
-12.203 -3.679 3.154 115
-12.205 -3.861 3.153 115
-12.141 -3.830 3.118 143
-12.200 -3.863 3.150 136
-12.205 -3.989 3.151 115
-12.152 -3.936 3.123 142
-12.183 -3.827 3.141 138
-12.175 -3.789 3.137 138
-12.179 -3.813 3.139 140
-12.139 -3.701 3.119 143
-12.175 -4.070 3.133 135
-12.173 -3.602 3.139 142
-12.174 -3.800 3.136 137
-12.195 -3.681 3.150 134
-12.197 -3.977 3.146 130
-12.129 -3.564 3.115 143
-12.208 -4.222 3.150 108
-12.222 -3.977 3.160 115
-12.178 -3.961 3.136 137
-12.129 -3.594 3.115 146
-12.111 -3.706 3.103 145
-12.144 -3.676 3.122 143
-12.153 -3.762 3.126 142
-12.222 -3.740 3.164 117
-12.192 -3.845 3.146 137
-12.176 -3.980 3.135 137
-12.222 -4.126 3.158 116
-12.093 -3.604 3.095 110
-12.116 -3.593 3.107 142
-12.185 -3.879 3.141 139
-12.222 -4.056 3.159 119
-12.109 -3.615 3.103 143
-12.167 -3.618 3.135 143
-12.169 -3.971 3.131 139
-12.217 -3.743 3.161 115
-12.212 -3.666 3.160 112
-12.216 -4.215 3.155 110
-12.217 -3.758 3.161 112
-12.160 -3.972 3.126 139
-12.135 -3.543 3.119 146
-12.162 -3.838 3.129 143
-12.168 -3.922 3.132 139
-12.154 -3.710 3.127 139
-12.213 -4.013 3.155 110
-12.205 -4.233 3.148 111
-12.196 -3.636 3.151 133
-12.229 -4.144 3.162 124
-12.224 -3.858 3.163 119
-12.167 -3.808 3.133 139
-12.126 -3.722 3.111 144
-12.146 -3.747 3.122 142
-12.226 -4.167 3.160 119
-12.145 -3.574 3.124 144
-12.224 -4.149 3.159 113
-12.169 -3.688 3.135 140
-12.207 -3.975 3.152 111
-12.186 -3.836 3.143 137
-12.209 -4.241 3.150 110
-12.141 -3.851 3.118 144
-12.121 -3.773 3.107 144
-12.157 -3.788 3.127 139
-12.174 -3.682 3.138 136
-12.121 -3.760 3.108 143
-12.191 -3.978 3.143 133
-12.218 -4.160 3.155 110
-12.204 -3.691 3.155 112
-12.211 -3.900 3.156 106
-12.213 -3.796 3.158 108
-12.098 -3.674 3.097 140
-12.179 -3.892 3.138 140
-12.100 -3.540 3.100 143
-12.214 -3.906 3.157 110
-12.229 -3.735 3.168 131
-12.222 -4.178 3.158 115
-12.235 -3.652 3.172 132
-12.225 -3.911 3.163 116
-12.208 -3.932 3.154 103
-12.233 -3.684 3.171 132
-12.208 -4.215 3.150 109
-12.190 -3.634 3.148 129
-12.162 -3.711 3.131 139
-12.176 -3.611 3.140 140
-12.191 -3.719 3.147 129
-12.176 -4.058 3.134 137
-12.225 -3.641 3.167 119
-12.093 -3.602 3.094 104
-12.218 -3.857 3.160 112
-12.150 -3.822 3.123 141
-12.214 -3.607 3.161 138
-12.226 -3.683 3.167 121
-12.173 -3.783 3.136 137
-12.166 -3.647 3.134 144
-12.182 -3.757 3.142 133
-12.203 -4.106 3.148 131
-12.112 -3.655 3.104 144
-12.135 -3.656 3.117 146
-12.187 -3.829 3.143 138
-12.101 -3.658 3.098 134
-12.216 -3.786 3.160 109
-12.179 -3.597 3.142 138
-12.195 -3.985 3.146 131
-12.172 -3.841 3.135 140
-12.108 -3.548 3.104 147
-12.100 -3.568 3.099 134
-12.144 -3.552 3.123 146
-12.189 -3.911 3.143 139
-12.214 -4.138 3.154 110
-12.230 -3.781 3.167 132
-12.215 -4.162 3.154 108
-12.145 -3.651 3.123 147
-12.158 -3.571 3.131 146
-12.175 -3.679 3.139 134
-12.158 -3.929 3.126 141
-12.146 -3.777 3.121 143
-12.228 -4.170 3.162 121
-12.211 -4.227 3.152 111
-12.193 -3.586 3.150 125
-12.217 -4.100 3.156 112
-12.215 -3.653 3.161 109
-12.215 -3.991 3.156 111
-12.119 -3.752 3.107 140
-12.211 -4.002 3.154 109
-12.183 -3.965 3.139 135
-12.216 -4.118 3.155 110
-12.154 -3.926 3.123 141
-12.219 -3.954 3.159 111
-12.141 -3.604 3.121 145
-12.153 -3.747 3.126 140
-12.163 -3.588 3.134 141
-12.171 -3.859 3.134 140
-12.213 -4.102 3.154 111
-12.153 -3.960 3.123 143
-12.104 -3.692 3.099 149
-12.192 -4.006 3.144 133
-12.218 -4.088 3.156 112
-12.150 -3.770 3.124 142
-12.151 -3.589 3.127 145
-12.171 -3.611 3.137 141
-12.179 -3.821 3.139 142
-12.226 -3.965 3.163 122
-12.212 -4.156 3.152 107
-12.120 -3.585 3.110 145
-12.107 -3.730 3.101 142
-12.223 -3.934 3.161 116
-12.177 -4.026 3.135 138
-12.207 -4.193 3.150 111
-12.193 -3.756 3.148 134
-12.224 -3.910 3.162 116
-12.208 -3.632 3.158 102
-12.152 -3.614 3.127 144
-12.196 -3.799 3.149 131
-12.174 -3.613 3.139 141
-12.197 -3.842 3.149 137
-12.208 -3.874 3.154 108
-12.203 -4.079 3.149 126
-12.176 -3.578 3.141 145
-12.229 -4.300 3.161 111
-12.121 -3.767 3.107 144
-12.147 -3.823 3.121 141
-12.229 -3.955 3.164 121
-12.108 -3.747 3.101 144
-12.200 -3.727 3.152 133
-12.170 -3.753 3.135 140
-12.231 -4.167 3.163 120
-12.222 -4.322 3.157 116
-12.162 -3.863 3.129 135
-12.193 -4.177 3.143 132
-12.148 -3.845 3.121 142
-12.156 -3.712 3.128 139
-12.129 -3.848 3.111 147
-12.197 -4.000 3.146 133
-12.112 -3.612 3.105 144
-12.227 -3.879 3.165 123
-12.164 -3.565 3.135 143
-12.222 -3.888 3.162 113
-12.230 -4.228 3.162 109
-12.189 -3.799 3.145 134
-12.196 -3.856 3.148 140
-12.208 -4.041 3.152 109
-12.195 -3.901 3.147 139
-12.126 -3.722 3.111 144
-12.191 -3.699 3.148 134
-12.131 -3.768 3.113 144
-12.197 -3.756 3.150 136
-12.214 -3.959 3.156 107
-12.170 -3.582 3.138 140
-12.225 -4.324 3.158 121
-12.119 -3.753 3.107 140
-12.205 -3.710 3.155 115
-12.185 -3.959 3.140 135
-12.198 -4.179 3.145 133
-12.194 -3.599 3.151 130
-12.206 -4.041 3.151 118
-12.120 -3.784 3.107 144
-12.194 -3.918 3.146 136
-12.111 -3.514 3.106 151
-12.225 -3.896 3.164 120
-12.134 -3.803 3.114 144
-12.146 -3.801 3.121 143
-12.226 -3.747 3.166 125
-12.177 -4.029 3.135 138
-12.195 -3.989 3.146 130
-12.144 -3.673 3.122 143
-12.200 -3.578 3.154 136
-12.148 -3.564 3.125 144
-12.188 -3.648 3.146 136
-12.124 -3.758 3.109 143
-12.181 -3.563 3.144 141
-12.146 -3.733 3.122 143
-12.130 -3.714 3.114 143
-12.213 -4.153 3.153 107
-12.125 -3.530 3.113 152
-12.207 -3.625 3.157 137
-12.214 -4.001 3.156 110
-12.152 -3.963 3.122 143
-12.127 -3.766 3.111 145
-12.105 -3.624 3.101 140
-12.219 -4.178 3.157 112
-12.177 -3.638 3.141 141
-12.206 -4.120 3.150 120
-12.108 -3.697 3.101 145
-12.178 -3.822 3.138 141
-12.227 -3.920 3.164 122
-12.206 -3.968 3.152 109
-12.194 -3.798 3.148 134
-12.213 -4.266 3.152 111
-12.157 -3.985 3.124 140
-12.155 -3.564 3.130 147
-12.220 -4.146 3.157 114
-12.148 -3.570 3.126 145
-12.191 -3.716 3.147 129
-12.203 -3.779 3.153 122
-12.162 -3.551 3.134 147
-12.210 -4.047 3.153 108
-12.212 -3.836 3.157 108
-12.227 -4.274 3.160 110
-12.212 -4.107 3.153 108
-12.197 -3.869 3.148 141
-12.154 -3.858 3.124 145
-12.195 -4.094 3.144 135
-12.186 -3.569 3.146 128
-12.225 -4.242 3.159 121
-12.110 -3.618 3.104 142
-12.187 -3.567 3.147 128
-12.191 -4.043 3.142 137
-12.130 -3.657 3.115 146
-12.208 -4.249 3.150 111
-12.115 -3.759 3.104 140
-12.146 -3.632 3.123 145
-12.162 -3.656 3.132 142
-12.209 -4.039 3.152 109
-12.144 -3.887 3.119 144
-12.217 -4.047 3.157 113
-12.117 -3.647 3.107 144
-12.152 -3.844 3.124 142
-12.141 -3.535 3.122 148
-12.211 -4.129 3.152 107
-12.227 -3.638 3.168 125
-12.155 -3.930 3.124 142
-12.127 -3.773 3.111 145
-12.182 -3.952 3.139 139
-12.163 -3.904 3.129 139
-12.142 -3.571 3.122 146
-12.212 -3.999 3.155 107
-12.144 -3.880 3.119 140
-12.116 -3.673 3.106 143
-12.130 -3.735 3.113 144
-12.220 -4.196 3.157 115
-12.224 -4.011 3.161 118
-12.231 -4.165 3.162 120
-12.200 -4.024 3.148 134
-12.151 -3.580 3.127 144
-12.180 -3.784 3.140 137
-12.128 -3.770 3.112 145
-12.187 -3.834 3.143 137
-12.230 -3.663 3.169 131
-12.134 -3.814 3.114 145
-12.214 -3.718 3.160 111
-12.193 -3.978 3.144 131
-12.133 -3.767 3.114 144
-12.221 -3.698 3.164 118
-12.144 -3.558 3.124 149
-12.197 -3.796 3.149 132
-12.223 -3.746 3.164 115
-12.218 -4.259 3.155 114
-12.185 -4.063 3.139 136
-12.223 -3.970 3.161 118
-12.223 -3.918 3.162 116
-12.125 -3.532 3.113 150
-12.146 -3.853 3.120 142
-12.208 -4.025 3.152 108
-12.191 -3.993 3.143 132
-12.128 -3.665 3.113 149
-12.128 -3.580 3.114 142
-12.176 -3.891 3.136 138
-12.175 -3.668 3.139 135
-12.096 -3.679 3.095 121
-12.212 -3.628 3.160 106
-12.119 -3.707 3.108 145
-12.147 -3.748 3.123 142
-12.170 -3.844 3.134 141
-12.117 -3.511 3.109 163
-12.160 -3.759 3.129 138
-12.207 -3.970 3.152 109
-12.158 -3.679 3.129 138
-12.217 -4.101 3.156 112
-12.134 -3.818 3.114 145
-12.183 -3.622 3.144 138
-12.166 -3.898 3.131 139
-12.203 -3.998 3.149 127
-12.183 -3.664 3.143 137
-12.207 -3.916 3.153 110
-12.219 -3.819 3.161 112
-12.197 -4.035 3.145 135
-12.211 -3.606 3.160 136
-12.217 -4.007 3.157 112
-12.169 -3.952 3.131 139
-12.210 -3.841 3.156 104
-12.213 -3.850 3.157 108
-12.114 -3.707 3.105 146
-12.206 -4.114 3.150 117
-12.208 -3.915 3.154 107
-12.206 -3.990 3.151 115
-12.185 -4.050 3.139 134
-12.179 -4.044 3.136 136
-12.126 -3.800 3.110 141
-12.186 -3.756 3.144 133
-12.224 -4.252 3.159 116
-12.223 -3.952 3.161 120
-12.117 -3.791 3.105 145
-12.153 -3.841 3.124 142
-12.121 -3.524 3.111 153
-12.222 -4.295 3.157 117
-12.109 -3.662 3.103 144
-12.145 -3.857 3.120 142
-12.185 -4.121 3.138 136
-12.109 -3.691 3.102 145
-12.124 -3.736 3.110 144
-12.212 -4.052 3.153 108
-12.209 -4.177 3.151 107
-12.114 -3.695 3.105 145
-12.203 -4.188 3.148 119
-12.165 -3.795 3.132 138
-12.222 -3.781 3.163 121
-12.102 -3.599 3.100 145
-12.166 -3.714 3.133 139
-12.107 -3.558 3.103 145
-12.182 -3.802 3.141 137
-12.220 -4.107 3.157 115
-12.222 -3.723 3.164 115
-12.108 -3.657 3.102 142
-12.173 -4.023 3.132 137
-12.209 -4.024 3.153 108
-12.226 -3.759 3.166 120
-12.101 -3.703 3.097 146
-12.222 -3.743 3.164 116
-12.218 -3.981 3.158 109
-12.169 -3.675 3.136 135
-12.180 -3.621 3.143 142
-12.165 -4.031 3.128 138
-12.169 -3.740 3.134 139
-12.197 -3.664 3.151 135
-12.215 -3.749 3.160 110
-12.194 -3.877 3.146 138
-12.230 -3.702 3.169 131
-12.233 -4.027 3.166 132
-12.148 -3.877 3.121 142
-12.217 -4.124 3.155 113
-12.206 -3.840 3.153 110
-12.221 -3.723 3.164 115
-12.214 -3.989 3.156 112
-12.211 -4.077 3.153 111
-12.219 -3.730 3.162 117
-12.204 -4.114 3.149 127
-12.160 -3.834 3.128 143
-12.122 -3.528 3.112 153
-12.204 -4.214 3.148 119
-12.168 -3.576 3.136 144
-12.216 -4.125 3.155 113
-12.216 -3.711 3.161 111
-12.181 -4.014 3.137 137
-12.154 -3.610 3.128 145
-12.104 -3.508 3.102 165
-12.195 -3.951 3.146 137
-12.135 -3.828 3.115 144
-12.165 -3.811 3.131 139
-12.222 -4.193 3.158 119
-12.120 -3.798 3.107 143
-12.167 -3.812 3.132 140
-12.168 -3.727 3.134 140
-12.209 -3.815 3.156 106
-12.220 -4.136 3.157 115
-12.110 -3.649 3.103 145
-12.223 -4.158 3.159 115
-12.217 -3.777 3.160 110
-12.225 -3.625 3.167 120
-12.123 -3.542 3.112 150
-12.181 -3.645 3.143 140
-12.122 -3.807 3.107 145
-12.162 -3.906 3.128 139
-12.144 -3.718 3.121 142
-12.223 -4.107 3.159 117
-12.137 -3.611 3.119 146
-12.226 -3.997 3.162 125
-12.211 -4.010 3.154 107
-12.100 -3.512 3.100 156
-12.145 -3.551 3.124 146
-12.228 -3.774 3.167 124
-12.133 -3.697 3.115 144
-12.219 -3.873 3.160 112
-12.197 -4.100 3.145 132
-12.199 -3.624 3.153 133
-12.223 -4.042 3.160 117
-12.225 -3.734 3.165 123
-12.212 -4.053 3.154 108
-12.149 -3.892 3.121 141
-12.218 -3.659 3.163 115
-12.133 -3.740 3.115 143
-12.161 -3.887 3.128 140
-12.188 -4.036 3.141 137
-12.098 -3.634 3.097 136
-12.117 -3.561 3.109 144
-12.216 -3.676 3.162 110
-12.102 -3.700 3.098 145
-12.170 -3.960 3.132 140
-12.220 -3.696 3.164 117
-12.197 -4.178 3.145 133
-12.150 -3.863 3.123 145
-12.214 -3.626 3.161 139
-12.224 -4.153 3.159 111
-12.227 -4.166 3.160 119
-12.126 -3.755 3.111 143
-12.132 -3.531 3.117 150
-12.198 -3.787 3.150 136
-12.217 -3.850 3.160 112
-12.145 -3.785 3.121 143
-12.174 -3.642 3.139 142
-12.202 -3.640 3.154 131
-12.183 -3.588 3.144 133
-12.230 -4.057 3.164 129
-12.194 -4.040 3.144 136
-12.212 -3.676 3.159 107
-12.192 -3.612 3.149 127
-12.223 -3.924 3.162 116
-12.134 -3.639 3.117 147
-12.226 -4.243 3.160 116
-12.188 -3.984 3.141 135
-12.231 -4.137 3.163 124
-12.113 -3.613 3.106 142
-12.192 -4.041 3.143 137
-12.223 -4.160 3.158 115
-12.201 -3.675 3.153 130
-12.193 -3.782 3.147 137
-12.122 -3.542 3.112 150
-12.202 -4.067 3.148 128
-12.207 -3.851 3.154 113
-12.221 -4.064 3.159 116
-12.189 -3.831 3.144 138
-12.186 -4.005 3.140 138
-12.221 -3.664 3.164 116
-12.196 -3.801 3.149 131
-12.124 -3.794 3.109 141
-12.190 -3.938 3.143 136
-12.163 -3.880 3.129 141
-12.112 -3.660 3.104 144
-12.149 -3.914 3.121 141
-12.146 -3.830 3.120 142
-12.161 -3.948 3.127 140
-12.182 -4.003 3.138 135
-12.196 -4.094 3.144 135
-12.230 -3.682 3.169 131
-12.193 -3.774 3.148 136
-12.154 -3.874 3.125 139
-12.199 -3.819 3.150 130
-12.224 -3.617 3.167 140
-12.224 -4.296 3.158 117
-12.166 -3.608 3.135 145
-12.229 -4.353 3.160 128
-12.184 -3.885 3.141 139
-12.221 -3.907 3.161 112
-12.146 -3.676 3.123 142
-12.177 -3.967 3.136 135
-12.166 -3.968 3.130 136
-12.136 -3.851 3.115 145
-12.177 -3.713 3.139 138
-12.173 -3.925 3.134 138
-12.094 -3.661 3.095 126
-12.194 -3.690 3.149 136
-12.143 -3.705 3.121 142
-12.230 -3.658 3.169 129
-12.134 -3.714 3.116 143
-12.188 -3.744 3.145 135
-12.174 -3.591 3.140 142
-12.231 -4.126 3.163 133
-12.181 -3.917 3.139 139
-12.183 -3.900 3.140 141
-12.175 -4.068 3.133 135
-12.190 -3.696 3.147 134
-12.095 -3.631 3.095 117
-12.188 -3.627 3.147 126
-12.190 -3.792 3.146 135
-12.179 -3.791 3.139 137
-12.233 -3.812 3.169 121
-12.156 -3.828 3.126 140
-12.137 -3.767 3.116 143
-12.162 -3.798 3.130 138
-12.104 -3.602 3.101 140
-12.121 -3.698 3.109 143
-12.099 -3.609 3.098 143
-12.213 -3.860 3.157 109
-12.181 -3.745 3.141 134
-12.165 -3.678 3.134 136
-12.180 -3.701 3.141 136
-12.147 -3.860 3.121 144
-12.217 -4.293 3.154 117
-12.231 -4.015 3.165 129
-12.206 -3.938 3.152 112
-12.191 -3.860 3.145 136
-12.171 -3.581 3.138 140
-12.198 -4.011 3.147 137
-12.169 -3.806 3.133 139
-12.204 -3.849 3.152 126
-12.185 -4.105 3.138 135
-12.232 -3.629 3.171 128
-12.188 -3.683 3.146 135
-12.232 -3.744 3.169 128
-12.232 -3.680 3.170 132
-12.124 -3.794 3.109 141
-12.193 -3.718 3.148 129
-12.187 -3.896 3.142 140
-12.178 -3.874 3.138 137
-12.230 -3.909 3.166 126
-12.133 -3.697 3.115 144
-12.222 -3.841 3.162 114
-12.135 -3.860 3.114 147
-12.150 -3.862 3.122 145
-12.207 -3.662 3.157 104
-12.225 -4.285 3.159 121
-12.115 -3.574 3.107 145
-12.194 -3.989 3.145 131
-12.115 -3.613 3.107 142
-12.179 -3.581 3.142 142
-12.119 -3.632 3.108 143
-12.175 -3.805 3.137 140
-12.209 -3.817 3.156 106
-12.191 -4.104 3.141 135
-12.169 -3.953 3.131 139
-12.223 -4.284 3.157 118
-12.143 -3.564 3.123 145
-12.142 -3.675 3.121 143
-12.224 -3.785 3.165 121
-12.190 -4.104 3.141 135
-12.130 -3.770 3.113 145
-12.226 -3.775 3.165 120
-12.122 -3.754 3.109 143
-12.143 -3.637 3.122 145
-12.164 -3.964 3.129 137
-12.173 -3.699 3.138 138
-12.147 -3.575 3.125 144
-12.230 -3.944 3.165 124
-12.159 -3.802 3.128 139
-12.209 -3.748 3.157 110
-12.192 -4.015 3.143 136
-12.193 -3.765 3.148 136
-12.202 -4.002 3.149 127
-12.187 -4.005 3.141 138
-12.177 -3.738 3.139 133
-12.192 -3.640 3.149 136
-12.234 -3.759 3.170 130
-12.200 -3.586 3.154 131
-12.184 -4.078 3.138 138
-12.196 -3.944 3.146 137
-12.147 -3.603 3.125 145
-12.217 -3.928 3.158 115
-12.200 -3.804 3.151 131
-12.099 -3.590 3.098 151
-12.228 -3.630 3.169 123
-12.204 -3.612 3.156 135
-12.195 -4.098 3.144 134
-12.161 -3.607 3.132 146
-12.193 -4.020 3.144 135
-12.226 -3.743 3.166 127
-12.179 -3.644 3.142 141
-12.177 -4.050 3.135 135
-12.209 -3.996 3.153 110
-12.148 -3.705 3.124 141
-12.233 -4.057 3.165 134
-12.199 -3.954 3.148 132
-12.118 -3.553 3.109 147
-12.184 -4.096 3.138 137
-12.234 -3.626 3.172 130
-12.207 -3.632 3.157 98
-12.135 -3.643 3.117 146
-12.199 -3.895 3.149 136
-12.105 -3.551 3.102 141
-12.135 -3.803 3.115 144
-12.110 -3.616 3.104 142
-12.192 -4.151 3.141 135
-12.207 -4.043 3.151 108
-12.182 -3.637 3.144 134
-12.101 -3.502 3.101 178
-12.205 -4.181 3.149 110
-12.220 -3.924 3.160 115
-12.182 -3.764 3.141 137
-12.166 -3.617 3.135 143
-12.224 -3.823 3.164 120
-12.186 -3.911 3.142 139
-12.161 -3.548 3.133 147
-12.220 -4.217 3.157 119
-12.110 -3.536 3.105 149
-12.199 -3.909 3.149 133
-12.184 -3.665 3.144 137
-12.127 -3.842 3.110 146
-12.205 -3.963 3.151 109
-12.117 -3.553 3.108 147
-12.192 -3.987 3.144 132
-12.182 -3.694 3.143 137
-12.205 -3.813 3.153 111
-12.188 -3.592 3.147 124
-12.151 -3.824 3.124 140
-12.093 -3.629 3.094 108
-12.204 -3.667 3.155 117
-12.169 -3.810 3.133 139
-12.211 -3.875 3.156 109
-12.165 -3.970 3.129 138
-12.192 -3.655 3.149 140
-12.211 -3.683 3.158 103
-12.101 -3.684 3.098 145
-12.156 -3.675 3.129 138
-12.206 -4.176 3.150 109
-12.183 -4.007 3.139 135
-12.222 -4.177 3.159 115
-12.184 -3.585 3.145 125
-12.157 -3.629 3.130 146
-12.215 -4.271 3.153 112
-12.230 -3.888 3.166 131
-12.221 -3.665 3.165 116
-12.215 -3.615 3.162 137
-12.190 -3.976 3.143 133
-12.157 -3.738 3.128 140
-12.139 -3.889 3.116 144
-12.234 -3.815 3.169 121
-12.167 -3.601 3.135 144
-12.154 -3.773 3.126 138
-12.209 -3.813 3.156 106
-12.203 -4.125 3.148 130
-12.183 -3.918 3.140 139
-12.156 -3.766 3.127 137
-12.206 -3.832 3.154 111
-12.225 -3.914 3.163 116
-12.193 -4.013 3.144 136
-12.231 -4.084 3.164 122
-12.201 -3.641 3.154 131
-12.223 -3.670 3.165 118
-12.220 -3.843 3.161 114
-12.215 -3.997 3.156 110
-12.200 -3.679 3.153 128
-12.164 -3.603 3.134 145
-12.195 -4.036 3.144 137
-12.144 -3.612 3.123 144
-12.131 -3.775 3.113 146
-12.191 -4.079 3.142 138
-12.219 -4.098 3.157 112
-12.147 -3.885 3.120 144
-12.222 -3.961 3.161 117
-12.131 -3.775 3.113 146
-12.125 -3.795 3.109 141
-12.178 -3.971 3.136 136
-12.173 -3.895 3.135 138
-12.103 -3.557 3.101 148
-12.175 -4.042 3.134 136
-12.135 -3.874 3.114 150
-12.192 -3.785 3.147 136
-12.121 -3.583 3.110 145
-12.220 -4.239 3.156 112
-12.203 -3.666 3.155 121
-12.197 -3.999 3.146 133
-12.201 -3.883 3.150 132
-12.209 -3.639 3.158 104
-12.163 -3.653 3.133 141
-12.157 -3.944 3.125 140
-12.217 -4.295 3.154 117
-12.148 -3.579 3.125 144
-12.162 -3.836 3.129 143
-12.143 -3.627 3.122 144
-12.218 -4.030 3.157 113
-12.142 -3.577 3.122 145
-12.174 -3.839 3.136 139
-12.196 -4.098 3.145 135
-12.219 -4.314 3.155 114
-12.094 -3.535 3.096 114
-12.217 -4.115 3.156 114
-12.197 -4.077 3.145 134
-12.217 -3.596 3.163 138
-12.178 -3.986 3.136 136
-12.101 -3.692 3.098 146
-12.161 -3.965 3.127 142
-12.176 -3.603 3.141 141
-12.104 -3.688 3.100 144
-12.224 -3.750 3.165 121
-12.300 -3.552 3.110 141
-12.157 -3.501 3.095 126
-12.168 -3.542 3.130 148
-12.233 -3.598 3.167 135
-12.263 -3.526 3.095 176
-12.159 -3.503 3.097 172
-12.220 -3.504 3.084 94
-12.241 -3.514 3.088 153
-12.121 -3.486 3.090 158
-12.260 -3.539 3.108 153
-12.213 -3.547 3.125 166
-12.176 -3.555 3.140 145
-12.237 -3.595 3.163 136
-12.223 -3.542 3.119 168
-12.278 -3.540 3.103 140
-12.194 -3.531 3.114 168
-12.306 -3.545 3.102 143
-12.187 -3.501 3.088 112
-12.223 -3.593 3.165 134
-12.190 -3.505 3.091 164
-12.166 -3.501 3.093 115
-12.262 -3.533 3.101 174
-12.279 -3.539 3.102 140
-12.234 -3.598 3.167 135
-12.198 -3.571 3.150 133
-12.108 -3.490 3.096 96
-12.282 -3.526 3.090 175
-12.175 -3.527 3.115 178
-12.282 -3.533 3.096 147
-12.233 -3.572 3.143 139
-12.143 -3.491 3.089 156
-12.213 -3.517 3.098 173
-12.219 -3.565 3.140 142
-12.284 -3.557 3.118 143
-12.207 -3.503 3.086 93
-12.131 -3.504 3.104 173
-12.198 -3.573 3.152 134
-12.275 -3.567 3.128 144
-12.305 -3.533 3.091 144
-12.189 -3.504 3.090 118
-12.126 -3.494 3.096 128
-12.235 -3.513 3.089 164
-12.222 -3.528 3.106 172
-12.246 -3.533 3.104 170
-12.276 -3.534 3.098 157
-12.253 -3.586 3.152 143
-12.166 -3.529 3.119 148
-12.228 -3.533 3.109 170
-12.202 -3.547 3.127 161
-12.306 -3.551 3.107 147
-12.199 -3.513 3.097 160
-12.097 -3.488 3.096 143
-12.232 -3.510 3.087 178
-12.139 -3.518 3.115 146
-12.163 -3.531 3.122 147
-12.296 -3.543 3.102 141
-12.249 -3.526 3.098 175
-12.227 -3.530 3.106 170
-12.297 -3.537 3.097 146
-12.191 -3.538 3.121 165
-12.194 -3.512 3.097 161
-12.177 -3.537 3.124 148
-12.178 -3.524 3.111 175
-12.256 -3.568 3.134 142
-12.267 -3.519 3.087 152
-12.254 -3.580 3.146 144
-12.105 -3.476 3.084 153
-12.210 -3.501 3.084 140
-12.217 -3.513 3.093 153
-12.263 -3.539 3.106 148
-12.139 -3.514 3.111 175
-12.140 -3.512 3.108 185
-12.184 -3.508 3.096 159
-12.279 -3.555 3.117 143
-12.192 -3.512 3.097 164
-12.278 -3.522 3.087 167
-12.107 -3.478 3.085 158
-12.259 -3.550 3.118 145
-12.165 -3.530 3.120 148
-12.200 -3.514 3.098 173
-12.161 -3.492 3.086 163
-12.220 -3.554 3.130 152
-12.213 -3.568 3.144 141
-12.175 -3.500 3.090 97
-12.204 -3.502 3.085 96
-12.242 -3.531 3.104 174
-12.171 -3.545 3.132 149
-12.295 -3.558 3.116 144
-12.243 -3.564 3.134 141
-12.181 -3.523 3.110 176
-12.243 -3.598 3.165 135
-12.290 -3.537 3.098 141
-12.245 -3.525 3.097 174
-12.169 -3.545 3.133 151
-12.248 -3.580 3.147 141
-12.142 -3.525 3.121 150
-12.212 -3.543 3.121 165
-12.248 -3.596 3.162 143
-12.238 -3.557 3.129 145
-12.169 -3.495 3.086 150
-12.246 -3.570 3.138 140
-12.266 -3.582 3.145 146
-12.234 -3.531 3.106 174
-12.245 -3.559 3.129 140
-12.171 -3.538 3.126 150
-12.199 -3.575 3.153 134
-12.252 -3.531 3.102 172
-12.128 -3.493 3.094 123
-12.187 -3.563 3.145 130
-12.128 -3.502 3.102 172
-12.155 -3.533 3.125 148
-12.219 -3.553 3.129 154
-12.281 -3.537 3.099 145
-12.191 -3.508 3.094 160
-12.301 -3.558 3.115 143
-12.157 -3.520 3.112 169
-12.251 -3.514 3.086 168
-12.202 -3.554 3.133 146
-12.279 -3.523 3.087 167
-12.208 -3.502 3.084 93
-12.171 -3.549 3.135 146
-12.194 -3.509 3.094 163
-12.227 -3.554 3.128 154
-12.214 -3.543 3.121 165
-12.196 -3.538 3.120 167
-12.287 -3.541 3.102 140
-12.129 -3.495 3.095 123
-12.221 -3.579 3.153 139
-12.165 -3.524 3.114 166
-12.178 -3.547 3.133 144
-12.211 -3.528 3.108 170
-12.241 -3.517 3.091 176
-12.271 -3.520 3.087 169
-12.129 -3.484 3.086 158
-12.202 -3.556 3.135 142
-12.259 -3.560 3.126 141
-12.187 -3.507 3.094 164
-12.214 -3.586 3.160 137
-12.225 -3.559 3.134 146
-12.176 -3.538 3.125 148
-12.171 -3.540 3.128 150
-12.237 -3.588 3.157 136
-12.216 -3.534 3.112 170
-12.223 -3.538 3.114 169
-12.177 -3.532 3.119 153
-12.216 -3.533 3.112 170
-12.171 -3.538 3.126 150
-12.118 -3.482 3.086 162
-12.243 -3.592 3.159 135
-12.279 -3.565 3.126 147
-12.231 -3.535 3.110 170
-12.227 -3.506 3.084 110
-12.216 -3.576 3.150 140
-12.163 -3.542 3.131 147
-12.277 -3.539 3.102 139
-12.208 -3.583 3.158 132
-12.180 -3.556 3.140 140
-12.114 -3.495 3.099 176
-12.241 -3.548 3.119 160
-12.169 -3.511 3.101 173
-12.295 -3.528 3.089 178
-12.159 -3.519 3.111 175
-12.207 -3.531 3.111 170
-12.216 -3.568 3.144 140
-12.209 -3.523 3.104 170
-12.275 -3.539 3.103 139
-12.217 -3.539 3.116 166
-12.242 -3.560 3.131 141
-12.242 -3.549 3.121 159
-12.241 -3.548 3.120 160
-12.095 -3.484 3.093 162
-12.213 -3.517 3.097 173
-12.227 -3.533 3.108 170
-12.159 -3.528 3.119 152
-12.225 -3.553 3.128 152
-12.248 -4.452 3.139 131
-12.188 -4.495 3.124 111
-12.271 -4.655 3.086 116
-12.163 -4.533 3.112 117
-12.197 -4.466 3.132 111
-12.193 -4.634 3.086 113
-12.249 -4.514 3.122 129
-12.253 -4.612 3.096 126
-12.280 -4.554 3.113 131
-12.114 -4.610 3.088 104
-12.177 -4.465 3.131 132
-12.211 -4.535 3.114 131
-12.275 -4.634 3.092 126
-12.187 -4.493 3.124 111
-12.149 -4.605 3.092 104
-12.210 -4.574 3.103 127
-12.230 -4.527 3.117 130
-12.113 -4.604 3.090 106
-12.213 -4.558 3.108 129
-12.235 -4.471 3.133 131
-12.244 -4.458 3.137 131
-12.206 -4.460 3.134 114
-12.228 -4.428 3.144 132
-12.183 -4.628 3.087 116
-12.163 -4.541 3.110 114
-12.247 -4.462 3.136 133
-12.245 -4.644 3.087 113
-12.165 -4.479 3.126 132
-12.137 -4.538 3.109 124
-12.277 -4.618 3.096 128
-12.206 -4.484 3.128 130
-12.238 -4.422 3.146 128
-12.210 -4.580 3.102 127
-12.164 -4.618 3.089 104
-12.139 -4.555 3.104 114
-12.226 -4.484 3.129 129
-12.246 -4.653 3.085 109
-12.157 -4.557 3.105 112
-12.267 -4.515 3.123 132
-12.127 -4.623 3.086 102
-12.228 -4.524 3.118 130
-12.203 -4.465 3.132 111
-12.153 -4.516 3.116 132
-12.285 -4.663 3.084 115
-12.264 -4.642 3.089 120
-12.196 -4.577 3.102 129
-12.221 -4.499 3.125 130
-12.101 -4.586 3.094 152
-12.229 -4.416 3.147 133
-12.197 -4.440 3.139 112
-12.199 -4.535 3.114 130
-12.201 -4.535 3.113 130
-12.113 -4.627 3.084 103
-12.273 -4.577 3.107 134
-12.287 -4.620 3.096 129
-12.164 -4.514 3.117 127
-12.105 -4.605 3.089 141
-12.200 -4.495 3.124 124
-12.210 -4.648 3.084 109
-12.277 -4.630 3.093 127
-12.247 -4.511 3.123 129
-12.232 -4.619 3.093 122
-12.257 -4.566 3.108 132
-12.285 -4.653 3.087 124
-12.158 -4.575 3.100 106
-12.263 -4.604 3.099 129
-12.245 -4.449 3.139 130
-12.127 -4.576 3.098 111
-12.191 -4.573 3.103 132
-12.168 -4.580 3.099 105
-12.154 -4.545 3.108 117
-12.240 -4.418 3.147 128
-12.240 -4.597 3.099 128
-12.180 -4.604 3.094 116
-12.197 -4.458 3.134 114
-12.228 -4.537 3.115 130
-12.216 -4.596 3.098 125
-12.243 -4.535 3.116 130
-12.158 -4.560 3.104 111
-12.186 -4.640 3.084 112
-12.243 -4.638 3.088 118
-12.137 -4.553 3.105 116
-12.211 -4.402 3.150 110
-12.189 -4.630 3.087 113
-12.174 -4.636 3.085 111
-12.265 -4.581 3.105 133
-12.207 -4.424 3.144 109
-12.281 -4.569 3.109 133
-12.234 -4.442 3.141 129
-12.262 -4.534 3.118 130
-12.205 -4.561 3.107 127
-12.255 -4.627 3.092 125
-12.200 -4.480 3.128 108
-12.198 -4.587 3.099 128
-12.249 -4.602 3.098 128
-12.106 -4.610 3.088 116
-12.191 -4.472 3.130 110
-12.202 -4.566 3.105 128
-12.287 -4.646 3.089 124
-12.245 -4.588 3.102 130
-12.224 -4.594 3.099 125
-12.174 -4.541 3.110 110
-12.296 -4.629 3.094 129
-12.160 -4.596 3.095 105
-12.176 -4.528 3.114 109
-12.220 -4.399 3.151 111
-12.284 -4.619 3.096 129
-12.102 -4.592 3.092 154
-12.184 -4.535 3.113 112
-12.121 -4.605 3.090 107
-12.190 -4.570 3.103 133
-12.296 -4.651 3.088 126
-12.223 -4.476 3.131 129
-12.195 -4.557 3.107 130
-12.189 -4.525 3.116 113
-12.273 -4.651 3.087 121
-12.209 -4.622 3.091 114
-12.235 -4.585 3.102 130
-12.180 -4.566 3.104 126
-12.160 -4.621 3.088 101
-12.194 -4.571 3.103 134
-12.234 -4.623 3.092 121
-12.118 -4.561 3.102 130
-12.220 -4.494 3.126 130
-12.214 -4.602 3.096 123
-12.207 -4.549 3.110 129
-12.187 -4.595 3.097 121
-12.173 -4.614 3.091 113
-12.222 -4.568 3.106 125
-12.199 -4.625 3.089 112
-12.235 -4.468 3.134 132
-12.127 -4.572 3.099 112
-12.181 -4.459 3.133 131
-12.192 -4.484 3.127 112
-12.176 -4.511 3.118 112
-12.206 -4.427 3.143 109
-12.175 -4.534 3.112 109
-12.190 -4.627 3.088 114
-12.244 -4.579 3.104 133
-12.193 -4.576 3.102 130
-12.129 -4.541 3.108 124
-12.234 -4.427 3.144 130
-12.201 -4.512 3.120 127
-12.290 -4.642 3.090 126
-12.165 -4.505 3.119 129
-12.271 -4.644 3.089 122
-12.108 -4.602 3.090 116
-12.304 -4.636 3.093 131
-12.204 -4.618 3.091 116
-12.228 -4.455 3.137 131
-12.271 -4.623 3.094 128
-12.146 -4.556 3.105 115
-12.179 -4.621 3.089 113
-12.259 -4.639 3.089 120
-12.210 -4.575 3.103 126
-12.284 -4.586 3.105 133
-12.200 -4.442 3.139 112
-12.125 -4.605 3.090 104
-12.091 -4.617 3.085 146
-12.277 -4.548 3.115 131
-12.246 -4.555 3.111 133
-12.193 -4.604 3.094 117
-12.213 -4.614 3.093 121
-12.298 -4.638 3.092 130
-12.214 -4.457 3.135 132
-12.157 -4.622 3.088 97
-12.184 -4.458 3.133 125
-12.167 -4.488 3.124 131
-12.195 -4.459 3.134 114
-12.237 -4.405 3.151 132
-12.204 -4.614 3.093 119
-12.096 -4.600 3.090 151
-12.118 -4.604 3.090 106
-12.212 -4.619 3.092 117
-12.283 -4.606 3.099 129
-12.234 -4.430 3.144 129
-12.251 -4.488 3.129 131
-12.218 -4.524 3.117 130
-12.257 -4.599 3.100 128
-12.220 -4.502 3.124 130
-12.204 -4.595 3.098 123
-12.150 -4.629 3.085 100
-12.181 -4.604 3.094 116
-12.154 -4.570 3.101 107
-12.219 -4.545 3.112 129
-12.214 -4.644 3.085 113
-12.189 -4.500 3.122 109
-12.243 -4.536 3.116 130
-12.256 -4.493 3.128 130
-12.136 -4.602 3.092 106
-12.267 -4.549 3.114 131
-12.199 -4.510 3.120 126
-12.172 -4.517 3.117 111
-12.244 -4.487 3.129 126
-12.263 -4.541 3.116 132
-12.230 -4.374 3.158 129
-12.243 -4.514 3.122 132
-12.241 -4.535 3.116 130
-12.185 -4.462 3.132 121
-12.183 -4.477 3.128 113
-12.138 -4.595 3.094 105
-12.295 -4.645 3.090 127
-12.280 -4.550 3.114 131
-12.247 -4.612 3.096 126
-12.184 -4.598 3.096 120
-12.233 -4.383 3.156 127
-12.225 -4.487 3.128 130
-12.158 -4.504 3.119 133
-12.093 -4.622 3.084 146
-12.292 -4.623 3.095 130
-12.202 -4.634 3.087 114
-12.170 -4.562 3.104 107
-12.273 -4.587 3.104 133
-12.166 -4.555 3.106 109
-12.161 -4.600 3.094 104
-12.190 -4.639 3.085 110
-12.200 -4.623 3.090 113
-12.216 -4.493 3.126 133
-12.270 -4.525 3.120 130
-12.295 -4.646 3.090 127
-12.141 -4.555 3.105 114
-12.153 -4.509 3.118 133
-12.110 -4.592 3.093 131
-12.185 -4.456 3.134 126
-12.308 -4.661 3.086 123
-12.228 -4.408 3.149 129
-12.275 -4.650 3.087 121
-12.296 -4.667 3.084 112
-12.288 -4.584 3.106 133
-12.204 -4.513 3.120 128
-12.203 -4.618 3.091 115
-12.227 -4.504 3.123 131
-12.179 -4.491 3.124 117
-12.167 -4.511 3.118 125
-12.243 -4.507 3.124 130
-12.174 -4.567 3.103 107
-12.216 -4.648 3.084 110
-12.163 -4.517 3.116 125
-12.193 -4.516 3.118 124
-12.163 -4.590 3.097 103
-12.231 -4.475 3.132 130
-12.272 -4.536 3.118 130
-12.125 -4.551 3.105 119
-12.133 -4.591 3.095 109
-12.180 -4.491 3.124 114
-12.125 -4.575 3.098 113
-12.246 -4.656 3.084 110
-12.115 -4.606 3.089 104
-12.178 -4.520 3.116 110
-12.212 -4.645 3.085 112
-12.270 -4.618 3.095 128
-12.221 -4.588 3.101 126
-12.141 -4.588 3.096 108
-12.299 -4.660 3.086 124
-12.199 -4.586 3.100 123
-12.216 -4.645 3.085 110
-12.121 -4.606 3.090 109
-12.216 -4.434 3.142 113
-12.243 -4.596 3.100 129
-12.101 -4.592 3.092 154
-12.126 -4.618 3.087 103
-12.224 -4.525 3.118 132
-12.305 -4.661 3.086 124
-12.173 -4.499 3.121 123
-12.218 -4.623 3.091 118
-12.181 -4.576 3.101 124
-12.255 -4.645 3.087 115
-12.142 -4.535 3.110 126
-12.255 -4.625 3.092 124
-12.195 -4.599 3.096 122
-12.253 -4.564 3.109 132
-12.258 -4.563 3.109 131
-12.222 -4.562 3.107 127
-12.247 -4.561 3.109 131
-12.216 -4.554 3.109 129
-12.225 -4.379 3.157 113
-12.273 -4.548 3.115 130
-12.153 -4.563 3.103 110
-12.232 -4.549 3.112 130
-12.141 -4.588 3.096 108
-12.232 -4.409 3.149 133
-12.182 -4.519 3.117 108
-12.216 -4.515 3.120 131
-12.186 -4.482 3.127 113
-12.127 -4.561 3.102 113
-12.222 -4.612 3.094 123
-12.141 -4.601 3.092 106
-12.246 -4.550 3.112 131
-12.150 -4.575 3.100 107
-12.233 -4.577 3.104 129
-12.178 -4.533 3.113 109
-12.294 -4.634 3.093 129
-12.195 -4.498 3.123 111
-12.136 -4.619 3.087 101
-12.094 -4.609 3.087 151
-12.243 -4.621 3.093 123
-12.149 -4.568 3.102 109
-12.208 -4.556 3.108 128
-12.249 -4.593 3.101 130
-12.156 -4.620 3.088 97
-12.152 -4.590 3.096 106
-12.268 -4.620 3.095 126
-12.245 -4.638 3.088 118
-12.115 -4.572 3.098 131
-12.238 -4.559 3.109 132
-12.213 -4.611 3.094 121
-12.248 -4.477 3.132 132
-12.261 -4.535 3.117 130
-12.225 -4.451 3.137 131
-12.185 -4.453 3.135 125
-12.281 -4.645 3.089 124
-12.241 -4.437 3.142 127
-12.171 -4.622 3.088 112
-12.306 -4.641 3.091 130
-12.141 -4.562 3.103 112
-12.116 -4.564 3.101 140
-12.201 -4.578 3.102 129
-12.129 -4.602 3.091 106
-12.124 -4.567 3.100 112
-12.198 -4.582 3.101 128
-12.133 -4.596 3.093 107
-12.135 -4.535 3.110 123
-12.212 -4.479 3.129 130
-12.300 -4.647 3.090 129
-12.254 -4.621 3.093 125
-12.175 -4.605 3.093 115
-12.124 -4.567 3.100 112
-12.178 -4.576 3.101 119
-12.169 -4.556 3.106 109
-12.104 -4.608 3.088 134
-12.165 -4.594 3.096 105
-12.300 -4.634 3.093 128
-12.116 -4.615 3.087 102
-12.154 -4.537 3.110 121
-12.208 -4.420 3.145 109
-12.230 -4.604 3.097 125
-12.170 -4.630 3.086 113
-12.255 -4.486 3.130 131
-12.170 -4.632 3.086 113
-12.277 -4.642 3.090 124
-12.223 -4.569 3.106 126
-12.179 -4.510 3.119 110
-12.252 -4.561 3.110 131
-12.233 -4.645 3.086 111
-12.214 -4.619 3.092 118
-12.231 -4.389 3.155 118
-12.280 -3.662 3.132 143
-12.299 -3.567 3.117 141
-12.286 -3.708 3.126 143
-12.254 -3.813 3.152 138
-12.258 -3.776 3.149 138
-12.252 -3.968 3.151 133
-12.288 -3.831 3.121 139
-12.302 -3.619 3.114 144
-12.250 -4.035 3.151 133
-12.238 -3.603 3.170 140
-12.237 -3.688 3.170 131
-12.256 -4.112 3.144 130
-12.277 -4.003 3.127 133
-12.255 -4.108 3.145 130
-12.237 -3.729 3.169 135
-12.301 -3.580 3.115 146
-12.238 -4.102 3.160 129
-12.232 -4.285 3.160 122
-12.270 -4.026 3.134 135
-12.281 -4.004 3.124 134
-12.316 -3.554 3.102 145
-12.269 -3.746 3.140 140
-12.321 -3.665 3.095 146
-12.260 -3.952 3.144 133
-12.292 -3.785 3.118 143
-12.291 -3.677 3.122 144
-12.249 -3.920 3.154 135
-12.258 -4.148 3.142 131
-12.261 -3.588 3.150 144
-12.246 -3.902 3.157 135
-12.239 -3.979 3.162 131
-12.268 -4.057 3.134 134
-12.305 -3.819 3.106 141
-12.287 -3.574 3.127 142
-12.264 -3.624 3.147 143
-12.259 -4.133 3.141 127
-12.239 -3.798 3.166 116
-12.232 -4.291 3.160 121
-12.302 -3.623 3.113 144
-12.291 -3.900 3.117 138
-12.261 -3.797 3.146 138
-12.302 -3.782 3.110 141
-12.311 -3.685 3.103 145
-12.259 -3.713 3.149 142
-12.306 -3.560 3.110 144
-12.265 -3.848 3.142 137
-12.315 -3.660 3.101 145
-12.284 -3.815 3.125 138
-12.284 -3.696 3.128 144
-12.285 -3.839 3.123 137
-12.311 -3.570 3.106 148
-12.269 -3.598 3.143 146
-12.274 -3.610 3.138 144
-12.288 -3.785 3.122 140
-12.267 -3.908 3.139 135
-12.266 -4.116 3.135 132
-12.299 -3.617 3.116 144
-12.246 -4.061 3.154 133
-12.248 -4.027 3.153 131
-12.290 -3.777 3.120 140
-12.304 -3.673 3.110 144
-12.306 -3.673 3.109 144
-12.251 -4.146 3.148 128
-12.261 -3.841 3.145 136
-12.298 -3.640 3.116 145
-12.279 -3.615 3.134 144
-12.250 -3.763 3.157 138
-12.242 -4.223 3.152 130
-12.282 -3.690 3.129 143
-12.263 -3.644 3.147 143
-12.304 -3.739 3.109 143
-12.254 -3.774 3.153 139
-12.254 -3.796 3.152 138
-12.296 -3.795 3.115 142
-12.308 -3.727 3.106 144
-12.236 -3.864 3.167 117
-12.253 -3.872 3.152 134
-12.252 -4.141 3.147 129
-12.298 -3.602 3.117 145
-12.257 -4.059 3.144 133
-12.285 -3.733 3.126 141
-12.276 -3.814 3.132 136
-12.322 -3.606 3.096 147
-12.255 -3.728 3.153 140
-12.266 -3.594 3.146 145
-12.302 -3.646 3.113 145
-12.303 -3.700 3.111 146
-12.280 -3.796 3.129 139
-12.313 -3.552 3.105 145
-12.303 -3.785 3.109 141
-12.232 -4.346 3.159 127
-12.240 -4.193 3.155 134
-12.321 -3.609 3.096 147
-12.273 -3.773 3.136 137
-12.262 -3.748 3.146 142
-12.318 -3.708 3.097 147
-12.313 -3.656 3.102 145
-12.262 -3.920 3.143 135
-12.314 -3.703 3.101 145
-12.310 -3.736 3.103 142
-12.323 -3.615 3.094 148
-12.329 -3.579 3.090 142
-12.274 -3.701 3.137 142
-12.265 -3.755 3.143 140
-12.255 -3.954 3.148 132
-12.260 -3.800 3.147 138
-12.279 -3.961 3.127 134
-12.299 -3.844 3.112 141
-12.268 -4.033 3.135 135
-12.242 -3.784 3.163 132
-12.239 -4.044 3.161 131
-12.238 -3.754 3.167 137
-12.280 -3.841 3.128 137
-12.281 -3.703 3.130 143
-12.247 -3.940 3.156 134
-12.292 -3.711 3.120 144
-12.261 -4.119 3.139 129
-12.321 -3.563 3.098 148
-12.255 -4.178 3.141 132
-12.253 -3.903 3.151 133
-12.248 -3.825 3.157 137
-12.280 -3.587 3.134 146
-12.314 -3.647 3.102 145
-12.277 -3.693 3.134 143
-12.294 -3.717 3.118 144
-12.275 -3.823 3.133 137
-12.244 -4.135 3.154 132
-12.295 -3.772 3.116 143
-12.250 -4.214 3.145 132
-12.277 -3.594 3.136 146
-12.315 -3.571 3.103 150
-12.242 -4.223 3.152 130
-12.265 -3.831 3.142 137
-12.272 -3.802 3.136 138
-12.302 -3.764 3.111 141
-12.304 -3.802 3.107 143
-12.235 -3.855 3.168 119
-12.271 -3.789 3.137 137
-12.242 -3.818 3.162 134
-12.251 -4.135 3.148 130
-12.277 -3.871 3.130 138
-12.245 -4.253 3.149 129
-12.257 -3.895 3.147 134
-12.284 -3.686 3.128 143
-12.255 -4.068 3.145 133
-12.276 -3.931 3.130 135
-12.255 -3.688 3.154 141
-12.235 -4.128 3.163 133
-12.248 -3.940 3.154 134
-12.261 -3.786 3.146 138
-12.265 -3.889 3.141 136
-12.318 -3.588 3.100 147
-12.246 -3.837 3.158 135
-12.279 -3.938 3.127 135
-12.326 -3.662 3.091 144
-12.316 -3.598 3.102 145
-12.311 -3.690 3.104 144
-12.269 -3.947 3.136 135
-12.265 -3.855 3.141 136
-12.299 -3.683 3.115 146
-12.248 -4.107 3.151 134
-12.283 -3.589 3.131 147
-12.262 -3.938 3.142 135
-12.278 -3.760 3.132 139
-12.275 -3.961 3.130 133
-12.315 -3.654 3.101 145
-12.268 -3.909 3.138 135
-12.239 -3.949 3.162 125
-12.251 -3.789 3.155 137
-12.258 -3.590 3.153 142
-12.278 -3.741 3.132 139
-12.253 -4.062 3.148 132
-12.236 -3.663 3.171 136
-12.304 -3.760 3.108 144
-12.290 -3.906 3.118 138
-12.242 -3.712 3.165 133
-12.250 -4.043 3.151 133
-12.301 -3.773 3.111 141
-12.270 -4.079 3.132 134
-12.236 -3.911 3.166 117
-12.236 -4.070 3.163 134
-12.261 -3.904 3.144 136
-12.256 -4.025 3.146 134
-12.282 -3.678 3.130 143
-12.262 -3.689 3.148 142
-12.272 -3.668 3.139 143
-12.294 -3.592 3.121 145
-12.235 -4.184 3.160 115
-12.260 -3.960 3.144 136
-12.272 -3.850 3.135 137
-12.241 -4.043 3.158 132
-12.265 -3.601 3.146 144
-12.282 -3.855 3.126 137
-12.306 -3.745 3.107 144
-12.256 -3.750 3.151 141
-12.252 -3.897 3.152 132
-12.298 -3.792 3.113 141
-12.234 -4.053 3.165 135
-12.307 -3.588 3.110 144
-12.254 -4.044 3.148 133
-12.285 -3.682 3.127 143
-12.254 -3.791 3.153 138
-12.252 -4.086 3.148 129
-12.293 -3.861 3.117 140
-12.264 -3.787 3.144 139
-12.310 -3.617 3.106 144
-12.239 -3.849 3.165 119
-12.254 -3.598 3.156 143
-12.247 -3.815 3.158 136
-12.282 -3.695 3.129 144
-12.284 -3.634 3.129 144
-12.264 -3.635 3.147 143
-12.290 -3.884 3.119 138
-12.296 -3.743 3.116 144
-12.271 -3.936 3.134 134
-12.232 -4.313 3.159 119
-12.244 -3.809 3.161 137
-12.303 -3.655 3.112 146
-12.299 -3.699 3.114 146
-12.299 -3.644 3.116 145
-12.324 -3.675 3.093 146
-12.242 -3.650 3.166 132
-12.235 -4.306 3.157 131
-12.246 -3.781 3.160 140
-12.274 -3.874 3.133 137
-12.236 -4.284 3.156 132
-12.240 -4.001 3.161 132
-12.258 -4.039 3.144 134
-12.233 -4.260 3.160 117
-12.312 -3.658 3.104 145
-12.239 -3.734 3.167 137
-12.275 -3.679 3.136 144
-12.239 -3.955 3.162 122
-12.292 -3.854 3.117 140
-12.265 -3.625 3.146 143
-12.268 -3.683 3.142 143
-12.266 -3.678 3.144 142
-12.244 -4.024 3.157 133
-12.326 -3.607 3.092 146
-12.275 -3.995 3.130 133
-12.285 -3.776 3.125 140
-12.245 -3.747 3.162 138
-12.248 -3.633 3.161 147
-12.246 -4.073 3.154 131
-12.252 -3.597 3.158 141
-12.303 -3.573 3.113 147
-12.233 -4.119 3.164 133
-12.270 -3.765 3.139 139
-12.273 -4.053 3.130 132
-12.261 -3.721 3.147 142
-12.258 -3.982 3.145 135
-12.241 -3.797 3.164 116
-12.305 -3.814 3.107 141
-12.303 -3.738 3.110 144
-12.246 -3.938 3.157 135
-12.288 -3.597 3.126 144
-12.239 -4.246 3.154 133
-12.237 -3.873 3.166 116
-12.305 -3.585 3.111 144
-12.260 -3.829 3.146 137
-12.328 -3.622 3.090 141
-12.257 -3.746 3.150 141
-12.244 -3.644 3.164 141
-12.237 -3.847 3.166 116
-12.275 -3.667 3.137 143
-12.280 -3.701 3.131 143
-12.247 -3.848 3.157 136
-12.300 -3.651 3.114 146
-12.248 -3.965 3.154 133
-12.299 -3.589 3.117 146
-12.319 -3.617 3.098 148
-12.259 -3.822 3.147 137
-12.236 -4.050 3.163 133
-12.291 -3.631 3.123 144
-12.289 -3.800 3.121 139
-12.269 -4.096 3.133 132
-12.242 -3.613 3.167 131
-12.289 -3.611 3.125 143
-12.237 -3.699 3.169 134
-12.267 -4.045 3.136 135
-12.279 -3.947 3.127 134
-12.334 -3.559 3.086 157
-12.254 -3.940 3.150 133
-12.330 -3.550 3.089 137
-12.294 -3.597 3.121 143
-12.276 -3.584 3.137 144
-12.322 -3.693 3.093 145
-12.302 -3.673 3.112 145
-12.248 -4.068 3.152 131
-12.238 -4.130 3.159 132
-12.250 -3.687 3.158 141
-12.260 -3.978 3.144 135
-12.241 -3.641 3.167 134
-12.324 -3.577 3.095 150
-12.254 -3.722 3.154 140
-12.251 -4.210 3.145 133
-12.303 -3.580 3.113 146
-12.247 -3.643 3.161 145
-12.289 -3.821 3.121 139
-12.263 -3.703 3.147 143
-12.254 -4.096 3.146 130
-12.251 -3.763 3.156 137
-12.268 -3.734 3.141 141
-12.284 -3.911 3.123 137
-12.250 -4.188 3.146 132
-12.300 -3.602 3.116 145
-12.270 -3.813 3.137 137
-12.254 -3.687 3.155 141
-12.255 -3.904 3.150 134
-12.302 -3.731 3.111 144
-12.298 -3.825 3.112 139
-12.247 -3.999 3.154 128
-12.240 -4.026 3.160 130
-12.272 -3.821 3.136 137
-12.267 -3.638 3.144 142
-12.236 -3.933 3.166 117
-12.271 -3.924 3.134 134
-12.320 -3.582 3.098 149
-12.298 -3.750 3.114 144
-12.235 -4.155 3.161 130
-12.300 -3.563 3.116 140
-12.313 -3.721 3.102 142
-12.312 -3.607 3.105 144
-12.276 -4.007 3.128 132
-12.309 -3.702 3.105 145
-12.264 -3.666 3.146 143
-12.254 -3.729 3.154 140
-12.304 -3.734 3.109 143
-12.284 -3.854 3.124 137
-12.288 -3.942 3.119 135
-12.246 -4.139 3.152 132
-12.262 -3.592 3.149 145
-12.294 -3.687 3.119 144
-12.267 -3.971 3.137 134
-12.304 -3.735 3.109 144
-12.234 -4.315 3.158 117
-12.261 -3.654 3.149 142
-12.311 -3.687 3.104 145
-12.264 -3.705 3.146 143
-12.284 -3.856 3.124 137
-12.287 -3.844 3.122 138
-12.235 -3.805 3.169 114
-12.276 -3.974 3.129 133
-12.243 -3.651 3.165 132
-12.261 -4.015 3.142 134
-12.246 -3.789 3.160 138
-12.294 -3.825 3.116 140
-12.318 -3.707 3.097 147
-12.234 -4.049 3.165 130
-12.241 -3.785 3.164 132
-12.283 -3.875 3.125 138
-12.263 -4.114 3.137 131
-12.276 -3.594 3.137 146
-12.248 -3.648 3.161 145
-12.244 -3.837 3.160 135
-12.273 -3.797 3.135 138
-12.255 -3.611 3.155 143
-12.241 -4.235 3.153 130
-12.286 -3.872 3.122 138
-12.279 -3.695 3.132 143
-12.303 -3.683 3.111 145
-12.270 -3.724 3.139 141
-12.320 -3.561 3.098 148
-12.309 -3.616 3.107 143
-12.301 -3.710 3.112 145
-12.280 -3.796 3.129 139
-12.301 -3.828 3.110 141
-12.306 -3.655 3.109 145
-12.248 -3.990 3.154 132
-12.304 -3.819 3.107 141
-12.305 -3.742 3.108 144
-12.284 -3.823 3.125 138
-12.271 -3.981 3.134 133
-12.277 -3.837 3.131 136
-12.275 -3.955 3.130 133
-12.237 -3.816 3.167 120
-12.251 -3.841 3.154 138
-12.249 -3.681 3.159 141
-12.243 -3.884 3.161 140
-12.334 -3.591 3.085 148
-12.231 -4.325 3.160 103
-12.260 -3.955 3.143 136
-12.283 -3.839 3.126 137
-12.295 -3.790 3.116 142
-12.253 -4.175 3.143 133
-12.230 -4.367 3.160 127
-12.243 -4.164 3.154 131
-12.280 -3.893 3.127 138
-12.255 -4.103 3.145 130
-12.247 -3.695 3.161 139
-12.255 -3.940 3.148 133
-12.279 -3.725 3.131 140
-12.328 -3.594 3.090 149
-12.246 -3.750 3.161 138
-12.325 -3.644 3.092 146
-12.248 -3.625 3.161 145
-12.324 -3.684 3.092 146
-12.313 -3.744 3.101 142
-12.266 -3.734 3.142 140
-12.260 -3.991 3.143 135
-12.249 -4.093 3.151 134
-12.314 -3.636 3.102 145
-12.273 -3.581 3.140 144
-12.237 -4.061 3.162 135
-12.281 -3.999 3.124 134
-12.237 -3.826 3.166 116
-12.310 -3.657 3.106 145
-12.239 -3.836 3.165 121
-12.319 -3.627 3.098 145
-12.237 -4.208 3.157 132
-12.299 -3.710 3.114 144
-12.253 -4.169 3.144 133
-12.265 -4.004 3.138 135
-12.300 -3.710 3.113 144
-12.244 -4.146 3.154 133
-12.262 -3.917 3.143 135
-12.237 -3.656 3.170 135
-12.231 -4.272 3.161 107
-12.266 -4.024 3.137 135
-12.263 -4.101 3.138 132
-12.274 -3.948 3.131 133
-12.275 -3.961 3.130 133
-12.302 -3.759 3.111 144
-12.254 -3.979 3.149 133
-12.253 -3.794 3.154 138
-12.265 -4.078 3.137 132
-12.275 -3.845 3.133 137
-12.254 -3.855 3.151 136
-12.282 -3.843 3.127 137
-12.285 -3.571 3.130 149
-12.289 -3.783 3.121 140
-12.246 -3.942 3.157 135
-12.328 -3.640 3.089 141
-12.258 -3.932 3.146 133
-12.269 -3.609 3.143 145
-12.262 -3.951 3.142 134
-12.303 -3.737 3.110 144
-12.270 -4.081 3.133 133
-12.255 -3.871 3.150 134
-12.298 -3.867 3.112 142
-12.288 -3.810 3.122 139
-12.322 -3.576 3.096 150
-12.260 -3.606 3.151 143
-12.265 -3.912 3.140 135
-12.311 -3.612 3.105 144
-12.269 -3.719 3.140 141
-12.299 -3.642 3.115 145
-12.265 -3.606 3.147 143
-12.287 -3.629 3.126 144
-12.267 -3.957 3.137 134
-12.324 -3.581 3.094 149
-12.247 -4.048 3.153 132
-12.258 -3.889 3.147 134
-12.312 -3.771 3.101 144
-12.315 -3.576 3.102 146
-12.307 -3.646 3.108 144
-12.239 -4.238 3.155 131
-12.239 -4.026 3.161 131
-12.246 -4.132 3.153 132
-12.243 -3.617 3.166 132
-12.264 -3.925 3.141 135
-12.309 -3.795 3.103 144
-12.239 -4.169 3.157 130
-12.318 -3.573 3.100 149
-12.235 -3.762 3.170 135
-12.248 -3.754 3.158 137
-12.301 -3.698 3.112 146
-12.331 -3.552 3.089 142
-12.280 -3.785 3.130 138
-12.284 -3.769 3.126 140
-12.280 -3.792 3.129 139
-12.331 -3.537 3.089 140
-12.247 -4.152 3.151 132
-12.251 -3.830 3.154 138
-12.260 -3.878 3.145 135
-12.268 -3.681 3.142 142
-12.239 -3.649 3.169 133
-12.266 -3.844 3.141 136
-12.280 -3.858 3.128 137
-12.234 -4.156 3.163 125
-12.285 -3.952 3.121 135
-12.251 -3.751 3.156 139
-12.258 -3.709 3.151 141
-12.267 -4.000 3.136 133
-12.254 -3.925 3.150 133
-12.282 -3.581 3.132 146
-12.234 -4.143 3.163 129
-12.239 -3.620 3.169 119
-12.256 -3.808 3.151 139
-12.319 -3.671 3.097 146
-12.329 -3.647 3.089 136
-12.237 -4.059 3.162 136
-12.277 -3.808 3.132 137
-12.322 -3.607 3.096 147
-12.288 -3.621 3.126 145
-12.242 -3.769 3.164 136
-12.298 -3.676 3.116 147
-12.318 -3.703 3.097 146
-12.248 -3.745 3.159 138
-12.274 -3.903 3.133 136
-12.280 -3.756 3.130 139
-12.266 -4.049 3.136 134
-12.269 -4.019 3.134 135
-12.249 -3.652 3.160 145
-12.295 -3.792 3.116 142
-12.257 -3.844 3.149 138
-12.246 -4.150 3.152 132
-12.242 -3.988 3.159 131
-12.277 -3.622 3.135 144
-12.315 -3.639 3.101 145
-12.276 -3.714 3.134 142
-12.277 -3.985 3.128 134
-12.243 -3.764 3.163 134
-12.285 -3.954 3.121 135
-12.311 -3.671 3.104 145
-12.279 -3.950 3.127 134
-12.235 -3.907 3.167 117
-12.273 -3.619 3.139 143
-12.279 -3.635 3.134 143
-12.243 -3.841 3.161 133
-12.279 -3.801 3.130 137
-12.261 -4.011 3.141 134
-12.275 -4.026 3.129 132
-12.317 -3.672 3.099 146
-12.273 -3.833 3.134 137
-12.264 -3.744 3.145 140
-12.257 -4.076 3.144 130
-12.326 -3.572 3.093 151
-12.296 -3.607 3.119 145
-12.238 -3.661 3.170 136
-12.264 -3.854 3.142 137
-12.277 -3.608 3.136 144
-12.291 -3.637 3.123 144
-12.319 -3.595 3.099 147
-12.301 -3.769 3.111 140
-12.293 -3.596 3.121 143
-12.267 -3.626 3.144 143
-12.280 -3.767 3.129 140
-12.327 -3.644 3.090 148
-12.238 -4.195 3.156 139
-12.234 -4.206 3.160 115
-12.309 -3.569 3.108 147
-12.263 -3.915 3.142 135
-12.328 -3.624 3.090 138
-12.244 -4.018 3.156 132
-12.280 -3.739 3.130 140
-12.270 -3.863 3.136 137
-12.314 -3.557 3.103 144
-12.296 -3.841 3.114 141
-12.318 -3.674 3.097 145
-12.294 -3.788 3.117 142
-12.247 -4.031 3.153 131
-12.303 -3.755 3.109 144
-12.280 -3.793 3.129 139
-12.317 -3.557 3.101 147
-12.288 -3.650 3.125 144
-12.275 -3.624 3.137 144
-12.295 -3.891 3.114 139
-12.278 -3.605 3.135 143
-12.268 -3.604 3.144 145
-12.282 -3.848 3.126 137
-12.259 -4.093 3.142 131
-12.282 -4.371 3.116 130
-12.306 -4.092 3.102 134
-12.283 -4.054 3.121 134
-12.281 -4.154 3.122 135
-12.310 -4.396 3.093 134
-12.294 -4.282 3.107 133
-12.306 -4.286 3.097 133
-12.247 -4.315 3.146 128
-12.291 -4.003 3.116 138
-12.255 -4.323 3.140 126
-12.304 -4.070 3.103 134
-12.296 -4.546 3.102 133
-12.271 -4.496 3.124 133
-12.309 -4.193 3.096 137
-12.238 -4.381 3.153 132
-12.295 -4.256 3.106 134
-12.327 -3.989 3.085 133
-12.273 -4.482 3.122 133
-12.258 -4.322 3.137 126
-12.267 -4.247 3.130 129
-12.316 -3.834 3.097 145
-12.297 -4.521 3.101 130
-12.266 -4.211 3.132 133
-12.307 -4.478 3.093 132
-12.299 -4.347 3.103 132
-12.304 -4.583 3.095 134
-12.311 -4.112 3.097 134
-12.299 -4.070 3.108 134
-12.269 -4.234 3.129 130
-12.288 -4.382 3.111 130
-12.267 -4.219 3.131 134
-12.325 -3.728 3.091 145
-12.314 -4.395 3.089 134
-12.316 -4.145 3.093 140
-12.299 -4.117 3.107 133
-12.308 -4.543 3.092 132
-12.290 -4.330 3.110 131
-12.308 -4.461 3.093 131
-12.251 -4.332 3.143 126
-12.309 -4.147 3.098 140
-12.282 -4.057 3.122 134
-12.306 -4.509 3.094 131
-12.255 -4.228 3.141 130
-12.280 -4.119 3.123 133
-12.285 -4.467 3.113 132
-12.280 -4.357 3.118 131
-12.281 -4.065 3.123 132
-12.277 -4.508 3.118 132
-12.287 -4.078 3.118 136
-12.281 -4.282 3.118 133
-12.303 -4.202 3.101 133
-12.331 -3.885 3.084 147
-12.312 -4.220 3.093 139
-12.251 -4.300 3.143 130
-12.280 -4.148 3.123 134
-12.280 -4.154 3.123 135
-12.312 -4.195 3.093 137
-12.275 -4.478 3.120 132
-12.279 -4.509 3.116 133
-12.323 -3.920 3.089 139
-12.289 -4.064 3.117 135
-12.335 -3.624 3.084 146
-12.314 -4.168 3.093 138
-12.266 -4.230 3.132 131
-12.273 -4.226 3.126 131
-12.300 -4.166 3.106 134
-12.262 -4.233 3.135 131
-12.303 -4.355 3.098 132
-12.319 -4.331 3.085 129
-12.310 -4.205 3.095 137
-12.313 -4.189 3.093 137
-12.334 -3.639 3.085 141
-12.279 -4.115 3.124 133
-12.311 -4.519 3.090 132
-12.302 -4.358 3.099 133
-12.313 -3.992 3.097 137
-12.298 -4.128 3.108 137
-12.314 -3.806 3.099 146
-12.279 -4.038 3.125 133
-12.270 -4.441 3.126 129
-12.239 -4.309 3.153 130
-12.286 -4.421 3.112 130
-12.281 -4.387 3.116 129
-12.294 -4.299 3.107 134
-12.324 -3.774 3.091 147
-12.285 -4.502 3.111 132
-12.287 -4.006 3.119 135
-12.323 -3.826 3.091 147
-12.285 -4.243 3.115 133
-12.287 -4.370 3.112 130
-12.306 -4.423 3.096 131
-12.266 -4.485 3.128 132
-12.260 -4.191 3.137 134
-12.307 -3.871 3.104 141
-12.292 -3.940 3.116 137
-12.292 -4.168 3.112 134
-12.320 -4.185 3.086 132
-12.290 -4.400 3.109 132
-12.302 -4.250 3.101 136
-12.314 -4.654 3.085 127
-12.319 -4.388 3.085 123
-12.309 -4.229 3.095 138
-12.316 -4.055 3.093 137
-12.259 -4.427 3.135 127
-12.311 -4.377 3.092 132
-12.314 -4.129 3.094 137
-12.286 -4.044 3.120 134
-12.313 -4.095 3.096 135
-12.309 -4.089 3.099 135
-12.262 -4.453 3.131 131
-12.315 -4.281 3.090 137
-12.270 -4.140 3.131 134
-12.313 -4.404 3.090 133
-12.325 -3.898 3.088 135
-12.329 -3.807 3.086 127
-12.249 -4.326 3.145 127
-12.329 -3.875 3.085 128
-12.330 -3.932 3.084 128
-12.261 -4.471 3.133 133
-12.318 -3.903 3.094 140
-12.290 -4.353 3.109 132
-12.316 -4.244 3.090 138
-12.292 -4.136 3.113 134
-12.273 -4.332 3.124 127
-12.276 -4.388 3.121 127
-12.317 -4.265 3.088 137
-12.299 -4.245 3.104 135
-12.257 -4.185 3.140 133
-12.313 -4.495 3.088 132
-12.311 -3.999 3.099 136
-12.262 -4.312 3.134 125
-12.311 -4.354 3.092 134
-12.269 -4.440 3.126 129
-12.284 -4.523 3.113 133
-12.307 -4.479 3.094 132
-12.305 -4.302 3.098 134
-12.302 -3.961 3.107 139
-12.310 -4.059 3.099 137
-12.307 -4.396 3.095 134
-12.268 -4.429 3.127 127
-12.310 -3.853 3.102 144
-12.261 -4.357 3.134 130
-12.299 -4.376 3.102 130
-12.303 -4.170 3.102 136
-12.282 -4.035 3.122 134
-12.313 -4.413 3.089 134
-12.281 -4.263 3.119 133
-12.282 -4.328 3.117 128
-12.298 -4.336 3.104 133
-12.306 -3.894 3.105 142
-12.300 -4.225 3.103 135
-12.239 -4.354 3.153 131
-12.310 -3.809 3.102 144
-12.276 -4.475 3.119 132
-12.243 -4.343 3.150 130
-12.298 -4.297 3.104 132
-12.247 -4.249 3.147 127
-12.297 -4.395 3.103 129
-12.296 -3.958 3.112 138
-12.278 -4.318 3.120 127
-12.283 -4.193 3.118 134
-12.315 -3.919 3.097 142
-12.294 -4.278 3.108 133
-12.280 -4.543 3.116 133
-12.312 -4.265 3.093 138
-12.329 -3.686 3.088 129
-12.319 -3.981 3.092 139
-12.289 -4.145 3.115 133
-12.293 -4.481 3.105 131
-12.263 -4.265 3.134 128
-12.305 -4.412 3.096 132
-12.333 -3.697 3.085 140
-12.264 -4.177 3.134 134
-12.261 -4.330 3.135 126
-12.311 -3.909 3.100 141
-12.298 -3.908 3.111 139
-12.314 -4.359 3.089 133
-12.275 -4.138 3.127 133
-12.260 -4.320 3.135 123
-12.303 -4.107 3.104 135
-12.264 -4.403 3.131 127
-12.318 -4.041 3.092 139
-12.301 -3.871 3.109 142
-12.252 -4.336 3.142 126
-12.321 -4.250 3.085 129
-12.287 -3.998 3.119 137
-12.271 -4.465 3.124 132
-12.307 -4.299 3.096 135
-12.331 -3.727 3.085 134
-12.281 -4.410 3.116 127
-12.323 -3.771 3.092 146
-12.327 -3.919 3.086 134
-12.284 -4.541 3.112 133
-12.282 -4.325 3.117 128
-12.268 -4.270 3.129 132
-12.331 -3.703 3.086 135
-12.322 -3.851 3.092 145
-12.316 -4.070 3.093 138
-12.274 -4.466 3.122 131
-12.305 -4.515 3.095 132
-12.324 -3.996 3.088 141
-12.311 -4.456 3.090 132
-12.314 -3.841 3.098 145
-12.236 -4.390 3.154 135
-12.245 -4.298 3.148 131
-12.300 -3.926 3.109 139
-12.312 -4.481 3.089 132
-12.325 -4.085 3.086 128
-12.311 -4.093 3.097 135
-12.329 -3.875 3.085 128
-12.297 -4.282 3.105 133
-12.263 -4.363 3.132 128
-12.301 -4.214 3.103 135
-12.248 -4.423 3.144 129
-12.314 -3.908 3.098 142
-12.284 -4.318 3.115 129
-12.263 -4.159 3.137 134
-12.325 -4.077 3.085 126
-12.325 -4.089 3.085 128
-12.300 -4.464 3.099 130
-12.306 -4.338 3.096 134
-12.303 -4.456 3.097 131
-12.303 -4.181 3.101 136
-12.331 -3.762 3.086 133
-12.324 -3.997 3.088 141
-12.250 -4.280 3.144 133
-12.246 -4.351 3.147 132
-12.279 -4.418 3.118 127
-12.249 -4.391 3.143 130
-12.293 -3.985 3.114 137
-12.268 -4.324 3.128 125
-12.262 -4.360 3.133 128
-12.244 -4.317 3.149 128
-12.303 -4.600 3.095 134
-12.270 -4.397 3.126 127
-12.306 -3.830 3.106 142
-12.324 -4.025 3.087 138
-12.321 -4.259 3.085 135
-12.250 -4.436 3.142 128
-12.287 -4.230 3.114 133
-12.318 -4.238 3.087 138
-12.335 -3.655 3.084 149
-12.313 -3.998 3.097 137
-12.312 -4.489 3.089 133
-12.266 -4.475 3.128 132
-12.325 -3.699 3.091 147
-12.300 -4.319 3.102 133
-12.263 -4.286 3.133 132
-12.274 -4.455 3.122 130
-12.311 -3.813 3.101 145
-12.259 -4.230 3.138 131
-12.307 -3.851 3.104 144
-12.278 -4.509 3.117 132
-12.320 -4.185 3.087 132
-12.278 -4.163 3.125 135
-12.327 -4.016 3.085 131
-12.280 -4.309 3.119 130
-12.289 -4.350 3.111 132
-12.293 -4.049 3.114 134
-12.297 -4.003 3.111 138
-12.312 -4.315 3.092 137
-12.289 -4.218 3.112 133
-12.307 -4.547 3.093 135
-12.239 -4.396 3.152 131
-12.303 -4.023 3.105 137
-12.305 -3.909 3.105 138
-12.310 -4.366 3.093 134
-12.320 -3.723 3.095 145
-12.271 -4.477 3.124 133
-12.302 -4.181 3.102 136
-12.308 -4.001 3.101 136
-12.301 -4.405 3.100 130
-12.293 -4.583 3.104 133
-12.301 -4.409 3.100 130
-12.245 -4.364 3.148 131
-12.272 -4.430 3.124 126
-12.293 -4.056 3.113 133
-12.271 -4.177 3.128 134
-12.301 -3.902 3.109 142
-12.309 -4.260 3.095 137
-12.269 -4.255 3.129 131
-12.316 -4.431 3.087 132
-12.305 -4.526 3.095 132
-12.304 -4.034 3.104 134
-12.283 -4.214 3.117 134
-12.267 -4.124 3.134 131
-12.316 -4.080 3.093 137
-12.279 -4.191 3.121 134
-12.256 -4.324 3.139 126
-12.310 -4.439 3.091 132
-12.290 -4.411 3.109 131
-12.301 -4.394 3.100 131
-12.289 -4.198 3.113 134
-12.310 -4.070 3.098 138
-12.311 -4.142 3.097 140
-12.300 -4.182 3.104 134
-12.257 -4.436 3.136 128
-12.303 -4.351 3.099 132
-12.323 -3.728 3.093 145
-12.313 -4.112 3.095 136
-12.280 -4.169 3.122 136
-12.283 -4.022 3.122 134
-12.321 -4.342 3.084 125
-12.299 -4.043 3.109 137
-12.303 -3.846 3.108 141
-12.311 -4.524 3.089 130
-12.278 -4.076 3.125 134
-12.285 -4.063 3.119 134
-12.301 -3.928 3.108 138
-12.238 -4.324 3.154 128
-12.288 -4.242 3.113 133
-12.294 -4.072 3.112 136
-12.320 -3.792 3.094 146
-12.265 -4.270 3.132 132
-12.275 -4.070 3.128 132
-12.333 -3.679 3.085 142
-12.253 -4.379 3.140 130
-12.294 -4.332 3.107 131
-12.319 -3.962 3.092 140
-12.308 -4.501 3.092 133
-12.300 -4.374 3.101 130
-12.276 -4.105 3.127 133
-12.305 -4.280 3.098 134
-12.283 -4.278 3.117 133
-12.267 -4.451 3.127 130
-12.273 -4.101 3.129 133
-12.316 -3.952 3.095 140
-12.246 -4.337 3.147 129
-12.268 -4.118 3.133 133
-12.264 -4.377 3.131 127
-12.330 -3.695 3.087 135
-12.252 -4.387 3.141 130
-12.293 -4.584 3.104 133
-12.301 -4.343 3.101 133
-12.301 -4.210 3.103 133
-12.278 -4.395 3.119 130
-12.333 -3.780 3.084 141
-12.302 -4.066 3.105 133
-12.325 -4.147 3.084 115
-12.322 -3.982 3.090 139
-12.312 -4.293 3.092 138
-12.304 -4.386 3.098 130
-12.286 -4.547 3.110 133
-12.296 -4.589 3.102 133
-12.254 -4.426 3.139 127
-12.291 -4.040 3.115 134
-12.260 -4.271 3.136 131
-12.292 -4.500 3.106 132
-12.260 -4.362 3.135 131
-12.324 -3.702 3.092 148
-12.299 -4.273 3.103 132
-12.291 -4.372 3.109 131
-12.298 -4.429 3.102 129
-12.256 -4.449 3.137 130
-12.310 -4.564 3.089 136
-12.321 -3.941 3.091 140
-12.302 -4.282 3.100 133
-12.278 -4.117 3.125 133
-12.308 -4.615 3.091 134
-12.299 -4.371 3.102 130
-12.309 -4.613 3.090 134
-12.324 -3.790 3.091 146
-12.301 -4.001 3.107 136
-12.304 -4.077 3.103 134
-12.313 -4.151 3.095 140
-12.329 -3.851 3.086 128
-12.256 -4.188 3.140 133
-12.284 -4.000 3.122 135
-12.288 -4.546 3.109 133
-12.258 -4.420 3.136 127
-12.320 -4.065 3.090 137
-12.262 -4.280 3.134 132
-12.326 -3.693 3.091 143
-12.301 -4.452 3.099 130
-12.295 -4.470 3.104 130
-12.248 -4.403 3.144 130
-12.313 -4.445 3.089 131
-12.307 -3.917 3.103 140
-12.279 -4.120 3.124 133
-12.329 -3.783 3.087 130
-12.314 -4.656 3.085 127
-12.281 -4.144 3.122 132
-12.307 -4.261 3.097 137
-12.325 -3.822 3.090 148
-12.321 -3.970 3.091 139
-12.262 -4.389 3.133 130
-12.330 -3.696 3.087 135
-12.313 -4.265 3.092 138
-12.296 -4.236 3.107 135
-12.304 -4.335 3.098 134
-12.287 -4.295 3.113 133
-12.304 -3.948 3.105 137
-12.256 -4.267 3.139 128
-12.273 -4.265 3.125 133
-12.303 -4.069 3.105 134
-12.320 -4.099 3.090 136
-12.312 -3.926 3.099 141
-12.290 -4.396 3.109 132
-12.309 -4.437 3.092 132
-12.280 -4.223 3.120 133
-12.328 -3.813 3.087 122
-12.247 -4.271 3.147 133
-12.262 -4.184 3.136 134
-12.289 -4.169 3.114 135
-12.295 -4.415 3.104 131
-12.269 -4.208 3.129 134
-12.287 -4.213 3.114 134
-12.312 -3.938 3.099 141
-12.282 -4.205 3.119 133
-12.287 -4.179 3.114 135
-12.234 -4.350 3.157 129
-12.254 -4.329 3.140 126
-12.298 -3.893 3.111 141
-12.290 -4.137 3.114 134
-12.321 -4.284 3.084 134
-12.293 -4.377 3.107 132
-12.284 -4.253 3.117 133
-12.319 -4.139 3.090 135
-12.316 -4.222 3.090 139
-12.313 -4.360 3.090 133
-12.233 -4.361 3.158 130
-12.270 -4.328 3.127 127
-12.315 -4.324 3.089 137
-12.285 -4.364 3.114 131
-12.324 -3.975 3.088 138
-12.293 -3.950 3.115 136
-12.298 -4.110 3.108 133
-12.272 -4.328 3.125 127
-12.307 -4.595 3.092 134
-12.287 -4.360 3.112 132
-12.321 -3.905 3.091 140
-12.320 -3.916 3.093 141
-12.306 -4.204 3.098 135
-12.295 -4.563 3.103 134
-12.293 -4.012 3.114 136
-12.298 -4.021 3.109 138
-12.308 -3.996 3.101 136
-12.318 -3.819 3.095 146
-12.304 -3.858 3.107 141
-12.261 -4.294 3.135 131
-12.275 -4.339 3.123 128
-12.286 -4.275 3.114 133
-12.297 -4.181 3.106 134
-12.300 -4.514 3.099 131
-12.324 -4.060 3.087 127
-12.290 -4.219 3.111 133
-12.315 -4.232 3.091 138
-12.261 -4.450 3.133 130
-12.295 -4.460 3.104 130
-12.314 -4.470 3.088 131
-12.311 -4.509 3.090 132
-12.319 -3.856 3.094 145
-12.258 -4.384 3.137 131
-12.299 -3.991 3.109 138
-12.313 -4.528 3.088 130
-12.319 -3.991 3.092 139
-12.320 -3.937 3.092 140
-12.253 -4.328 3.141 126
-12.271 -4.136 3.130 133
-12.317 -3.817 3.097 146
-12.320 -4.410 3.084 123
-12.250 -4.388 3.143 130
-12.323 -3.889 3.091 143
-12.310 -3.827 3.102 144
-12.318 -4.056 3.092 136
-12.237 -4.370 3.154 133
-12.298 -4.009 3.110 138
-12.307 -3.847 3.104 144
-12.314 -4.244 3.091 138
-12.269 -4.430 3.127 127
-12.281 -4.493 3.115 133
-12.274 -4.151 3.127 134
-12.286 -4.415 3.112 129
-12.320 -4.240 3.086 133
-12.296 -4.034 3.111 135
-12.304 -4.543 3.095 132
-12.327 -3.907 3.087 138
-12.308 -4.234 3.096 138
-12.298 -4.326 3.104 131
-12.256 -4.322 3.139 126
-12.310 -4.377 3.092 132
-12.296 -4.059 3.111 133
-12.325 -3.948 3.088 132
-12.248 -4.275 3.146 132
-12.239 -4.389 3.152 135
-12.330 -3.916 3.084 128
-12.301 -4.283 3.101 133
-12.283 -4.139 3.121 131
-12.294 -4.451 3.105 130
-12.269 -4.154 3.132 135
-12.309 -4.107 3.099 133
-12.302 -4.529 3.097 132
-12.314 -4.527 3.087 130
-12.297 -4.062 3.110 135
-12.304 -4.615 3.094 133
-12.280 -4.459 3.117 131
-12.307 -3.839 3.105 141
-12.284 -4.028 3.121 134
-12.258 -4.377 3.136 130
-12.304 -3.982 3.105 139
-12.284 -4.074 3.121 135
-12.316 -3.949 3.095 140
-12.313 -4.072 3.096 139
-12.304 -4.601 3.095 134
-12.296 -3.983 3.111 137
-12.294 -4.460 3.105 132
-12.302 -4.265 3.101 135
-12.323 -3.945 3.089 140
-12.267 -4.201 3.132 134
-12.312 -4.160 3.096 139
-12.313 -3.815 3.099 145
-12.311 -4.166 3.097 136
-12.302 -3.954 3.107 137
-12.315 -4.338 3.089 138
-12.277 -4.054 3.127 132
-12.319 -4.357 3.086 125
-12.314 -4.541 3.087 131
-12.314 -3.827 3.099 145
-12.270 -4.213 3.129 134
-12.312 -3.804 3.101 144
-12.281 -4.516 3.115 132
-12.312 -4.528 3.089 131
-12.256 -4.188 3.141 132
-12.238 -4.375 3.153 132
-12.301 -4.134 3.105 136
-12.290 -4.153 3.114 134
-12.287 -4.182 3.114 135
-12.301 -4.615 3.096 131
-12.313 -4.120 3.096 137
-12.269 -4.273 3.129 132
-12.252 -4.250 3.143 127
-12.272 -4.307 3.125 128
-12.269 -4.192 3.129 135
-12.319 -3.949 3.093 139
-12.248 -4.394 3.144 130
-12.294 -3.971 3.113 138
-12.326 -3.844 3.088 136
-12.264 -4.145 3.136 130
-12.315 -4.146 3.093 140
-12.320 -3.758 3.095 145
-12.265 -4.182 3.134 134
-12.305 -4.031 3.104 135
-12.298 -4.249 3.104 135
-12.241 -4.365 3.151 131
-12.290 -4.474 3.108 133
-12.295 -4.030 3.112 135
-12.305 -4.505 3.095 134
-12.285 -4.408 3.113 130
-12.305 -3.864 3.106 143
-12.301 -4.130 3.105 136
-12.308 -4.158 3.099 136
-12.258 -4.369 3.136 130
-12.308 -4.381 3.094 131
-12.290 -4.299 3.110 134
-12.293 -4.343 3.107 132
-12.322 -3.814 3.092 145
-12.296 -4.035 3.111 135
-12.296 -4.118 3.109 135
-12.285 -4.273 3.115 133
-12.306 -3.838 3.105 141
-12.288 -4.458 3.110 131
-12.310 -3.961 3.100 140
-12.303 -4.240 3.100 136
-12.250 -4.427 3.142 127
-12.303 -4.165 3.103 136
-12.291 -4.523 3.106 132
-12.320 -3.922 3.092 141
-12.263 -4.274 3.134 131
-12.327 -3.857 3.087 131
-12.308 -4.599 3.091 134
-12.297 -4.574 3.101 132
-12.311 -4.351 3.092 135
-12.301 -3.998 3.107 136
-12.301 -4.197 3.103 134
-12.333 -3.633 3.085 139
-12.309 -4.198 3.096 137
-12.253 -4.401 3.141 129
-12.314 -4.644 3.085 131
-12.315 -4.435 3.087 133
-12.321 -4.331 3.084 129
-12.316 -4.146 3.092 140
-12.318 -3.891 3.095 141
-12.300 -4.244 3.103 135
-12.261 -4.412 3.133 128
-12.281 -4.416 3.117 127
-12.306 -4.136 3.101 136
-12.249 -4.296 3.145 132
-12.267 -4.378 3.129 127
-12.235 -4.377 3.156 131
-12.295 -4.487 3.103 132
-12.313 -4.033 3.096 138
-12.321 -4.119 3.089 138
-12.282 -4.401 3.115 130
-12.318 -3.834 3.095 145
-12.323 -3.849 3.091 145
-12.316 -4.075 3.094 138
-12.262 -4.212 3.135 133
-12.276 -4.385 3.121 127
-12.247 -4.313 3.146 127
-12.323 -3.818 3.091 147
-12.316 -4.181 3.090 138
-12.270 -4.472 3.125 132
-12.312 -4.483 3.090 132
-12.327 -3.767 3.088 141
-12.260 -4.355 3.135 130
-12.287 -4.063 3.118 134
-12.306 -4.556 3.094 135
-12.277 -4.314 3.121 127
-12.269 -4.395 3.127 127
-12.280 -4.410 3.118 127
-12.297 -3.905 3.112 139
-12.286 -4.516 3.111 132
-12.314 -4.050 3.095 137
-12.261 -4.221 3.136 133
-12.289 -4.130 3.116 134
-12.316 -4.420 3.087 132
-12.291 -3.981 3.116 137
-12.311 -4.200 3.094 138
-12.321 -3.820 3.093 147
-12.260 -4.305 3.136 128
-12.249 -4.259 3.145 125
-12.283 -4.241 3.118 133
-12.319 -4.433 3.084 118
-12.309 -4.156 3.098 137
-12.302 -4.116 3.104 132
-12.256 -4.372 3.138 130
-12.316 -3.868 3.096 142
-12.271 -4.337 3.126 127
-12.256 -4.223 3.140 130
-12.270 -4.165 3.131 134
-12.319 -4.061 3.091 137
-12.310 -4.110 3.098 134
