-15.739 -3.652 3.090 132
-15.807 -3.593 3.138 142
-15.818 -3.803 3.128 138
-15.830 -3.617 3.151 139
-15.764 -3.944 3.081 142
-15.774 -3.876 3.094 143
-15.858 -3.592 3.171 132
-15.773 -3.771 3.102 142
-15.830 -3.659 3.148 139
-15.833 -3.612 3.154 137
-15.812 -3.828 3.122 136
-15.791 -3.962 3.098 141
-15.813 -3.836 3.123 136
-15.740 -3.609 3.094 141
-15.780 -3.908 3.095 142
-15.772 -3.693 3.108 140
-15.778 -3.803 3.102 142
-15.773 -3.880 3.093 145
-15.789 -3.900 3.101 139
-15.780 -4.026 3.086 139
-15.758 -3.862 3.084 139
-15.803 -3.801 3.119 138
-15.733 -3.708 3.081 146
-15.831 -3.652 3.149 139
-15.826 -3.790 3.134 137
-15.786 -4.034 3.089 138
-15.781 -3.557 3.125 142
-15.769 -3.746 3.101 142
-15.834 -3.566 3.158 143
-15.788 -3.653 3.122 141
-15.799 -3.718 3.123 139
-15.714 -3.556 3.081 160
-15.783 -4.028 3.087 139
-15.798 -3.855 3.111 138
-15.760 -3.662 3.103 140
-15.808 -3.768 3.125 139
-15.780 -3.564 3.123 146
-15.812 -3.565 3.144 142
-15.762 -3.874 3.086 143
-15.744 -3.695 3.089 148
-15.828 -3.774 3.137 139
-15.815 -3.802 3.126 137
-15.750 -3.627 3.099 137
-15.778 -3.853 3.098 141
-15.782 -3.859 3.100 141
-15.759 -3.728 3.096 144
-15.782 -4.001 3.089 141
-15.737 -3.711 3.083 131
-15.853 -3.632 3.165 132
-15.745 -3.540 3.103 141
-15.812 -3.761 3.128 139
-15.778 -3.660 3.114 140
-15.761 -3.749 3.096 145
-15.794 -3.955 3.100 139
-15.744 -3.572 3.100 141
-15.780 -3.703 3.112 140
-15.810 -3.768 3.126 140
-15.816 -3.767 3.130 140
-15.831 -3.787 3.138 138
-15.806 -3.755 3.125 138
-15.747 -3.669 3.094 149
-15.755 -3.657 3.099 144
-15.835 -3.667 3.150 139
-15.831 -3.654 3.149 139
-15.850 -3.628 3.164 133
-15.735 -3.597 3.092 140
-15.785 -3.557 3.127 141
-15.756 -3.817 3.087 130
-15.767 -3.778 3.098 143
-15.806 -3.699 3.129 141
-15.842 -3.698 3.153 137
-15.823 -3.568 3.151 145
-15.842 -3.700 3.152 137
-15.774 -4.011 3.083 139
-15.786 -3.668 3.118 143
-15.755 -3.631 3.102 144
-15.726 -3.574 3.087 149
-15.718 -3.595 3.081 158
-15.814 -3.632 3.140 140
-15.762 -3.898 3.084 145
-15.760 -3.750 3.095 145
-15.749 -3.674 3.094 129
-15.783 -3.791 3.107 141
-15.732 -3.632 3.087 140
-15.758 -3.615 3.105 144
-15.758 -3.698 3.098 143
-15.773 -3.939 3.088 140
-15.744 -3.656 3.092 146
-15.852 -3.657 3.163 130
-15.819 -3.617 3.144 139
-15.778 -3.646 3.115 142
-15.754 -3.802 3.087 135
-15.764 -3.553 3.114 144
-15.737 -3.625 3.091 135
-15.755 -3.631 3.102 144
-15.805 -3.571 3.139 143
-15.742 -3.617 3.095 149
-15.767 -3.946 3.083 143
-15.760 -3.558 3.111 144
-15.812 -3.674 3.135 140
-15.809 -3.767 3.126 140
-15.767 -3.914 3.086 143
-15.815 -3.613 3.142 139
-15.814 -3.678 3.136 141
-15.762 -3.643 3.105 145
-15.793 -3.639 3.126 142
-15.791 -3.863 3.106 140
-15.796 -3.974 3.100 140
-15.737 -3.560 3.096 138
-15.760 -3.711 3.098 141
-15.788 -3.594 3.126 144
-15.796 -3.703 3.122 139
-15.775 -4.018 3.083 140
-15.716 -3.537 3.085 159
-15.737 -3.730 3.082 134
-15.791 -3.576 3.129 143
-15.787 -4.003 3.092 140
-15.836 -3.730 3.146 140
-15.840 -3.574 3.161 143
-15.750 -3.848 3.081 146
-15.837 -3.579 3.159 143
-15.804 -3.631 3.133 142
-15.794 -3.724 3.119 139
-15.800 -3.796 3.117 141
-15.847 -3.671 3.158 139
-15.770 -3.898 3.089 146
-15.832 -3.756 3.141 140
-15.845 -3.653 3.158 137
-15.815 -3.646 3.139 140
-15.822 -3.582 3.149 142
-15.816 -3.865 3.122 137
-15.731 -3.653 3.084 142
-15.825 -3.810 3.132 138
-15.816 -3.793 3.128 139
-15.787 -3.661 3.120 142
-15.826 -3.770 3.136 139
-15.801 -3.942 3.106 138
-15.775 -4.041 3.081 141
-15.794 -3.846 3.109 139
-15.755 -3.722 3.094 142
-15.766 -3.775 3.097 144
-15.764 -3.691 3.103 143
-15.775 -3.791 3.101 142
-15.744 -3.573 3.100 141
-15.777 -3.720 3.109 140
-15.770 -3.916 3.088 141
-15.787 -3.724 3.115 140
-15.744 -3.620 3.095 157
-15.773 -3.920 3.089 144
-15.835 -3.568 3.159 144
-15.773 -3.911 3.090 145
-15.807 -3.654 3.133 142
-15.770 -3.726 3.104 141
-15.789 -3.832 3.107 140
-15.752 -3.628 3.100 142
-15.771 -3.720 3.105 139
-15.799 -3.880 3.110 142
-15.796 -3.819 3.113 139
-15.795 -3.751 3.117 141
-15.801 -3.745 3.122 139
-15.785 -3.995 3.091 142
-15.776 -3.838 3.098 144
-15.847 -3.565 3.167 136
-15.817 -3.706 3.135 139
-15.792 -3.686 3.121 140
-15.787 -3.788 3.109 140
-15.764 -3.620 3.108 144
-15.784 -3.544 3.128 142
-15.727 -3.640 3.083 152
-15.750 -3.783 3.086 150
-15.763 -3.700 3.101 143
-15.844 -3.630 3.159 137
-15.788 -3.658 3.121 142
-15.755 -3.726 3.094 143
-15.777 -4.019 3.084 140
-15.764 -3.910 3.085 139
-15.769 -3.610 3.112 143
-15.752 -3.595 3.103 147
-15.781 -3.686 3.114 140
-15.811 -3.631 3.138 142
-15.802 -3.867 3.113 138
-15.736 -3.546 3.097 140
-15.781 -3.851 3.100 140
-15.824 -3.605 3.149 138
-15.825 -3.576 3.151 141
-15.732 -3.679 3.083 140
-15.810 -3.629 3.137 141
-15.808 -3.594 3.139 142
-15.748 -3.608 3.099 131
-15.742 -3.599 3.096 151
-15.792 -4.000 3.095 138
-15.780 -3.741 3.109 140
-15.763 -3.925 3.082 145
-15.817 -3.758 3.132 141
-15.757 -3.569 3.108 148
-15.818 -3.623 3.143 139
-15.750 -3.803 3.085 156
-15.759 -3.761 3.094 141
-15.805 -3.887 3.113 138
-15.811 -3.703 3.132 140
-15.855 -3.590 3.170 132
-15.780 -3.829 3.101 141
-15.734 -3.597 3.091 140
-15.772 -3.997 3.082 138
-15.774 -3.980 3.086 144
-15.779 -3.951 3.091 146
-15.780 -3.767 3.106 142
-15.819 -3.801 3.129 138
-15.805 -3.614 3.136 142
-15.803 -3.600 3.136 142
-15.749 -3.719 3.091 139
-15.728 -3.573 3.089 140
-15.752 -3.537 3.108 145
-15.826 -3.630 3.148 140
-15.833 -3.602 3.154 139
-15.801 -3.868 3.112 139
-15.810 -3.559 3.143 143
-15.744 -3.722 3.087 138
-15.813 -3.626 3.140 140
-15.743 -3.567 3.100 149
-15.829 -3.654 3.148 138
-15.846 -3.605 3.163 141
-15.721 -3.605 3.082 156
-15.712 -3.559 3.080 159
-15.805 -3.848 3.116 139
-15.747 -3.820 3.081 140
-15.708 -3.528 3.080 156
-15.753 -3.596 3.103 147
-15.816 -3.824 3.125 136
-15.793 -3.898 3.104 140
-15.736 -3.533 3.098 139
-15.794 -3.944 3.101 140
-15.828 -3.763 3.138 139
-15.845 -3.647 3.159 138
-15.812 -3.592 3.142 141
-15.776 -3.535 3.123 142
-15.738 -3.655 3.089 131
-15.757 -3.705 3.097 142
-15.761 -3.769 3.094 146
-15.825 -3.734 3.139 139
-15.769 -3.739 3.102 141
-15.784 -3.958 3.094 143
-15.834 -3.586 3.157 140
-15.802 -3.699 3.127 141
-15.741 -3.699 3.087 135
-15.761 -3.698 3.100 143
-15.801 -3.936 3.107 138
-15.790 -3.877 3.104 140
-15.764 -3.620 3.108 144
-15.768 -3.813 3.095 146
-15.786 -3.864 3.103 141
-15.774 -4.022 3.082 140
-15.765 -3.702 3.103 142
-15.804 -3.714 3.127 141
-15.730 -3.573 3.090 140
-15.794 -3.804 3.113 140
-15.802 -3.791 3.119 140
-15.803 -3.807 3.118 139
-15.782 -3.805 3.105 142
-15.733 -3.543 3.095 135
-15.793 -3.787 3.114 140
-15.847 -3.683 3.157 136
-15.799 -3.892 3.109 142
-15.761 -3.773 3.094 144
-15.774 -3.779 3.102 142
-15.810 -3.580 3.141 142
-15.782 -3.800 3.106 141
-15.839 -3.733 3.148 138
-15.832 -3.687 3.147 138
-15.833 -3.556 3.158 142
-15.712 -3.530 3.082 160
-15.781 -4.065 3.082 137
-15.792 -3.794 3.112 140
-15.746 -3.813 3.081 146
-15.795 -3.684 3.123 139
-15.751 -3.591 3.102 140
-15.830 -3.560 3.156 143
-15.723 -3.630 3.081 159
-15.753 -3.589 3.104 144
-15.813 -3.694 3.134 141
-15.744 -3.568 3.100 149
-15.846 -3.688 3.156 135
-15.740 -3.750 3.082 132
-15.728 -3.606 3.086 144
-15.830 -3.730 3.142 140
-15.741 -3.562 3.098 152
-15.754 -3.596 3.104 145
-15.731 -3.685 3.082 139
-15.833 -3.695 3.147 138
-15.791 -3.983 3.096 142
-15.778 -3.546 3.124 144
-15.833 -3.767 3.141 139
-15.808 -3.853 3.118 138
-15.734 -3.705 3.082 141
-15.855 -3.607 3.168 132
-15.776 -3.729 3.107 139
-15.814 -3.700 3.134 141
-15.753 -3.568 3.106 147
-15.762 -3.689 3.102 143
-15.790 -3.955 3.098 141
-15.729 -3.684 3.081 152
-15.772 -3.750 3.103 141
-15.833 -3.770 3.141 139
-15.793 -3.766 3.115 140
-15.857 -3.635 3.167 131
-15.841 -3.654 3.155 138
-15.826 -3.700 3.142 140
-15.814 -3.867 3.121 137
-15.801 -3.890 3.110 142
-15.829 -3.782 3.137 140
-15.746 -3.657 3.094 142
-15.769 -3.819 3.095 142
-15.790 -3.933 3.099 142
-15.755 -3.863 3.082 133
-15.744 -3.723 3.087 142
-15.773 -3.868 3.093 142
-15.733 -3.622 3.088 142
-15.758 -3.708 3.097 142
-15.778 -4.065 3.081 141
-15.716 -3.517 3.086 158
-15.785 -3.661 3.119 143
-15.825 -3.727 3.139 140
-15.780 -4.034 3.084 138
-15.814 -3.742 3.131 141
-15.766 -3.584 3.112 146
-15.813 -3.685 3.135 141
-15.787 -3.642 3.122 142
-15.865 -3.567 3.178 130
-15.737 -3.666 3.087 131
-15.805 -3.694 3.129 141
-15.829 -3.783 3.137 139
-15.793 -3.838 3.109 139
-15.755 -3.823 3.086 129
-15.763 -3.533 3.115 143
-15.826 -3.599 3.150 140
-15.760 -3.830 3.088 144
-15.796 -3.615 3.129 143
-15.779 -3.724 3.110 140
-15.743 -3.639 3.094 152
-15.764 -3.568 3.113 148
-15.817 -3.728 3.134 140
-15.780 -3.614 3.120 143
-15.770 -3.931 3.087 147
-15.846 -3.601 3.163 139
-15.778 -3.763 3.106 141
-15.758 -3.685 3.099 141
-15.776 -3.976 3.087 142
-15.815 -3.645 3.139 140
-15.761 -3.872 3.086 143
-15.788 -3.683 3.119 140
-15.744 -3.585 3.098 145
-15.805 -3.907 3.111 139
-15.859 -3.600 3.172 132
-15.789 -3.974 3.095 143
-15.756 -3.882 3.081 130
-15.776 -3.751 3.105 140
-15.826 -3.762 3.137 140
-15.767 -3.933 3.084 143
-15.783 -3.538 3.127 144
-15.791 -3.830 3.109 139
-15.842 -3.565 3.163 139
-15.767 -3.714 3.103 140
-15.786 -3.886 3.101 139
-15.812 -3.715 3.132 140
-15.760 -3.867 3.085 144
-15.789 -3.962 3.097 141
-15.791 -3.630 3.125 142
-15.790 -3.753 3.114 141
-15.749 -3.583 3.102 143
-15.749 -3.678 3.094 129
-15.835 -3.556 3.160 142
-15.820 -3.641 3.143 139
-15.833 -3.768 3.141 139
-15.763 -3.615 3.108 145
-15.792 -3.550 3.133 141
-15.761 -3.740 3.096 145
-15.848 -3.584 3.166 136
-15.795 -3.736 3.119 140
-15.815 -3.878 3.120 136
-15.791 -3.695 3.120 140
-15.773 -3.852 3.095 144
-15.774 -4.016 3.082 139
-15.756 -3.591 3.106 145
-15.766 -3.793 3.095 145
-15.850 -3.615 3.164 134
-15.784 -3.660 3.118 143
-15.797 -3.575 3.134 143
-15.812 -3.580 3.143 142
-15.775 -3.841 3.098 145
-15.825 -3.718 3.140 139
-15.824 -3.726 3.139 140
-15.738 -3.625 3.091 135
-15.744 -3.651 3.093 154
-15.732 -3.610 3.088 141
-15.781 -3.569 3.124 145
-15.764 -3.760 3.097 142
-15.794 -3.829 3.111 139
-15.824 -3.739 3.137 139
-15.753 -3.573 3.106 149
-15.840 -3.689 3.152 137
-15.817 -3.719 3.135 139
-15.726 -3.653 3.081 158
-15.742 -3.649 3.092 143
-15.811 -3.741 3.129 141
-15.824 -3.686 3.142 141
-15.797 -3.828 3.113 139
-15.741 -3.632 3.093 135
-15.759 -3.573 3.109 147
-15.839 -3.558 3.162 141
-15.853 -3.574 3.170 132
-15.795 -3.985 3.098 142
-15.773 -3.642 3.112 142
-15.800 -3.885 3.110 142
-15.790 -3.586 3.128 143
-15.802 -3.895 3.110 140
-15.737 -3.527 3.099 142
-15.784 -3.966 3.093 144
-15.792 -3.676 3.122 141
-15.816 -3.819 3.126 136
-15.756 -3.677 3.098 144
-15.757 -3.726 3.095 144
-15.760 -3.903 3.083 139
-15.755 -3.761 3.091 141
-15.721 -3.574 3.085 157
-15.770 -3.819 3.096 142
-15.837 -3.709 3.148 139
-15.763 -3.730 3.099 141
-15.786 -3.829 3.105 140
-15.820 -3.653 3.142 138
-15.760 -3.657 3.103 143
-15.731 -3.644 3.085 141
-15.767 -3.595 3.112 144
-15.757 -3.730 3.095 143
-15.787 -3.803 3.108 141
-15.814 -3.716 3.133 139
-15.860 -3.599 3.172 133
-15.805 -3.895 3.112 140
-15.830 -3.763 3.140 139
-15.768 -3.814 3.095 146
-15.801 -3.684 3.127 138
-15.808 -3.872 3.116 137
-15.795 -3.688 3.123 139
-15.829 -3.735 3.141 140
-15.763 -3.940 3.082 141
-15.802 -3.702 3.126 140
-15.845 -3.651 3.158 137
-15.780 -3.944 3.092 142
-15.756 -3.801 3.088 135
-15.780 -3.800 3.104 141
-15.739 -3.730 3.083 134
-15.742 -3.761 3.083 134
-15.756 -3.683 3.098 141
-15.819 -3.746 3.134 140
-15.814 -3.565 3.146 141
-15.764 -3.806 3.093 144
-15.752 -3.850 3.082 150
-15.850 -3.616 3.164 134
-15.749 -3.808 3.083 150
-15.773 -4.019 3.081 139
-15.808 -3.609 3.138 141
-15.802 -3.558 3.138 145
-15.824 -3.771 3.135 138
-15.722 -3.561 3.086 161
-15.770 -3.719 3.104 139
-15.796 -3.786 3.116 140
-15.757 -3.851 3.085 137
-15.815 -3.634 3.141 140
-15.767 -3.896 3.088 148
-15.765 -3.824 3.092 143
-15.812 -3.639 3.138 141
-15.734 -3.691 3.083 135
-15.792 -3.853 3.107 139
-15.819 -3.648 3.142 140
-15.759 -3.743 3.095 146
-15.720 -3.574 3.084 160
-15.774 -3.946 3.088 146
-15.800 -3.955 3.104 139
-15.801 -3.617 3.133 143
-15.786 -4.029 3.089 139
-15.754 -3.621 3.102 145
-15.800 -3.791 3.118 140
-15.779 -3.801 3.103 142
-15.765 -3.795 3.095 146
-15.728 -3.628 3.085 147
-15.800 -3.833 3.114 139
-15.719 -3.549 3.085 157
-15.749 -3.721 3.091 140
-15.755 -3.677 3.098 144
-15.826 -3.633 3.147 136
-15.835 -3.749 3.144 139
-15.757 -3.707 3.097 142
-15.762 -3.771 3.095 144
-15.815 -3.823 3.125 136
-15.804 -3.721 3.126 142
-15.865 -3.577 3.177 130
-15.772 -3.790 3.100 142
-15.760 -3.894 3.083 131
-15.779 -3.664 3.115 140
-15.822 -3.824 3.129 135
-15.813 -3.631 3.139 140
-15.752 -3.652 3.098 143
-15.823 -3.810 3.131 138
-15.822 -3.590 3.148 141
-15.776 -3.909 3.092 142
-15.790 -3.552 3.131 143
-15.756 -3.558 3.108 143
-15.815 -3.796 3.127 138
-15.770 -3.875 3.091 147
-15.834 -3.570 3.158 144
-15.759 -3.765 3.093 142
-15.820 -3.674 3.140 140
-15.853 -3.655 3.163 128
-15.745 -3.703 3.089 141
-15.794 -3.826 3.111 139
-15.759 -3.734 3.096 143
-15.807 -3.653 3.134 142
-15.794 -3.860 3.108 139
-15.753 -3.683 3.096 142
-15.778 -4.034 3.083 138
-15.791 -3.761 3.114 140
-15.774 -3.764 3.103 144
-15.794 -3.731 3.119 140
-15.775 -4.510 3.102 124
-15.736 -4.598 3.082 127
-15.807 -4.588 3.129 117
-15.781 -4.384 3.097 128
-15.790 -4.375 3.102 128
-15.809 -4.470 3.121 125
-15.774 -4.437 3.096 128
-15.795 -4.393 3.107 126
-15.769 -4.565 3.102 122
-15.745 -4.637 3.091 111
-15.769 -4.664 3.109 111
-15.793 -4.308 3.099 129
-15.799 -4.507 3.118 123
-15.806 -4.584 3.128 118
-15.827 -4.578 3.142 115
-15.772 -4.484 3.098 126
-15.811 -4.525 3.127 121
-15.780 -4.304 3.090 131
-15.821 -4.455 3.129 127
-15.768 -4.622 3.105 119
-15.811 -4.553 3.129 119
-15.797 -4.332 3.104 127
-15.783 -4.548 3.110 121
-15.837 -4.561 3.147 117
-15.830 -4.616 3.146 113
-15.784 -4.601 3.115 117
-15.759 -4.495 3.091 124
-15.763 -4.389 3.085 132
-15.771 -4.382 3.090 130
-15.843 -4.602 3.154 108
-15.772 -4.524 3.101 124
-15.820 -4.528 3.133 121
-15.733 -4.659 3.085 117
-15.768 -4.605 3.104 117
-15.816 -4.465 3.126 125
-15.800 -4.387 3.109 127
-15.768 -4.318 3.083 132
-15.779 -4.289 3.089 133
-15.780 -4.443 3.100 129
-15.816 -4.598 3.136 114
-15.773 -4.522 3.101 124
-15.795 -4.609 3.122 116
-15.757 -4.600 3.097 117
-15.807 -4.564 3.127 118
-15.774 -4.428 3.095 130
-15.821 -4.524 3.133 121
-15.837 -4.613 3.151 114
-15.826 -4.485 3.134 124
-15.773 -4.309 3.086 129
-15.779 -4.391 3.096 131
-15.742 -4.596 3.086 112
-15.742 -4.625 3.088 109
-15.770 -4.651 3.109 115
-15.795 -4.317 3.101 128
-15.808 -4.381 3.114 125
-15.803 -4.534 3.122 122
-15.774 -4.321 3.088 131
-15.760 -4.433 3.086 126
-15.807 -4.625 3.132 112
-15.752 -4.663 3.098 112
-15.779 -4.204 3.082 140
-15.793 -4.505 3.113 123
-15.782 -4.475 3.104 127
-15.769 -4.348 3.086 131
-15.809 -4.556 3.128 119
-15.761 -4.668 3.104 110
-15.771 -4.498 3.098 128
-15.810 -4.596 3.131 117
-15.801 -4.540 3.121 121
-15.780 -4.589 3.111 121
-15.776 -4.309 3.088 133
-15.850 -4.598 3.158 121
-15.752 -4.591 3.093 120
-15.767 -4.572 3.101 123
-15.801 -4.438 3.114 127
-15.790 -4.613 3.120 117
-15.806 -4.569 3.127 119
-15.765 -4.479 3.093 126
-15.769 -4.557 3.101 126
-15.841 -4.549 3.149 115
-15.761 -4.528 3.094 123
-15.791 -4.626 3.121 115
-15.787 -4.323 3.097 129
-15.743 -4.601 3.087 118
-15.743 -4.552 3.083 130
-15.814 -4.478 3.126 125
-15.814 -4.516 3.128 121
-15.785 -4.340 3.096 129
-15.795 -4.590 3.121 117
-15.801 -4.367 3.109 126
-15.798 -4.646 3.127 111
-15.737 -4.582 3.082 130
-15.773 -4.654 3.111 115
-15.744 -4.620 3.090 108
-15.775 -4.650 3.112 113
-15.784 -4.430 3.102 128
-15.809 -4.412 3.118 125
-15.799 -4.601 3.124 117
-15.734 -4.632 3.083 122
-15.749 -4.480 3.082 122
-15.757 -4.503 3.089 123
-15.827 -4.571 3.141 118
-15.761 -4.575 3.098 124
-15.825 -4.554 3.138 119
-15.798 -4.457 3.114 127
-15.800 -4.346 3.106 128
-15.779 -4.477 3.102 125
-15.818 -4.615 3.138 112
-15.738 -4.634 3.086 129
-15.788 -4.530 3.112 121
-15.804 -4.608 3.129 114
-15.823 -4.497 3.133 123
-15.822 -4.448 3.129 125
-15.740 -4.648 3.088 111
-15.743 -4.625 3.089 103
-15.748 -4.655 3.095 114
-15.771 -4.267 3.082 135
-15.770 -4.376 3.089 131
-15.774 -4.228 3.081 136
-15.835 -4.559 3.145 117
-15.796 -4.628 3.124 115
-15.822 -4.465 3.130 125
-15.815 -4.511 3.129 122
-15.756 -4.409 3.082 127
-15.793 -4.635 3.123 110
-15.818 -4.447 3.126 125
-15.794 -4.516 3.115 124
-15.784 -4.496 3.107 125
-15.776 -4.633 3.112 117
-15.796 -4.623 3.124 115
-15.810 -4.618 3.133 113
-15.751 -4.555 3.089 120
-15.783 -4.545 3.110 121
-15.771 -4.378 3.089 131
-15.794 -4.304 3.100 130
-15.825 -4.576 3.140 115
-15.815 -4.591 3.134 116
-15.812 -4.615 3.134 112
-15.788 -4.252 3.092 132
-15.786 -4.541 3.111 122
-15.732 -4.686 3.086 88
-15.779 -4.593 3.110 122
-15.759 -4.386 3.082 125
-15.828 -4.603 3.144 113
-15.792 -4.321 3.100 129
-15.817 -4.416 3.123 126
-15.762 -4.547 3.096 118
-15.788 -4.555 3.114 120
-15.839 -4.529 3.146 123
-15.791 -4.381 3.103 128
-15.755 -4.611 3.096 121
-15.793 -4.488 3.112 125
-15.773 -4.329 3.087 133
-15.830 -4.613 3.146 113
-15.738 -4.625 3.086 116
-15.785 -4.511 3.109 123
-15.771 -4.543 3.102 122
-15.797 -4.318 3.103 128
-15.790 -4.578 3.117 118
-15.756 -4.406 3.082 122
-15.810 -4.375 3.115 127
-15.735 -4.592 3.081 122
-15.819 -4.593 3.137 114
-15.798 -4.552 3.120 120
-15.784 -4.355 3.097 129
-15.773 -4.381 3.091 133
-15.742 -4.640 3.089 110
-15.770 -4.460 3.095 125
-15.767 -4.536 3.099 120
-15.761 -4.436 3.087 127
-15.780 -4.390 3.097 131
-15.822 -4.591 3.139 114
-15.819 -4.495 3.130 123
-15.811 -4.374 3.116 127
-15.748 -4.513 3.084 117
-15.753 -4.473 3.085 119
-15.761 -4.566 3.097 120
-15.779 -4.408 3.097 129
-15.747 -4.575 3.088 109
-15.818 -4.476 3.128 124
-15.738 -4.597 3.084 130
-15.811 -4.399 3.118 126
-15.775 -4.541 3.104 122
-15.782 -4.358 3.096 129
-15.768 -4.514 3.098 124
-15.742 -4.538 3.082 127
-15.824 -4.511 3.134 123
-15.784 -4.622 3.116 117
-15.838 -4.539 3.146 123
-15.745 -4.679 3.095 97
-15.791 -4.326 3.099 130
-15.832 -4.599 3.146 113
-15.785 -4.405 3.101 127
-15.754 -4.537 3.090 122
-15.808 -4.633 3.133 111
-15.790 -4.398 3.103 127
-15.824 -4.546 3.137 119
-15.838 -4.520 3.144 124
-15.846 -4.564 3.153 109
-15.815 -4.546 3.131 120
-15.766 -4.618 3.104 118
-15.791 -4.367 3.102 128
-15.741 -4.641 3.089 110
-15.828 -4.599 3.144 113
-15.744 -4.624 3.090 103
-15.781 -4.478 3.104 127
-15.760 -4.405 3.084 127
-15.815 -4.613 3.136 112
-15.775 -4.279 3.085 134
-15.778 -4.467 3.101 126
-15.803 -4.466 3.117 126
-15.747 -4.563 3.087 107
-15.765 -4.599 3.102 119
-15.774 -4.448 3.097 133
-15.757 -4.454 3.086 123
-15.763 -4.615 3.102 120
-15.788 -4.589 3.116 117
-15.841 -4.547 3.149 116
-15.843 -4.560 3.151 113
-15.747 -4.667 3.095 113
-15.785 -4.309 3.094 129
-15.834 -4.572 3.146 117
-15.807 -4.524 3.124 122
-15.774 -4.259 3.083 130
-15.786 -4.448 3.105 128
-15.775 -4.244 3.083 139
-15.770 -4.265 3.081 135
-15.739 -4.656 3.089 109
-15.807 -4.419 3.117 125
-15.817 -4.607 3.137 112
-15.808 -4.369 3.114 127
-15.804 -4.333 3.108 129
-15.774 -4.285 3.085 130
-15.779 -4.447 3.100 128
-15.768 -4.408 3.090 126
-15.770 -4.462 3.095 125
-15.787 -4.269 3.092 131
-15.800 -4.470 3.116 126
-15.755 -4.536 3.091 122
-15.789 -4.252 3.092 132
-15.819 -4.431 3.125 126
-15.806 -4.506 3.122 123
-15.791 -4.401 3.105 128
-15.744 -4.614 3.089 109
-15.799 -4.635 3.127 114
-15.747 -4.621 3.091 108
-15.733 -4.684 3.087 84
-15.784 -4.606 3.115 117
-15.754 -4.651 3.099 115
-15.770 -4.511 3.099 123
-15.760 -4.660 3.103 116
-15.763 -4.584 3.099 118
-15.801 -4.625 3.128 113
-15.812 -4.474 3.124 125
-15.793 -4.297 3.098 131
-15.757 -4.487 3.088 125
-15.773 -4.524 3.102 124
-15.761 -4.363 3.082 132
-15.821 -4.582 3.138 115
-15.798 -4.401 3.109 129
-15.840 -4.614 3.153 112
-15.801 -4.544 3.122 121
-15.768 -4.441 3.093 127
-15.771 -4.425 3.093 129
-15.776 -4.234 3.082 137
-15.782 -4.272 3.090 132
-15.775 -4.402 3.094 127
-15.797 -4.608 3.123 115
-15.776 -4.347 3.091 131
-15.808 -4.361 3.113 127
-15.811 -4.598 3.132 117
-15.804 -4.358 3.110 127
-15.815 -4.500 3.128 124
-15.840 -4.580 3.150 116
-15.788 -4.295 3.095 132
-15.786 -4.531 3.111 122
-15.772 -4.545 3.102 122
-15.801 -4.594 3.125 118
-15.775 -4.252 3.083 135
-15.766 -4.441 3.091 125
-15.784 -4.383 3.099 128
-15.839 -4.611 3.152 112
-15.779 -4.390 3.096 131
-15.781 -4.602 3.113 117
-15.796 -4.549 3.119 120
-15.776 -4.645 3.112 114
-15.766 -4.302 3.081 134
-15.837 -4.554 3.146 117
-15.786 -4.272 3.092 131
-15.762 -4.504 3.093 123
-15.766 -4.542 3.098 124
-15.784 -4.464 3.105 126
-15.795 -4.300 3.100 130
-15.747 -4.576 3.088 109
-15.780 -4.502 3.105 124
-15.765 -4.377 3.086 132
-15.796 -4.453 3.112 127
-15.782 -4.598 3.113 119
-15.780 -4.394 3.097 130
-15.793 -4.573 3.119 118
-15.841 -4.591 3.152 106
-15.793 -4.572 3.118 118
-15.768 -4.306 3.083 132
-15.769 -4.564 3.102 119
-15.790 -4.454 3.108 128
-15.740 -4.606 3.085 124
-15.756 -4.662 3.101 112
-15.788 -4.315 3.096 129
-15.812 -4.631 3.136 111
-15.787 -4.534 3.112 121
-15.781 -4.478 3.103 127
-15.797 -4.471 3.114 127
-15.777 -4.350 3.092 131
-15.764 -4.664 3.106 112
-15.780 -4.262 3.087 135
-15.822 -4.455 3.129 127
-15.754 -4.638 3.097 119
-15.816 -4.549 3.132 120
-15.834 -4.532 3.143 122
-15.807 -4.523 3.124 122
-15.760 -4.539 3.094 119
-15.794 -4.619 3.123 115
-15.765 -4.555 3.098 125
-15.730 -4.685 3.085 88
-15.791 -4.584 3.118 120
-15.779 -4.240 3.085 137
-15.804 -4.368 3.111 127
-15.778 -4.218 3.082 137
-15.758 -4.466 3.088 126
-15.757 -4.613 3.098 120
-15.764 -4.428 3.088 127
-15.803 -4.532 3.122 122
-15.810 -4.570 3.129 118
-15.790 -4.493 3.111 125
-15.771 -4.286 3.083 135
-15.824 -4.449 3.130 125
-15.777 -4.570 3.107 120
-15.758 -4.545 3.093 123
-15.820 -4.499 3.131 123
-15.826 -4.514 3.136 121
-15.780 -4.533 3.107 122
-15.742 -4.596 3.086 112
-15.740 -4.626 3.087 116
-15.787 -4.273 3.092 132
-15.785 -4.590 3.115 117
-15.767 -4.575 3.101 123
-15.792 -4.397 3.105 127
-15.771 -4.536 3.101 122
-15.778 -4.627 3.113 116
-15.776 -4.380 3.093 128
-15.788 -4.494 3.110 125
-15.784 -4.591 3.114 119
-15.837 -4.614 3.151 112
-15.827 -4.503 3.136 123
-15.797 -4.582 3.122 119
-15.739 -4.552 3.081 132
-15.747 -4.512 3.083 122
-15.782 -4.653 3.117 113
-15.748 -4.539 3.086 118
-15.757 -4.408 3.083 125
-15.789 -4.320 3.098 130
-15.790 -4.645 3.122 114
-15.822 -4.443 3.129 126
-15.916 -3.577 3.145 149
-15.970 -3.597 3.103 144
-15.972 -3.890 3.093 148
-15.896 -3.673 3.157 131
-15.939 -3.796 3.121 148
-15.978 -3.520 3.099 138
-15.927 -3.715 3.133 149
-15.994 -3.614 3.084 145
-15.953 -3.848 3.109 151
-15.983 -3.628 3.092 147
-15.914 -3.571 3.146 148
-15.992 -3.732 3.082 139
-15.913 -3.571 3.147 148
-15.951 -3.550 3.118 146
-15.987 -3.903 3.081 145
-15.988 -3.788 3.084 144
-15.961 -3.538 3.111 147
-15.999 -3.569 3.081 141
-15.978 -4.003 3.085 143
-15.936 -3.558 3.130 146
-15.976 -3.933 3.089 145
-15.934 -3.630 3.130 147
-15.993 -3.728 3.081 143
-16.001 -3.486 3.082 152
-15.942 -3.586 3.125 148
-15.955 -3.828 3.108 147
-15.889 -3.583 3.165 129
-15.958 -3.695 3.109 150
-15.949 -3.802 3.113 146
-15.993 -3.504 3.088 171
-15.983 -3.694 3.090 143
-15.924 -3.537 3.140 143
-15.959 -3.552 3.112 149
-15.969 -3.632 3.102 145
-15.988 -3.882 3.081 146
-15.956 -3.902 3.105 148
-15.940 -3.660 3.124 150
-15.966 -3.974 3.095 145
-15.966 -3.626 3.105 145
-15.922 -3.766 3.135 144
-15.968 -3.651 3.103 148
-15.983 -3.847 3.086 147
-15.934 -3.683 3.128 148
-15.946 -3.837 3.114 147
-15.941 -3.839 3.118 148
-15.890 -3.620 3.163 129
-15.953 -3.655 3.114 149
-15.992 -3.591 3.086 139
-15.923 -3.630 3.138 148
-15.995 -3.527 3.086 136
-15.979 -3.704 3.093 143
-15.950 -3.689 3.115 151
-15.981 -3.837 3.088 147
-15.969 -3.619 3.103 149
-15.929 -3.770 3.129 147
-15.943 -3.529 3.125 143
-15.953 -3.586 3.116 148
-15.930 -3.756 3.129 148
-15.958 -3.568 3.113 149
-15.967 -3.673 3.103 147
-15.959 -3.832 3.104 148
-15.928 -3.755 3.131 149
-15.893 -3.571 3.162 131
-15.982 -3.833 3.087 146
-15.924 -3.722 3.135 149
-15.940 -3.812 3.120 145
-15.969 -3.582 3.104 151
-15.989 -3.648 3.087 147
-15.982 -3.969 3.083 142
-15.898 -3.567 3.158 130
-15.974 -3.790 3.094 147
-15.956 -3.795 3.108 148
-15.929 -3.618 3.134 149
-15.957 -3.877 3.105 152
-15.898 -3.562 3.159 131
-15.992 -3.750 3.082 136
-15.999 -3.488 3.084 147
-15.975 -3.955 3.089 142
-15.979 -3.884 3.088 146
-15.952 -3.722 3.113 145
-15.964 -3.581 3.108 149
-15.991 -3.543 3.088 140
-15.975 -3.582 3.099 149
-15.966 -3.627 3.105 145
-15.941 -3.794 3.120 149
-15.984 -3.777 3.087 143
-15.948 -3.864 3.112 146
-15.957 -3.734 3.109 150
-15.930 -3.755 3.129 148
-15.934 -3.617 3.130 149
-15.974 -3.854 3.093 147
-15.960 -3.619 3.110 146
-15.914 -3.571 3.146 148
-15.994 -3.539 3.086 138
-15.941 -3.825 3.119 149
-15.961 -3.744 3.105 147
-15.969 -3.768 3.099 146
-15.888 -3.605 3.165 128
-15.929 -3.703 3.131 149
-15.936 -3.615 3.128 150
-15.937 -3.676 3.126 150
-15.936 -3.769 3.124 146
-15.961 -3.742 3.106 148
-15.980 -3.589 3.095 146
-15.932 -3.803 3.126 147
-15.923 -3.772 3.134 145
-15.976 -3.595 3.098 142
-15.909 -3.619 3.148 144
-15.948 -3.881 3.112 146
-15.961 -3.604 3.109 147
-15.984 -3.987 3.081 141
-15.978 -3.942 3.087 146
-15.940 -3.654 3.124 150
-15.978 -3.703 3.094 145
-15.948 -3.686 3.117 149
-15.921 -3.709 3.137 148
-15.881 -3.602 3.171 130
-15.895 -3.562 3.161 131
-15.963 -3.620 3.108 146
-15.973 -3.572 3.101 148
-15.938 -3.725 3.123 147
-15.961 -3.875 3.102 147
-15.920 -3.692 3.138 150
-15.934 -3.747 3.126 146
-15.963 -3.640 3.107 149
-15.975 -3.827 3.092 144
-15.943 -3.614 3.123 147
-15.979 -3.762 3.091 148
-15.963 -3.860 3.101 148
-15.904 -3.643 3.152 134
-15.952 -3.835 3.110 147
-15.990 -3.559 3.089 140
-15.907 -3.562 3.152 137
-15.976 -3.673 3.096 146
-15.968 -3.771 3.099 146
-15.958 -3.884 3.104 149
-15.947 -3.555 3.121 143
-15.995 -3.576 3.084 140
-15.982 -3.678 3.091 146
-15.969 -3.532 3.105 145
-15.965 -3.878 3.099 147
-15.990 -3.811 3.082 145
-15.889 -3.573 3.166 128
-15.969 -3.955 3.094 144
-15.937 -3.821 3.122 149
-15.991 -3.718 3.083 144
-15.953 -3.583 3.116 146
-15.944 -3.622 3.122 152
-15.890 -3.587 3.164 129
-15.912 -3.702 3.144 145
-15.960 -3.673 3.108 149
-15.947 -3.619 3.120 146
-15.986 -3.859 3.083 145
-15.927 -3.560 3.137 147
-15.963 -3.666 3.106 146
-15.983 -4.038 3.081 138
-15.945 -3.760 3.117 144
-15.924 -3.638 3.137 151
-15.970 -3.586 3.103 147
-15.984 -3.691 3.089 143
-15.982 -3.609 3.093 147
-15.906 -3.563 3.153 137
-15.958 -3.638 3.111 148
-15.960 -3.589 3.110 149
-15.933 -3.625 3.131 148
-15.974 -3.809 3.094 146
-15.956 -3.554 3.115 149
-15.914 -3.552 3.147 145
-15.939 -3.832 3.120 148
-15.912 -3.744 3.143 140
-15.934 -3.636 3.129 150
-15.996 -3.574 3.083 140
-15.906 -3.652 3.150 141
-15.961 -3.627 3.109 144
-15.916 -3.735 3.140 143
-15.968 -3.581 3.105 151
-15.980 -3.708 3.092 142
-15.949 -3.781 3.114 150
-15.958 -3.599 3.112 150
-15.967 -3.622 3.105 146
-15.989 -3.624 3.088 145
-15.980 -3.788 3.090 146
-15.945 -3.597 3.122 149
-15.982 -3.850 3.087 147
-15.966 -3.563 3.106 148
-15.897 -3.572 3.159 133
-16.000 -3.497 3.083 115
-15.981 -3.760 3.090 147
-15.970 -3.992 3.092 144
-15.999 -3.511 3.083 165
-15.883 -3.614 3.169 129
-15.927 -3.602 3.135 147
-15.937 -3.581 3.129 149
-15.945 -3.661 3.120 151
-15.934 -3.576 3.131 149
-15.943 -3.641 3.122 151
-15.948 -3.615 3.119 148
-15.900 -3.612 3.156 131
-15.931 -3.786 3.127 146
-15.973 -3.598 3.101 145
-15.976 -3.764 3.093 146
-15.973 -3.685 3.098 147
-15.916 -3.595 3.144 147
-15.980 -3.863 3.088 146
-15.943 -3.581 3.124 146
-15.983 -3.606 3.092 146
-15.976 -3.948 3.089 143
-15.951 -3.574 3.118 147
-15.946 -3.783 3.116 148
-15.977 -3.671 3.095 147
-15.964 -3.894 3.099 150
-15.972 -3.502 3.104 175
-15.992 -3.620 3.086 145
-15.910 -3.643 3.148 143
-15.989 -3.720 3.085 141
-15.922 -3.742 3.136 144
-15.963 -3.807 3.102 147
-15.978 -3.986 3.086 142
-15.949 -3.849 3.112 150
-15.937 -3.800 3.122 148
-15.985 -3.692 3.088 143
-15.980 -3.588 3.095 144
-15.949 -3.691 3.116 151
-15.971 -3.795 3.096 145
-15.988 -3.846 3.082 141
-15.894 -3.600 3.161 129
-15.957 -3.623 3.112 147
-15.981 -3.889 3.086 149
-15.966 -3.585 3.106 146
-15.913 -3.627 3.145 146
-15.935 -3.631 3.128 150
-15.933 -3.789 3.126 147
-15.907 -3.653 3.149 145
-15.875 -3.580 3.176 132
-15.966 -3.611 3.105 145
-15.975 -3.804 3.093 146
-15.912 -3.608 3.147 149
-15.985 -3.498 3.094 178
-15.934 -3.803 3.125 147
-15.955 -3.905 3.106 148
-15.958 -3.732 3.108 150
-15.983 -3.591 3.093 147
-15.965 -3.914 3.098 148
-15.925 -3.658 3.135 150
-15.973 -3.534 3.102 141
-15.960 -3.841 3.104 146
-15.978 -3.551 3.098 146
-15.991 -3.823 3.081 139
-15.959 -3.770 3.106 147
-15.941 -3.735 3.121 146
-15.920 -3.611 3.140 149
-15.980 -3.540 3.097 144
-15.988 -3.779 3.084 143
-15.988 -3.513 3.091 172
-15.918 -3.686 3.140 144
-15.923 -3.580 3.139 148
-15.994 -3.711 3.082 142
-15.964 -3.658 3.106 148
-16.000 -3.541 3.082 143
-15.931 -3.769 3.128 146
-15.959 -3.711 3.108 146
-15.994 -3.536 3.086 141
-15.984 -3.991 3.081 140
-15.988 -3.579 3.089 145
-15.953 -3.760 3.111 148
-15.872 -3.576 3.178 130
-15.920 -3.769 3.136 143
-15.961 -3.556 3.111 149
-15.889 -3.585 3.165 129
-15.955 -3.663 3.113 150
-15.950 -3.798 3.112 148
-15.925 -3.655 3.136 152
-15.914 -3.699 3.143 146
-15.968 -3.930 3.095 146
-15.980 -3.756 3.091 144
-15.945 -3.676 3.120 152
-15.983 -3.655 3.091 143
-15.903 -3.556 3.155 136
-15.960 -3.873 3.102 148
-15.929 -3.808 3.128 150
-15.965 -3.916 3.098 151
-15.948 -3.569 3.120 146
-15.989 -3.678 3.086 146
-15.981 -3.898 3.086 147
-15.933 -3.664 3.129 149
-15.961 -3.652 3.108 146
-15.925 -3.577 3.138 148
-15.941 -3.841 3.118 148
-15.940 -3.808 3.120 146
-15.979 -3.911 3.087 147
-15.978 -3.700 3.094 146
-15.966 -3.914 3.097 148
-15.955 -3.570 3.115 149
-15.985 -3.742 3.087 144
-15.941 -3.698 3.122 147
-15.969 -3.723 3.100 145
-15.943 -3.576 3.124 146
-15.931 -3.691 3.130 147
-15.978 -3.735 3.093 143
-15.951 -3.723 3.114 147
-15.894 -3.554 3.162 134
-15.949 -3.750 3.114 148
-15.935 -3.686 3.127 147
-15.937 -3.670 3.126 150
-16.001 -3.492 3.082 144
-15.983 -3.846 3.086 147
-15.945 -3.656 3.120 150
-15.938 -3.831 3.121 146
-15.921 -3.775 3.135 146
-15.967 -3.522 3.107 148
-15.932 -3.722 3.128 147
-15.910 -3.619 3.148 144
-15.993 -3.768 3.081 144
-15.897 -3.589 3.159 131
-15.994 -3.533 3.086 147
-15.985 -3.818 3.085 145
-15.983 -4.028 3.081 139
-15.972 -3.750 3.097 142
-15.950 -3.868 3.110 148
-15.922 -3.547 3.141 145
-15.958 -3.597 3.112 151
-15.975 -3.951 3.089 141
-15.980 -3.962 3.085 144
-15.936 -3.821 3.122 149
-15.882 -3.598 3.170 131
-15.982 -3.623 3.093 145
-15.997 -3.525 3.084 136
-15.971 -3.711 3.099 140
-15.955 -3.917 3.105 149
-15.992 -3.718 3.082 144
-15.904 -3.556 3.154 136
-15.894 -3.626 3.160 130
-15.928 -3.792 3.129 148
-15.941 -3.808 3.119 146
-15.950 -3.756 3.113 149
-15.972 -3.585 3.102 148
-15.971 -3.565 3.103 146
-15.924 -3.615 3.137 148
-15.926 -3.612 3.136 148
-15.977 -3.760 3.093 148
-15.981 -3.715 3.091 143
-15.887 -3.561 3.168 129
-15.942 -3.598 3.124 147
-15.882 -3.581 3.171 131
-15.963 -3.669 3.106 146
-15.925 -3.715 3.134 149
-16.000 -3.497 3.083 115
-15.987 -3.594 3.090 146
-15.973 -4.001 3.089 143
-15.983 -4.014 3.081 140
-15.905 -3.656 3.151 140
-15.991 -3.792 3.081 144
-16.000 -3.505 3.083 157
-15.937 -3.678 3.126 148
-15.961 -3.792 3.104 145
-15.976 -3.987 3.087 144
-15.941 -3.596 3.125 147
-15.917 -3.678 3.141 149
-15.962 -3.889 3.101 149
-15.943 -3.721 3.120 146
-15.941 -3.647 3.123 151
-15.900 -3.581 3.157 134
-15.989 -3.799 3.083 143
-15.929 -3.735 3.130 148
-15.961 -3.691 3.107 148
-15.915 -3.565 3.146 147
-15.970 -3.816 3.097 145
-15.956 -3.538 3.115 146
-15.986 -3.561 3.091 140
-15.970 -3.920 3.094 150
-15.984 -3.722 3.089 147
-15.962 -3.587 3.109 148
-15.921 -3.779 3.135 147
-15.959 -3.901 3.102 146
-15.969 -3.731 3.100 147
-15.984 -3.744 3.088 142
-15.909 -3.548 3.151 144
-15.936 -3.844 3.122 148
-15.922 -3.620 3.139 149
-15.936 -3.782 3.124 145
-15.959 -3.780 3.106 146
-15.970 -3.855 3.096 148
-15.985 -3.729 3.087 145
-15.948 -3.617 3.119 149
-15.944 -3.550 3.124 142
-15.905 -3.651 3.151 139
-15.891 -3.565 3.164 132
-15.952 -3.672 3.114 149
-15.946 -3.682 3.119 148
-15.957 -3.781 3.108 148
-15.933 -3.726 3.127 147
-15.984 -3.788 3.087 144
-15.911 -3.689 3.145 143
-15.978 -3.638 3.096 142
-15.995 -3.648 3.082 141
-15.950 -3.797 3.112 148
-15.957 -3.561 3.114 147
-15.944 -3.577 3.123 146
-15.971 -3.611 3.102 146
-15.951 -3.601 3.117 146
-15.987 -3.918 3.081 150
-15.882 -3.596 3.170 131
-15.974 -3.990 3.088 141
-15.967 -3.569 3.106 148
-15.926 -3.538 3.138 142
-15.935 -3.619 3.129 151
-15.908 -3.635 3.149 145
-15.967 -3.717 3.102 144
-15.997 -3.583 3.082 143
-15.896 -3.623 3.159 131
-15.987 -3.915 3.081 147
-15.956 -3.649 3.112 148
-15.990 -3.682 3.085 144
-15.951 -3.666 3.115 149
-15.905 -3.558 3.153 138
-15.892 -3.660 3.160 131
-15.969 -3.934 3.094 145
-15.981 -3.743 3.090 142
-15.930 -3.638 3.132 152
-15.994 -3.586 3.085 138
-15.982 -3.511 3.096 172
-15.934 -3.612 3.130 150
-15.927 -3.548 3.137 145
-15.949 -3.808 3.113 151
-15.966 -3.659 3.104 147
-15.964 -3.876 3.099 147
-15.983 -3.879 3.085 147
-15.963 -3.537 3.110 151
-15.995 -3.630 3.083 145
-15.944 -3.722 3.119 146
-15.926 -3.670 3.135 150
-15.898 -3.645 3.156 129
-15.915 -3.723 3.141 146
-15.938 -3.690 3.125 147
-15.918 -3.598 3.143 149
-15.878 -3.588 3.173 132
-15.962 -3.716 3.106 145
-15.931 -3.639 3.132 152
-15.915 -3.680 3.142 145
-15.955 -3.577 3.115 148
-15.905 -3.613 3.152 138
-15.974 -3.661 3.098 143
-15.937 -3.573 3.128 149
-15.982 -3.713 3.091 143
-15.987 -3.740 3.086 143
-15.943 -3.720 3.120 146
-15.953 -3.838 3.109 147
-15.981 -3.793 3.089 145
-15.880 -3.592 3.171 131
-15.938 -3.685 3.125 147
-15.942 -3.856 3.117 146
-15.927 -3.735 3.132 146
-15.958 -3.721 3.109 146
-15.923 -3.795 3.133 148
-15.918 -3.568 3.143 146
-15.915 -3.714 3.141 145
-15.985 -3.931 3.082 144
-15.919 -3.741 3.138 144
-15.912 -3.597 3.147 145
-15.951 -3.748 3.113 148
-15.890 -3.566 3.165 132
-15.898 -3.659 3.156 128
-15.889 -3.582 3.165 129
-15.993 -3.489 3.088 119
-15.952 -3.692 3.114 151
-15.975 -3.575 3.100 144
-15.941 -3.635 3.124 152
-15.986 -3.669 3.088 146
-15.961 -3.906 3.101 149
-15.917 -4.251 3.123 128
-15.917 -4.102 3.129 137
-15.876 -4.023 3.162 127
-15.927 -4.221 3.116 129
-15.920 -3.825 3.134 146
-15.918 -3.809 3.137 146
-15.920 -4.162 3.125 130
-15.938 -4.026 3.115 143
-15.945 -4.199 3.103 135
-15.924 -4.210 3.119 129
-15.931 -4.208 3.114 131
-15.891 -3.980 3.152 125
-15.870 -4.029 3.166 130
-15.871 -3.715 3.175 132
-15.929 -4.277 3.113 128
-15.880 -4.442 3.146 104
-15.912 -4.076 3.133 137
-15.883 -4.197 3.151 120
-15.875 -3.776 3.170 128
-15.909 -3.752 3.145 139
-15.919 -3.885 3.134 147
-15.954 -4.152 3.100 137
-15.923 -3.959 3.129 147
-15.873 -4.285 3.156 115
-15.917 -4.178 3.125 130
-15.882 -3.627 3.170 130
-15.871 -3.615 3.178 131
-15.928 -3.985 3.124 145
-15.870 -3.663 3.177 130
-15.880 -4.317 3.149 113
-15.882 -3.813 3.164 128
-15.904 -3.767 3.149 131
-15.909 -4.398 3.125 120
-15.911 -3.858 3.140 141
-15.880 -4.017 3.159 126
-15.870 -3.960 3.168 131
-15.921 -3.891 3.132 144
-15.971 -4.108 3.088 137
-15.907 -4.344 3.128 123
-15.912 -4.315 3.125 125
-15.951 -4.217 3.098 134
-15.875 -4.088 3.161 125
-15.891 -4.375 3.139 105
-15.916 -3.951 3.134 146
-15.884 -4.308 3.147 114
-15.949 -4.052 3.106 147
-15.922 -3.797 3.134 148
-15.960 -4.124 3.096 138
-15.894 -4.253 3.141 112
-15.875 -4.072 3.161 126
-15.873 -4.446 3.151 105
-15.979 -4.087 3.082 140
-15.871 -4.438 3.153 107
-15.901 -3.947 3.145 132
-15.901 -4.310 3.133 124
-15.874 -4.144 3.160 118
-15.860 -4.310 3.164 140
-15.946 -4.025 3.109 147
-15.919 -4.129 3.127 134
-15.896 -3.863 3.152 127
-15.922 -3.900 3.131 146
-15.931 -3.880 3.125 149
-15.944 -4.192 3.104 135
-15.858 -4.464 3.162 135
-15.925 -4.204 3.118 129
-15.898 -3.846 3.151 127
-15.882 -4.269 3.149 116
-15.901 -4.255 3.135 121
-15.876 -4.123 3.159 118
-15.946 -3.998 3.110 145
-15.871 -4.206 3.159 116
-15.855 -4.501 3.163 131
-15.858 -4.252 3.168 139
-15.913 -3.837 3.140 144
-15.879 -4.035 3.159 129
-15.869 -4.476 3.153 105
-15.913 -4.030 3.134 141
-15.887 -3.750 3.162 126
-15.950 -3.960 3.108 148
-15.859 -4.356 3.164 137
-15.925 -4.240 3.117 128
-15.957 -4.113 3.098 139
-15.974 -4.094 3.086 143
-15.951 -4.026 3.105 146
-15.924 -4.233 3.118 128
-15.862 -4.252 3.165 140
-15.887 -3.681 3.164 130
-15.947 -3.970 3.110 147
-15.911 -4.163 3.131 129
-15.868 -4.053 3.167 131
-15.971 -4.052 3.090 141
-15.921 -4.071 3.127 143
-15.881 -4.361 3.147 109
-15.884 -3.843 3.161 126
-15.907 -4.368 3.127 122
-15.954 -4.234 3.095 135
-15.910 -4.053 3.135 139
-15.974 -4.102 3.085 143
-15.901 -4.289 3.134 122
-15.878 -3.781 3.168 128
-15.888 -3.778 3.160 126
-15.878 -4.458 3.146 105
-15.943 -4.262 3.103 133
-15.904 -4.184 3.135 129
-15.886 -4.346 3.144 107
-15.883 -4.153 3.153 122
-15.968 -4.081 3.090 140
-15.878 -3.800 3.167 128
-15.876 -3.949 3.164 129
-15.901 -4.307 3.134 121
-15.871 -4.163 3.162 126
-15.946 -3.930 3.112 145
-15.886 -3.823 3.160 125
-15.875 -4.152 3.159 117
-15.939 -4.061 3.113 146
-15.884 -3.709 3.166 129
-15.884 -3.725 3.165 132
-15.931 -3.993 3.121 147
-15.940 -4.055 3.112 145
-15.927 -4.337 3.113 126
-15.877 -3.887 3.165 127
-15.910 -3.784 3.144 140
-15.941 -4.104 3.111 143
-15.897 -4.165 3.142 121
-15.891 -4.381 3.139 106
-15.926 -3.945 3.126 148
-15.888 -4.144 3.150 121
-15.922 -3.880 3.132 148
-15.921 -3.990 3.129 145
-15.914 -3.837 3.139 144
-15.891 -3.913 3.154 126
-15.888 -4.250 3.145 116
-15.894 -4.155 3.145 119
-15.903 -3.991 3.142 131
-15.858 -4.446 3.162 137
-15.947 -4.102 3.106 141
-15.877 -4.179 3.156 119
-15.960 -3.977 3.100 147
-15.866 -4.522 3.154 104
-15.940 -4.133 3.110 137
-15.892 -3.965 3.152 126
-15.875 -3.964 3.164 128
-15.873 -3.971 3.166 130
-15.873 -3.792 3.171 130
-15.956 -4.233 3.094 133
-15.914 -4.283 3.124 127
-15.930 -3.979 3.123 147
-15.974 -4.100 3.085 142
-15.918 -3.944 3.133 146
-15.944 -4.251 3.102 133
-15.906 -4.115 3.137 134
-15.875 -4.343 3.152 110
-15.871 -4.293 3.157 113
-15.903 -4.254 3.134 126
-15.890 -3.852 3.157 125
-15.882 -4.148 3.154 122
-15.878 -4.249 3.153 118
-15.928 -4.134 3.120 133
-15.917 -3.951 3.133 147
-15.889 -4.042 3.152 127
-15.883 -4.279 3.148 115
-15.926 -4.037 3.124 143
-15.939 -4.233 3.107 132
-15.871 -3.871 3.171 129
-15.917 -4.208 3.124 129
-15.895 -4.248 3.140 120
-15.970 -4.176 3.085 135
-15.934 -3.988 3.119 146
-15.947 -3.952 3.111 148
-15.905 -4.368 3.129 119
-15.856 -4.540 3.161 134
-15.907 -3.808 3.145 134
-15.921 -4.138 3.124 133
-15.925 -3.842 3.130 149
-15.909 -3.986 3.138 138
-15.892 -4.353 3.139 111
-15.934 -4.133 3.115 134
-15.887 -4.320 3.144 111
-15.916 -3.990 3.133 143
-15.868 -3.751 3.176 131
-15.915 -4.045 3.132 140
-15.934 -4.207 3.111 131
-15.879 -3.886 3.164 127
-15.944 -4.217 3.103 134
-15.928 -4.048 3.122 142
-15.919 -3.793 3.136 146
-15.958 -4.131 3.097 138
-15.900 -4.250 3.136 124
-15.878 -4.467 3.147 103
-15.913 -3.900 3.137 142
-15.890 -4.447 3.138 104
-15.872 -4.255 3.157 116
-15.923 -4.061 3.126 144
-15.887 -4.217 3.147 117
-15.870 -4.361 3.156 109
-15.877 -4.397 3.149 106
-15.865 -4.118 3.168 147
-15.919 -4.142 3.126 134
-15.931 -4.035 3.120 144
-15.879 -4.494 3.144 102
-15.894 -3.849 3.154 125
-15.891 -4.011 3.151 125
-15.858 -4.285 3.167 139
-15.966 -3.994 3.094 145
-15.959 -3.972 3.100 147
-15.888 -3.786 3.160 126
-15.931 -4.215 3.114 131
-15.891 -4.004 3.152 126
-15.874 -3.758 3.172 132
-15.918 -4.288 3.121 126
-15.937 -3.884 3.120 148
-15.919 -4.212 3.122 129
-15.901 -4.216 3.136 127
-15.889 -4.361 3.141 107
-15.875 -4.305 3.153 113
-15.920 -3.929 3.132 144
-15.966 -3.995 3.094 146
-15.891 -4.150 3.147 119
-15.956 -4.132 3.099 138
-15.876 -4.404 3.150 108
-15.950 -3.961 3.108 148
-15.892 -4.336 3.139 111
-15.946 -4.241 3.101 133
-15.945 -4.153 3.106 136
-15.862 -4.301 3.163 142
-15.889 -4.113 3.150 121
-15.934 -4.287 3.109 131
-15.906 -4.101 3.137 132
-15.925 -4.332 3.114 126
-15.927 -4.092 3.122 141
-15.870 -4.301 3.158 113
-15.871 -4.316 3.156 111
-15.904 -3.783 3.148 136
-15.886 -4.401 3.142 104
-15.977 -4.071 3.084 141
-15.879 -4.247 3.152 118
-15.885 -4.172 3.149 119
-15.952 -4.113 3.102 138
-15.913 -4.286 3.125 127
-15.906 -4.179 3.134 131
-15.897 -4.444 3.132 114
-15.868 -4.018 3.168 129
-15.869 -3.793 3.174 130
-15.893 -4.202 3.142 116
-15.925 -4.079 3.124 143
-15.915 -4.040 3.132 141
-15.870 -3.875 3.171 130
-15.931 -3.886 3.125 149
-15.908 -3.938 3.140 141
-15.892 -3.947 3.153 126
-15.965 -4.093 3.093 140
-15.933 -4.303 3.109 126
-15.873 -4.385 3.152 108
-15.874 -4.065 3.163 128
-15.879 -3.820 3.166 129
-15.898 -3.744 3.154 126
-15.919 -4.258 3.121 128
-15.879 -4.184 3.154 121
-15.875 -4.070 3.162 126
-15.910 -4.041 3.136 138
-15.901 -4.358 3.132 123
-15.922 -4.100 3.125 142
-15.918 -3.840 3.135 146
-15.924 -3.870 3.130 148
-15.904 -4.220 3.134 128
-15.858 -4.387 3.164 134
-15.902 -4.311 3.133 124
-15.891 -3.924 3.154 127
-15.885 -3.695 3.165 130
-15.892 -3.879 3.154 126
-15.860 -4.377 3.162 138
-15.949 -4.182 3.101 136
-15.887 -3.965 3.155 128
-15.918 -4.090 3.128 140
-15.897 -3.754 3.154 126
-15.909 -3.750 3.145 139
-15.866 -4.333 3.160 123
-15.952 -4.053 3.104 147
-15.890 -3.990 3.152 126
-15.885 -4.373 3.144 108
-15.899 -3.804 3.151 130
-15.868 -3.798 3.175 131
-15.926 -4.018 3.124 145
-15.886 -4.170 3.150 120
-15.878 -3.845 3.166 126
-15.879 -3.731 3.169 130
-15.912 -4.133 3.131 134
-15.866 -3.878 3.174 129
-15.928 -4.023 3.123 143
-15.873 -3.676 3.175 132
-15.860 -4.435 3.161 136
-15.875 -3.903 3.167 129
-15.920 -4.100 3.126 140
-15.974 -4.145 3.084 137
-15.916 -3.970 3.133 143
-15.920 -3.805 3.135 147
-15.888 -3.881 3.157 125
-15.939 -4.058 3.114 145
-15.944 -4.178 3.104 136
-15.869 -3.933 3.170 129
-15.927 -4.072 3.122 142
-15.890 -3.849 3.156 125
-15.955 -4.055 3.102 144
-15.902 -4.219 3.135 127
-15.952 -3.987 3.106 148
-15.871 -4.355 3.155 112
-15.949 -4.185 3.101 136
-15.959 -4.135 3.096 138
-15.875 -4.393 3.151 109
-15.854 -4.591 3.161 126
-15.884 -4.433 3.143 104
-15.950 -4.174 3.100 135
-15.898 -3.821 3.151 127
-15.878 -3.792 3.168 129
-15.963 -4.183 3.090 135
-15.880 -3.995 3.160 127
-15.941 -3.915 3.116 148
-15.881 -3.961 3.160 127
-15.927 -3.885 3.128 150
-15.888 -3.932 3.156 127
-15.920 -4.348 3.118 125
-15.913 -4.151 3.131 132
-15.938 -3.895 3.119 149
-15.960 -4.149 3.095 138
-15.917 -4.121 3.128 133
-15.878 -4.148 3.157 119
-15.972 -4.108 3.087 137
-15.936 -4.279 3.108 131
-15.905 -3.813 3.146 135
-15.888 -4.005 3.154 127
-15.973 -4.063 3.088 141
-15.867 -3.884 3.173 133
-15.911 -4.272 3.127 125
-15.963 -4.115 3.094 139
-15.918 -4.343 3.119 124
-15.874 -3.594 3.177 133
-15.941 -4.194 3.107 134
-15.918 -4.229 3.123 130
-15.898 -4.146 3.142 120
-15.885 -4.046 3.155 126
-15.907 -4.290 3.130 125
-15.896 -4.317 3.137 119
-15.930 -4.315 3.111 127
-15.875 -3.968 3.165 128
-15.911 -3.876 3.140 142
-15.919 -3.827 3.135 146
-15.927 -3.997 3.124 147
-15.885 -4.221 3.148 117
-15.896 -4.197 3.141 120
-15.889 -3.767 3.160 128
-15.882 -3.909 3.161 126
-15.975 -4.104 3.085 143
-15.893 -4.302 3.140 112
-15.962 -4.123 3.094 138
-15.965 -4.178 3.089 135
-15.950 -4.000 3.107 147
-15.863 -4.400 3.160 129
-15.862 -4.474 3.158 120
-15.903 -3.743 3.150 130
-15.976 -4.091 3.084 140
-15.905 -4.279 3.131 125
-15.923 -3.981 3.128 147
-15.900 -4.142 3.141 120
-15.927 -4.165 3.119 130
-15.934 -4.195 3.112 132
-15.871 -4.280 3.157 117
-15.876 -4.280 3.153 115
-15.890 -3.836 3.157 125
-15.876 -3.681 3.172 131
-15.949 -4.240 3.099 133
-15.899 -3.987 3.146 127
-15.894 -3.766 3.156 125
-15.897 -3.839 3.151 128
-15.874 -3.866 3.168 127
-15.900 -3.957 3.146 130
-15.879 -4.475 3.145 104
-15.964 -4.088 3.094 140
-15.864 -4.352 3.160 132
-15.865 -4.227 3.163 135
-15.917 -3.795 3.138 146
-15.898 -4.045 3.145 128
-15.876 -4.136 3.159 121
-15.874 -4.247 3.156 115
-15.885 -4.172 3.149 119
-15.935 -3.946 3.120 144
-15.896 -3.701 3.156 129
-15.897 -3.816 3.153 127
-15.957 -4.030 3.101 146
-15.907 -3.848 3.144 138
-15.927 -3.960 3.126 147
-15.972 -4.072 3.088 141
-15.889 -3.716 3.161 128
-15.937 -4.197 3.110 133
-15.907 -4.299 3.129 124
-15.863 -4.215 3.165 144
-15.921 -4.116 3.126 135
-15.968 -4.021 3.092 143
-15.930 -4.271 3.113 128
-15.867 -4.328 3.159 123
-15.921 -3.857 3.133 147
-15.907 -4.002 3.139 140
-15.900 -4.361 3.133 122
-15.943 -4.204 3.105 134
-15.894 -4.046 3.148 128
-15.959 -4.076 3.098 142
-15.955 -4.126 3.099 138
-15.869 -3.767 3.175 131
-15.956 -3.951 3.103 147
-15.891 -4.062 3.150 127
-15.948 -4.254 3.100 133
-15.945 -3.923 3.112 148
-15.912 -4.278 3.126 125
-15.905 -3.786 3.147 136
-15.863 -4.480 3.157 119
-15.862 -4.145 3.169 143
-15.878 -4.170 3.156 118
-15.918 -4.270 3.122 127
-15.875 -4.144 3.160 118
-15.865 -4.066 3.169 130
-15.881 -4.400 3.146 106
-15.971 -4.072 3.089 141
-15.919 -4.094 3.128 141
-15.940 -4.011 3.114 144
-15.914 -4.007 3.134 143
-15.901 -3.960 3.145 131
-15.873 -4.371 3.153 110
-15.884 -4.481 3.142 101
-15.924 -3.808 3.132 150
-15.891 -4.310 3.141 108
-15.863 -4.390 3.160 130
-15.920 -4.011 3.129 145
-15.883 -3.785 3.164 127
-15.892 -3.772 3.157 126
-15.880 -4.244 3.151 116
-15.894 -3.730 3.157 126
-15.936 -3.932 3.120 145
-15.954 -4.238 3.096 135
-15.915 -3.846 3.138 143
-15.874 -4.291 3.154 115
-15.909 -4.379 3.125 120
-15.887 -4.316 3.144 110
-15.874 -4.379 3.152 109
-15.900 -3.893 3.148 128
-15.872 -4.378 3.153 108
-15.922 -4.120 3.124 134
-15.885 -4.221 3.148 117
-15.976 -4.038 3.086 140
-15.912 -4.143 3.131 132
-15.888 -3.834 3.158 125
-15.865 -3.874 3.175 130
-15.956 -3.947 3.103 148
-15.876 -4.453 3.148 108
-15.889 -4.324 3.142 109
-15.869 -3.785 3.175 131
-15.908 -4.327 3.128 125
-15.872 -4.290 3.156 115
-15.885 -3.978 3.156 124
-15.931 -3.951 3.122 144
-15.883 -4.328 3.147 113
-15.872 -4.409 3.153 109
-15.863 -4.164 3.168 145
-15.951 -4.231 3.098 134
-15.892 -4.009 3.151 125
-15.884 -4.277 3.147 116
-15.906 -3.880 3.143 135
-15.900 -3.939 3.147 129
-15.905 -3.721 3.149 137
-15.882 -3.986 3.159 126
-15.857 -4.526 3.161 132
-15.951 -4.027 3.106 146
-15.969 -4.040 3.091 140
-15.864 -4.354 3.161 132
-15.890 -3.916 3.155 126
-15.898 -3.922 3.149 127
-15.897 -4.165 3.142 121
-15.961 -4.000 3.098 146
-15.955 -4.230 3.095 132
-15.872 -4.489 3.151 105
-15.891 -4.105 3.149 122
-15.899 -4.403 3.132 117
-15.976 -4.056 3.085 138
-15.927 -4.307 3.114 126
-15.893 -3.969 3.151 125
-15.922 -4.226 3.120 129
-15.914 -4.053 3.133 140
-15.917 -3.777 3.138 144
-15.895 -4.404 3.135 116
-15.871 -3.719 3.175 133
-15.901 -4.216 3.136 128
-15.892 -3.681 3.160 132
-15.922 -4.320 3.117 126
-15.919 -3.848 3.135 147
-15.867 -4.115 3.167 148
-15.866 -3.847 3.175 131
-15.881 -4.012 3.158 126
-15.856 -4.412 3.165 131
-15.907 -4.151 3.135 130
-15.908 -3.872 3.142 139
-15.876 -4.441 3.149 109
-15.874 -3.589 3.176 132
-15.865 -4.541 3.154 103
-15.867 -4.553 3.152 99
-15.893 -3.897 3.153 127
-15.866 -3.995 3.171 130
-15.885 -4.072 3.154 124
-15.877 -4.327 3.152 111
-15.952 -3.960 3.106 148
-15.898 -4.322 3.135 123
-15.905 -4.262 3.132 127
-15.886 -3.814 3.160 125
-15.884 -3.992 3.157 127
-15.946 -4.212 3.102 134
-15.935 -4.198 3.111 133
-15.921 -4.327 3.118 125
-15.873 -4.279 3.155 115
-15.914 -4.210 3.126 129
-15.889 -4.390 3.140 106
-15.919 -3.812 3.135 146
-15.894 -3.867 3.153 128
-15.877 -4.102 3.159 121
-15.884 -3.710 3.166 129
-15.980 -4.111 3.081 139
-15.920 -4.078 3.127 142
-15.891 -3.907 3.154 126
-15.864 -4.177 3.165 148
-15.873 -4.023 3.164 129
-15.864 -4.280 3.163 141
-15.872 -4.464 3.151 105
-15.911 -3.790 3.143 141
-15.913 -4.369 3.122 122
-15.896 -4.332 3.137 118
-15.899 -4.403 3.132 117
-15.875 -4.207 3.156 117
-15.900 -4.157 3.140 121
-15.914 -4.047 3.133 140
-15.953 -4.103 3.102 141
-15.943 -4.160 3.108 136
-15.890 -3.680 3.161 131
-15.871 -4.119 3.163 128
-15.919 -3.922 3.132 145
-15.905 -3.928 3.143 134
-15.872 -4.046 3.164 130
-15.898 -4.031 3.145 129
-15.939 -4.271 3.106 131
-15.899 -4.067 3.143 129
-15.876 -3.615 3.174 131
-15.933 -3.967 3.121 146
-15.899 -4.381 3.133 118
-15.913 -3.949 3.137 145
-15.910 -4.275 3.127 125
-15.878 -4.177 3.155 121
-15.897 -4.178 3.140 118
-15.916 -4.149 3.129 132
-15.861 -4.471 3.160 136
-15.884 -4.362 3.145 109
-15.917 -4.123 3.128 133
-15.893 -4.033 3.149 126
-15.912 -4.308 3.125 125
-15.970 -4.009 3.091 145
-15.909 -3.835 3.143 140
-15.913 -3.813 3.140 144
-15.937 -3.965 3.117 147
-15.910 -3.829 3.142 137
-15.889 -3.708 3.162 130
-15.871 -3.725 3.174 133
-15.865 -4.199 3.164 147
-15.872 -4.277 3.157 113
-15.914 -4.099 3.131 138
-15.916 -3.927 3.135 143
-15.887 -4.484 3.139 100
-15.871 -4.366 3.155 110
-15.894 -4.036 3.148 130
-15.917 -4.137 3.128 131
-15.976 -4.138 3.083 138
-15.893 -4.234 3.142 115
-15.864 -4.344 3.161 135
-15.903 -4.419 3.129 119
-15.878 -4.418 3.148 106
-15.910 -4.269 3.128 125
-15.888 -4.476 3.139 101
-15.893 -4.453 3.136 110
-15.910 -4.198 3.130 128
-15.856 -4.456 3.163 136
-15.876 -3.783 3.169 128
-15.884 -3.834 3.161 126
-15.887 -3.978 3.155 125
-15.917 -3.909 3.135 144
-15.926 -4.203 3.118 129
-15.971 -4.121 3.087 136
-15.908 -4.214 3.131 130
-15.926 -3.901 3.128 146
-15.906 -4.415 3.127 119
-15.894 -4.219 3.142 115
-15.948 -4.201 3.101 135
-15.877 -3.807 3.168 128
-15.967 -3.998 3.094 145
-15.960 -4.147 3.095 138
-15.948 -4.023 3.107 145
-15.897 -3.754 3.154 126
-15.915 -4.279 3.124 127
-15.882 -4.453 3.144 103
-15.867 -4.186 3.163 140
-15.873 -3.675 3.174 132
-15.858 -4.415 3.163 130
-15.911 -3.816 3.142 143
-15.874 -4.024 3.164 127
-15.908 -4.292 3.128 125
-15.908 -3.773 3.145 140
-15.954 -3.979 3.104 148
-15.944 -4.026 3.111 146
-15.879 -4.361 3.149 109
-15.882 -4.040 3.158 126
-15.919 -4.078 3.128 142
-15.889 -4.474 3.138 105
-15.877 -3.773 3.169 131
-15.872 -3.911 3.168 128
-15.931 -4.158 3.117 133
-15.862 -4.225 3.165 144
-15.888 -4.382 3.141 105
-15.980 -4.082 3.082 138
-15.900 -4.403 3.132 117
-15.974 -4.080 3.086 140
-15.957 -4.109 3.098 139
-15.860 -4.206 3.167 144
-15.870 -3.755 3.175 132
-15.895 -4.005 3.148 126
-15.872 -4.015 3.166 130
-15.928 -4.213 3.116 129
-15.884 -3.645 3.167 129
-15.877 -4.244 3.153 119
-15.864 -4.351 3.160 132
-15.899 -3.712 3.154 133
-15.968 -4.151 3.089 135
-15.883 -3.962 3.159 127
-15.876 -3.818 3.168 129
-15.869 -4.269 3.159 119
-15.909 -4.295 3.128 124
-15.961 -4.039 3.097 143
-15.864 -4.189 3.165 146
-15.896 -4.259 3.139 116
-15.980 -4.064 3.082 141
-15.869 -3.686 3.177 134
-15.872 -3.986 3.166 129
-15.874 -3.839 3.169 128
-15.885 -3.686 3.165 130
-15.931 -4.062 3.119 141
-15.912 -4.330 3.124 124
-15.874 -3.991 3.165 129
-15.875 -3.945 3.165 129
-15.878 -4.252 3.152 119
-15.873 -4.409 3.152 109
-15.922 -3.911 3.131 146
-15.951 -3.976 3.107 148
-15.951 -3.963 3.107 148
-15.935 -3.855 3.122 147
-15.958 -4.020 3.100 145
-15.874 -4.221 3.157 114
-15.940 -4.066 3.112 144
-15.870 -4.297 3.158 114
-15.939 -4.147 3.111 137
-15.893 -3.816 3.156 126
-15.877 -3.682 3.172 131
-15.863 -4.199 3.165 147
-15.881 -4.443 3.145 104
-15.874 -3.839 3.169 130
-15.886 -4.281 3.146 115
-15.888 -3.661 3.163 129
-15.953 -3.974 3.106 149
-15.909 -3.846 3.142 138
-15.871 -4.168 3.162 128
-15.957 -4.006 3.102 146
-15.886 -4.213 3.148 117
-15.875 -4.346 3.152 111
-15.888 -3.659 3.164 130
-15.939 -3.954 3.116 144
-15.959 -4.217 3.092 133
-15.978 -4.116 3.082 139
-15.911 -4.146 3.132 133
-15.898 -4.267 3.137 121
-15.888 -3.772 3.160 128
-15.876 -4.293 3.153 114
-15.894 -3.714 3.157 129
-15.923 -4.267 3.118 127
-15.860 -4.560 3.157 125
-15.958 -4.096 3.098 142
-15.897 -4.113 3.144 119
-15.869 -3.593 3.180 133
-15.913 -3.856 3.139 141
-15.930 -4.006 3.122 145
-15.878 -3.796 3.167 128
-15.902 -4.229 3.135 127
-15.934 -4.059 3.117 143
-15.934 -3.906 3.121 150
-15.873 -3.700 3.174 131
-15.897 -4.407 3.134 116
-15.869 -4.103 3.165 144
-15.858 -4.428 3.162 133
-15.907 -3.804 3.145 137
-15.879 -3.957 3.162 129
-15.863 -4.551 3.155 110
-15.875 -4.026 3.163 126
-15.869 -3.991 3.169 130
-15.972 -4.173 3.084 135
-15.938 -3.860 3.120 147
-15.937 -4.297 3.107 130
-15.933 -4.161 3.115 134
-15.873 -3.753 3.173 130
-15.924 -3.820 3.132 147
-15.868 -4.550 3.152 99
-15.863 -4.570 3.155 108
-15.860 -4.450 3.160 137
-15.884 -3.959 3.158 126
-15.884 -3.700 3.165 129
-15.857 -4.390 3.165 134
-15.913 -4.060 3.133 139
-15.938 -3.923 3.118 146
-15.880 -3.807 3.165 128
-15.903 -4.233 3.134 127
-15.869 -4.444 3.154 106
-15.922 -4.235 3.120 128
-15.981 -4.046 3.082 142
-15.868 -3.687 3.178 134
-15.882 -3.706 3.167 131
-15.860 -4.552 3.158 127
-15.884 -4.059 3.155 125
-15.944 -4.138 3.108 138
-15.887 -4.429 3.140 103
-15.896 -3.788 3.154 128
-15.936 -4.253 3.109 131
-15.883 -3.691 3.167 131
-15.898 -4.283 3.137 116
-15.965 -4.066 3.093 143
-15.866 -4.541 3.153 103
-15.872 -4.046 3.164 130
-15.903 -4.128 3.139 133
-15.884 -4.038 3.156 126
-15.868 -4.123 3.166 143
-15.908 -4.311 3.128 123
-15.924 -3.874 3.130 150
-15.895 -3.689 3.158 132
-15.872 -4.129 3.163 131
-15.892 -3.727 3.159 126
-15.883 -3.638 3.168 132
-15.884 -4.441 3.142 103
-15.874 -4.511 3.148 103
-15.863 -4.445 3.158 127
-15.918 -4.271 3.121 127
-15.892 -3.955 3.152 126
-15.892 -4.324 3.140 109
-15.942 -4.079 3.110 142
-15.854 -4.565 3.162 125
-15.859 -4.550 3.158 126
-15.884 -4.021 3.156 126
-15.883 -4.486 3.142 101
-15.875 -4.504 3.148 102
-15.979 -4.075 3.083 140
-15.887 -3.773 3.161 128
-15.899 -3.799 3.151 131
-15.870 -3.750 3.174 129
-15.919 -4.009 3.130 145
-15.937 -4.239 3.108 131
-15.895 -4.059 3.147 129
-15.912 -4.141 3.132 134
-15.880 -4.413 3.146 106
-15.867 -4.390 3.157 116
-15.961 -4.063 3.097 143
-15.931 -4.185 3.114 133
-15.962 -4.178 3.091 135
-15.864 -3.952 3.173 131
-15.925 -4.175 3.119 130
-15.912 -4.005 3.135 142
-15.903 -3.769 3.149 130
-15.917 -4.156 3.127 132
-15.941 -3.979 3.114 150
-15.884 -4.287 3.147 115
-15.928 -4.060 3.121 143
-15.901 -4.331 3.133 125
-15.872 -3.887 3.169 130
-15.895 -3.975 3.150 126
-15.875 -4.210 3.156 117
-15.898 -3.871 3.150 128
-15.945 -3.978 3.111 149
-15.905 -3.808 3.146 134
-15.885 -3.637 3.167 132
-15.953 -4.189 3.098 135
-15.912 -4.362 3.124 123
-15.899 -4.154 3.141 121
-15.888 -4.317 3.143 111
-15.927 -4.057 3.123 144
-15.873 -3.653 3.175 134
-15.866 -4.469 3.156 108
-15.899 -4.409 3.132 118
-15.946 -4.015 3.109 146
-15.900 -4.108 3.142 119
-15.964 -4.137 3.092 138
-15.925 -4.296 3.115 127
-15.957 -4.045 3.100 141
-15.921 -3.977 3.130 145
-15.870 -4.090 3.165 127
-15.906 -3.998 3.140 137
-15.867 -4.370 3.158 118
-15.876 -4.375 3.151 109
-15.909 -4.338 3.127 123
-15.958 -4.227 3.092 133
-15.903 -3.908 3.145 130
-15.902 -3.838 3.148 132
-15.896 -3.716 3.156 131
-15.886 -4.265 3.146 115
-15.894 -4.245 3.141 115
-15.938 -3.865 3.119 149
-15.868 -4.057 3.167 129
-15.921 -4.066 3.127 144
-15.905 -4.130 3.137 133
-15.877 -3.890 3.165 126
-15.874 -3.875 3.168 128
-15.888 -3.771 3.160 128
-15.870 -4.188 3.160 127
-15.873 -3.610 3.177 133
-15.928 -4.004 3.123 146
-15.875 -3.989 3.164 129
-15.932 -4.304 3.110 126
-15.932 -3.933 3.122 144
-15.976 -4.130 3.083 138
-15.861 -4.528 3.157 130
-15.935 -3.956 3.119 146
-15.921 -4.088 3.126 142
-15.909 -4.234 3.130 127
-15.879 -4.062 3.159 125
-15.895 -4.268 3.139 116
-15.878 -4.204 3.154 119
-15.886 -3.889 3.158 126
-15.956 -4.014 3.102 146
-15.885 -3.675 3.165 128
-15.913 -4.319 3.124 125
-15.943 -3.975 3.113 149
-15.886 -4.482 3.140 100
-15.871 -3.905 3.169 129
-15.908 -3.866 3.143 141
-15.916 -4.375 3.120 123
-15.980 -4.072 3.082 142
-15.871 -3.999 3.166 130
-15.938 -4.249 3.107 132
-15.900 -3.747 3.152 127
-15.962 -4.122 3.094 138
-15.864 -3.951 3.173 130
-15.877 -4.104 3.159 121
-15.895 -4.390 3.136 116
-15.947 -3.955 3.110 148
-15.901 -4.089 3.141 127
-15.868 -3.647 3.179 132
-15.945 -3.997 3.111 146
-15.870 -4.201 3.160 123
-15.858 -4.394 3.164 134
-15.931 -4.131 3.118 133
-15.967 -4.078 3.092 140
-15.884 -3.706 3.165 130
-15.964 -4.164 3.091 135
-15.944 -4.091 3.108 144
-15.956 -4.198 3.095 135
-15.864 -4.108 3.169 145
-15.870 -4.453 3.153 105
-15.922 -4.431 3.119 121
-15.905 -4.619 3.134 99
-15.968 -4.498 3.095 130
-15.970 -4.581 3.097 129
-15.966 -4.434 3.094 128
-15.986 -4.479 3.085 131
-15.927 -4.611 3.121 114
-15.905 -4.506 3.130 115
-15.968 -4.261 3.088 133
-15.969 -4.227 3.086 133
-15.977 -4.466 3.090 130
-15.909 -4.528 3.128 115
-15.940 -4.575 3.113 118
-15.966 -4.538 3.098 127
-15.940 -4.380 3.107 127
-15.901 -4.508 3.132 115
-15.900 -4.510 3.133 112
-15.956 -4.574 3.104 124
-15.892 -4.608 3.140 86
-15.930 -4.447 3.114 122
-15.878 -4.593 3.147 93
-15.982 -4.345 3.083 132
-15.890 -4.568 3.140 95
-15.957 -4.292 3.095 132
-15.982 -4.302 3.082 135
-15.899 -4.620 3.137 91
-15.939 -4.346 3.106 125
-15.962 -4.587 3.101 125
-15.957 -4.257 3.094 135
-15.973 -4.419 3.090 130
-15.925 -4.447 3.117 121
-15.955 -4.405 3.100 129
-15.989 -4.530 3.085 130
-15.903 -4.445 3.129 116
-15.902 -4.534 3.132 113
-15.982 -4.281 3.081 134
-15.972 -4.526 3.094 129
-15.979 -4.597 3.093 129
-15.880 -4.588 3.146 93
-15.981 -4.263 3.081 136
-15.894 -4.532 3.137 101
-15.979 -4.539 3.091 128
-15.946 -4.290 3.101 132
-15.921 -4.598 3.124 111
-15.933 -4.559 3.117 117
-15.969 -4.412 3.092 131
-15.955 -4.445 3.101 127
-15.964 -4.431 3.095 128
-15.973 -4.233 3.084 134
-15.968 -4.530 3.096 130
-15.974 -4.611 3.096 119
-15.987 -4.604 3.088 125
-15.928 -4.480 3.117 121
-15.971 -4.383 3.090 132
-15.975 -4.502 3.092 130
-15.970 -4.574 3.097 128
-15.922 -4.581 3.123 112
-15.935 -4.550 3.115 118
-15.968 -4.562 3.097 127
-15.947 -4.307 3.101 131
-15.952 -4.528 3.105 123
-15.905 -4.537 3.131 112
-15.992 -4.440 3.081 134
-15.922 -4.392 3.117 123
-15.953 -4.263 3.096 134
-15.963 -4.514 3.098 127
-15.974 -4.389 3.089 132
-15.866 -4.592 3.154 96
-15.980 -4.536 3.090 128
-15.900 -4.494 3.132 113
-15.887 -4.526 3.140 97
-15.987 -4.349 3.081 132
-15.908 -4.498 3.128 116
-15.970 -4.623 3.098 121
-15.933 -4.382 3.111 126
-15.963 -4.299 3.092 133
-15.920 -4.462 3.121 121
-15.975 -4.199 3.082 136
-15.973 -4.590 3.096 128
-15.911 -4.436 3.124 119
-15.941 -4.380 3.106 127
-15.990 -4.639 3.088 128
-15.974 -4.595 3.095 125
-15.984 -4.493 3.087 129
-15.908 -4.470 3.127 117
-15.948 -4.571 3.109 120
-15.963 -4.476 3.097 128
-15.958 -4.249 3.093 134
-15.907 -4.523 3.129 114
-15.980 -4.403 3.086 132
-15.894 -4.588 3.139 92
-15.914 -4.596 3.128 110
-15.961 -4.599 3.102 123
-15.979 -4.613 3.093 123
-15.964 -4.391 3.094 132
-15.963 -4.531 3.099 127
-15.955 -4.453 3.101 125
-15.925 -4.383 3.115 125
-15.979 -4.498 3.090 130
-15.982 -4.559 3.090 126
-15.966 -4.443 3.095 128
-15.861 -4.605 3.157 105
-15.948 -4.634 3.111 115
-15.977 -4.619 3.095 121
-15.974 -4.373 3.088 133
-15.987 -4.354 3.081 132
-15.957 -4.415 3.099 129
-15.899 -4.482 3.133 113
-15.907 -4.502 3.129 116
-15.900 -4.473 3.132 114
-15.906 -4.568 3.132 107
-15.892 -4.531 3.138 101
-15.915 -4.402 3.121 120
-15.884 -4.551 3.143 100
-15.856 -4.598 3.160 131
-15.996 -4.513 3.081 133
-15.890 -4.595 3.141 90
-15.969 -4.209 3.086 133
-15.928 -4.348 3.112 126
-15.985 -4.399 3.083 132
-15.920 -4.392 3.118 123
-15.957 -4.552 3.103 124
-15.970 -4.618 3.098 121
-15.949 -4.432 3.104 127
-15.958 -4.468 3.100 127
-15.950 -4.593 3.108 121
-15.909 -4.440 3.126 118
-15.981 -4.337 3.083 132
-15.940 -4.509 3.111 121
-15.961 -4.343 3.094 134
-15.934 -4.412 3.111 126
-15.897 -4.607 3.137 90
-15.973 -4.497 3.093 130
-15.965 -4.305 3.091 134
-15.990 -4.507 3.084 132
-15.995 -4.613 3.085 128
-15.944 -4.547 3.110 119
-15.939 -4.530 3.113 121
-15.886 -4.578 3.143 91
-15.939 -4.404 3.108 127
-15.957 -4.627 3.105 118
-15.984 -4.511 3.087 131
-15.948 -4.458 3.105 124
-15.973 -4.236 3.084 134
-15.945 -4.335 3.103 130
-15.943 -4.325 3.103 130
-15.914 -4.621 3.129 102
-15.918 -4.406 3.119 120
-15.948 -4.323 3.101 130
-15.955 -4.389 3.099 129
-15.874 -4.565 3.149 100
-15.883 -4.558 3.144 97
-15.948 -4.568 3.108 121
-15.933 -4.483 3.114 121
-15.933 -4.461 3.113 122
-15.977 -4.388 3.087 133
-15.943 -4.513 3.110 119
-15.961 -4.415 3.096 130
-15.989 -4.527 3.085 130
-15.895 -4.598 3.138 92
-15.987 -4.362 3.081 132
-15.968 -4.253 3.088 134
-15.920 -4.402 3.118 121
-15.908 -4.558 3.130 109
-15.987 -4.482 3.085 131
-15.985 -4.471 3.086 131
-15.885 -4.501 3.140 99
-15.918 -4.385 3.119 123
-15.937 -4.343 3.107 126
-15.882 -4.559 3.144 97
-15.980 -4.457 3.087 130
-15.976 -4.179 3.081 137
-15.931 -4.516 3.116 120
-15.955 -4.317 3.097 132
-15.903 -4.483 3.130 117
-15.985 -4.400 3.083 132
-15.961 -4.466 3.098 128
-15.946 -4.293 3.101 131
-15.954 -4.549 3.104 124
-15.884 -4.553 3.143 100
-15.982 -4.383 3.084 132
-15.942 -4.360 3.105 127
-15.999 -4.566 3.081 127
-15.966 -4.396 3.094 132
-15.964 -4.276 3.091 132
-15.981 -4.481 3.088 130
-15.933 -4.400 3.111 125
-15.976 -4.446 3.090 128
-15.969 -4.255 3.087 135
-15.997 -4.549 3.081 130
-15.932 -4.561 3.117 117
-15.955 -4.453 3.101 125
-15.907 -4.424 3.126 119
-15.963 -4.297 3.092 133
-15.966 -4.280 3.090 132
-15.951 -4.494 3.105 123
-15.892 -4.603 3.140 85
-15.986 -4.391 3.082 132
-15.951 -4.565 3.107 121
-15.928 -4.517 3.118 120
-15.944 -4.493 3.108 122
-15.866 -4.567 3.153 96
-15.966 -4.537 3.098 130
-15.970 -4.346 3.090 133
-15.874 -4.541 3.148 100
-15.939 -4.310 3.105 127
-15.941 -4.429 3.108 126
-15.968 -4.529 3.096 129
-15.957 -4.376 3.098 129
-15.968 -4.291 3.089 131
-15.935 -4.601 3.117 117
-15.986 -4.359 3.081 133
-15.892 -4.529 3.138 101
-15.951 -4.616 3.109 118
-15.974 -4.607 3.096 122
-15.962 -4.619 3.102 122
-15.963 -4.564 3.100 126
-15.929 -4.560 3.119 117
-15.965 -4.467 3.096 129
-15.907 -4.594 3.131 109
-15.958 -4.294 3.095 133
-15.932 -4.488 3.115 121
-15.939 -4.590 3.114 120
-15.940 -4.587 3.113 120
-15.954 -4.525 3.104 123
-15.969 -4.194 3.085 134
-15.978 -4.297 3.083 133
-15.931 -4.587 3.119 115
-15.948 -4.283 3.099 132
-15.914 -4.560 3.127 112
-15.950 -4.566 3.107 120
-15.940 -4.450 3.109 123
-15.951 -4.532 3.106 122
-15.963 -4.584 3.101 125
-15.930 -4.554 3.118 117
-15.959 -4.363 3.096 129
-15.919 -4.388 3.119 124
-15.907 -4.583 3.131 109
-15.966 -4.350 3.092 134
-15.979 -4.387 3.086 132
-15.943 -4.356 3.105 129
-15.934 -4.457 3.112 123
-15.878 -4.521 3.145 102
-15.872 -4.591 3.151 95
-15.952 -4.476 3.104 124
-15.976 -4.255 3.083 136
-15.916 -4.578 3.126 112
-15.983 -4.578 3.090 126
-15.961 -4.347 3.095 133
-15.898 -4.537 3.135 110
-15.957 -4.577 3.104 124
-15.983 -4.320 3.082 132
-15.979 -4.344 3.084 131
-15.963 -4.531 3.099 127
-15.956 -4.470 3.101 125
-15.956 -4.439 3.100 128
-15.903 -4.560 3.133 111
-15.919 -4.621 3.126 106
-15.968 -4.340 3.091 133
-15.948 -4.442 3.104 126
-15.953 -4.391 3.100 130
-15.940 -4.393 3.107 127
-15.982 -4.423 3.086 131
-15.933 -4.507 3.115 121
-15.961 -4.373 3.096 130
-15.928 -4.472 3.117 121
-15.874 -4.588 3.149 95
-15.958 -4.528 3.102 127
-15.965 -4.535 3.098 127
-15.886 -4.599 3.143 90
-15.906 -4.600 3.132 105
-15.915 -4.551 3.126 112
-15.919 -4.442 3.120 120
-15.975 -4.374 3.088 133
-15.925 -4.521 3.120 118
-15.924 -4.612 3.123 108
-15.974 -4.308 3.086 132
-15.973 -4.273 3.086 135
-15.938 -4.453 3.110 123
-15.994 -4.583 3.084 129
-15.884 -4.522 3.142 99
-15.995 -4.540 3.082 130
-15.947 -4.562 3.109 118
-15.982 -4.517 3.088 131
-15.960 -4.429 3.098 128
-15.879 -4.585 3.146 94
-15.954 -4.266 3.095 133
-15.941 -4.632 3.115 112
-15.941 -4.410 3.108 127
-15.922 -4.408 3.118 122
-15.958 -4.373 3.097 129
-15.982 -4.645 3.092 118
-15.939 -4.396 3.108 127
-15.910 -4.596 3.130 109
-15.963 -4.379 3.094 131
-15.988 -4.560 3.086 129
-15.970 -4.317 3.088 133
-15.892 -4.540 3.138 101
-16.002 -4.634 3.081 123
-16.000 -4.636 3.083 125
-15.889 -4.582 3.141 91
-15.929 -4.396 3.113 125
-15.922 -4.463 3.119 121
-15.974 -4.350 3.087 131
-16.000 -4.637 3.083 125
-15.916 -4.385 3.120 123
-15.939 -4.371 3.107 127
-15.941 -4.371 3.106 127
-15.967 -4.639 3.100 114
-15.986 -4.641 3.090 121
-15.938 -4.485 3.111 121
-15.928 -4.619 3.121 110
-15.991 -4.563 3.085 134
-15.961 -4.288 3.092 133
-15.917 -4.613 3.127 107
-15.998 -4.569 3.082 130
-15.922 -4.422 3.118 121
-15.956 -4.520 3.103 125
-15.926 -4.481 3.118 120
-15.900 -4.568 3.135 108
-15.977 -4.638 3.095 118
-15.959 -4.598 3.104 122
-15.967 -4.624 3.100 120
-15.974 -4.498 3.092 130
-15.954 -4.412 3.100 128
-15.976 -4.394 3.088 132
-15.923 -4.547 3.122 115
-15.945 -4.568 3.110 119
-15.942 -4.502 3.110 122
-15.987 -4.384 3.081 132
-15.961 -4.323 3.094 134
-15.910 -4.600 3.130 108
-15.954 -4.501 3.103 123
-15.900 -4.612 3.136 97
-15.965 -4.476 3.096 128
-15.872 -4.594 3.151 96
-15.909 -4.519 3.128 115
-15.949 -4.399 3.103 130
-15.911 -4.598 3.130 109
-15.970 -4.539 3.096 130
-15.948 -4.347 3.102 130
-15.967 -4.339 3.091 133
-15.964 -4.262 3.090 134
-15.948 -4.286 3.099 132
-15.931 -4.419 3.113 124
-15.976 -4.597 3.095 129
-15.982 -4.430 3.086 130
-15.957 -4.440 3.100 127
-15.997 -4.540 3.081 128
-15.941 -4.361 3.106 127
-15.906 -4.611 3.133 103
-15.946 -4.575 3.110 120
-15.958 -4.360 3.097 129
-15.984 -4.630 3.091 123
-15.974 -4.187 3.082 136
-15.941 -4.377 3.106 127
-15.957 -4.607 3.105 121
-15.945 -4.463 3.107 123
-15.909 -4.569 3.130 112
-15.976 -4.585 3.094 127
-15.939 -4.596 3.115 117
-15.979 -4.635 3.094 120
-15.902 -4.515 3.132 114
-15.972 -4.298 3.087 131
-15.975 -4.479 3.091 130
-15.885 -4.505 3.141 99
-15.984 -4.573 3.089 127
-15.949 -4.453 3.104 125
-15.958 -4.304 3.095 134
-15.943 -4.523 3.110 119
-15.951 -4.531 3.106 123
-15.874 -4.542 3.148 103
-15.918 -4.539 3.124 115
-15.870 -4.552 3.150 100
-15.961 -4.401 3.096 131
-15.922 -4.613 3.124 108
-15.981 -4.435 3.086 129
-15.946 -4.583 3.110 119
-15.908 -4.619 3.132 101
-15.925 -4.530 3.120 117
-15.977 -4.379 3.087 133
-15.964 -4.512 3.098 128
-15.996 -4.608 3.084 128
-15.877 -4.545 3.147 101
-15.889 -4.555 3.140 91
-15.962 -4.542 3.100 127
-15.918 -4.620 3.127 103
-15.903 -4.550 3.133 110
-15.901 -4.483 3.132 116
-15.963 -4.636 3.103 117
-16.002 -4.613 3.081 123
-15.927 -4.612 3.121 109
-16.000 -4.590 3.081 125
-15.962 -4.377 3.095 131
-15.892 -4.522 3.138 104
-15.918 -4.496 3.123 118
-15.996 -4.595 3.084 128
-15.871 -4.568 3.150 98
-15.964 -4.635 3.102 116
-15.963 -4.491 3.098 127
-15.938 -4.437 3.110 125
-15.904 -4.557 3.132 109
-15.964 -4.522 3.099 128
-15.984 -4.330 3.081 132
-15.964 -4.489 3.097 127
-15.939 -4.585 3.114 119
-15.960 -4.510 3.100 126
-15.949 -4.406 3.103 128
-15.983 -4.481 3.087 130
-15.907 -4.565 3.131 108
-15.949 -4.336 3.100 130
-15.959 -4.240 3.092 134
-15.901 -4.452 3.130 117
-15.938 -4.414 3.109 127
-15.994 -4.570 3.084 128
-15.941 -4.436 3.108 125
-15.845 -4.486 3.152 117
-15.789 -4.179 3.093 137
-15.798 -4.047 3.101 134
-15.822 -4.392 3.128 125
-15.831 -4.414 3.137 126
-15.827 -3.975 3.133 136
-15.840 -3.919 3.147 137
-15.860 -4.134 3.168 120
-15.783 -4.140 3.084 140
-15.851 -3.886 3.159 128
-15.832 -4.384 3.139 124
-15.804 -4.293 3.108 128
-15.802 -3.990 3.106 137
-15.858 -3.873 3.167 121
-15.856 -3.659 3.166 127
-15.842 -4.322 3.150 124
-15.862 -3.834 3.172 127
-15.812 -3.929 3.117 138
-15.861 -3.983 3.170 126
-15.822 -4.297 3.128 129
-15.831 -4.004 3.137 136
-15.837 -4.333 3.145 125
-15.851 -4.485 3.159 116
-15.829 -3.831 3.136 135
-15.852 -3.807 3.161 127
-15.839 -4.246 3.147 124
-15.847 -3.693 3.156 133
-15.855 -4.112 3.163 118
-15.832 -4.371 3.138 125
-15.803 -4.072 3.107 130
-15.856 -3.804 3.166 126
-15.795 -4.161 3.097 135
-15.783 -4.156 3.084 142
-15.851 -3.713 3.160 131
-15.803 -4.249 3.108 132
-15.853 -4.153 3.161 117
-15.815 -3.983 3.120 135
-15.826 -4.091 3.131 127
-15.825 -4.319 3.132 127
-15.840 -3.951 3.147 136
-15.819 -3.888 3.125 135
-15.806 -4.027 3.110 134
-15.864 -3.717 3.175 132
-15.852 -3.922 3.161 127
-15.834 -4.147 3.140 125
-15.842 -3.907 3.150 135
-15.839 -3.898 3.147 136
-15.822 -4.063 3.127 130
-15.847 -4.152 3.155 120
-15.844 -4.527 3.151 113
-15.805 -4.337 3.109 128
-15.838 -4.109 3.144 125
-15.828 -4.366 3.134 124
-15.794 -4.151 3.096 133
-15.825 -4.043 3.131 132
-15.850 -3.679 3.159 138
-15.860 -3.692 3.170 129
-15.834 -3.905 3.141 135
-15.859 -3.680 3.169 128
-15.837 -4.292 3.144 126
-15.823 -4.159 3.127 127
-15.833 -3.956 3.140 137
-15.830 -3.945 3.136 137
-15.822 -3.899 3.127 137
-15.799 -4.009 3.102 137
-15.800 -4.022 3.103 137
-15.804 -4.054 3.108 133
-15.829 -4.283 3.136 127
-15.818 -4.178 3.125 127
-15.851 -4.170 3.159 115
-15.823 -3.897 3.129 136
-15.854 -4.316 3.163 118
-15.819 -4.308 3.125 128
-15.791 -4.062 3.093 135
-15.839 -3.904 3.146 136
-15.834 -4.146 3.140 126
-15.791 -4.216 3.094 134
-15.830 -4.319 3.137 127
-15.792 -4.029 3.094 135
-15.840 -3.847 3.147 135
-15.816 -4.289 3.121 128
-15.852 -4.149 3.159 119
-15.862 -3.775 3.172 130
-15.821 -4.296 3.126 127
-15.839 -3.842 3.146 135
-15.825 -3.886 3.131 136
-15.844 -4.513 3.151 116
-15.823 -4.239 3.130 129
-15.785 -4.089 3.087 136
-15.837 -3.959 3.144 137
-15.833 -4.275 3.141 128
-15.804 -3.956 3.108 138
-15.835 -4.072 3.141 130
-15.854 -3.911 3.163 128
-15.816 -4.012 3.121 132
-15.854 -3.967 3.163 126
-15.863 -3.820 3.173 126
-15.835 -4.298 3.142 127
-15.828 -3.808 3.134 139
-15.809 -4.167 3.113 130
-15.820 -4.220 3.126 130
-15.861 -4.133 3.170 119
-15.824 -4.137 3.129 126
-15.832 -3.783 3.140 139
-15.846 -3.958 3.154 134
-15.789 -4.085 3.091 134
-15.838 -4.421 3.145 123
-15.796 -4.114 3.098 134
-15.826 -4.111 3.131 127
-15.839 -3.782 3.147 138
-15.820 -3.873 3.125 136
-15.817 -4.013 3.121 132
-15.812 -4.288 3.117 128
-15.857 -3.705 3.167 129
-15.805 -3.978 3.109 137
-15.828 -3.866 3.135 136
-15.807 -4.162 3.111 130
-15.859 -3.799 3.168 129
-15.799 -4.197 3.103 133
-15.840 -4.526 3.147 118
-15.833 -4.250 3.140 129
-15.832 -4.008 3.138 135
-15.863 -3.814 3.173 128
-15.857 -3.762 3.167 129
-15.845 -4.157 3.151 121
-15.790 -4.149 3.091 135
-15.790 -4.229 3.094 133
-15.856 -4.272 3.165 123
-15.850 -4.230 3.159 120
-15.809 -4.056 3.113 132
-15.845 -4.285 3.153 123
-15.862 -3.633 3.173 135
-15.797 -4.201 3.101 133
-15.833 -4.204 3.141 127
-15.809 -4.207 3.114 130
-15.835 -3.875 3.142 135
-15.854 -4.065 3.162 121
-15.801 -4.217 3.106 132
-15.831 -4.284 3.138 127
-15.849 -4.573 3.156 109
-15.860 -4.099 3.169 120
-15.819 -4.300 3.125 129
-15.822 -4.212 3.128 129
-15.823 -4.300 3.129 128
-15.784 -4.206 3.087 139
-15.828 -4.359 3.135 126
-15.853 -4.044 3.161 123
-15.792 -4.118 3.094 135
-15.833 -4.267 3.141 128
-15.833 -3.896 3.139 136
-15.857 -3.842 3.166 125
-15.823 -4.079 3.128 130
-15.852 -4.452 3.160 111
-15.847 -4.288 3.156 120
-15.821 -4.396 3.127 126
-15.853 -4.450 3.162 110
-15.862 -3.873 3.172 122
-15.828 -4.314 3.135 128
-15.841 -3.974 3.149 135
-15.799 -4.181 3.103 133
-15.797 -4.191 3.102 133
-15.819 -4.216 3.125 130
-15.829 -3.918 3.135 136
-15.847 -4.046 3.155 126
-15.859 -4.025 3.168 126
-15.841 -4.474 3.148 122
-15.830 -4.190 3.137 127
-15.833 -3.802 3.140 138
-15.786 -4.202 3.089 137
-15.863 -4.038 3.172 124
-15.802 -4.057 3.105 133
-15.835 -3.912 3.142 135
-15.816 -4.056 3.121 132
-15.859 -3.898 3.168 129
-15.839 -4.010 3.146 134
-15.840 -4.081 3.147 130
-15.839 -4.268 3.146 127
-15.832 -4.284 3.140 127
-15.809 -4.333 3.114 128
-15.856 -3.681 3.166 124
-15.839 -4.006 3.145 134
-15.852 -4.134 3.160 119
-15.867 -3.586 3.179 138
-15.862 -3.843 3.172 128
-15.823 -3.854 3.130 136
-15.850 -4.505 3.158 114
-15.844 -3.811 3.153 134
-15.835 -3.778 3.143 136
-15.844 -4.484 3.152 118
-15.832 -4.367 3.139 125
-15.817 -4.032 3.122 132
-15.830 -3.830 3.137 135
-15.837 -3.847 3.145 132
-15.823 -4.301 3.130 128
-15.809 -4.338 3.114 128
-15.818 -4.138 3.122 127
-15.817 -4.231 3.123 130
-15.797 -4.045 3.100 134
-15.852 -3.766 3.162 129
-15.802 -4.293 3.106 129
-15.818 -4.177 3.124 128
-15.853 -3.836 3.163 124
-15.824 -4.373 3.130 126
-15.841 -4.014 3.148 134
-15.837 -4.493 3.143 124
-15.789 -4.096 3.091 135
-15.852 -4.298 3.161 120
-15.848 -3.692 3.157 133
-15.866 -3.586 3.177 138
-15.798 -4.289 3.101 129
-15.851 -3.895 3.159 129
-15.853 -4.093 3.161 119
-15.849 -3.685 3.158 135
-15.813 -4.278 3.118 128
-15.796 -4.114 3.098 134
-15.822 -4.400 3.128 126
-15.826 -4.391 3.132 125
-15.840 -3.774 3.148 138
-15.851 -4.588 3.159 102
-15.854 -3.895 3.163 127
-15.855 -4.116 3.163 118
-15.825 -3.944 3.131 136
-15.828 -4.171 3.135 127
-15.816 -4.065 3.121 131
-15.829 -3.817 3.136 137
-15.839 -3.984 3.146 136
-15.848 -3.706 3.157 136
-15.826 -4.425 3.132 125
-15.838 -4.264 3.145 128
-15.846 -4.081 3.153 127
-15.862 -3.774 3.172 130
-15.795 -4.041 3.097 134
-15.818 -3.922 3.123 138
-15.832 -3.919 3.139 137
-15.782 -4.201 3.085 139
-15.796 -4.238 3.100 132
-15.829 -3.862 3.136 136
-15.795 -4.135 3.097 132
-15.808 -3.935 3.112 139
-15.828 -3.959 3.135 135
-15.842 -4.279 3.150 125
-15.851 -3.988 3.159 126
-15.851 -4.056 3.158 121
-15.823 -3.947 3.129 136
-15.848 -4.347 3.156 117
-15.861 -3.920 3.170 128
-15.849 -4.209 3.158 118
-15.867 -3.647 3.178 133
-15.845 -4.086 3.152 127
-15.825 -3.827 3.131 135
-15.803 -4.000 3.106 136
-15.850 -4.502 3.157 116
-15.816 -4.062 3.120 131
-15.836 -4.360 3.143 125
-15.853 -3.694 3.163 129
-15.807 -4.199 3.112 131
-15.804 -4.185 3.108 130
-15.851 -4.338 3.159 118
-15.848 -3.703 3.157 136
-15.828 -4.101 3.134 127
-15.853 -4.031 3.161 124
-15.829 -4.264 3.136 128
-15.856 -3.749 3.165 131
-15.856 -4.086 3.165 119
-15.808 -4.140 3.112 128
-15.823 -3.918 3.129 137
-15.830 -3.833 3.137 135
-15.830 -4.064 3.135 131
-15.848 -3.862 3.157 129
-15.822 -3.982 3.128 135
-15.843 -4.257 3.151 124
-15.823 -3.882 3.129 136
-15.843 -3.866 3.151 133
-15.817 -4.221 3.123 130
-15.796 -4.084 3.099 133
-15.856 -4.002 3.164 125
-15.805 -4.176 3.110 131
-15.813 -4.282 3.118 128
-15.803 -4.268 3.107 130
-15.817 -4.338 3.123 131
-15.839 -4.225 3.147 125
-15.802 -4.263 3.106 130
-15.863 -3.755 3.173 133
-15.849 -4.150 3.156 120
-15.829 -4.467 3.135 126
-15.833 -3.943 3.140 137
-15.834 -4.444 3.141 124
-15.834 -3.785 3.142 138
-15.837 -4.077 3.144 130
-15.833 -4.053 3.140 131
-15.835 -4.393 3.142 124
-15.837 -3.870 3.145 134
-15.826 -4.425 3.132 125
-15.835 -4.048 3.141 132
-15.838 -4.429 3.145 123
-15.851 -3.761 3.160 132
-15.796 -4.231 3.100 132
-15.818 -4.009 3.123 134
-15.829 -4.350 3.135 126
-15.854 -3.735 3.164 130
-15.858 -3.701 3.169 132
-15.804 -4.064 3.107 131
-15.831 -4.032 3.137 135
-15.827 -3.852 3.134 136
-15.850 -3.914 3.158 128
-15.848 -4.124 3.155 122
-15.852 -3.804 3.161 128
-15.810 -4.354 3.114 128
-15.807 -4.309 3.111 130
-15.842 -4.492 3.149 117
-15.820 -3.957 3.126 135
-15.849 -3.742 3.158 134
-15.823 -4.090 3.128 127
-15.832 -4.101 3.138 126
-15.828 -3.877 3.134 136
-15.832 -4.095 3.138 126
-15.863 -3.999 3.172 125
-15.856 -3.731 3.166 132
-15.810 -4.334 3.115 128
-15.831 -3.995 3.137 136
-15.828 -3.897 3.135 136
-15.789 -4.073 3.091 135
-15.855 -4.145 3.162 117
-15.834 -3.774 3.141 138
-15.864 -3.618 3.176 135
-15.840 -4.394 3.147 124
-15.784 -4.215 3.087 138
-15.843 -3.753 3.151 137
-15.824 -3.835 3.130 136
-15.840 -3.886 3.148 136
-15.830 -4.008 3.137 135
-15.843 -4.219 3.151 123
-15.821 -4.333 3.126 128
-15.788 -4.061 3.090 135
-15.829 -4.185 3.137 126
-15.820 -4.238 3.126 130
-15.829 -3.902 3.135 136
-15.840 -4.257 3.148 128
-15.788 -4.051 3.090 136
-15.829 -4.089 3.134 127
-15.860 -3.973 3.170 126
-15.840 -4.485 3.148 124
-15.828 -4.392 3.135 124
-15.832 -4.484 3.139 124
-15.832 -4.150 3.137 126
-15.835 -4.024 3.141 134
-15.820 -3.868 3.125 136
-15.856 -4.308 3.165 118
-15.860 -4.103 3.169 121
-15.801 -4.303 3.105 130
-15.851 -4.100 3.158 119
-15.788 -4.148 3.089 136
-15.812 -3.912 3.117 138
-15.794 -4.036 3.097 134
-15.853 -3.873 3.162 123
-15.838 -4.068 3.144 132
-15.813 -4.197 3.119 129
-15.862 -3.671 3.172 132
-15.829 -3.884 3.135 136
-15.821 -4.263 3.127 129
-15.834 -3.996 3.140 136
-15.837 -3.801 3.144 138
-15.817 -3.940 3.122 140
-15.836 -4.213 3.143 126
-15.858 -3.817 3.168 127
-15.795 -4.086 3.098 133
-15.825 -4.283 3.132 127
-15.859 -3.864 3.169 125
-15.839 -3.867 3.147 135
-15.804 -4.024 3.108 134
-15.850 -4.137 3.158 117
-15.863 -4.011 3.172 126
-15.805 -3.948 3.109 138
-15.796 -4.267 3.100 130
-15.798 -4.177 3.102 133
-15.828 -3.993 3.134 134
-15.855 -4.204 3.165 122
-15.819 -4.375 3.124 126
-15.824 -4.215 3.131 129
-15.843 -4.032 3.150 132
-15.846 -3.840 3.155 131
-15.821 -4.276 3.127 129
-15.786 -4.122 3.087 136
-15.852 -3.900 3.161 128
-15.820 -4.123 3.124 126
-15.832 -3.990 3.139 136
-15.846 -4.136 3.153 122
-15.860 -3.843 3.170 128
-15.856 -3.972 3.165 124
-15.796 -4.029 3.099 135
-15.845 -3.725 3.153 138
-15.802 -4.158 3.105 131
-15.793 -4.063 3.095 134
-15.792 -4.054 3.095 135
-15.791 -4.160 3.093 137
-15.796 -4.011 3.099 137
-15.795 -4.052 3.097 134
-15.841 -3.887 3.149 136
-15.806 -4.037 3.109 134
-15.829 -4.426 3.135 124
-15.787 -4.185 3.090 138
-15.849 -4.213 3.158 118
-15.794 -4.226 3.097 133
-15.804 -3.966 3.107 138
-15.826 -4.250 3.132 129
-15.813 -3.933 3.118 138
-15.805 -4.033 3.109 134
-15.806 -4.106 3.110 130
-15.846 -4.485 3.154 117
-15.824 -4.182 3.131 126
-15.844 -4.455 3.151 119
-15.816 -4.203 3.122 130
-15.832 -4.438 3.138 124
-15.835 -4.095 3.141 126
-15.826 -4.169 3.131 127
-15.834 -3.791 3.142 138
-15.832 -4.109 3.138 126
-15.824 -3.848 3.131 135
-15.851 -4.205 3.160 119
-15.820 -3.855 3.125 136
-15.853 -3.678 3.163 130
-15.856 -3.908 3.165 126
-15.833 -4.049 3.139 132
-15.840 -4.256 3.148 128
-15.784 -4.220 3.087 137
-15.802 -4.261 3.106 130
-15.835 -4.338 3.143 126
-15.836 -4.257 3.143 129
-15.827 -3.884 3.133 136
-15.863 -3.923 3.173 127
-15.848 -4.254 3.157 123
-15.814 -4.004 3.118 134
-15.830 -4.345 3.137 125
-15.837 -4.219 3.145 126
-15.848 -3.687 3.157 134
-15.843 -4.326 3.151 124
-15.845 -3.735 3.154 137
-15.852 -3.721 3.162 130
-15.816 -4.060 3.120 131
-15.860 -3.939 3.170 127
-15.850 -4.224 3.159 121
-15.843 -4.491 3.150 117
-15.863 -3.856 3.173 126
-15.824 -4.135 3.129 126
-15.857 -3.896 3.166 127
-15.846 -4.244 3.154 122
-15.845 -4.190 3.154 120
-15.834 -4.052 3.141 131
-15.833 -4.062 3.139 131
-15.843 -4.281 3.151 125
-15.850 -4.500 3.158 116
-15.845 -4.413 3.152 115
-15.789 -4.053 3.091 135
-15.852 -4.201 3.161 119
-15.832 -3.922 3.139 137
-15.856 -4.358 3.165 114
-15.797 -4.152 3.099 133
-15.817 -3.952 3.123 138
-15.809 -4.113 3.112 130
-15.816 -3.936 3.121 140
-15.846 -3.697 3.155 133
-15.804 -4.054 3.107 133
-15.786 -4.229 3.089 133
-15.860 -3.734 3.170 134
-15.798 -4.016 3.101 138
-15.805 -4.175 3.110 131
-15.824 -3.843 3.130 135
-15.839 -4.351 3.146 126
-15.865 -3.600 3.176 135
-15.859 -3.996 3.168 126
-15.827 -4.183 3.135 126
-15.838 -4.435 3.145 123
-15.789 -4.117 3.091 135
-15.838 -3.745 3.146 139
-15.806 -3.994 3.110 135
-15.841 -4.153 3.148 123
-15.846 -4.175 3.156 115
-15.860 -4.115 3.168 119
-15.839 -3.833 3.147 136
-15.788 -4.124 3.090 136
-15.823 -4.158 3.127 127
-15.822 -4.152 3.126 127
-15.816 -4.063 3.121 131
-15.853 -4.190 3.163 120
-15.814 -4.199 3.120 129
-15.796 -4.154 3.098 134
-15.845 -4.373 3.152 121
-15.852 -4.311 3.161 118
-15.808 -4.260 3.113 130
-15.863 -3.913 3.173 128
-15.825 -4.142 3.130 126
-15.858 -4.185 3.168 119
-15.831 -4.017 3.137 135
-15.791 -4.054 3.093 135
-15.835 -4.069 3.141 130
-15.833 -4.411 3.139 125
-15.843 -3.892 3.151 136
-15.783 -4.146 3.084 142
-15.805 -4.211 3.110 131
-15.849 -4.073 3.157 126
-15.845 -4.007 3.152 132
-15.803 -4.239 3.108 132
-15.815 -3.979 3.120 136
-15.807 -4.192 3.112 131
-15.810 -4.362 3.115 126
-15.853 -4.559 3.160 106
-15.860 -3.635 3.171 133
-15.823 -4.347 3.128 128
-15.804 -3.982 3.108 138
-15.825 -4.018 3.130 133
-15.839 -3.947 3.146 137
-15.819 -4.169 3.124 128
-15.833 -4.184 3.141 126
-15.839 -3.944 3.146 138
-15.837 -3.795 3.144 138
-15.849 -4.159 3.156 115
-15.827 -4.163 3.132 126
-15.810 -4.102 3.114 128
-15.817 -4.168 3.121 128
-15.866 -3.659 3.177 135
-15.815 -4.020 3.119 132
-15.791 -4.139 3.093 135
-15.827 -4.432 3.133 126
-15.830 -4.008 3.137 135
-15.832 -4.312 3.139 127
-15.842 -3.871 3.150 134
-15.792 -4.198 3.096 135
-15.851 -3.909 3.160 128
-15.863 -3.841 3.173 127
-15.795 -4.226 3.099 133
-15.829 -3.982 3.135 134
-15.782 -4.174 3.085 139
-15.814 -4.095 3.118 128
-15.826 -4.245 3.133 129
-15.831 -4.344 3.138 125
-15.840 -3.933 3.147 137
-15.810 -3.917 3.114 138
-15.795 -4.087 3.098 133
-15.844 -3.724 3.152 138
-15.864 -3.766 3.174 131
-15.829 -4.348 3.135 126
-15.817 -3.909 3.123 136
-15.851 -3.952 3.160 128
-15.800 -4.278 3.104 129
-15.848 -4.377 3.157 118
-15.837 -4.246 3.145 128
-15.817 -3.886 3.122 136
-15.816 -4.336 3.122 131
-15.829 -4.349 3.136 126
-15.811 -3.951 3.116 138
-15.823 -3.985 3.129 135
-15.857 -3.782 3.167 126
-15.824 -4.054 3.129 130
-15.840 -4.350 3.148 126
-15.818 -4.046 3.123 133
-15.861 -3.738 3.171 134
-15.812 -4.346 3.117 129
-15.803 -4.153 3.106 131
-15.815 -4.091 3.119 128
-15.848 -3.745 3.157 134
-15.840 -3.778 3.148 138
-15.839 -3.777 3.147 138
-15.794 -4.173 3.097 135
-15.857 -4.322 3.166 116
-15.852 -3.746 3.162 130
-15.848 -4.197 3.157 116
-15.796 -4.040 3.099 134
-15.841 -4.145 3.148 123
-15.829 -4.174 3.136 127
-15.844 -3.830 3.152 135
-15.797 -4.029 3.099 136
-15.816 -3.901 3.121 136
-15.841 -3.903 3.149 136
-15.856 -3.883 3.165 125
-15.795 -4.016 3.097 136
-15.818 -4.379 3.123 126
-15.846 -3.827 3.155 134
-15.842 -4.026 3.149 132
-15.814 -4.019 3.118 132
-15.845 -4.418 3.152 116
-15.852 -3.702 3.161 131
-15.807 -4.181 3.112 130
-15.824 -4.232 3.131 129
-15.834 -4.073 3.140 130
-15.844 -4.042 3.151 129
-15.833 -4.060 3.139 131
-15.847 -4.185 3.156 117
-15.856 -3.782 3.165 126
-15.830 -4.215 3.138 127
-15.838 -4.179 3.146 124
-15.847 -4.439 3.155 113
-15.846 -3.890 3.155 133
-15.834 -4.103 3.140 125
-15.841 -3.791 3.150 136
-15.840 -4.241 3.148 125
-15.844 -4.018 3.152 132
-15.832 -4.453 3.138 124
-15.807 -4.156 3.110 131
-15.860 -3.658 3.171 132
-15.833 -3.990 3.140 136
-15.817 -3.990 3.122 134
-15.840 -4.002 3.147 133
-15.818 -4.210 3.124 129
-15.840 -3.740 3.148 138
-15.850 -3.735 3.160 131
-15.824 -4.379 3.130 125
-15.822 -4.002 3.127 134
-15.834 -4.213 3.142 126
-15.835 -4.356 3.142 125
-15.805 -4.172 3.110 131
-15.822 -3.938 3.128 138
-15.800 -4.259 3.104 130
-15.858 -3.855 3.167 123
-15.822 -4.057 3.127 131
-15.786 -4.139 3.087 137
-15.854 -4.146 3.162 118
-15.827 -3.831 3.133 135
-15.822 -4.021 3.127 133
-15.824 -4.424 3.129 125
-15.826 -4.380 3.132 125
-15.833 -4.261 3.140 128
-15.827 -4.153 3.132 126
-15.841 -4.246 3.149 124
-15.859 -3.836 3.169 126
-15.836 -3.876 3.143 133
-15.821 -4.359 3.126 127
-15.814 -4.326 3.119 131
-15.853 -3.953 3.162 127
-15.854 -3.983 3.162 122
-15.858 -3.999 3.167 124
-15.811 -4.158 3.115 129
-15.853 -4.277 3.162 121
-15.845 -3.842 3.154 134
-15.840 -3.811 3.147 136
-15.846 -3.720 3.155 137
-15.807 -4.160 3.110 130
-15.826 -4.009 3.131 134
-15.797 -4.239 3.100 132
-15.858 -3.884 3.167 125
-15.835 -4.030 3.142 135
-15.803 -3.982 3.107 138
-15.813 -4.204 3.118 130
-15.825 -3.977 3.131 136
-15.862 -3.733 3.172 134
-15.861 -3.615 3.172 133
-15.820 -3.890 3.126 137
-15.808 -4.176 3.113 130
-15.822 -4.190 3.128 129
-15.826 -4.287 3.133 128
-15.802 -4.089 3.105 132
-15.838 -4.272 3.146 127
-15.851 -4.533 3.159 112
-15.829 -3.811 3.136 138
-15.867 -3.645 3.178 133
-15.839 -4.361 3.147 127
-15.809 -4.358 3.114 126
-15.823 -3.974 3.128 136
-15.804 -4.002 3.107 135
-15.863 -3.693 3.174 133
-15.825 -3.849 3.131 135
-15.845 -4.362 3.153 120
-15.817 -4.368 3.122 129
-15.855 -4.304 3.164 119
-15.836 -4.325 3.143 126
-15.783 -4.200 3.085 139
-15.816 -4.335 3.122 131
-15.852 -3.824 3.161 127
-15.854 -3.696 3.163 129
-15.827 -4.175 3.134 127
-15.860 -4.162 3.169 116
-15.805 -4.133 3.108 130
-15.813 -4.113 3.116 128
-15.847 -4.025 3.154 129
-15.847 -4.181 3.156 118
-15.846 -4.234 3.155 121
-15.855 -3.965 3.163 126
-15.805 -4.245 3.110 131
-15.849 -4.487 3.157 116
-15.841 -4.034 3.148 133
-15.824 -3.864 3.130 136
-15.826 -3.878 3.133 136
-15.821 -4.176 3.128 128
-15.832 -4.239 3.139 128
-15.841 -4.503 3.148 123
-15.842 -4.401 3.150 123
-15.858 -4.192 3.168 117
-15.822 -4.104 3.127 127
-15.852 -3.808 3.161 127
-15.799 -4.125 3.102 133
-15.835 -4.437 3.142 124
-15.841 -3.933 3.149 136
-15.794 -4.146 3.096 133
-15.848 -4.610 3.158 98
-15.803 -4.656 3.115 104
-15.826 -4.656 3.111 99
-15.901 -4.639 3.117 110
-15.889 -4.634 3.124 100
-15.907 -4.627 3.128 100
-15.949 -4.651 3.095 114
-15.957 -4.659 3.085 119
-15.965 -4.649 3.094 115
-15.906 -4.629 3.126 103
-15.815 -4.634 3.137 110
-15.993 -4.654 3.084 121
-15.841 -4.652 3.113 97
-15.904 -4.632 3.124 105
-15.841 -4.628 3.139 104
-15.867 -4.674 3.084 114
-15.875 -4.664 3.094 115
-15.793 -4.657 3.116 107
-15.881 -4.625 3.135 97
-15.753 -4.690 3.086 100
-15.839 -4.652 3.113 97
-15.834 -4.681 3.083 108
-15.860 -4.654 3.108 106
-15.944 -4.656 3.091 116
-15.832 -4.678 3.086 117
-15.915 -4.662 3.089 114
-15.801 -4.661 3.110 102
-15.893 -4.647 3.109 109
-15.893 -4.663 3.091 112
-15.807 -4.679 3.089 113
-15.837 -4.655 3.110 97
-15.901 -4.654 3.100 116
-15.902 -4.627 3.129 100
-15.805 -4.681 3.088 112
-15.789 -4.685 3.086 109
-15.827 -4.641 3.128 104
-15.797 -4.669 3.102 99
-15.841 -4.681 3.081 103
-15.967 -4.658 3.084 117
-15.766 -4.688 3.085 113
-15.802 -4.653 3.118 104
-15.896 -4.649 3.106 110
-15.893 -4.656 3.099 117
-15.862 -4.645 3.117 96
-15.925 -4.637 3.114 110
-15.903 -4.650 3.104 112
-15.893 -4.636 3.121 105
-15.804 -4.668 3.102 97
-15.850 -4.619 3.148 101
-15.894 -4.639 3.118 104
-15.904 -4.661 3.092 114
-15.762 -4.676 3.100 103
-15.900 -4.623 3.134 100
-15.847 -4.675 3.087 118
-15.931 -4.631 3.120 109
-15.871 -4.641 3.120 95
-15.872 -4.655 3.104 109
-15.813 -4.656 3.113 101
-15.771 -4.687 3.087 95
-15.803 -4.649 3.123 110
-15.820 -4.641 3.129 104
-15.935 -4.648 3.100 119
-15.869 -4.614 3.149 95
-15.847 -4.674 3.088 118
-15.911 -4.627 3.128 105
-15.885 -4.649 3.108 107
-15.890 -4.672 3.082 114
-15.794 -4.685 3.085 105
-15.911 -4.647 3.105 114
-15.927 -4.650 3.100 118
-15.886 -4.661 3.095 115
-15.980 -4.651 3.089 121
-15.828 -4.646 3.122 102
-15.852 -4.631 3.134 99
-15.756 -4.688 3.087 100
-15.772 -4.675 3.099 101
-15.800 -4.651 3.122 110
-15.873 -4.645 3.115 96
-15.848 -4.655 3.109 97
-15.843 -4.632 3.135 101
-15.889 -4.665 3.091 111
-15.821 -4.643 3.126 106
-15.848 -4.614 3.153 100
-15.965 -4.657 3.085 117
-15.864 -4.672 3.087 116
-15.878 -4.638 3.122 95
-15.835 -4.658 3.108 99
-15.906 -4.666 3.086 114
-15.833 -4.647 3.119 101
-15.866 -4.622 3.141 93
-15.859 -4.669 3.091 119
-15.801 -4.678 3.092 114
-15.926 -4.645 3.105 114
-15.889 -4.622 3.137 99
-15.781 -4.663 3.112 108
-15.792 -4.654 3.119 107
-15.877 -4.618 3.143 97
-15.806 -4.641 3.131 110
-15.815 -4.672 3.095 114
-15.972 -4.659 3.082 118
-15.903 -4.651 3.103 114
-15.805 -4.661 3.109 99
-15.870 -4.622 3.140 93
-15.837 -4.675 3.089 120
-15.821 -4.655 3.113 99
-15.865 -4.634 3.128 88
-15.880 -4.630 3.130 94
-15.869 -4.656 3.103 111
-15.881 -4.629 3.131 96
-15.950 -4.645 3.101 115
-15.868 -4.664 3.095 115
-15.811 -4.640 3.131 108
-15.911 -4.652 3.101 115
-15.826 -4.642 3.126 104
-15.941 -4.649 3.098 118
-15.799 -4.652 3.120 108
-15.891 -4.623 3.135 99
-15.780 -4.682 3.091 123
-15.854 -4.632 3.132 95
-15.829 -4.672 3.093 117
-15.929 -4.644 3.106 113
-15.848 -4.671 3.091 115
-15.895 -4.630 3.128 104
-15.757 -4.684 3.092 109
-15.907 -4.660 3.092 114
-15.754 -4.688 3.087 100
-15.790 -4.686 3.085 106
-15.775 -4.687 3.087 94
-15.937 -4.649 3.099 119
-15.827 -4.680 3.085 113
-15.886 -4.621 3.139 99
-15.873 -4.614 3.149 98
-15.814 -4.638 3.133 110
-15.862 -4.665 3.095 114
-15.816 -4.639 3.131 108
-15.910 -4.652 3.101 115
-15.925 -4.660 3.089 116
-15.770 -4.682 3.092 121
-15.837 -4.680 3.084 108
-15.861 -4.650 3.111 100
-15.784 -4.680 3.093 121
-15.878 -4.642 3.117 97
-15.870 -4.663 3.095 115
-15.887 -4.642 3.115 102
-15.837 -4.649 3.117 100
-15.882 -4.668 3.088 116
-15.872 -4.670 3.088 119
-15.784 -4.672 3.101 98
-15.895 -4.651 3.105 112
-15.969 -4.655 3.086 114
-15.948 -4.646 3.101 115
-15.994 -4.655 3.082 119
-15.772 -4.675 3.099 101
-15.885 -4.660 3.096 115
-15.836 -4.661 3.104 101
-15.900 -4.623 3.134 100
-15.916 -4.639 3.114 111
-15.792 -4.665 3.108 102
-15.905 -3.524 3.127 168
-15.955 -3.490 3.086 143
-15.858 -3.520 3.115 169
-15.864 -3.523 3.120 167
-15.873 -3.508 3.100 170
-15.749 -3.507 3.081 165
-15.795 -3.534 3.125 143
-15.786 -3.525 3.112 142
-15.855 -3.558 3.170 120
-15.794 -3.515 3.098 176
-15.786 -3.528 3.116 146
-15.793 -3.504 3.082 115
-15.863 -3.505 3.094 160
-15.889 -3.543 3.153 144
-15.944 -3.495 3.092 128
-15.938 -3.498 3.095 170
-15.975 -3.495 3.096 177
-15.757 -3.520 3.102 146
-15.749 -3.520 3.101 142
-15.967 -3.490 3.088 118
-15.968 -3.486 3.083 162
-15.871 -3.521 3.117 168
-15.962 -3.493 3.091 118
-15.830 -3.545 3.146 142
-15.820 -3.514 3.100 173
-15.924 -3.494 3.087 126
-15.917 -3.524 3.129 156
-15.957 -3.493 3.091 104
-15.929 -3.501 3.099 155
-15.861 -3.506 3.094 160
-15.875 -3.499 3.087 119
-15.887 -3.542 3.151 146
-15.839 -3.551 3.157 138
-15.925 -3.521 3.126 165
-15.839 -3.537 3.137 144
-15.853 -3.544 3.148 135
-15.930 -3.494 3.088 103
-15.953 -3.494 3.091 109
-15.875 -3.505 3.096 161
-15.846 -3.511 3.101 169
-15.847 -3.541 3.144 140
-15.870 -3.562 3.178 131
-15.761 -3.521 3.104 146
-15.833 -3.502 3.085 117
-15.935 -3.504 3.103 171
-15.842 -3.549 3.154 134
-15.876 -3.522 3.121 168
-15.893 -3.519 3.118 165
-15.930 -3.519 3.124 164
-15.938 -3.517 3.123 150
-15.990 -3.487 3.087 153
-15.820 -3.543 3.142 145
-15.863 -3.499 3.085 123
-15.866 -3.507 3.097 162
-15.876 -3.501 3.090 161
-15.860 -3.547 3.154 132
-15.958 -3.493 3.091 104
-15.841 -3.534 3.133 150
-15.848 -3.499 3.084 100
-15.945 -3.509 3.112 177
-15.862 -3.533 3.134 162
-15.804 -3.504 3.083 143
-15.859 -3.518 3.112 171
-15.915 -3.532 3.140 142
-15.885 -3.522 3.121 166
-15.777 -3.531 3.118 143
-15.783 -3.523 3.108 142
-15.870 -3.504 3.093 156
-15.895 -3.507 3.101 169
-15.877 -3.536 3.140 158
-15.883 -3.541 3.148 148
-15.886 -3.515 3.112 169
-15.859 -3.542 3.147 139
-15.780 -3.516 3.098 176
-15.827 -3.518 3.108 170
-15.916 -3.495 3.088 114
-15.927 -3.528 3.136 143
-15.719 -3.513 3.085 151
-15.807 -3.523 3.112 158
-15.970 -3.494 3.094 147
-15.941 -3.491 3.086 129
-15.939 -3.499 3.096 171
-15.847 -3.509 3.097 168
-15.800 -3.535 3.127 142
-15.867 -3.559 3.173 131
-15.802 -3.528 3.118 148
-15.803 -3.539 3.134 144
-15.833 -3.523 3.115 171
-15.874 -3.518 3.114 172
-15.826 -3.540 3.139 142
-15.867 -3.520 3.116 169
-15.928 -3.510 3.111 173
-15.864 -3.549 3.157 131
-15.938 -3.509 3.110 176
-15.795 -3.523 3.110 146
-15.951 -3.505 3.106 174
-15.806 -3.531 3.122 142
-15.756 -3.522 3.104 144
-15.848 -3.535 3.134 156
-15.777 -3.506 3.083 130
-15.853 -3.541 3.144 141
-15.918 -3.491 3.082 153
-15.798 -3.523 3.110 145
-15.786 -3.538 3.129 139
-15.920 -3.523 3.128 154
-15.826 -3.505 3.088 168
-15.873 -3.499 3.087 130
-15.721 -3.515 3.089 147
-15.774 -3.527 3.112 148
-15.879 -3.513 3.107 170
-15.934 -3.518 3.123 154
-15.871 -3.528 3.129 165
-15.868 -3.508 3.099 171
-15.795 -3.526 3.114 143
-15.918 -3.495 3.087 121
-15.730 -3.512 3.086 128
-15.850 -3.556 3.165 125
-15.802 -3.540 3.136 144
-15.731 -3.511 3.085 158
-15.824 -3.511 3.097 174
-15.815 -3.521 3.109 173
-15.899 -3.507 3.102 169
-15.943 -3.501 3.100 163
-15.894 -3.503 3.096 158
-15.909 -3.528 3.133 154
-15.849 -3.537 3.138 145
-15.867 -3.518 3.113 168
-15.895 -3.545 3.156 141
-15.893 -3.549 3.161 132
-15.787 -3.535 3.126 142
-15.875 -3.512 3.106 171
-15.865 -3.559 3.171 128
-15.888 -3.522 3.122 165
-15.891 -3.546 3.157 133
-15.765 -3.528 3.113 147
-15.903 -3.508 3.105 176
-15.987 -3.491 3.092 121
-15.960 -3.494 3.093 145
-15.824 -3.508 3.093 163
-15.831 -3.521 3.112 172
-15.831 -3.545 3.147 143
-15.899 -3.530 3.135 156
-15.784 -3.520 3.104 145
-15.727 -3.512 3.084 129
-15.940 -3.499 3.097 171
-15.852 -3.525 3.121 170
-15.900 -3.530 3.135 156
-15.924 -3.500 3.096 175
-15.899 -3.522 3.124 163
-15.962 -3.501 3.103 170
-15.876 -3.509 3.102 170
-15.743 -3.512 3.088 159
-15.866 -3.517 3.111 170
-15.752 -3.524 3.107 142
-15.971 -3.495 3.095 170
-15.808 -3.509 3.092 157
-15.899 -3.538 3.147 148
-15.895 -3.506 3.101 169
-15.802 -3.524 3.112 150
-15.769 -3.524 3.109 147
-15.877 -3.520 3.118 167
-15.888 -3.516 3.113 168
-15.991 -3.488 3.088 137
-15.883 -3.522 3.121 167
-15.854 -3.514 3.105 173
-15.731 -3.514 3.089 128
-15.903 -3.511 3.108 171
-15.898 -3.538 3.146 148
-15.814 -3.525 3.115 160
-15.854 -3.534 3.134 158
-15.840 -3.555 3.162 139
-15.798 -3.532 3.123 146
-15.827 -3.543 3.144 140
-15.863 -3.528 3.126 166
-15.922 -3.529 3.136 139
-15.836 -3.529 3.125 166
-15.937 -3.514 3.118 174
-15.938 -3.518 3.123 150
-15.928 -3.519 3.123 167
-15.963 -3.496 3.096 188
-15.844 -3.525 3.120 168
-15.844 -3.514 3.103 174
-15.917 -3.496 3.090 119
-15.954 -3.509 3.113 177
-15.866 -3.539 3.144 151
-15.922 -3.492 3.085 148
