-15.818 -4.747 0.604 38
-15.795 -4.751 0.586 44
-15.808 -4.651 0.634 34
-15.802 -4.647 0.632 51
-15.816 -4.747 0.602 35
-15.826 -4.723 0.619 35
-15.828 -4.636 0.654 31
-15.858 -4.749 0.631 44
-15.851 -4.687 0.650 54
-15.799 -4.751 0.589 41
-15.797 -4.750 0.588 52
-15.820 -4.619 0.655 13
-15.795 -4.686 0.612 37
-15.843 -4.669 0.652 36
-15.835 -4.656 0.651 22
-15.819 -4.584 0.668 51
-15.839 -4.718 0.630 48
-15.835 -4.709 0.631 49
-15.825 -4.706 0.625 29
-15.806 -4.634 0.639 32
-15.814 -4.649 0.639 44
-15.833 -4.706 0.630 40
-15.852 -4.747 0.628 94
-15.816 -4.728 0.610 31
-15.856 -4.740 0.633 9
-15.822 -4.709 0.622 49
-15.860 -4.738 0.637 16
-15.826 -4.624 0.657 38
-15.807 -4.727 0.604 37
-15.852 -4.703 0.645 35
-15.813 -4.694 0.621 43
-15.827 -4.622 0.659 38
-15.823 -4.591 0.668 63
-15.824 -4.682 0.633 38
-15.810 -4.651 0.635 28
-15.816 -4.621 0.651 12
-15.836 -4.645 0.657 43
-15.834 -4.746 0.616 47
-15.802 -4.651 0.630 66
-15.851 -4.687 0.650 54
-15.822 -4.729 0.614 58
-15.833 -4.711 0.628 32
-15.795 -4.712 0.601 25
-15.802 -4.704 0.610 47
-15.845 -4.677 0.650 32
-15.818 -4.672 0.633 30
-15.820 -4.739 0.609 24
-15.862 -4.735 0.640 31
-15.812 -4.703 0.617 32
-15.811 -4.629 0.645 37
-15.798 -4.670 0.620 41
-15.813 -4.631 0.646 28
-15.826 -4.639 0.651 20
-15.866 -4.767 0.630 17
-15.812 -4.661 0.633 24
-15.829 -4.658 0.646 12
-15.815 -4.737 0.606 32
-15.852 -4.730 0.634 12
-15.856 -4.731 0.637 19
-15.802 -4.651 0.630 68
-15.860 -4.738 0.637 27
-15.848 -4.722 0.635 14
-15.839 -4.679 0.645 11
-15.824 -4.719 0.619 35
-15.817 -4.687 0.626 41
-15.814 -4.651 0.638 44
-15.822 -4.711 0.621 46
-15.818 -4.622 0.653 12
-15.793 -4.750 0.586 46
-15.848 -4.680 0.651 47
-15.818 -4.746 0.604 38
-15.814 -4.649 0.639 44
-15.805 -4.722 0.604 39
-15.845 -4.744 0.624 43
-15.820 -4.730 0.612 43
-15.852 -4.739 0.631 40
-15.852 -4.705 0.644 32
-15.813 -4.719 0.611 32
-15.802 -4.669 0.623 43
-15.804 -4.698 0.613 40
-15.822 -4.728 0.615 58
-15.822 -4.702 0.624 36
-15.825 -4.669 0.639 24
-15.842 -4.695 0.641 11
-15.852 -4.689 0.650 49
-15.822 -4.603 0.662 48
-15.845 -4.725 0.631 41
-15.811 -4.728 0.607 43
-15.813 -4.609 0.654 11
-15.847 -4.692 0.646 19
-15.815 -4.736 0.606 42
-15.851 -4.712 0.640 6
-15.839 -4.663 0.651 28
-15.818 -4.721 0.614 44
-15.817 -4.696 0.623 55
-15.825 -4.686 0.632 45
-15.821 -4.668 0.637 46
-15.827 -4.740 0.613 43
-15.822 -4.664 0.639 44
-15.816 -4.692 0.624 53
-15.816 -4.594 0.662 29
-15.814 -4.734 0.606 38
-15.847 -4.759 0.620 40
-15.856 -4.740 0.633 9
-15.853 -4.693 0.649 47
-15.808 -4.615 0.648 32
-15.813 -4.738 0.604 38
-15.838 -4.640 0.659 58
-15.813 -4.694 0.621 43
-15.806 -4.710 0.610 40
-15.811 -4.720 0.610 33
-15.821 -4.649 0.644 25
-15.825 -4.675 0.636 44
-15.816 -4.733 0.608 26
-15.858 -4.759 0.627 72
-15.846 -4.772 0.621 28
-15.822 -4.802 0.621 108
-15.842 -4.763 0.615 23
-15.823 -4.794 0.618 189
-15.816 -4.803 0.619 174
-15.802 -4.788 0.605 185
-15.834 -4.823 0.636 36
-15.821 -4.818 0.627 101
-15.863 -4.780 0.633 105
-15.826 -4.811 0.627 85
-15.825 -4.787 0.616 184
-15.824 -4.759 0.604 34
-15.856 -4.780 0.630 167
-15.830 -4.765 0.610 25
-15.855 -4.768 0.624 12
-15.843 -4.792 0.628 137
-15.851 -4.779 0.627 193
-15.818 -4.801 0.619 186
-15.834 -4.770 0.614 187
-15.845 -4.800 0.632 43
-15.858 -4.783 0.632 76
-15.864 -4.786 0.636 53
-15.792 -4.767 0.591 187
-15.851 -4.779 0.626 181
-15.823 -4.758 0.603 34
-15.817 -4.803 0.619 127
-15.825 -4.832 0.636 38
-15.811 -4.762 0.599 63
-15.849 -4.791 0.630 73
-15.792 -4.766 0.590 188
-15.829 -4.793 0.621 191
-15.843 -4.793 0.628 85
-15.875 -4.773 0.637 45
-15.794 -4.763 0.590 178
-15.830 -4.786 0.618 196
-15.815 -4.804 0.618 174
-15.817 -4.768 0.604 183
-15.832 -4.823 0.635 36
-15.826 -4.776 0.612 185
-15.808 -4.778 0.604 183
-15.837 -4.794 0.626 140
-15.855 -4.796 0.636 44
-15.837 -4.824 0.638 42
-15.803 -4.758 0.593 59
-15.811 -4.787 0.609 183
-15.846 -4.796 0.631 44
-15.822 -4.787 0.615 186
-15.839 -4.800 0.629 48
-16.011 -4.828 0.669 34
-15.941 -4.798 0.652 23
-15.968 -4.841 0.719 29
-15.954 -4.855 0.753 37
-15.936 -4.802 0.664 18
-16.080 -4.839 0.651 21
-16.017 -4.848 0.704 39
-15.969 -4.841 0.719 29
-15.960 -4.854 0.747 32
-15.931 -4.828 0.715 32
-16.014 -4.848 0.705 37
-16.026 -4.846 0.694 37
-16.049 -4.844 0.678 27
-16.144 -4.852 0.640 38
-16.079 -4.839 0.653 21
-15.973 -4.808 0.653 36
-15.944 -4.817 0.688 30
-15.897 -4.808 0.697 27
-16.084 -4.845 0.660 33
-16.064 -4.857 0.695 29
-15.998 -4.814 0.652 32
-15.995 -4.831 0.685 36
-16.096 -4.852 0.667 31
-16.055 -4.841 0.669 25
-16.011 -4.837 0.687 43
-15.907 -4.784 0.646 32
-16.071 -4.856 0.689 27
-15.944 -4.831 0.715 32
-15.994 -4.820 0.665 33
-16.164 -4.858 0.640 34
-15.932 -4.803 0.667 18
-15.952 -4.827 0.702 35
-16.039 -4.848 0.692 27
-16.022 -4.852 0.710 39
-16.079 -4.837 0.649 21
-15.931 -4.832 0.724 33
-16.017 -4.843 0.696 42
-16.086 -4.853 0.673 29
-15.995 -4.807 0.639 32
-16.094 -4.850 0.664 23
-15.943 -4.813 0.681 29
-16.006 -4.816 0.651 30
-15.954 -4.804 0.658 27
-15.966 -4.840 0.718 29
-16.080 -4.833 0.639 23
-15.999 -4.807 0.636 31
-16.059 -4.839 0.663 22
-16.113 -4.848 0.648 36
-16.145 -4.848 0.631 41
-15.934 -4.852 0.759 35
-15.958 -4.842 0.727 28
-16.000 -4.814 0.650 31
-16.012 -4.827 0.667 35
-16.089 -4.851 0.668 28
-16.122 -4.850 0.647 37
-15.932 -4.843 0.743 34
-16.038 -4.857 0.710 40
-16.028 -4.828 0.660 39
-16.099 -4.853 0.666 27
-15.990 -4.849 0.722 28
-15.953 -4.819 0.685 35
-15.926 -4.847 0.754 33
-15.907 -4.830 0.732 30
-15.946 -4.828 0.708 34
-16.019 -4.850 0.707 39
-16.010 -4.827 0.668 32
-16.061 -4.840 0.664 22
-16.035 -4.852 0.701 23
-15.964 -4.826 0.692 42
-15.917 -4.791 0.653 27
-16.036 -4.846 0.690 31
-16.068 -4.851 0.680 26
-15.956 -4.809 0.665 29
-15.922 -4.812 0.692 22
-15.917 -4.789 0.651 26
-16.007 -4.830 0.677 39
-16.034 -4.830 0.661 35
-16.043 -4.820 0.636 31
-16.086 -4.858 0.684 25
-16.012 -4.832 0.678 43
-15.982 -4.852 0.732 27
-16.074 -4.857 0.689 27
-15.991 -4.839 0.703 39
-15.935 -4.811 0.681 28
-16.023 -4.859 0.721 32
-16.031 -4.857 0.713 40
-16.043 -4.819 0.635 27
-15.929 -4.808 0.679 24
-15.941 -4.858 0.766 38
-16.034 -4.826 0.654 36
-15.979 -4.810 0.653 34
-15.972 -4.798 0.635 32
-15.995 -4.830 0.683 32
-15.900 -4.792 0.664 33
-15.993 -4.806 0.639 32
-15.926 -4.849 0.758 34
-16.081 -4.836 0.645 26
-16.068 -4.838 0.656 21
-15.960 -4.807 0.660 31
-15.998 -4.855 0.729 41
-16.065 -4.827 0.637 32
-15.948 -4.843 0.734 37
-15.945 -4.838 0.727 42
-16.059 -4.824 0.635 18
-16.089 -4.841 0.650 35
-15.947 -4.827 0.706 34
-16.112 -4.850 0.655 35
-15.977 -4.846 0.723 32
-16.107 -4.861 0.677 29
-15.902 -4.798 0.675 36
-15.959 -4.812 0.670 34
-16.097 -4.856 0.674 26
-16.049 -4.841 0.672 30
-16.010 -4.848 0.709 38
-16.043 -4.836 0.666 22
-16.054 -4.849 0.685 27
-15.993 -4.838 0.699 40
-15.977 -4.857 0.743 27
-16.026 -4.841 0.686 42
-15.946 -4.824 0.699 31
-16.145 -4.848 0.632 41
-16.024 -4.819 0.645 36
-15.915 -4.797 0.665 24
-16.079 -4.854 0.681 27
-15.961 -4.818 0.679 40
-16.123 -4.850 0.647 37
-15.930 -4.850 0.758 37
-15.963 -4.825 0.692 44
-15.944 -4.826 0.704 29
-15.969 -4.835 0.708 35
-16.068 -4.846 0.671 21
-15.959 -4.819 0.683 39
-15.947 -4.802 0.658 22
-16.026 -4.836 0.677 39
-16.130 -4.845 0.635 37
-16.081 -4.839 0.650 21
-16.076 -4.842 0.660 27
-15.894 -4.778 0.642 34
-16.043 -4.850 0.693 25
-16.077 -4.833 0.642 19
-16.016 -4.821 0.654 32
-16.067 -4.848 0.676 27
-16.085 -4.853 0.674 28
-15.962 -4.833 0.707 34
-16.011 -4.817 0.649 31
-16.123 -4.860 0.666 28
-15.960 -4.801 0.647 21
-16.101 -4.850 0.659 22
-15.908 -4.781 0.639 36
-15.909 -4.818 0.710 28
-16.088 -4.858 0.683 25
-15.940 -4.804 0.665 19
-15.974 -4.834 0.703 43
-15.899 -4.812 0.704 30
-15.929 -4.793 0.651 21
-15.932 -4.798 0.658 16
-16.057 -4.846 0.677 25
-15.988 -4.812 0.653 30
-16.076 -4.841 0.656 26
-16.043 -4.852 0.697 31
-15.922 -4.817 0.699 27
-16.174 -4.858 0.633 39
-16.008 -4.821 0.659 38
-16.118 -4.842 0.635 36
-15.973 -4.806 0.649 36
-16.133 -4.846 0.633 36
-16.117 -4.855 0.661 35
-16.044 -4.851 0.694 28
-16.101 -4.835 0.632 22
-16.114 -4.852 0.656 40
-15.974 -4.817 0.671 40
-15.940 -4.813 0.682 28
-16.014 -4.814 0.641 35
-16.024 -4.845 0.695 40
-16.015 -4.841 0.692 40
-16.085 -4.837 0.645 32
-15.921 -4.847 0.757 30
-16.064 -4.828 0.640 37
-16.063 -4.828 0.640 37
-15.929 -4.820 0.701 24
-16.011 -4.813 0.641 35
-16.171 -4.858 0.635 37
-15.949 -4.850 0.747 41
-16.090 -4.841 0.648 29
-16.058 -4.842 0.669 27
-16.038 -4.830 0.657 27
-16.168 -4.856 0.634 37
-15.935 -4.845 0.747 35
-16.077 -4.837 0.650 19
-16.019 -4.835 0.678 42
-15.967 -4.837 0.712 32
-16.007 -4.825 0.667 32
-16.005 -4.810 0.638 33
-15.926 -4.850 0.761 33
-15.961 -4.851 0.742 33
-16.017 -4.848 0.703 39
-16.026 -4.837 0.678 39
-16.037 -4.825 0.649 36
-16.083 -4.837 0.645 26
-15.993 -4.819 0.663 34
-16.171 -4.861 0.640 42
-16.013 -4.848 0.707 39
-16.023 -4.856 0.715 38
-15.960 -4.795 0.637 27
-16.036 -4.851 0.698 24
-15.927 -4.807 0.679 22
-15.958 -4.836 0.715 32
-15.935 -4.840 0.736 35
-16.077 -4.842 0.658 26
-16.135 -4.849 0.638 40
-15.906 -4.805 0.686 35
-15.993 -4.856 0.733 34
-15.980 -4.818 0.669 38
-15.969 -4.797 0.635 31
-16.037 -4.819 0.637 33
-16.075 -4.843 0.661 24
-16.011 -4.839 0.690 42
-15.990 -4.819 0.665 33
-15.910 -4.815 0.702 23
-15.977 -4.821 0.675 42
-16.029 -4.820 0.645 37
-15.929 -4.802 0.667 18
-15.938 -4.789 0.637 24
-16.015 -4.824 0.660 39
-15.974 -4.856 0.743 34
-15.956 -4.800 0.649 27
-15.895 -4.795 0.673 35
-16.018 -4.857 0.721 30
-15.979 -4.819 0.671 38
-16.014 -4.820 0.653 34
-16.105 -4.844 0.646 23
-15.918 -4.841 0.747 33
-15.926 -4.815 0.695 24
-16.127 -4.854 0.652 38
-15.955 -4.812 0.671 31
-16.079 -4.831 0.636 25
-15.972 -4.816 0.669 40
-15.962 -4.825 0.693 45
-15.992 -4.852 0.727 23
-15.950 -4.829 0.707 35
-15.912 -4.814 0.700 19
-16.033 -4.849 0.696 26
-16.010 -4.827 0.668 32
-15.896 -4.808 0.698 27
-16.047 -4.848 0.687 26
-15.943 -4.796 0.649 23
-15.948 -4.808 0.668 27
-16.042 -4.819 0.635 32
-15.924 -4.836 0.735 34
-15.941 -4.830 0.713 29
-16.011 -4.832 0.677 43
-16.100 -4.836 0.634 29
-15.932 -4.827 0.714 32
-16.149 -4.856 0.644 36
-15.914 -4.837 0.743 27
-16.063 -4.842 0.666 36
-16.144 -4.853 0.641 38
-15.956 -4.843 0.730 29
-15.979 -4.805 0.644 34
-15.939 -4.845 0.743 34
-15.950 -4.838 0.723 42
-16.067 -4.854 0.687 28
-16.084 -4.843 0.656 22
-16.008 -4.824 0.664 32
-15.906 -4.819 0.714 28
-16.032 -4.835 0.671 34
-15.948 -4.813 0.678 29
-15.995 -4.829 0.682 33
-15.972 -4.862 0.763 34
-16.052 -4.861 0.711 27
-16.056 -4.875 0.761 35
-15.956 -4.860 0.763 31
-16.033 -4.861 0.722 29
-16.066 -4.873 0.749 34
-16.151 -4.867 0.672 41
-16.186 -4.867 0.652 40
-16.144 -4.876 0.713 42
-16.065 -4.873 0.748 34
-16.063 -4.873 0.752 36
-16.057 -4.871 0.745 40
-16.102 -4.881 0.758 32
-16.148 -4.866 0.673 40
-16.013 -4.862 0.737 27
-16.021 -4.868 0.756 43
-16.187 -4.874 0.679 38
-16.187 -4.874 0.681 39
-15.965 -4.864 0.774 33
-15.955 -4.863 0.776 35
-16.162 -4.872 0.685 36
-16.185 -4.884 0.719 52
-16.041 -4.863 0.725 36
-16.160 -4.888 0.749 39
-16.177 -4.875 0.688 25
-16.103 -4.874 0.731 38
-16.117 -4.874 0.723 34
-16.012 -4.860 0.731 41
-16.072 -4.872 0.740 44
-16.030 -4.862 0.725 29
-16.008 -4.865 0.752 38
-16.190 -4.890 0.740 53
-16.079 -4.863 0.700 38
-16.130 -4.864 0.674 29
-16.125 -4.870 0.701 39
-15.988 -4.864 0.760 46
-16.101 -4.866 0.698 29
-16.109 -4.875 0.730 33
-16.181 -4.867 0.654 39
-16.076 -4.868 0.724 47
-16.149 -4.881 0.729 33
-16.176 -4.869 0.667 31
-16.193 -4.865 0.640 37
-16.119 -4.880 0.745 37
-16.117 -4.873 0.719 36
-16.193 -4.864 0.638 40
-16.066 -4.873 0.747 35
-16.081 -4.872 0.734 43
-16.038 -4.862 0.721 28
-16.091 -4.867 0.711 43
-15.965 -4.860 0.758 33
-16.105 -4.872 0.722 34
-16.066 -4.865 0.719 32
-16.170 -4.867 0.662 33
-16.171 -4.864 0.648 38
-15.985 -4.861 0.750 44
-16.068 -4.870 0.736 38
-16.139 -4.884 0.747 39
-16.034 -4.871 0.759 43
-16.165 -4.875 0.695 45
-16.002 -4.866 0.762 43
-16.136 -4.880 0.733 33
-16.191 -4.872 0.668 23
-16.019 -4.862 0.734 31
-16.111 -4.869 0.704 30
-16.061 -4.864 0.718 45
-16.127 -4.881 0.745 44
-16.200 -4.888 0.726 47
-16.067 -4.874 0.751 36
-16.173 -4.873 0.685 31
-16.040 -4.873 0.766 39
-16.029 -4.871 0.762 46
-16.140 -4.879 0.727 34
-16.062 -4.862 0.709 38
-16.046 -4.872 0.757 34
-16.089 -4.869 0.721 44
-16.094 -4.867 0.710 42
-16.083 -4.864 0.703 42
-16.163 -4.869 0.673 40
-16.068 -4.872 0.745 40
-16.101 -4.881 0.760 31
-16.141 -4.862 0.661 36
-16.132 -4.863 0.671 29
-16.201 -4.893 0.748 51
-16.122 -4.873 0.715 42
-16.199 -4.878 0.686 52
-16.139 -4.879 0.730 31
-16.176 -4.883 0.721 44
-16.138 -4.873 0.707 45
-16.198 -4.881 0.702 50
-16.010 -4.860 0.733 32
-16.197 -4.879 0.693 51
-16.121 -4.871 0.709 41
-16.173 -4.864 0.647 36
-16.078 -4.866 0.715 43
-16.099 -4.861 0.683 27
-16.018 -4.865 0.748 35
-16.041 -4.871 0.755 34
-16.143 -4.880 0.729 30
-16.175 -4.878 0.704 45
-16.079 -4.869 0.723 45
-16.121 -4.872 0.710 41
-15.999 -4.860 0.739 43
-16.171 -4.863 0.644 38
-15.967 -4.862 0.767 34
-16.193 -4.867 0.646 42
-15.938 -4.860 0.777 34
-16.008 -4.865 0.751 34
-16.106 -4.865 0.692 33
-15.990 -4.861 0.746 48
-16.044 -4.863 0.721 34
-16.140 -4.870 0.692 28
-16.158 -4.887 0.747 37
-16.141 -4.884 0.745 39
-16.159 -4.887 0.746 34
-16.123 -4.873 0.716 42
-16.155 -4.864 0.659 37
-16.069 -4.869 0.731 43
-16.118 -4.881 0.747 35
-16.004 -4.863 0.748 39
-16.186 -4.865 0.643 42
-16.204 -4.891 0.737 38
-16.145 -4.885 0.750 35
-16.055 -4.874 0.761 35
-16.117 -4.868 0.699 33
-16.063 -4.861 0.704 35
-16.060 -4.862 0.709 33
-16.104 -4.866 0.699 28
-16.072 -4.866 0.717 41
-15.998 -4.866 0.764 45
-16.074 -4.866 0.717 42
-16.104 -4.880 0.753 35
-16.121 -4.881 0.746 42
-16.168 -4.862 0.645 38
-16.188 -4.881 0.706 48
-16.159 -4.871 0.685 36
-15.969 -4.860 0.754 31
-16.062 -4.865 0.721 34
-16.156 -4.886 0.747 35
-16.180 -4.874 0.682 25
-16.004 -4.866 0.757 39
-16.171 -4.866 0.659 36
-16.149 -4.880 0.727 32
-16.155 -4.864 0.658 36
-16.162 -4.887 0.744 38
-16.129 -4.874 0.715 45
-16.177 -4.887 0.737 45
-16.115 -4.871 0.710 31
-16.085 -4.875 0.747 38
-16.161 -4.888 0.749 39
-16.086 -4.872 0.733 46
-16.183 -4.876 0.688 34
-16.120 -4.863 0.675 27
-16.154 -4.888 0.753 41
-16.100 -4.873 0.730 41
-16.095 -4.872 0.729 47
-16.200 -4.885 0.714 46
-16.116 -4.879 0.741 40
-16.104 -4.870 0.714 40
-16.050 -4.869 0.742 43
-16.196 -4.891 0.741 55
-16.181 -4.889 0.743 52
-16.066 -4.870 0.735 39
-15.984 -4.864 0.764 30
-16.115 -4.863 0.679 29
-16.085 -4.879 0.761 30
-16.043 -4.871 0.755 34
-16.114 -4.870 0.708 31
-16.019 -4.867 0.755 47
-16.140 -4.874 0.706 45
-16.023 -4.870 0.762 41
-16.138 -4.869 0.690 31
-16.064 -4.875 0.758 39
-16.140 -4.879 0.728 31
-16.188 -4.866 0.647 43
-16.184 -4.891 0.748 52
-16.172 -4.879 0.709 49
-16.183 -4.870 0.664 32
-16.175 -4.888 0.741 46
-16.110 -4.881 0.754 35
-16.202 -4.887 0.721 49
-16.142 -4.868 0.684 31
-16.023 -4.904 0.761 44
-15.967 -4.935 0.759 43
-15.948 -4.899 0.769 32
-16.056 -4.914 0.756 39
-15.996 -4.881 0.769 42
-15.963 -4.921 0.763 33
-16.021 -4.883 0.766 48
-16.084 -4.888 0.760 32
-15.970 -4.888 0.769 32
-15.971 -4.884 0.770 32
-15.932 -4.900 0.770 37
-16.011 -4.904 0.762 46
-15.962 -4.928 0.761 34
-15.951 -4.907 0.767 31
-15.944 -4.928 0.763 32
-16.070 -4.916 0.755 36
-15.928 -4.881 0.774 35
-16.038 -4.879 0.765 41
-15.993 -4.887 0.768 41
-15.957 -4.886 0.771 34
-16.128 -4.899 0.754 46
-16.014 -4.922 0.758 46
-15.955 -4.880 0.772 33
-16.091 -4.898 0.757 34
-15.959 -4.869 0.774 33
-16.135 -4.891 0.755 49
-15.953 -4.931 0.761 28
-16.190 -4.894 0.749 54
-15.983 -4.905 0.765 44
-16.186 -4.894 0.750 54
-16.010 -4.880 0.768 40
-16.046 -4.914 0.757 32
-15.967 -4.865 0.775 33
-15.956 -4.930 0.761 24
-16.016 -4.874 0.768 44
-16.024 -4.916 0.758 40
-15.954 -4.866 0.775 34
-16.002 -4.916 0.760 45
-15.938 -4.897 0.770 35
-15.962 -4.907 0.766 33
-16.071 -4.907 0.757 36
-15.966 -4.936 0.759 42
-16.088 -4.880 0.761 33
-16.124 -4.902 0.753 45
-16.001 -4.916 0.761 38
-16.070 -4.915 0.755 36
-15.932 -4.881 0.774 34
-16.086 -4.914 0.754 40
-15.954 -4.890 0.770 33
-15.928 -4.943 0.761 31
-16.058 -4.888 0.762 37
-15.938 -4.882 0.773 38
-15.936 -4.888 0.772 38
-16.049 -4.875 0.765 37
-16.157 -4.895 0.752 44
-16.024 -4.878 0.767 47
-16.021 -4.915 0.759 41
-15.968 -4.922 0.762 39
-16.009 -4.915 0.760 47
-15.966 -4.915 0.764 28
-15.954 -4.867 0.775 34
-16.166 -4.901 0.750 48
-16.087 -4.887 0.760 33
-15.977 -4.922 0.761 41
-16.060 -4.917 0.755 42
-16.107 -4.908 0.753 33
-15.940 -4.936 0.761 30
-16.102 -4.885 0.759 31
-16.094 -4.881 0.760 34
-16.075 -4.900 0.758 33
-15.946 -4.889 0.771 34
-16.032 -4.903 0.761 39
-16.054 -4.908 0.758 37
-15.962 -4.910 0.765 31
-15.979 -4.913 0.763 40
-15.927 -4.894 0.772 38
-16.128 -4.900 0.753 48
-16.114 -4.893 0.756 33
-16.010 -4.894 0.765 39
-16.164 -4.895 0.751 45
-15.936 -4.931 0.763 31
-16.010 -4.875 0.769 41
-16.053 -4.883 0.763 38
-15.948 -4.916 0.765 28
-16.037 -4.910 0.759 40
-16.146 -4.893 0.753 44
-16.094 -4.902 0.756 35
-16.018 -4.926 0.757 44
-16.063 -4.900 0.759 43
-15.949 -4.904 0.768 32
-15.991 -4.879 0.769 47
-16.107 -4.911 0.753 33
-15.943 -4.900 0.769 32
-16.066 -4.883 0.762 40
-15.943 -4.877 0.774 39
-15.940 -4.913 0.766 31
-16.044 -4.901 0.760 39
-15.957 -4.880 0.772 33
-16.024 -4.889 0.764 46
-15.981 -4.875 0.771 33
-16.093 -4.913 0.753 37
-16.150 -4.894 0.753 43
-15.953 -4.933 0.761 23
-15.973 -4.901 0.766 28
-16.034 -4.876 0.766 46
-15.973 -4.901 0.766 28
-16.099 -4.912 0.753 37
-15.926 -4.888 0.773 36
-15.981 -4.874 0.772 33
-16.114 -4.908 0.753 34
-15.968 -4.882 0.771 31
-16.151 -4.905 0.750 45
-16.016 -4.913 0.760 44
-15.935 -4.915 0.766 32
-15.938 -4.904 0.769 32
-16.034 -4.917 0.758 40
-16.174 -4.896 0.750 49
-16.052 -4.878 0.765 38
-16.101 -4.883 0.759 31
-16.027 -4.884 0.765 44
-16.065 -4.911 0.756 39
-16.123 -4.908 0.752 47
-16.011 -4.877 0.768 41
-16.111 -4.900 0.755 32
-16.065 -4.896 0.760 42
-15.951 -4.924 0.760 33
-15.938 -4.885 0.771 40
-15.927 -4.917 0.766 35
-15.958 -4.919 0.759 31
-15.983 -4.924 0.753 35
-15.955 -4.897 0.764 31
-15.932 -4.907 0.767 36
-15.959 -4.927 0.757 29
-15.941 -4.897 0.768 35
-15.946 -4.925 0.761 29
-15.951 -4.931 0.758 31
-15.955 -4.894 0.765 31
-15.949 -4.910 0.763 29
-15.928 -4.870 0.776 35
-15.983 -4.926 0.752 34
-15.956 -4.901 0.763 31
-15.958 -4.918 0.760 31
-15.955 -4.902 0.764 31
-15.939 -4.930 0.761 33
-15.934 -4.924 0.763 35
-15.948 -4.916 0.762 27
-15.943 -4.927 0.761 26
-15.971 -4.917 0.757 41
-15.947 -4.888 0.768 32
-15.920 -4.863 0.779 39
-15.952 -4.906 0.763 30
-15.949 -4.485 0.466 45
-15.918 -4.472 0.467 32
-16.056 -4.479 0.459 43
-16.030 -4.465 0.460 43
-16.068 -4.474 0.459 44
-16.070 -4.486 0.459 40
-15.908 -4.589 0.472 66
-16.063 -4.503 0.460 41
-15.929 -4.579 0.470 69
-15.897 -4.553 0.471 32
-16.131 -4.466 0.455 40
-15.941 -4.564 0.469 37
-15.913 -4.513 0.469 34
-15.902 -4.475 0.468 27
-15.873 -4.559 0.473 45
-15.903 -4.493 0.469 33
-15.929 -4.561 0.469 40
-15.973 -4.504 0.465 62
-15.905 -4.583 0.472 62
-15.911 -4.468 0.467 32
-15.900 -4.549 0.471 31
-16.028 -4.473 0.461 32
-15.989 -4.537 0.465 68
-16.060 -4.494 0.460 65
-15.997 -4.483 0.463 57
-16.009 -4.471 0.462 32
-15.991 -4.529 0.465 66
-15.899 -4.575 0.472 38
-15.870 -4.606 0.474 50
-15.905 -4.520 0.469 37
-15.899 -4.509 0.469 35
-15.998 -4.534 0.465 52
-15.917 -4.503 0.468 28
-16.043 -4.484 0.460 44
-15.909 -4.561 0.471 33
-15.902 -4.490 0.469 31
-15.937 -4.490 0.467 39
-15.968 -4.506 0.465 40
-16.140 -4.469 0.454 73
-16.091 -4.469 0.457 34
-15.946 -4.473 0.466 42
-15.938 -4.535 0.468 56
-15.922 -4.487 0.467 36
-15.882 -4.571 0.473 34
-16.039 -4.510 0.461 62
-16.014 -4.470 0.461 34
-15.957 -4.537 0.467 60
-15.989 -4.539 0.465 70
-15.902 -4.577 0.472 41
-15.894 -4.478 0.469 24
-15.885 -4.494 0.470 38
-15.888 -4.558 0.472 33
-15.973 -4.500 0.465 63
-15.913 -4.562 0.470 33
-15.918 -4.580 0.471 57
-15.936 -4.575 0.470 49
-16.126 -4.474 0.455 72
-16.103 -4.482 0.457 34
-15.881 -4.518 0.471 43
-15.980 -4.547 0.466 52
-15.969 -4.515 0.466 42
-15.908 -4.570 0.471 36
-15.991 -4.466 0.463 30
-16.109 -4.470 0.456 36
-16.004 -4.465 0.462 42
-16.083 -4.480 0.458 35
-15.898 -4.463 0.468 30
-15.893 -4.577 0.472 44
-16.061 -4.497 0.460 53
-15.887 -4.532 0.471 31
-16.028 -4.481 0.461 32
-15.907 -4.515 0.469 35
-15.947 -4.550 0.468 67
-16.004 -4.487 0.463 65
-16.037 -4.508 0.462 63
-16.006 -4.501 0.463 41
-15.919 -4.508 0.468 28
-15.965 -4.517 0.466 47
-16.068 -4.468 0.458 44
-15.958 -4.534 0.467 60
-15.932 -4.496 0.467 34
-15.938 -4.512 0.467 37
-16.016 -4.534 0.464 50
-15.892 -4.466 0.468 25
-15.888 -4.564 0.472 34
-15.909 -4.526 0.469 38
-15.975 -4.546 0.466 60
-15.902 -4.498 0.469 33
-15.919 -4.570 0.470 42
-15.912 -4.515 0.469 36
-16.005 -4.526 0.464 27
-15.878 -4.547 0.472 47
-15.929 -4.519 0.468 53
-16.015 -4.518 0.463 38
-15.878 -4.521 0.471 45
-15.885 -4.530 0.471 42
-16.090 -4.490 0.458 44
-16.017 -4.529 0.463 56
-15.995 -4.494 0.463 66
-15.970 -4.474 0.464 50
-16.112 -4.472 0.456 39
-16.007 -4.491 0.463 58
-15.874 -4.585 0.473 39
-15.938 -4.546 0.468 61
-16.029 -4.469 0.461 43
-15.980 -4.510 0.465 59
-16.002 -4.535 0.464 44
-16.100 -4.467 0.456 36
-15.907 -4.472 0.468 30
-16.018 -4.510 0.463 53
-15.966 -4.496 0.465 42
-16.023 -4.492 0.462 45
-15.897 -4.475 0.468 24
-15.921 -4.475 0.467 35
-15.886 -4.534 0.471 40
-15.899 -4.582 0.472 62
-15.904 -4.570 0.471 34
-16.072 -4.495 0.459 64
-16.063 -4.497 0.460 47
-15.904 -4.487 0.468 33
-16.045 -4.512 0.461 62
-15.913 -4.494 0.468 32
-16.049 -4.495 0.460 36
-15.986 -4.517 0.465 57
-15.931 -4.495 0.467 34
-15.973 -4.470 0.464 62
-15.882 -4.549 0.472 44
-16.064 -4.507 0.460 39
-16.086 -4.470 0.457 37
-15.952 -4.478 0.465 42
-16.058 -4.502 0.460 37
-15.885 -4.527 0.471 40
-15.927 -4.530 0.469 61
-15.932 -4.531 0.468 56
-16.056 -4.504 0.460 46
-15.912 -4.506 0.469 30
-16.062 -4.507 0.460 39
-15.925 -4.560 0.470 39
-16.101 -4.479 0.457 34
-15.952 -4.531 0.467 57
-15.996 -4.518 0.464 64
-15.869 -4.606 0.474 51
-15.965 -4.466 0.464 47
-15.899 -4.558 0.471 31
-16.053 -4.494 0.460 28
-15.901 -4.570 0.471 34
-15.949 -4.516 0.467 44
-16.000 -4.529 0.464 56
-15.931 -4.482 0.467 39
-16.028 -4.516 0.462 62
-15.918 -4.526 0.469 56
-16.014 -4.473 0.462 31
-16.050 -4.467 0.459 42
-15.924 -4.486 0.467 37
-15.908 -4.589 0.472 66
-16.085 -4.472 0.457 43
-16.022 -4.516 0.463 59
-15.917 -4.492 0.468 34
-16.061 -4.477 0.459 52
-16.055 -4.492 0.460 28
-15.881 -4.545 0.472 47
-16.018 -4.472 0.461 34
-15.937 -4.513 0.467 38
-16.039 -4.467 0.460 48
-15.876 -4.545 0.472 50
-16.016 -4.463 0.461 43
-15.962 -4.487 0.465 45
-15.952 -4.522 0.467 57
-15.965 -4.558 0.467 49
-16.019 -4.486 0.462 25
-16.073 -4.483 0.459 42
-15.898 -4.495 0.469 34
-16.021 -4.473 0.461 32
-15.876 -4.567 0.473 45
-15.937 -4.565 0.469 37
-15.875 -4.563 0.473 45
-15.887 -4.498 0.470 36
-15.945 -4.530 0.468 59
-15.963 -4.472 0.465 46
-16.105 -4.473 0.456 35
-15.906 -4.546 0.470 34
-15.987 -4.525 0.465 66
-16.095 -4.480 0.457 33
-15.885 -4.556 0.472 34
-15.904 -4.510 0.469 34
-16.145 -4.467 0.454 68
-15.950 -4.511 0.467 39
-15.917 -4.559 0.470 29
-16.036 -4.517 0.462 66
-16.065 -4.493 0.459 60
-15.894 -4.568 0.472 30
-15.989 -4.528 0.465 66
-15.881 -4.559 0.472 36
-16.087 -4.487 0.458 45
-15.920 -4.545 0.469 48
-15.973 -4.546 0.466 65
-15.910 -4.464 0.467 35
-15.979 -4.464 0.463 63
-15.925 -4.460 0.466 48
-15.957 -4.491 0.465 44
-16.103 -4.478 0.457 34
-15.970 -4.483 0.464 51
-15.990 -4.494 0.464 66
-15.967 -4.646 0.461 67
-15.928 -4.660 0.464 56
-15.888 -4.619 0.472 51
-15.918 -4.729 0.460 34
-15.966 -4.688 0.457 55
-16.071 -4.538 0.457 46
-15.981 -4.631 0.460 43
-16.081 -4.555 0.454 53
-15.974 -4.707 0.455 98
-16.121 -4.483 0.455 78
-16.066 -4.538 0.458 40
-15.895 -4.622 0.471 47
-16.110 -4.511 0.455 38
-15.947 -4.705 0.458 56
-15.990 -4.618 0.460 39
-16.002 -4.571 0.462 51
-16.015 -4.570 0.461 63
-15.978 -4.596 0.463 29
-15.935 -4.717 0.459 66
-15.963 -4.563 0.467 46
-15.894 -4.655 0.468 50
-15.939 -4.592 0.468 63
-15.992 -4.578 0.463 53
-15.913 -4.663 0.466 52
-16.013 -4.604 0.459 40
-16.068 -4.547 0.457 46
-16.068 -4.521 0.459 41
-15.905 -4.623 0.470 46
-15.925 -4.590 0.470 63
-15.981 -4.583 0.464 52
-16.020 -4.532 0.463 57
-15.970 -4.577 0.466 32
-16.131 -4.486 0.454 52
-15.933 -4.752 0.456 76
-15.949 -4.572 0.468 46
-15.964 -4.587 0.465 61
-16.022 -4.539 0.462 64
-15.907 -4.691 0.464 49
-16.045 -4.604 0.455 33
-15.975 -4.595 0.464 28
-16.000 -4.599 0.460 46
-15.976 -4.673 0.457 16
-15.891 -4.610 0.472 51
-15.959 -4.621 0.463 68
-15.958 -4.726 0.456 32
-16.017 -4.625 0.456 26
-15.979 -4.557 0.466 44
-16.104 -4.500 0.456 67
-15.953 -4.612 0.465 76
-16.017 -4.564 0.461 66
-15.989 -4.654 0.457 56
-15.958 -4.627 0.463 67
-15.983 -4.686 0.456 42
-16.000 -4.656 0.456 51
-16.055 -4.534 0.459 42
-15.970 -4.706 0.456 99
-15.900 -4.671 0.466 49
-16.049 -4.574 0.457 41
-15.977 -4.651 0.459 35
-16.007 -4.548 0.463 51
-16.042 -4.529 0.461 63
-15.957 -4.700 0.458 60
-15.980 -4.555 0.466 46
-15.972 -4.682 0.457 27
-15.995 -4.553 0.465 54
-15.894 -4.640 0.469 50
-16.049 -4.549 0.459 52
-15.923 -4.724 0.460 41
-15.947 -4.742 0.455 84
-15.947 -4.600 0.466 74
-15.935 -4.633 0.465 65
-15.957 -4.590 0.466 77
-15.992 -4.564 0.464 56
-16.066 -4.563 0.456 46
-15.991 -4.675 0.456 39
-16.016 -4.582 0.460 48
-16.126 -4.496 0.454 78
-15.919 -4.598 0.470 60
-15.930 -4.604 0.468 62
-16.018 -4.611 0.457 39
-15.951 -4.587 0.467 76
-16.034 -4.603 0.456 44
-15.911 -4.676 0.465 51
-15.941 -4.660 0.463 50
-16.033 -4.605 0.456 51
-15.957 -4.586 0.466 77
-16.019 -4.643 0.455 40
-15.896 -4.629 0.470 46
-16.001 -4.635 0.458 56
-15.934 -4.681 0.462 34
-15.959 -4.635 0.462 71
-16.051 -4.568 0.457 41
-15.890 -4.611 0.472 52
-16.041 -4.609 0.455 49
-16.038 -4.540 0.461 64
-16.010 -4.608 0.459 40
-15.931 -4.595 0.469 62
-15.945 -4.672 0.461 51
-15.911 -4.682 0.464 51
-15.977 -4.652 0.459 65
-15.965 -4.695 0.457 69
-16.055 -4.592 0.455 32
-16.019 -4.547 0.462 56
-16.018 -4.562 0.461 67
-15.929 -4.646 0.465 61
-15.924 -4.647 0.466 59
-15.990 -4.550 0.465 57
-15.979 -4.556 0.466 47
-15.955 -4.586 0.467 77
-16.072 -4.533 0.457 40
-16.026 -4.563 0.460 64
-15.965 -4.674 0.459 45
-15.924 -4.727 0.459 33
-15.927 -4.679 0.463 38
-15.970 -4.676 0.458 22
-16.055 -4.540 0.459 40
-15.940 -4.598 0.467 67
-16.062 -4.529 0.459 39
-16.069 -4.544 0.457 44
-15.971 -4.706 0.456 99
-16.032 -4.539 0.461 64
-16.007 -4.562 0.462 56
-15.986 -4.658 0.458 46
-15.891 -4.666 0.468 51
-15.978 -4.684 0.456 64
-16.030 -4.544 0.461 67
-15.916 -4.630 0.468 63
-15.901 -4.629 0.469 46
-16.027 -4.604 0.457 51
-16.031 -4.612 0.456 30
-16.046 -4.530 0.460 60
-15.998 -4.629 0.458 52
-15.918 -4.639 0.467 61
-15.961 -4.713 0.456 74
-16.090 -4.515 0.457 48
-15.884 -4.624 0.472 52
-15.910 -4.645 0.467 49
-15.945 -4.581 0.468 60
-16.025 -4.626 0.455 33
-15.911 -4.644 0.467 49
-16.079 -4.554 0.455 51
-16.012 -4.649 0.455 47
-15.986 -4.619 0.460 40
-15.993 -4.548 0.465 61
-15.937 -4.710 0.459 83
-15.944 -4.610 0.466 70
-16.055 -4.585 0.455 35
-16.043 -4.532 0.461 65
-16.027 -4.630 0.455 30
-15.924 -4.635 0.466 61
-16.006 -4.559 0.463 54
-15.933 -4.648 0.464 57
-15.954 -4.728 0.456 48
-15.975 -4.608 0.463 29
-15.971 -4.574 0.466 25
-15.925 -4.697 0.462 61
-15.929 -4.606 0.468 64
-15.893 -4.604 0.472 54
-16.042 -4.599 0.456 35
-16.032 -4.565 0.459 66
-16.033 -4.561 0.460 66
-15.974 -4.628 0.461 27
-15.905 -4.652 0.467 49
-16.027 -4.624 0.455 34
-16.001 -4.643 0.457 56
-16.002 -4.633 0.458 55
-15.912 -4.671 0.465 51
-15.931 -4.589 0.469 65
-15.943 -4.683 0.461 28
-15.947 -4.713 0.458 48
-15.956 -4.671 0.460 44
-16.075 -4.567 0.454 52
-16.139 -4.476 0.454 70
-15.880 -4.646 0.471 65
-15.965 -4.566 0.467 44
-15.966 -4.565 0.467 44
-16.008 -4.567 0.462 56
-15.991 -4.649 0.458 55
-16.066 -4.537 0.458 41
-15.955 -4.666 0.460 37
-16.065 -4.560 0.456 57
-16.039 -4.617 0.455 45
-16.031 -4.584 0.458 66
-16.001 -4.608 0.460 39
-15.921 -4.699 0.462 64
-15.952 -4.727 0.456 48
-15.912 -4.720 0.461 44
-15.892 -4.658 0.468 51
-15.948 -4.710 0.458 73
-16.010 -4.563 0.462 55
-15.940 -4.650 0.463 67
-15.997 -4.638 0.458 57
-16.077 -4.565 0.454 52
-15.988 -4.628 0.460 39
-15.980 -4.647 0.459 63
-15.980 -4.692 0.456 39
-15.922 -4.754 0.458 67
-16.047 -4.570 0.457 63
-15.961 -4.586 0.466 69
-15.931 -4.613 0.467 71
-16.004 -4.635 0.457 55
-15.980 -4.685 0.456 45
-16.006 -4.593 0.460 46
-15.986 -4.666 0.457 39
-16.033 -4.564 0.459 68
-15.933 -4.603 0.468 72
-15.915 -4.623 0.468 63
-15.876 -4.621 0.473 37
-16.040 -4.559 0.459 67
-15.989 -4.649 0.458 53
-15.993 -4.594 0.462 44
-15.910 -4.648 0.467 49
-16.092 -4.501 0.457 56
-15.986 -4.570 0.464 51
-16.029 -4.551 0.461 67
-16.125 -4.486 0.455 39
-16.002 -4.568 0.463 52
-16.097 -4.505 0.456 47
-16.022 -4.602 0.458 46
-15.983 -4.636 0.460 48
-16.120 -4.486 0.455 74
-15.931 -4.687 0.462 59
-16.012 -4.567 0.461 52
-16.086 -4.546 0.455 51
-16.088 -4.525 0.456 45
-15.934 -4.749 0.457 87
-16.019 -4.620 0.457 26
-15.873 -4.610 0.474 51
-16.142 -4.474 0.454 78
-15.949 -4.679 0.460 57
-15.964 -4.662 0.460 44
-15.927 -4.689 0.462 59
-15.912 -4.617 0.469 54
-16.080 -4.533 0.456 52
-15.964 -4.698 0.457 84
-16.073 -4.545 0.456 55
-15.874 -4.609 0.474 52
-16.033 -4.601 0.456 37
-15.902 -4.694 0.464 49
-16.044 -4.610 0.455 49
-15.892 -4.628 0.471 46
-16.063 -4.554 0.457 46
-15.948 -4.582 0.468 70
-15.876 -4.627 0.472 58
-16.006 -4.638 0.457 59
-15.946 -4.668 0.461 50
-15.878 -4.629 0.472 56
-15.957 -4.726 0.456 50
-15.939 -4.653 0.463 64
-15.960 -4.588 0.466 78
-15.890 -4.655 0.469 51
-15.983 -4.580 0.464 49
-15.989 -4.608 0.461 38
-15.897 -4.669 0.467 49
-16.050 -4.532 0.460 50
-16.001 -4.641 0.457 56
-15.982 -4.677 0.457 39
-15.881 -4.610 0.473 49
-15.878 -4.609 0.474 52
-15.932 -4.696 0.461 53
-16.098 -4.494 0.457 40
-16.145 -4.467 0.454 68
-15.998 -4.653 0.457 55
-15.943 -4.687 0.460 38
-15.887 -4.624 0.472 48
-15.920 -4.681 0.463 51
-15.906 -4.611 0.470 50
-15.934 -4.725 0.458 44
-15.887 -4.617 0.472 50
-16.016 -4.651 0.455 23
-15.902 -4.684 0.465 47
-15.950 -4.727 0.456 54
-15.967 -4.596 0.464 70
-15.980 -4.689 0.456 41
-15.989 -4.685 0.455 38
-15.962 -4.603 0.464 74
-16.002 -4.610 0.459 40
-15.910 -4.669 0.465 49
-16.095 -4.497 0.457 71
-16.167 -4.638 0.470 26
-16.064 -4.726 0.466 65
-16.184 -4.715 0.478 36
-16.245 -4.719 0.486 61
-16.093 -4.600 0.459 56
-16.021 -4.723 0.461 76
-16.028 -4.658 0.456 25
-16.186 -4.628 0.471 45
-16.183 -4.598 0.469 54
-16.086 -4.593 0.457 39
-16.135 -4.566 0.461 47
-16.115 -4.719 0.471 54
-16.032 -4.648 0.456 40
-15.990 -4.745 0.459 67
-16.131 -4.708 0.472 30
-16.018 -4.696 0.459 25
-15.984 -4.749 0.459 96
-16.142 -4.641 0.468 62
-16.131 -4.661 0.468 33
-16.173 -4.527 0.461 67
-16.027 -4.689 0.459 42
-16.140 -4.561 0.461 58
-16.142 -4.682 0.471 32
-16.127 -4.573 0.460 51
-16.001 -4.684 0.456 38
-16.229 -4.663 0.479 72
-16.064 -4.675 0.462 60
-16.053 -4.706 0.463 48
-16.213 -4.716 0.482 50
-16.084 -4.564 0.455 53
-16.149 -4.704 0.474 34
-16.130 -4.532 0.457 66
-16.004 -4.739 0.460 129
-16.165 -4.581 0.465 52
-16.178 -4.540 0.463 60
-16.211 -4.618 0.473 66
-16.042 -4.687 0.460 41
-16.143 -4.727 0.475 32
-16.137 -4.587 0.462 30
-16.023 -4.717 0.461 69
-16.113 -4.524 0.455 40
-16.192 -4.715 0.479 40
-16.160 -4.723 0.477 53
-16.160 -4.705 0.475 34
-16.211 -4.684 0.479 46
-16.181 -4.642 0.472 35
-16.145 -4.681 0.471 29
-16.011 -4.765 0.463 76
-16.055 -4.654 0.459 64
-16.189 -4.709 0.479 37
-16.062 -4.663 0.461 64
-16.181 -4.583 0.467 41
-16.132 -4.589 0.462 27
-16.157 -4.573 0.464 51
-16.185 -4.726 0.479 60
-16.184 -4.622 0.471 67
-16.043 -4.648 0.457 42
-16.109 -4.699 0.469 56
-16.194 -4.679 0.477 28
-16.086 -4.739 0.470 59
-16.169 -4.678 0.474 34
-16.007 -4.706 0.458 76
-16.136 -4.654 0.468 60
-16.184 -4.689 0.476 37
-16.190 -4.601 0.470 46
-16.170 -4.588 0.466 51
-16.243 -4.741 0.487 53
-16.012 -4.708 0.459 76
-16.086 -4.703 0.467 58
-16.222 -4.651 0.477 75
-16.227 -4.683 0.481 72
-16.079 -4.672 0.463 56
-16.156 -4.615 0.467 66
-16.124 -4.507 0.454 37
-16.173 -4.573 0.465 52
-16.010 -4.704 0.458 76
-16.112 -4.518 0.454 41
-16.019 -4.713 0.460 68
-16.094 -4.725 0.469 53
-15.974 -4.728 0.456 81
-16.145 -4.486 0.455 72
-16.021 -4.658 0.456 26
-16.124 -4.583 0.461 52
-16.121 -4.578 0.460 49
-16.205 -4.621 0.473 69
-16.135 -4.723 0.474 62
-16.078 -4.663 0.462 69
-16.052 -4.705 0.463 48
-16.119 -4.545 0.457 48
-16.199 -4.642 0.474 39
-16.150 -4.590 0.464 38
-16.020 -4.760 0.464 96
-16.115 -4.654 0.466 63
-16.036 -4.757 0.466 117
-16.090 -4.650 0.463 53
-16.151 -4.741 0.477 60
-16.020 -4.739 0.462 77
-16.160 -4.633 0.469 61
-16.164 -4.583 0.465 51
-16.043 -4.733 0.464 83
-16.015 -4.752 0.463 107
-16.146 -4.548 0.460 68
-15.984 -4.759 0.460 84
-16.071 -4.603 0.457 64
-16.088 -4.666 0.464 55
-16.242 -4.730 0.486 68
-15.959 -4.739 0.456 68
-16.042 -4.650 0.457 39
-16.083 -4.616 0.459 63
-16.180 -4.608 0.469 51
-16.171 -4.561 0.464 50
-16.056 -4.615 0.456 40
-16.154 -4.548 0.461 69
-15.999 -4.721 0.458 111
-16.028 -4.718 0.461 74
-16.128 -4.710 0.472 23
-16.035 -4.676 0.459 40
-16.178 -4.539 0.463 60
-16.163 -4.610 0.467 51
-16.076 -4.597 0.457 52
-16.237 -4.714 0.484 38
-16.054 -4.741 0.466 69
-16.073 -4.657 0.461 60
-16.211 -4.696 0.480 41
-16.140 -4.546 0.459 67
-16.115 -4.680 0.468 57
-16.159 -4.706 0.475 34
-16.139 -4.556 0.460 57
-16.135 -4.675 0.470 32
-15.994 -4.687 0.455 38
-16.094 -4.740 0.471 57
-16.236 -4.741 0.486 55
-16.155 -4.484 0.456 75
-16.046 -4.650 0.458 42
-16.108 -4.564 0.457 43
-16.155 -4.638 0.469 56
-16.098 -4.711 0.469 53
-16.189 -4.598 0.469 41
-16.120 -4.754 0.475 73
-16.248 -4.740 0.488 58
-16.190 -4.739 0.481 60
-16.205 -4.712 0.481 46
-16.153 -4.564 0.462 45
-16.157 -4.647 0.470 58
-16.168 -4.600 0.467 30
-16.183 -4.556 0.465 41
-16.216 -4.671 0.478 67
-16.234 -4.663 0.480 76
-16.102 -4.691 0.467 57
-16.120 -4.643 0.465 64
-16.201 -4.603 0.471 66
-16.148 -4.623 0.467 46
-16.158 -4.517 0.459 65
-16.231 -4.710 0.483 52
-16.101 -4.670 0.466 50
-16.234 -4.742 0.486 54
-16.105 -4.656 0.465 47
-16.133 -4.513 0.456 70
-16.112 -4.642 0.464 64
-16.050 -4.739 0.466 62
-16.114 -4.554 0.457 79
-16.011 -4.764 0.463 76
-16.124 -4.744 0.474 66
-16.214 -4.716 0.482 50
-16.124 -4.744 0.474 66
-16.092 -4.720 0.469 43
-16.143 -4.580 0.463 48
-15.973 -4.762 0.459 101
-16.124 -4.738 0.474 77
-16.104 -4.673 0.466 51
-16.071 -4.713 0.466 51
-16.056 -4.705 0.463 46
-16.203 -4.600 0.471 66
-16.178 -4.731 0.479 59
-16.259 -4.732 0.488 75
-16.040 -4.647 0.457 40
-16.211 -4.689 0.479 42
-16.087 -4.702 0.467 57
-16.127 -4.581 0.461 44
-16.064 -4.635 0.458 68
-16.036 -4.644 0.456 37
-16.036 -4.665 0.458 29
-16.118 -4.515 0.454 43
-16.042 -4.750 0.466 88
-16.070 -4.669 0.462 51
-16.166 -4.522 0.460 65
-16.237 -4.728 0.486 69
-16.108 -4.650 0.465 63
-16.004 -4.698 0.457 37
-16.209 -4.657 0.476 77
-15.980 -4.734 0.457 57
-16.094 -4.573 0.457 40
-16.223 -4.698 0.481 38
-16.211 -4.723 0.482 37
-16.098 -4.667 0.465 50
-16.128 -4.705 0.471 34
-15.993 -4.704 0.456 86
-16.126 -4.510 0.455 45
-16.021 -4.764 0.465 96
-15.977 -4.732 0.457 59
-16.007 -4.739 0.461 133
-16.031 -4.702 0.460 34
-16.063 -4.753 0.468 107
-16.157 -4.638 0.469 56
-16.147 -4.519 0.458 66
-16.125 -4.663 0.468 57
-16.075 -4.702 0.465 57
-16.072 -4.619 0.458 71
-16.145 -4.572 0.462 50
-16.181 -4.564 0.466 51
-16.104 -4.635 0.463 50
-16.009 -4.672 0.455 55
-15.966 -4.732 0.456 93
-16.185 -4.735 0.480 59
-16.103 -4.623 0.462 71
-16.174 -4.611 0.469 56
-16.121 -4.750 0.474 70
-16.099 -4.729 0.470 73
-16.136 -4.537 0.458 60
-16.102 -4.568 0.457 55
-16.017 -4.736 0.462 71
-16.182 -4.568 0.466 51
-16.194 -4.640 0.473 64
-16.170 -4.664 0.473 24
-16.182 -4.621 0.470 67
-16.134 -4.511 0.456 72
-16.017 -4.664 0.456 50
-16.154 -4.625 0.468 57
-16.094 -4.616 0.460 65
-16.076 -4.593 0.456 39
-16.055 -4.696 0.463 57
-16.212 -4.651 0.476 70
-16.130 -4.590 0.462 38
-16.222 -4.675 0.479 68
-16.158 -4.611 0.467 64
-16.184 -4.644 0.473 53
-16.039 -4.712 0.462 59
-16.133 -4.588 0.462 27
-16.180 -4.585 0.467 47
-16.022 -4.744 0.463 87
-16.177 -4.638 0.471 61
-16.192 -4.713 0.479 40
-16.142 -4.628 0.467 32
-16.124 -4.603 0.462 34
-16.195 -4.678 0.477 28
-16.126 -4.559 0.459 55
-16.141 -4.712 0.473 40
-16.003 -4.671 0.455 48
-16.151 -4.572 0.463 49
-16.118 -4.546 0.457 48
-16.037 -4.743 0.465 85
-16.123 -4.525 0.456 40
-16.131 -4.558 0.459 56
-16.171 -4.525 0.461 66
-16.049 -4.615 0.455 40
-16.145 -4.601 0.465 42
-16.077 -4.663 0.462 54
-16.251 -4.709 0.485 65
-16.116 -4.751 0.474 72
-16.124 -4.651 0.467 62
-16.097 -4.684 0.466 60
-16.247 -4.720 0.486 30
-16.177 -4.611 0.469 50
-16.138 -4.607 0.464 38
-16.198 -4.689 0.478 35
-16.146 -4.505 0.457 36
-15.944 -4.758 0.455 81
-16.167 -4.716 0.477 41
-16.088 -4.570 0.456 50
-16.217 -4.642 0.476 70
-16.195 -4.674 0.476 56
-15.973 -4.718 0.455 103
-15.965 -4.767 0.459 99
-16.127 -4.568 0.460 49
-16.127 -4.507 0.455 27
-16.067 -4.724 0.466 60
-16.024 -4.717 0.461 69
-16.173 -4.540 0.463 58
-16.227 -4.736 0.485 68
-16.198 -4.686 0.478 43
-16.084 -4.709 0.467 49
-16.247 -4.720 0.486 30
-16.153 -4.708 0.474 33
-16.222 -4.706 0.482 36
-16.105 -4.754 0.473 68
-16.067 -4.687 0.463 60
-16.110 -4.698 0.469 56
-16.177 -4.725 0.479 59
-15.976 -4.721 0.456 103
-16.099 -4.630 0.462 52
-16.050 -4.723 0.464 68
-16.094 -4.756 0.472 53
-16.087 -4.570 0.456 54
-16.076 -4.695 0.465 61
-16.139 -4.632 0.467 53
-16.209 -4.708 0.481 39
-16.159 -4.544 0.461 57
-15.966 -4.769 0.459 96
-16.081 -4.562 0.454 48
-16.094 -4.757 0.472 62
-16.185 -4.618 0.471 59
-16.089 -4.683 0.465 48
-16.018 -4.699 0.459 28
-15.971 -4.742 0.457 98
-16.240 -4.727 0.486 70
-15.998 -4.725 0.459 113
-16.123 -4.589 0.461 29
-15.962 -4.757 0.457 99
-16.153 -4.677 0.472 31
-16.151 -4.611 0.466 63
-16.186 -4.667 0.475 33
-16.196 -4.656 0.475 39
-16.214 -4.624 0.474 85
-16.019 -4.698 0.459 28
-16.147 -4.565 0.462 45
-16.034 -4.698 0.460 39
-16.223 -4.736 0.485 65
-16.088 -4.751 0.471 58
-16.158 -4.635 0.469 49
-16.198 -4.621 0.472 49
-16.149 -4.540 0.460 59
-16.073 -4.618 0.458 71
-16.157 -4.553 0.462 40
-16.004 -4.687 0.456 36
-16.007 -4.725 0.460 94
-16.161 -4.556 0.463 31
-16.167 -4.569 0.464 51
-16.193 -4.706 0.479 36
-16.127 -4.691 0.470 32
-15.983 -4.741 0.458 59
-16.232 -4.740 0.486 54
-16.117 -4.657 0.466 60
-16.085 -4.603 0.458 62
-16.203 -4.741 0.483 40
-16.063 -4.601 0.455 50
-16.140 -4.753 0.477 66
-16.152 -4.718 0.475 33
-16.249 -4.729 0.487 71
-16.068 -4.664 0.461 63
-16.023 -4.760 0.464 103
-16.161 -4.652 0.471 60
-16.249 -4.701 0.485 60
-16.141 -4.536 0.459 60
-16.079 -4.572 0.455 43
-16.061 -4.682 0.462 60
-15.964 -4.771 0.459 88
-16.165 -4.672 0.473 24
-16.129 -4.617 0.464 67
-16.109 -4.554 0.457 48
-16.070 -4.638 0.459 70
-16.161 -4.650 0.471 60
-16.241 -4.692 0.483 60
-16.106 -4.648 0.464 67
-16.205 -4.686 0.478 48
-16.107 -4.714 0.470 45
-16.165 -4.663 0.472 27
-16.141 -4.599 0.464 33
-16.210 -4.704 0.480 38
-16.138 -4.642 0.467 48
-15.988 -4.768 0.461 93
-16.156 -4.489 0.456 72
-16.085 -4.576 0.456 52
-16.144 -4.501 0.456 72
-16.229 -4.680 0.481 68
-16.073 -4.639 0.460 75
-16.090 -4.718 0.468 45
-16.104 -4.675 0.466 51
-16.195 -4.665 0.476 65
-16.093 -4.748 0.471 66
-16.101 -4.542 0.455 39
-16.172 -4.556 0.464 44
-16.196 -4.665 0.476 52
-16.050 -4.657 0.459 44
-16.117 -4.691 0.469 55
-16.238 -4.701 0.483 54
-16.053 -4.616 0.456 27
-16.082 -4.602 0.458 65
-16.216 -4.650 0.477 70
-16.127 -4.745 0.475 68
-16.168 -4.530 0.461 68
-16.189 -4.686 0.477 47
-16.134 -4.721 0.473 54
-16.038 -4.657 0.457 37
-16.140 -4.552 0.460 58
-16.110 -4.630 0.463 61
-16.150 -4.541 0.460 59
-16.075 -4.610 0.458 68
-16.257 -4.737 0.489 70
-16.020 -4.732 0.462 73
-16.093 -4.751 0.471 56
-16.188 -4.728 0.480 60
-16.056 -4.659 0.460 64
-16.199 -4.620 0.472 49
-16.092 -4.596 0.458 40
-16.214 -4.635 0.475 78
-16.100 -4.662 0.465 60
-16.088 -4.586 0.457 38
-16.131 -4.606 0.463 54
-16.171 -4.703 0.476 31
-16.165 -4.627 0.469 42
-16.030 -4.643 0.455 39
-16.200 -4.692 0.478 40
-16.048 -4.652 0.458 45
-16.160 -4.714 0.476 45
-16.149 -4.661 0.470 59
-16.086 -4.609 0.459 70
-16.069 -4.604 0.456 64
-16.051 -4.618 0.456 31
-16.072 -4.703 0.465 56
-16.163 -4.742 0.478 60
-16.088 -4.677 0.465 62
-16.043 -4.624 0.455 45
-16.219 -4.745 0.485 71
-16.124 -4.627 0.464 72
-16.239 -4.718 0.485 34
-16.131 -4.728 0.474 40
-16.075 -4.586 0.456 38
-16.162 -4.699 0.475 32
-16.189 -4.704 0.478 33
-16.119 -4.581 0.460 49
-15.988 -4.750 0.460 76
-16.065 -4.750 0.468 102
-16.086 -4.647 0.462 53
-16.209 -4.610 0.472 63
-16.178 -4.651 0.472 63
-16.225 -4.648 0.477 75
-16.161 -4.632 0.469 48
-16.159 -4.501 0.458 72
-16.151 -4.678 0.472 31
-16.064 -4.697 0.464 61
-16.205 -4.743 0.483 42
-16.140 -4.642 0.468 60
-16.253 -4.720 0.487 60
-16.178 -4.687 0.475 37
-16.200 -4.723 0.481 37
-16.093 -4.554 0.455 52
-16.051 -4.666 0.460 50
-16.023 -4.761 0.464 103
-16.038 -4.678 0.459 38
-16.049 -4.625 0.456 25
-16.095 -4.617 0.460 70
-16.083 -4.583 0.456 38
-16.076 -4.633 0.460 55
-16.105 -4.619 0.462 68
-16.153 -4.483 0.456 75
-16.092 -4.691 0.466 49
-16.232 -4.709 0.483 52
-15.992 -4.746 0.460 64
-16.206 -4.655 0.476 65
-16.177 -4.590 0.467 50
-16.211 -4.705 0.481 38
-16.090 -4.571 0.456 51
-16.158 -4.593 0.465 39
-16.096 -4.563 0.456 48
-16.126 -4.630 0.465 63
-16.195 -4.572 0.468 66
-16.080 -4.659 0.462 76
-16.141 -4.493 0.455 72
-16.103 -4.651 0.464 54
-16.016 -4.693 0.458 26
-16.043 -4.733 0.464 83
-16.121 -4.551 0.458 47
-16.125 -4.706 0.471 35
-16.114 -4.613 0.462 68
-16.135 -4.585 0.462 28
-16.211 -4.617 0.473 59
-16.130 -4.622 0.465 73
-16.143 -4.623 0.466 46
-16.006 -4.712 0.459 67
-16.213 -4.668 0.478 70
-16.199 -4.724 0.481 37
-16.061 -4.682 0.462 60
-16.148 -4.675 0.471 47
-16.152 -4.599 0.465 57
-16.043 -4.661 0.458 45
-16.186 -4.672 0.475 56
-16.161 -4.724 0.477 55
-16.118 -4.678 0.468 56
-16.079 -4.666 0.463 63
-16.022 -4.688 0.458 31
-16.243 -4.736 0.487 67
-16.162 -4.645 0.470 56
-16.238 -4.719 0.485 34
-15.970 -4.769 0.459 91
-15.993 -4.743 0.460 71
-16.214 -4.676 0.479 62
-16.011 -4.676 0.456 34
-16.101 -4.660 0.465 60
-16.061 -4.625 0.457 73
-16.115 -4.677 0.468 59
-16.259 -4.616 0.475 79
-16.278 -4.589 0.473 46
-16.255 -4.701 0.485 61
-16.213 -4.584 0.470 72
-16.265 -4.512 0.463 56
-16.244 -4.675 0.481 64
-16.273 -4.608 0.475 53
-16.194 -4.472 0.456 68
-16.236 -4.602 0.473 33
-16.229 -4.607 0.473 42
-16.264 -4.622 0.476 68
-16.255 -4.489 0.460 47
-16.168 -4.506 0.459 36
-16.312 -4.525 0.467 53
-16.312 -4.628 0.479 138
-16.277 -4.653 0.480 90
-16.254 -4.524 0.464 52
-16.248 -4.506 0.462 44
-16.206 -4.578 0.469 73
-16.240 -4.619 0.475 88
-16.209 -4.513 0.461 66
-16.180 -4.514 0.460 63
-16.251 -4.577 0.470 65
-16.265 -4.617 0.476 77
-16.175 -4.480 0.456 78
-16.170 -4.497 0.458 72
-16.272 -4.571 0.470 70
-16.196 -4.492 0.458 63
-16.207 -4.499 0.460 69
-16.288 -4.529 0.466 52
-16.257 -4.642 0.478 71
-16.223 -4.629 0.475 84
-16.308 -4.598 0.475 61
-16.372 -4.502 0.466 117
-16.195 -4.499 0.459 65
-16.307 -4.520 0.466 52
-16.211 -4.556 0.466 70
-16.269 -4.662 0.481 75
-16.218 -4.555 0.467 72
-16.277 -4.699 0.485 71
-16.329 -4.593 0.475 116
-16.255 -4.623 0.476 76
-16.343 -4.548 0.470 108
-16.337 -4.521 0.467 105
-16.328 -4.603 0.476 111
-16.337 -4.501 0.465 109
-16.272 -4.650 0.480 82
-16.292 -4.582 0.472 78
-16.366 -4.502 0.466 101
-16.291 -4.507 0.464 50
-16.331 -4.552 0.470 119
-16.348 -4.535 0.469 108
-16.309 -4.578 0.473 83
-16.297 -4.670 0.483 115
-16.283 -4.516 0.465 54
-16.334 -4.577 0.473 101
-16.283 -4.534 0.467 51
-16.239 -4.514 0.463 47
-16.239 -4.580 0.470 41
-16.327 -4.512 0.466 112
-16.338 -4.568 0.473 115
-16.160 -4.469 0.454 68
-16.247 -4.692 0.484 59
-16.263 -4.517 0.464 53
-16.258 -4.533 0.466 49
-16.288 -4.502 0.463 48
-16.212 -4.490 0.459 68
-16.245 -4.509 0.462 46
-16.252 -4.540 0.466 48
-16.245 -4.535 0.465 47
-16.175 -4.511 0.460 37
-16.365 -4.503 0.466 101
-16.318 -4.626 0.479 118
-16.241 -4.544 0.466 44
-16.317 -4.496 0.463 50
-16.337 -4.523 0.467 118
-16.274 -4.522 0.465 49
-16.278 -4.530 0.466 52
-16.275 -4.579 0.472 73
-16.222 -4.576 0.469 66
-16.282 -4.504 0.463 49
-16.325 -4.531 0.468 118
-16.285 -4.610 0.475 54
-16.284 -4.496 0.462 51
-16.284 -4.646 0.480 90
-16.217 -4.555 0.467 72
-16.355 -4.537 0.470 114
-16.209 -4.567 0.468 73
-16.289 -4.540 0.467 48
-16.272 -4.637 0.478 76
-16.333 -4.521 0.467 99
-16.315 -4.531 0.467 56
-16.232 -4.576 0.470 34
-16.266 -4.726 0.488 65
-16.245 -4.666 0.480 67
-16.313 -4.556 0.470 79
-16.278 -4.554 0.469 76
-16.326 -4.539 0.469 101
-16.276 -4.641 0.479 84
-16.246 -4.630 0.476 78
-16.236 -4.610 0.474 84
-16.310 -4.534 0.468 54
-16.208 -4.550 0.466 67
-16.211 -4.565 0.468 74
-16.194 -4.507 0.460 30
-16.288 -4.529 0.466 52
-16.361 -4.522 0.468 98
-16.288 -4.574 0.471 81
-16.199 -4.563 0.467 68
-16.272 -4.629 0.477 80
-16.286 -4.542 0.468 53
-16.233 -4.531 0.464 61
-16.311 -4.518 0.466 59
-16.291 -4.642 0.479 98
-16.304 -4.496 0.463 50
-16.336 -4.497 0.464 93
-16.211 -4.494 0.459 66
-16.290 -4.510 0.464 49
-16.246 -4.583 0.471 46
-16.267 -4.635 0.478 72
-16.252 -4.699 0.485 60
-16.231 -4.536 0.465 66
-16.286 -4.582 0.472 82
-16.317 -4.612 0.477 123
-16.249 -4.591 0.472 44
-16.278 -4.689 0.484 84
-16.315 -4.595 0.475 111
-16.193 -4.549 0.465 71
-16.278 -4.596 0.474 45
-16.161 -4.482 0.456 78
-16.323 -4.558 0.471 113
-16.246 -4.497 0.461 45
-16.257 -4.661 0.480 66
-16.260 -4.625 0.476 66
-16.276 -4.500 0.462 51
-16.241 -4.622 0.475 86
-16.250 -4.516 0.463 50
-16.322 -4.582 0.474 97
-16.233 -4.611 0.474 84
-16.214 -4.520 0.462 69
-16.232 -4.529 0.464 61
-16.259 -4.497 0.461 43
-16.229 -4.643 0.477 74
-16.236 -4.525 0.464 51
-16.326 -4.560 0.471 99
-16.202 -4.565 0.467 70
-16.261 -4.701 0.485 65
-16.267 -4.673 0.482 70
-16.311 -4.613 0.477 79
-16.242 -4.655 0.479 73
-16.272 -4.494 0.461 52
-16.258 -4.606 0.474 40
-16.244 -4.496 0.461 45
-16.235 -4.585 0.471 39
-16.208 -4.503 0.460 68
-16.325 -4.575 0.473 102
-16.277 -4.552 0.468 69
-16.261 -4.678 0.482 67
-16.269 -4.596 0.473 45
-16.352 -4.523 0.468 81
-16.300 -4.616 0.477 99
-16.228 -4.575 0.469 38
-16.258 -4.571 0.470 71
-16.257 -4.631 0.477 67
-16.246 -4.632 0.477 78
-16.209 -4.574 0.469 73
-16.213 -4.615 0.473 65
-16.246 -4.500 0.461 46
-16.225 -4.596 0.472 40
-16.325 -4.588 0.474 122
-16.266 -4.514 0.464 55
-16.313 -4.544 0.469 65
-16.264 -4.730 0.489 68
-16.280 -4.628 0.477 76
-16.196 -4.564 0.467 68
-16.160 -4.491 0.457 68
-16.238 -4.534 0.465 49
-16.333 -4.522 0.467 127
-16.293 -4.599 0.474 52
-16.335 -4.584 0.474 93
-16.190 -4.478 0.457 70
-16.294 -4.541 0.468 46
-16.269 -4.587 0.472 51
-16.331 -4.494 0.464 92
-16.262 -4.526 0.465 48
-16.276 -4.557 0.469 74
-16.225 -4.611 0.473 54
-16.167 -4.488 0.457 71
-16.196 -4.544 0.464 63
-16.268 -4.708 0.486 83
-16.174 -4.524 0.461 68
-16.273 -4.488 0.461 47
-16.207 -4.477 0.457 61
-16.271 -4.602 0.474 42
-16.234 -4.524 0.464 64
-16.200 -4.559 0.466 68
-16.308 -4.595 0.475 83
-16.361 -4.524 0.468 98
-16.248 -4.661 0.480 70
-16.255 -4.619 0.475 78
-16.192 -4.504 0.460 44
-16.224 -4.552 0.466 66
-16.271 -4.618 0.476 62
-16.241 -4.500 0.461 40
-16.259 -4.482 0.460 50
-16.273 -4.698 0.485 54
-16.299 -4.631 0.478 98
-16.280 -4.622 0.477 73
-16.357 -4.532 0.469 111
-16.238 -4.537 0.465 48
-16.315 -4.553 0.470 72
-16.236 -4.625 0.475 88
-16.318 -4.503 0.464 50
-16.288 -4.559 0.470 73
-16.302 -4.521 0.466 54
-16.248 -4.640 0.478 65
-16.240 -4.672 0.481 73
-16.329 -4.585 0.474 127
-16.283 -4.565 0.470 78
-16.320 -4.525 0.467 95
-16.226 -4.497 0.460 71
-16.189 -4.546 0.464 61
-16.288 -4.575 0.472 81
-16.347 -4.527 0.468 108
-16.248 -4.611 0.474 74
-16.207 -4.505 0.460 64
-16.262 -4.571 0.470 71
-16.293 -4.656 0.481 92
-16.320 -4.519 0.466 85
-16.227 -4.560 0.468 74
-16.283 -4.494 0.462 50
-16.299 -4.642 0.480 99
-16.258 -4.687 0.483 65
-16.298 -4.574 0.472 81
-16.302 -4.617 0.477 106
-16.212 -4.612 0.473 47
-16.270 -4.552 0.468 61
-16.210 -4.479 0.457 62
-16.238 -4.535 0.465 48
-16.246 -4.597 0.473 40
-16.259 -4.661 0.480 66
-16.268 -4.544 0.467 44
-16.234 -4.614 0.474 84
-16.252 -4.579 0.471 70
-16.315 -4.629 0.479 109
-16.339 -4.504 0.465 91
-16.315 -4.496 0.463 50
-16.268 -4.662 0.481 75
-16.308 -4.587 0.474 65
-16.243 -4.683 0.482 63
-16.281 -4.661 0.481 83
-16.243 -4.649 0.478 69
-16.246 -4.602 0.473 41
-16.281 -4.545 0.468 50
-16.315 -4.604 0.476 127
-16.230 -4.483 0.459 65
-16.300 -4.507 0.464 50
-16.243 -4.651 0.479 71
-16.172 -4.493 0.458 76
-16.263 -4.703 0.485 77
-16.215 -4.543 0.465 68
-16.214 -4.589 0.470 72
-16.257 -4.658 0.480 67
-16.327 -4.605 0.476 111
-16.209 -4.491 0.459 68
-16.270 -4.625 0.477 69
-16.262 -4.572 0.470 71
-16.246 -4.522 0.464 46
-16.319 -4.585 0.474 103
-16.203 -4.508 0.461 39
-16.273 -4.513 0.464 51
-16.203 -4.481 0.457 64
-16.243 -4.499 0.461 46
-16.227 -4.549 0.466 71
-16.279 -4.657 0.481 88
-16.256 -4.535 0.466 48
-16.333 -4.498 0.464 94
-16.171 -4.493 0.458 76
-16.318 -4.623 0.478 112
-16.244 -4.611 0.474 90
-16.292 -4.553 0.469 62
-16.285 -4.600 0.474 47
-16.251 -4.648 0.479 76
-16.302 -4.498 0.463 52
-16.284 -4.612 0.476 81
-16.246 -4.621 0.475 84
-16.254 -4.607 0.474 48
-16.198 -4.550 0.465 73
-16.328 -4.573 0.473 110
-16.238 -4.498 0.461 33
-16.324 -4.559 0.471 113
-16.308 -4.514 0.465 55
-16.211 -4.543 0.465 68
-16.317 -4.675 0.474 151
-16.339 -4.641 0.468 96
-16.308 -4.669 0.479 107
-16.328 -4.610 0.476 118
-16.322 -4.621 0.478 121
-16.288 -4.701 0.484 102
-16.348 -4.576 0.470 120
-16.349 -4.581 0.469 100
-16.308 -4.687 0.477 116
-16.342 -4.593 0.471 101
-16.343 -4.582 0.472 115
-16.299 -4.695 0.480 115
-16.366 -4.527 0.467 114
-16.354 -4.592 0.466 102
-16.346 -4.582 0.471 99
-16.332 -4.622 0.473 107
-16.353 -4.573 0.468 124
-16.327 -4.623 0.475 133
-16.294 -4.684 0.484 105
-16.341 -4.640 0.467 109
-16.338 -4.628 0.469 103
-16.334 -4.604 0.474 104
-16.328 -4.658 0.471 107
-16.330 -4.617 0.474 134
-16.370 -4.521 0.466 86
-16.273 -4.729 0.488 62
-16.278 -4.722 0.487 69
-16.350 -4.562 0.471 131
-16.339 -4.631 0.469 102
-16.344 -4.598 0.470 109
-16.299 -4.672 0.482 120
-16.285 -4.703 0.486 80
-16.358 -4.566 0.467 121
-16.352 -4.597 0.466 103
-16.292 -4.686 0.484 117
-16.297 -4.692 0.481 122
-16.353 -4.593 0.466 119
-16.349 -4.571 0.471 117
-16.354 -4.598 0.465 103
-16.340 -4.586 0.473 122
-16.292 -4.703 0.482 131
-16.329 -4.647 0.472 138
-16.358 -4.568 0.467 112
-16.326 -4.616 0.476 127
-16.295 -4.703 0.481 117
-16.367 -4.537 0.466 100
-16.106 -4.910 0.750 33
-16.039 -4.924 0.755 33
-16.096 -4.912 0.750 37
-15.948 -4.938 0.758 32
-15.997 -4.931 0.757 45
-16.080 -4.916 0.752 38
-15.977 -4.934 0.758 37
-15.956 -4.936 0.757 28
-16.181 -4.899 0.748 53
-15.975 -4.935 0.758 37
-15.982 -4.933 0.757 38
-16.019 -4.923 0.752 39
-15.968 -4.932 0.756 41
-15.887 -4.863 0.711 30
-15.896 -4.872 0.705 29
-15.888 -4.867 0.702 33
-15.868 -4.856 0.690 29
-15.838 -4.847 0.656 27
-15.918 -4.883 0.723 34
-15.919 -4.864 0.767 35
-15.864 -4.855 0.685 29
-15.950 -4.903 0.736 35
-15.972 -4.917 0.746 45
-15.894 -4.878 0.689 28
-15.906 -4.879 0.709 33
-15.930 -4.885 0.741 42
-15.929 -4.881 0.746 37
-15.969 -4.916 0.743 44
-15.950 -4.898 0.748 32
-15.881 -4.855 0.717 31
-15.896 -4.864 0.725 28
-15.904 -4.858 0.754 33
-15.858 -4.860 0.663 28
-15.854 -4.856 0.666 29
-15.894 -4.870 0.707 29
-15.920 -4.871 0.753 33
-15.924 -4.878 0.745 33
-15.846 -4.848 0.668 23
-15.949 -4.901 0.739 37
-15.976 -4.917 0.755 45
-15.856 -4.851 0.679 35
-15.911 -4.864 0.753 30
-15.955 -4.896 0.761 32
-15.874 -4.858 0.696 31
-15.927 -4.894 0.715 34
-15.913 -4.863 0.759 39
-15.876 -4.852 0.714 31
-15.961 -4.901 0.762 31
-15.921 -4.888 0.716 43
-15.886 -4.871 0.690 28
-15.875 -4.853 0.711 28
-15.883 -4.863 0.704 33
-15.920 -4.872 0.750 35
-15.871 -4.851 0.706 31
-15.922 -4.884 0.728 34
-15.877 -4.853 0.714 31
-15.911 -4.858 0.766 31
-15.966 -4.915 0.739 47
-15.957 -4.908 0.737 34
-15.936 -4.881 0.761 38
-15.964 -4.912 0.742 44
-15.946 -4.887 0.765 38
-15.922 -4.891 0.712 39
-15.969 -4.912 0.752 45
-15.942 -4.883 0.766 38
-15.920 -4.873 0.750 35
-15.854 -4.854 0.670 26
-15.950 -4.893 0.759 35
-15.886 -4.872 0.688 26
-15.940 -4.894 0.738 35
-15.930 -4.879 0.754 35
-15.953 -4.894 0.761 34
-15.920 -4.873 0.748 35
-15.864 -4.862 0.670 26
-15.898 -4.872 0.709 30
-15.922 -4.873 0.753 32
-15.901 -4.874 0.711 29
-15.938 -4.899 0.724 36
-15.920 -4.875 0.745 35
-15.886 -4.870 0.693 28
-15.939 -4.888 0.749 32
-15.856 -4.855 0.671 26
-15.889 -4.857 0.727 28
-15.889 -4.871 0.695 28
-15.904 -4.860 0.747 33
-15.881 -4.863 0.699 33
-15.855 -4.858 0.662 26
-15.922 -4.886 0.724 39
-15.897 -4.874 0.703 29
-15.888 -4.864 0.709 30
-15.921 -4.863 0.773 37
-15.916 -4.879 0.727 34
-15.850 -4.851 0.669 30
-15.905 -4.863 0.743 32
-15.917 -4.862 0.768 34
-15.945 -4.872 0.651 41
-15.894 -4.866 0.661 24
-15.974 -4.918 0.740 47
-15.915 -4.856 0.628 22
-15.938 -4.901 0.717 29
-15.865 -4.840 0.616 31
-15.958 -4.885 0.674 42
-15.974 -4.907 0.716 32
-15.888 -4.844 0.613 27
-15.871 -4.853 0.642 36
-15.907 -4.874 0.672 21
-15.931 -4.851 0.610 25
-15.911 -4.845 0.607 26
-15.963 -4.899 0.702 24
-15.907 -4.833 0.581 182
-15.919 -4.851 0.616 21
-15.981 -4.917 0.734 36
-15.891 -4.854 0.635 22
-15.911 -4.845 0.606 26
-15.875 -4.839 0.608 35
-15.855 -4.850 0.641 32
-15.903 -4.843 0.606 32
-15.870 -4.856 0.649 35
-15.940 -4.896 0.707 31
-15.941 -4.867 0.641 38
-15.948 -4.860 0.623 34
-15.871 -4.865 0.667 28
-15.902 -4.854 0.629 16
-15.934 -4.889 0.694 31
-15.952 -4.851 0.601 42
-15.872 -4.836 0.604 81
-15.916 -4.850 0.614 23
-15.950 -4.851 0.602 42
-15.884 -4.870 0.673 19
-15.931 -4.858 0.626 30
-15.901 -4.847 0.615 21
-15.913 -4.832 0.575 181
-15.939 -4.874 0.658 43
-15.955 -4.873 0.648 36
-15.909 -4.837 0.589 177
-15.902 -4.835 0.587 185
-15.857 -4.848 0.636 33
-15.895 -4.828 0.576 179
-15.856 -4.856 0.656 31
-15.860 -4.853 0.646 35
-15.967 -4.902 0.707 26
-15.884 -4.842 0.610 34
-15.921 -4.870 0.656 31
-15.892 -4.849 0.622 21
-15.900 -4.878 0.683 25
-15.882 -4.831 0.588 182
-15.904 -4.865 0.653 31
-15.902 -4.859 0.641 18
-15.901 -4.845 0.611 24
-15.920 -4.836 0.582 181
-15.861 -4.841 0.619 27
-15.950 -4.891 0.690 33
-15.902 -4.874 0.675 23
-15.943 -4.842 0.585 185
-15.894 -4.835 0.592 177
-15.918 -4.857 0.629 26
-15.941 -4.857 0.620 37
-15.920 -4.834 0.577 184
-15.907 -4.880 0.686 25
-15.916 -4.833 0.576 180
-15.906 -4.836 0.588 181
-15.880 -4.846 0.623 30
-15.938 -4.856 0.618 34
-15.948 -4.883 0.674 45
-15.907 -4.827 0.567 178
-15.919 -4.880 0.679 36
-15.928 -4.895 0.709 30
-15.926 -4.820 0.544 184
-15.872 -4.851 0.637 32
-15.905 -4.871 0.667 23
-15.901 -4.880 0.689 30
-15.950 -4.868 0.639 37
-15.944 -4.857 0.618 36
-15.870 -4.856 0.648 35
-15.953 -4.853 0.605 37
-15.950 -4.874 0.653 44
-15.939 -4.888 0.688 33
-15.890 -4.864 0.658 23
-15.886 -4.842 0.610 36
-15.907 -4.864 0.649 28
-15.974 -4.919 0.742 47
-15.939 -4.822 0.541 184
-15.846 -4.847 0.639 31
-15.955 -4.858 0.614 37
-15.899 -4.829 0.576 180
-15.980 -4.920 0.741 36
-15.921 -4.854 0.622 25
-15.962 -4.879 0.658 38
-15.935 -4.840 0.584 184
-15.936 -4.894 0.703 29
-15.916 -4.837 0.585 180
-15.859 -4.857 0.656 28
-15.922 -4.853 0.618 25
-15.922 -4.876 0.670 35
-15.860 -4.846 0.631 34
-15.904 -4.829 0.574 180
-15.903 -4.856 0.634 14
-15.941 -4.867 0.642 40
-15.892 -4.871 0.672 26
-15.927 -4.864 0.642 33
-15.902 -4.863 0.650 24
-15.931 -4.866 0.643 36
-15.950 -4.894 0.697 30
-15.861 -4.844 0.627 32
-15.876 -4.850 0.633 34
-15.899 -4.838 0.596 180
-15.939 -4.861 0.630 38
-15.938 -4.842 0.586 182
-15.915 -4.854 0.624 23
-15.935 -4.850 0.605 30
-15.893 -4.855 0.636 19
-15.941 -4.873 0.655 42
-15.957 -4.884 0.671 43
-15.905 -4.866 0.656 28
-15.935 -4.819 0.538 184
-15.896 -4.838 0.597 193
-15.943 -4.861 0.627 34
-15.921 -4.890 0.700 43
-15.912 -4.883 0.690 29
-15.922 -4.840 0.590 176
-15.889 -4.870 0.671 23
-15.905 -4.876 0.677 21
-15.938 -4.858 0.622 37
-15.930 -4.877 0.669 43
-15.893 -4.849 0.623 21
-15.936 -4.864 0.636 39
-15.859 -4.854 0.649 35
-15.897 -4.836 0.593 177
-15.885 -4.859 0.649 33
-15.856 -4.847 0.636 33
-15.859 -4.844 0.627 32
-15.935 -4.847 0.598 96
-15.873 -4.862 0.662 28
-15.881 -4.844 0.617 29
-15.970 -4.910 0.723 40
-15.904 -4.857 0.637 17
-15.939 -4.870 0.649 40
-15.935 -4.868 0.647 42
-15.934 -4.863 0.635 35
-15.911 -4.874 0.671 23
-15.931 -4.824 0.550 183
-15.941 -4.845 0.591 180
-15.945 -4.859 0.622 34
-15.941 -4.891 0.695 30
-15.920 -4.887 0.696 38
-15.910 -4.887 0.699 30
-15.932 -4.838 0.581 182
-15.860 -4.836 0.609 33
-15.856 -4.843 0.627 33
-15.913 -4.887 0.698 31
-15.894 -4.865 0.657 25
-15.928 -4.872 0.659 38
-15.870 -4.841 0.615 32
-15.944 -4.860 0.623 33
-15.955 -4.908 0.725 26
-15.953 -4.851 0.600 41
-15.933 -4.831 0.564 181
-15.934 -4.889 0.694 30
-15.975 -4.911 0.723 37
-15.947 -4.889 0.687 37
-15.938 -4.883 0.679 38
-15.839 -4.840 0.628 20
-15.965 -4.904 0.713 34
-15.868 -4.846 0.628 32
-16.013 -4.875 0.580 191
-15.982 -4.889 0.661 42
-15.993 -4.855 0.557 179
-16.019 -4.880 0.586 30
-16.024 -4.889 0.601 26
-15.997 -4.861 0.566 186
-15.941 -4.819 0.534 185
-16.003 -4.913 0.694 36
-15.990 -4.875 0.612 37
-16.017 -4.889 0.611 29
-15.994 -4.880 0.619 35
-16.011 -4.888 0.619 32
-15.976 -4.898 0.692 41
-15.972 -4.891 0.681 41
-16.019 -4.899 0.635 24
-16.037 -4.889 0.583 44
-16.025 -4.891 0.605 21
-15.961 -4.837 0.552 183
-15.973 -4.883 0.657 37
-15.977 -4.851 0.566 185
-16.030 -4.888 0.590 19
-15.954 -4.850 0.596 67
-15.992 -4.882 0.627 37
-15.960 -4.840 0.562 180
-15.984 -4.896 0.675 42
-16.030 -4.891 0.597 30
-16.010 -4.893 0.631 24
-16.027 -4.894 0.609 34
-15.982 -4.875 0.622 30
-16.017 -4.874 0.572 183
-15.959 -4.856 0.606 31
-15.962 -4.868 0.633 37
-15.995 -4.863 0.574 185
-15.983 -4.856 0.572 183
-16.003 -4.907 0.680 35
-15.975 -4.881 0.649 38
-15.989 -4.869 0.599 31
-16.001 -4.913 0.698 31
-16.032 -4.880 0.568 185
-15.997 -4.914 0.707 33
-15.960 -4.845 0.574 178
-15.984 -4.912 0.718 48
-15.995 -4.872 0.597 35
-15.972 -4.869 0.621 31
-16.012 -4.905 0.660 26
-15.991 -4.917 0.722 37
-16.025 -4.889 0.599 36
-15.994 -4.879 0.616 36
-15.999 -4.862 0.565 186
-16.022 -4.903 0.639 29
-15.975 -4.889 0.669 42
-15.967 -4.881 0.660 32
-16.009 -4.896 0.640 31
-15.976 -4.879 0.644 35
-15.985 -4.889 0.655 41
-15.998 -4.905 0.680 40
-15.970 -4.856 0.589 183
-15.984 -4.868 0.603 31
-15.972 -4.847 0.564 184
-16.000 -4.859 0.556 183
-15.977 -4.884 0.653 40
-15.968 -4.860 0.604 29
-16.030 -4.895 0.609 36
-16.009 -4.872 0.578 180
-15.982 -4.914 0.726 41
-15.985 -4.897 0.677 41
-15.950 -4.828 0.544 184
-15.950 -4.832 0.554 182
-16.006 -4.899 0.652 32
-15.995 -4.857 0.559 184
-16.036 -4.883 0.568 186
-16.030 -4.888 0.590 19
-15.980 -4.847 0.552 183
-16.032 -4.895 0.607 34
-15.983 -4.888 0.655 42
-16.032 -4.881 0.568 185
-16.002 -4.885 0.623 36
-16.012 -4.902 0.653 28
-16.006 -4.895 0.642 32
-15.973 -4.843 0.553 183
-16.017 -4.882 0.592 26
-15.994 -4.854 0.552 183
-15.945 -4.823 0.536 185
-15.994 -4.865 0.581 185
-16.011 -4.892 0.627 25
-15.978 -4.905 0.709 45
-15.971 -4.857 0.590 86
-15.963 -4.836 0.545 183
-15.971 -4.854 0.584 185
-15.975 -4.865 0.606 32
-15.954 -4.839 0.569 181
-15.992 -4.872 0.600 28
-16.014 -4.906 0.660 29
-16.016 -4.873 0.569 181
-15.968 -4.876 0.646 38
-15.993 -4.884 0.632 39
-15.991 -4.910 0.704 40
-15.985 -4.889 0.655 40
-15.966 -4.839 0.551 182
-16.039 -4.890 0.582 42
-15.992 -4.895 0.662 40
-16.007 -4.911 0.684 41
-15.996 -4.900 0.669 38
-15.975 -4.851 0.571 187
-15.994 -4.877 0.611 38
-15.960 -4.857 0.608 29
-15.999 -4.860 0.559 185
-16.015 -4.886 0.604 23
-16.004 -4.904 0.670 31
-15.988 -4.888 0.649 35
-15.998 -4.863 0.568 186
-16.007 -4.911 0.684 33
-15.988 -4.895 0.666 39
-16.003 -4.904 0.671 34
-16.018 -4.873 0.568 183
-16.013 -4.899 0.644 30
-15.982 -4.903 0.696 37
-15.964 -4.837 0.549 183
-16.021 -4.896 0.624 24
-15.987 -4.898 0.676 41
-16.032 -4.887 0.584 31
-16.016 -4.869 0.561 183
-15.981 -4.913 0.726 41
-15.994 -4.910 0.699 30
-15.970 -4.841 0.552 183
-16.010 -4.867 0.563 185
-15.972 -4.861 0.600 34
-15.984 -4.864 0.592 88
-16.022 -4.893 0.613 25
-15.985 -4.888 0.652 42
-15.851 -4.819 0.650 24
-15.893 -4.814 0.702 28
-15.890 -4.821 0.704 28
-15.859 -4.797 0.639 29
-15.877 -4.827 0.693 30
-15.897 -4.845 0.738 30
-15.885 -4.842 0.718 30
-15.842 -4.821 0.640 38
-15.883 -4.799 0.672 33
-15.890 -4.848 0.730 30
-15.903 -4.837 0.737 29
-15.908 -4.839 0.747 29
-15.856 -4.820 0.658 22
-15.854 -4.843 0.678 34
-15.884 -4.808 0.682 28
-15.907 -4.837 0.742 29
-15.848 -4.819 0.646 32
-15.879 -4.797 0.665 40
-15.882 -4.823 0.695 30
-15.874 -4.825 0.687 30
-15.883 -4.799 0.672 33
-15.863 -4.845 0.691 33
-15.901 -4.826 0.725 30
-15.905 -4.837 0.739 29
-15.904 -4.845 0.747 29
-15.867 -4.817 0.669 27
-15.850 -4.839 0.669 24
-15.863 -4.843 0.690 33
-15.870 -4.828 0.684 28
-15.890 -4.834 0.717 25
-15.862 -4.830 0.676 29
-15.905 -4.830 0.733 29
-15.884 -4.788 0.663 40
-15.858 -4.830 0.671 27
-15.864 -4.849 0.696 35
-15.913 -4.849 0.763 34
-15.891 -4.806 0.689 27
-15.872 -4.793 0.651 24
-15.912 -4.855 0.767 36
-15.856 -4.802 0.640 36
-15.880 -4.794 0.663 39
-15.847 -4.822 0.648 37
-15.872 -4.797 0.656 31
-15.880 -4.810 0.679 30
-15.865 -4.846 0.695 35
-15.864 -4.806 0.654 20
-15.884 -4.795 0.670 42
-15.884 -4.809 0.683 27
-15.832 -4.840 0.645 44
-15.876 -4.801 0.665 37
-15.890 -4.828 0.711 28
-15.865 -4.815 0.665 31
-15.874 -4.777 0.639 39
-15.870 -4.799 0.655 31
-15.868 -4.804 0.657 27
-15.891 -4.836 0.720 28
-15.860 -4.812 0.655 20
-15.895 -4.840 0.730 28
-15.870 -4.812 0.668 30
-15.856 -4.830 0.668 25
-15.894 -4.814 0.702 28
-15.848 -4.837 0.665 25
-15.857 -4.819 0.658 22
-15.883 -4.840 0.713 29
-15.856 -4.847 0.685 35
-15.864 -4.831 0.680 28
-15.893 -4.837 0.724 29
-15.831 -4.844 0.649 42
-15.895 -4.817 0.706 29
-15.869 -4.819 0.674 31
-15.861 -4.843 0.688 30
-15.896 -4.847 0.738 30
-15.865 -4.797 0.646 17
-15.877 -4.774 0.640 35
-15.829 -4.766 0.579 187
-15.823 -4.794 0.602 189
-15.877 -4.778 0.575 182
-15.846 -4.768 0.575 184
-15.816 -4.758 0.576 188
-15.856 -4.780 0.582 183
-15.833 -4.825 0.624 39
-15.821 -4.829 0.630 56
-15.826 -4.773 0.585 187
-15.818 -4.810 0.616 131
-15.841 -4.810 0.610 185
-15.847 -4.810 0.608 186
-15.811 -4.799 0.609 183
-15.808 -4.784 0.598 185
-15.832 -4.829 0.627 39
-15.800 -4.774 0.593 184
-15.823 -4.777 0.589 187
-15.822 -4.813 0.617 74
-15.880 -4.788 0.582 180
-15.812 -4.766 0.583 188
-15.866 -4.772 0.573 184
-15.837 -4.792 0.597 188
-15.864 -4.798 0.594 185
-15.872 -4.776 0.575 183
-15.817 -4.758 0.575 186
-15.833 -4.778 0.587 184
-15.842 -4.769 0.577 183
-15.828 -4.820 0.621 45
-15.856 -4.795 0.594 186
-15.846 -4.770 0.577 183
-15.852 -4.789 0.591 185
-15.878 -4.775 0.572 184
-15.832 -4.794 0.600 187
-15.878 -4.777 0.574 184
-15.818 -4.786 0.598 186
-15.813 -4.801 0.611 186
-15.880 -4.775 0.571 184
-15.837 -4.781 0.588 184
-15.860 -4.806 0.602 183
-15.829 -4.808 0.611 185
-15.803 -4.783 0.599 186
-15.835 -4.786 0.593 185
-15.840 -4.763 0.573 184
-15.835 -4.832 0.629 46
-15.838 -4.764 0.575 184
-15.805 -4.763 0.583 189
-15.845 -4.804 0.604 188
-15.822 -4.793 0.602 189
-15.812 -4.811 0.619 63
-15.808 -4.794 0.607 185
-15.846 -4.810 0.609 186
-15.835 -4.829 0.626 36
-15.834 -4.815 0.616 82
-15.812 -4.783 0.596 185
-15.818 -4.763 0.579 188
-15.800 -4.769 0.589 186
-15.807 -4.785 0.599 185
-15.794 -4.772 0.593 183
-15.861 -4.782 0.582 181
-15.813 -4.758 0.576 188
-15.840 -4.829 0.625 38
-15.878 -4.821 0.588 182
-15.891 -4.795 0.574 181
-15.897 -4.809 0.569 181
-15.884 -4.823 0.583 180
-15.881 -4.803 0.584 181
-15.890 -4.791 0.574 182
-15.876 -4.807 0.589 184
-15.885 -4.792 0.579 181
-15.888 -4.810 0.578 181
-15.849 -4.833 0.617 35
-15.878 -4.821 0.588 182
-15.893 -4.800 0.572 181
-15.858 -4.815 0.607 190
-15.904 -4.823 0.563 178
-15.891 -4.782 0.573 182
-15.897 -4.789 0.568 181
-15.875 -4.801 0.590 184
-15.910 -4.814 0.557 183
-15.891 -4.794 0.573 181
-15.904 -4.815 0.563 181
-15.931 -4.815 0.537 186
-15.914 -4.811 0.553 182
-15.881 -4.797 0.583 181
-15.857 -4.835 0.610 38
-15.893 -4.819 0.574 179
-15.897 -4.805 0.569 181
-15.864 -4.818 0.601 188
-15.893 -4.803 0.572 181
-15.904 -4.821 0.563 178
-15.878 -4.817 0.588 183
-15.841 -4.834 0.625 28
-15.919 -4.810 0.548 183
-15.849 -4.823 0.616 35
-15.898 -4.810 0.568 180
-15.876 -4.803 0.589 184
-15.928 -4.814 0.539 183
-15.878 -4.816 0.588 185
-15.884 -4.806 0.581 181
-15.903 -4.824 0.564 180
