-13.921 -3.288 0.746 94
-14.007 -3.116 0.813 62
-14.007 -3.127 0.813 61
-13.999 -3.122 0.807 64
-13.965 -3.199 0.780 48
-13.970 -3.203 0.784 83
-14.015 -3.118 0.819 61
-14.014 -3.084 0.818 49
-13.944 -3.239 0.764 93
-14.016 -3.117 0.820 62
-14.009 -3.118 0.814 60
-13.984 -3.111 0.795 58
-13.973 -3.150 0.787 55
-13.948 -3.201 0.767 65
-13.963 -3.171 0.779 46
-13.947 -3.196 0.766 57
-13.975 -3.130 0.789 64
-13.995 -3.090 0.804 51
-14.054 -3.055 0.849 181
-14.038 -3.085 0.837 176
-13.924 -3.268 0.749 52
-13.962 -3.162 0.779 48
-13.964 -3.168 0.780 49
-13.976 -3.176 0.789 58
-14.011 -3.119 0.816 60
-13.989 -3.081 0.799 70
-14.005 -3.095 0.812 50
-13.995 -3.127 0.804 67
-14.034 -3.065 0.834 159
-14.031 -3.060 0.832 161
-14.013 -3.078 0.818 45
-14.018 -3.062 0.822 74
-13.983 -3.162 0.794 67
-13.940 -3.222 0.761 67
-14.020 -3.061 0.823 97
-14.007 -3.075 0.813 53
-13.956 -3.209 0.773 64
-14.008 -3.073 0.814 54
-14.018 -3.090 0.822 46
-13.933 -3.268 0.756 70
-13.991 -3.136 0.800 66
-13.997 -3.136 0.805 64
-14.009 -3.086 0.815 52
-13.938 -3.248 0.760 83
-13.949 -3.210 0.768 70
-14.046 -3.054 0.843 175
-13.965 -3.207 0.781 87
-13.995 -3.124 0.804 63
-13.993 -3.164 0.802 57
-13.964 -3.163 0.780 51
-14.006 -3.125 0.812 66
-14.002 -3.080 0.809 56
-13.941 -3.238 0.762 88
-14.040 -3.063 0.839 175
-13.929 -3.262 0.752 64
-14.030 -3.073 0.831 115
-13.944 -3.247 0.764 87
-14.007 -3.094 0.813 50
-14.035 -3.068 0.835 180
-13.940 -3.227 0.761 68
-13.949 -3.198 0.768 61
-13.996 -3.126 0.804 63
-14.038 -3.060 0.837 189
-13.957 -3.214 0.774 82
-13.955 -3.222 0.773 73
-13.945 -3.216 0.765 69
-13.975 -3.157 0.788 58
-13.947 -3.204 0.767 67
-14.044 -3.060 0.842 180
-13.989 -3.156 0.799 66
-13.979 -3.101 0.792 60
-14.007 -3.068 0.813 56
-14.001 -3.081 0.808 54
-14.051 -3.057 0.847 186
-14.031 -3.061 0.832 161
-13.932 -3.271 0.755 75
-13.946 -3.228 0.766 70
-13.965 -3.168 0.781 49
-13.992 -3.119 0.801 57
-13.978 -3.186 0.791 100
-13.926 -3.263 0.751 64
-13.951 -3.194 0.770 58
-13.965 -3.176 0.781 46
-13.927 -3.279 0.751 82
-13.949 -3.210 0.768 70
-13.954 -3.219 0.772 58
-13.974 -3.171 0.788 60
-14.003 -3.062 0.810 52
-13.991 -3.135 0.800 66
-14.030 -3.080 0.831 118
-14.029 -3.087 0.830 96
-13.951 -3.193 0.770 58
-13.989 -3.130 0.799 65
-13.952 -3.226 0.770 66
-13.940 -3.231 0.761 77
-13.961 -3.171 0.778 42
-13.996 -3.076 0.805 65
-13.971 -3.148 0.785 50
-14.026 -3.101 0.828 75
-14.000 -3.078 0.808 60
-13.951 -3.224 0.770 65
-14.018 -3.095 0.822 46
-13.939 -3.229 0.760 71
-14.005 -3.063 0.812 54
-14.049 -3.054 0.845 173
-13.968 -3.378 0.690 87
-13.929 -3.303 0.739 102
-14.043 -3.091 0.835 181
-13.964 -3.257 0.757 66
-13.938 -3.294 0.743 95
-13.969 -3.250 0.760 82
-13.942 -3.339 0.717 83
-14.051 -3.082 0.838 186
-14.015 -3.228 0.763 79
-13.939 -3.294 0.742 95
-13.937 -3.314 0.731 92
-13.940 -3.365 0.703 68
-13.983 -3.213 0.778 82
-13.988 -3.184 0.793 51
-13.949 -3.261 0.759 58
-13.979 -3.218 0.776 80
-13.945 -3.295 0.741 92
-13.974 -3.258 0.755 67
-14.000 -3.191 0.787 96
-14.036 -3.118 0.821 88
-13.953 -3.309 0.731 66
-14.020 -3.150 0.805 74
-13.944 -3.360 0.705 65
-14.031 -3.120 0.821 89
-13.977 -3.293 0.735 88
-13.958 -3.279 0.747 88
-13.962 -3.307 0.730 56
-14.023 -3.176 0.791 96
-13.998 -3.283 0.736 78
-13.961 -3.260 0.757 60
-13.978 -3.319 0.720 92
-14.013 -3.151 0.807 79
-13.960 -3.243 0.766 89
-13.929 -3.300 0.741 100
-13.991 -3.283 0.738 87
-13.936 -3.293 0.743 96
-13.978 -3.337 0.710 67
-13.945 -3.312 0.731 79
-13.968 -3.220 0.777 80
-13.919 -3.310 0.737 91
-13.959 -3.364 0.699 75
-13.975 -3.357 0.700 65
-14.026 -3.130 0.816 92
-13.966 -3.232 0.771 86
-14.038 -3.133 0.812 91
-13.944 -3.271 0.754 69
-13.994 -3.194 0.786 91
-13.971 -3.301 0.732 61
-13.960 -3.255 0.760 74
-14.021 -3.134 0.814 88
-13.957 -3.324 0.722 86
-13.999 -3.231 0.765 86
-13.993 -3.222 0.771 74
-13.961 -3.394 0.682 79
-14.005 -3.157 0.804 62
-13.946 -3.349 0.711 67
-13.935 -3.342 0.716 88
-14.010 -3.207 0.776 75
-13.994 -3.204 0.781 89
-13.954 -3.271 0.752 69
-13.926 -3.302 0.740 98
-13.983 -3.320 0.719 88
-14.001 -3.274 0.741 81
-14.031 -3.164 0.796 90
-13.969 -3.332 0.715 76
-14.033 -3.110 0.826 121
-13.962 -3.303 0.733 69
-13.945 -3.370 0.699 69
-13.959 -3.396 0.682 76
-13.949 -3.381 0.692 73
-13.959 -3.274 0.749 71
-13.966 -3.315 0.725 87
-13.975 -3.206 0.784 86
-13.944 -3.355 0.707 63
-13.938 -3.295 0.742 95
-14.036 -3.098 0.832 153
-13.993 -3.255 0.753 84
-13.940 -3.286 0.746 91
-13.950 -3.247 0.766 88
-14.008 -3.236 0.760 86
-13.977 -3.314 0.723 70
-13.996 -3.289 0.733 66
-13.994 -3.299 0.728 67
-13.949 -3.254 0.763 81
-13.952 -3.322 0.724 89
-14.047 -3.080 0.840 185
-13.970 -3.375 0.691 91
-14.022 -3.117 0.823 67
-13.985 -3.287 0.737 87
-13.964 -3.369 0.695 89
-13.993 -3.268 0.746 55
-14.043 -3.104 0.827 74
-13.952 -3.242 0.768 90
-13.938 -3.285 0.747 92
-13.916 -3.330 0.727 83
-14.014 -3.207 0.775 70
-13.969 -3.332 0.715 76
-14.011 -3.224 0.766 75
-14.052 -3.073 0.843 178
-13.968 -3.285 0.741 100
-13.969 -3.341 0.710 61
-14.027 -3.148 0.806 75
-14.006 -3.260 0.747 80
-13.930 -3.318 0.731 81
-13.943 -3.297 0.740 92
-13.950 -3.313 0.729 72
-13.950 -3.287 0.744 95
-13.964 -3.383 0.688 80
-13.923 -3.294 0.746 97
-13.981 -3.310 0.725 54
-13.984 -3.298 0.731 56
-13.992 -3.298 0.729 63
-13.968 -3.280 0.744 94
-13.980 -3.209 0.781 87
-13.963 -3.230 0.773 82
-14.033 -3.141 0.809 84
-14.044 -3.102 0.828 77
-13.992 -3.180 0.795 56
-13.989 -3.210 0.778 89
-13.938 -3.311 0.733 97
-13.961 -3.285 0.743 97
-14.033 -3.125 0.817 86
-13.941 -3.364 0.703 66
-13.990 -3.177 0.797 54
-13.931 -3.305 0.738 101
-14.012 -3.211 0.774 64
-13.982 -3.273 0.745 69
-13.914 -3.321 0.732 83
-13.991 -3.171 0.800 59
-13.979 -3.199 0.787 88
-13.959 -3.289 0.741 98
-13.988 -3.287 0.736 83
-13.966 -3.216 0.780 85
-14.009 -3.214 0.772 61
-13.976 -3.292 0.736 88
-14.047 -3.103 0.827 75
-13.935 -3.287 0.747 95
-14.013 -3.213 0.772 63
-14.019 -3.207 0.774 66
-13.961 -3.395 0.682 76
-13.921 -3.320 0.731 77
-13.947 -3.275 0.751 76
-13.971 -3.298 0.734 79
-14.036 -3.128 0.815 92
-13.979 -3.200 0.786 88
-13.994 -3.300 0.728 67
-13.962 -3.377 0.691 87
-13.935 -3.314 0.732 92
-14.004 -3.223 0.769 74
-13.932 -3.289 0.747 95
-13.980 -3.220 0.775 82
-14.006 -3.149 0.809 59
-14.001 -3.178 0.794 88
-13.953 -3.258 0.759 63
-13.946 -3.338 0.716 82
-13.942 -3.344 0.714 77
-14.014 -3.232 0.761 84
-13.987 -3.187 0.791 96
-13.976 -3.389 0.682 86
-13.955 -3.313 0.728 67
-13.970 -3.273 0.748 66
-13.977 -3.203 0.785 88
-14.011 -3.151 0.807 81
-14.018 -3.151 0.805 73
-13.958 -3.387 0.687 79
-13.961 -3.331 0.717 82
-14.002 -3.288 0.732 56
-13.964 -3.371 0.695 87
-13.999 -3.166 0.801 64
-13.994 -3.248 0.757 84
-13.941 -3.353 0.709 68
-13.989 -3.219 0.773 78
-13.937 -3.313 0.732 92
-13.988 -3.293 0.732 53
-13.990 -3.197 0.786 89
-13.970 -3.271 0.749 55
-13.992 -3.231 0.766 87
-13.953 -3.340 0.714 74
-13.930 -3.347 0.715 87
-13.946 -3.267 0.756 59
-13.995 -3.292 0.732 56
-13.993 -3.236 0.763 86
-14.026 -3.153 0.803 75
-13.994 -3.173 0.798 53
-13.954 -3.304 0.733 76
-13.958 -3.265 0.754 49
-13.970 -3.314 0.725 94
-14.037 -3.326 0.562 30
-13.997 -3.390 0.610 47
-14.036 -3.346 0.534 117
-14.012 -3.390 0.556 42
-14.047 -3.318 0.537 46
-14.031 -3.356 0.540 112
-14.035 -3.328 0.568 33
-14.030 -3.358 0.542 112
-14.008 -3.395 0.564 28
-14.009 -3.369 0.600 55
-13.990 -3.388 0.639 51
-14.022 -3.361 0.564 33
-14.025 -3.354 0.563 42
-14.018 -3.382 0.546 102
-14.015 -3.356 0.595 55
-14.060 -3.294 0.524 132
-14.025 -3.366 0.544 118
-14.001 -3.390 0.596 42
-14.027 -3.338 0.581 49
-14.029 -3.338 0.572 40
-14.018 -3.349 0.594 55
-14.022 -3.373 0.543 101
-14.004 -3.396 0.575 26
-14.016 -3.365 0.578 50
-14.003 -3.387 0.592 57
-13.977 -3.410 0.655 67
-14.010 -3.392 0.561 37
-13.984 -3.398 0.647 44
-14.017 -3.374 0.562 43
-14.009 -3.368 0.601 54
-14.034 -3.333 0.563 35
-14.015 -3.385 0.552 93
-14.046 -3.310 0.552 26
-14.000 -3.380 0.615 62
-14.041 -3.327 0.547 33
-14.033 -3.342 0.554 33
-14.020 -3.355 0.577 51
-14.013 -3.379 0.567 39
-13.996 -3.384 0.621 68
-13.998 -3.378 0.623 64
-14.013 -3.390 0.553 56
-14.025 -3.358 0.556 45
-14.021 -3.362 0.564 38
-13.990 -3.405 0.615 34
-14.057 -3.297 0.533 65
-14.007 -3.381 0.589 55
-13.991 -3.394 0.627 37
-14.004 -3.374 0.608 51
-14.004 -3.369 0.617 50
-14.030 -3.338 0.572 38
-14.006 -3.396 0.569 27
-14.062 -3.290 0.523 126
-14.016 -3.388 0.545 61
-13.979 -3.409 0.649 33
-14.002 -3.398 0.582 23
-14.018 -3.350 0.592 55
-13.988 -3.397 0.633 41
-13.983 -3.406 0.638 34
-14.001 -3.373 0.623 46
-14.056 -3.299 0.531 65
-14.011 -3.358 0.605 55
-14.018 -3.368 0.566 39
-14.037 -3.341 0.541 80
-13.995 -3.393 0.615 40
-14.012 -3.392 0.551 43
-14.042 -3.315 0.561 25
-14.041 -3.321 0.553 28
-13.995 -3.392 0.614 40
-14.055 -3.305 0.527 120
-14.048 -3.307 0.548 26
-14.017 -3.379 0.552 93
-14.020 -3.377 0.545 100
-14.058 -3.298 0.525 125
-13.979 -3.411 0.646 33
-14.019 -3.347 0.595 53
-13.997 -3.392 0.609 36
-14.037 -3.331 0.553 31
-14.001 -3.394 0.588 33
-14.017 -3.378 0.557 76
-14.011 -3.398 0.547 37
-14.017 -3.382 0.550 101
-14.033 -3.337 0.560 32
-14.001 -3.388 0.600 49
-14.019 -3.351 0.587 56
-14.065 -3.284 0.522 122
-14.053 -3.126 0.779 80
-14.009 -3.347 0.631 43
-14.044 -3.171 0.748 69
-14.037 -3.256 0.658 63
-14.043 -3.168 0.756 72
-14.021 -3.280 0.677 60
-14.003 -3.304 0.708 74
-14.022 -3.316 0.627 54
-14.041 -3.245 0.657 87
-14.059 -3.087 0.810 65
-13.998 -3.311 0.716 69
-14.035 -3.245 0.678 83
-14.007 -3.308 0.689 69
-13.998 -3.352 0.662 68
-14.061 -3.168 0.692 63
-14.049 -3.263 0.605 48
-14.060 -3.058 0.844 71
-14.033 -3.235 0.698 92
-14.020 -3.254 0.717 53
-14.053 -3.268 0.584 40
-14.043 -3.170 0.752 71
-14.002 -3.359 0.639 46
-14.033 -3.181 0.773 73
-14.023 -3.207 0.771 65
-14.050 -3.094 0.830 79
-14.029 -3.309 0.611 45
-14.015 -3.280 0.697 54
-14.038 -3.221 0.701 88
-14.061 -3.211 0.633 60
-14.057 -3.238 0.610 71
-13.992 -3.334 0.707 78
-14.051 -3.203 0.682 86
-14.017 -3.242 0.745 86
-14.064 -3.097 0.780 65
-13.989 -3.357 0.685 63
-14.041 -3.186 0.740 67
-14.043 -3.249 0.645 85
-14.028 -3.300 0.627 49
-14.049 -3.150 0.758 84
-13.982 -3.375 0.684 99
-14.054 -3.275 0.571 45
-14.060 -3.105 0.782 73
-14.063 -3.215 0.623 64
-14.035 -3.166 0.787 101
-14.020 -3.247 0.725 74
-14.006 -3.335 0.657 70
-14.061 -3.140 0.730 97
-14.062 -3.120 0.753 89
-14.024 -3.285 0.662 57
-14.039 -3.190 0.738 66
-14.021 -3.313 0.633 53
-14.019 -3.258 0.712 64
-14.044 -3.223 0.678 94
-14.051 -3.182 0.710 79
-14.044 -3.137 0.794 94
-14.040 -3.227 0.687 91
-14.035 -3.252 0.671 73
-14.034 -3.311 0.592 37
-14.036 -3.188 0.753 68
-14.035 -3.295 0.613 45
-14.070 -3.225 0.584 48
-14.046 -3.291 0.579 46
-13.998 -3.321 0.701 74
-14.039 -3.290 0.606 45
-14.024 -3.245 0.714 73
-14.031 -3.257 0.676 64
-14.050 -3.098 0.826 65
-14.043 -3.271 0.614 48
-14.003 -3.352 0.642 58
-14.028 -3.290 0.643 50
-13.995 -3.371 0.646 77
-14.053 -3.238 0.626 78
-14.056 -3.165 0.712 76
-14.028 -3.311 0.614 47
-14.060 -3.145 0.726 95
-14.026 -3.272 0.673 55
-14.012 -3.284 0.703 54
-14.046 -3.230 0.662 90
-14.005 -3.333 0.660 70
-14.036 -3.261 0.652 60
-14.020 -3.296 0.659 53
-14.055 -3.212 0.653 63
-14.030 -3.208 0.747 64
-14.025 -3.240 0.720 80
-14.015 -3.278 0.703 58
-14.037 -3.199 0.733 67
-14.057 -3.084 0.819 62
-14.027 -3.231 0.727 72
-14.043 -3.262 0.626 56
-14.057 -3.182 0.688 82
-13.998 -3.370 0.636 62
-14.015 -3.258 0.726 78
-14.037 -3.302 0.595 39
-14.020 -3.315 0.635 57
-14.054 -3.281 0.565 51
-14.016 -3.260 0.721 49
-14.058 -3.284 0.546 37
-14.029 -3.231 0.716 82
-14.027 -3.307 0.621 47
-14.041 -3.279 0.613 46
-14.022 -3.219 0.757 64
-14.041 -3.234 0.673 92
-14.044 -3.226 0.674 93
-14.058 -3.078 0.827 73
-14.046 -3.124 0.804 91
-14.048 -3.296 0.564 40
-14.065 -3.239 0.582 35
-14.064 -3.247 0.573 46
-14.023 -3.285 0.663 57
-14.047 -3.121 0.805 89
-13.994 -3.324 0.712 70
-14.011 -3.343 0.628 52
-14.051 -3.237 0.634 82
-14.016 -3.320 0.642 55
-14.007 -3.286 0.720 51
-14.036 -3.219 0.711 76
-14.006 -3.319 0.676 62
-14.013 -3.317 0.657 63
-14.045 -3.159 0.761 78
-14.049 -3.186 0.710 74
-14.058 -3.286 0.543 32
-14.060 -3.107 0.778 74
-14.048 -3.112 0.814 84
-14.044 -3.289 0.587 42
-14.010 -3.268 0.732 77
-14.011 -3.317 0.662 59
-14.068 -3.212 0.610 68
-14.037 -3.188 0.751 67
-14.063 -3.238 0.592 43
-14.007 -3.352 0.628 53
-14.021 -3.326 0.615 57
-14.053 -3.151 0.743 89
-14.067 -3.232 0.585 44
-14.029 -3.227 0.723 71
-14.024 -3.249 0.710 63
-13.993 -3.359 0.669 68
-14.041 -3.284 0.606 47
-14.036 -3.244 0.675 90
-14.070 -3.247 0.556 54
-14.003 -3.299 0.716 73
-14.001 -3.352 0.649 64
-14.036 -3.273 0.638 53
-14.038 -3.158 0.786 80
-13.996 -3.346 0.675 67
-14.020 -3.264 0.704 59
-14.052 -3.137 0.766 89
-14.045 -3.262 0.619 53
-14.022 -3.318 0.621 49
-14.057 -3.221 0.636 62
-14.002 -3.338 0.667 66
-14.029 -3.229 0.723 74
-13.988 -3.367 0.673 106
-14.020 -3.289 0.670 61
-14.034 -3.245 0.684 86
-14.038 -3.191 0.741 65
-14.047 -3.175 0.731 66
-14.030 -3.326 0.585 41
-14.015 -3.246 0.747 86
-14.046 -3.142 0.781 89
-14.038 -3.299 0.595 41
-14.000 -3.346 0.660 62
-14.034 -3.172 0.781 89
-14.057 -3.171 0.704 79
-14.007 -3.315 0.680 65
-14.037 -3.240 0.681 92
-14.061 -3.073 0.822 70
-14.016 -3.271 0.706 65
-14.059 -3.147 0.727 90
-14.052 -3.276 0.577 43
-13.989 -3.377 0.658 92
-14.018 -3.323 0.629 59
-14.068 -3.203 0.621 60
-14.000 -3.335 0.675 67
-14.044 -3.126 0.810 94
-14.059 -3.148 0.727 90
-14.052 -3.090 0.828 80
-14.023 -3.222 0.752 65
-14.020 -3.269 0.697 67
-14.000 -3.305 0.718 65
-14.040 -3.185 0.742 65
-14.061 -3.242 0.594 50
-14.035 -3.191 0.751 67
-14.052 -3.237 0.630 81
-14.001 -3.313 0.702 70
-14.013 -3.247 0.750 85
-14.029 -3.253 0.687 66
-14.044 -3.266 0.619 53
-14.059 -3.189 0.670 81
-14.048 -3.107 0.821 75
-14.036 -3.155 0.799 82
-14.048 -3.269 0.602 54
-14.012 -3.321 0.653 60
-14.019 -3.223 0.761 75
-14.021 -3.300 0.649 57
-14.042 -3.207 0.706 82
-13.993 -3.332 0.703 73
-14.069 -3.210 0.607 63
-14.035 -3.218 0.716 69
-14.016 -3.276 0.702 57
-14.042 -3.231 0.674 93
-14.034 -3.248 0.676 77
-14.046 -3.169 0.743 68
-14.045 -3.288 0.585 44
-14.028 -3.309 0.615 48
-14.014 -3.255 0.735 88
-14.060 -3.154 0.717 88
-14.058 -3.123 0.763 85
-14.011 -3.279 0.713 58
-14.006 -3.318 0.679 65
-13.993 -3.345 0.687 69
-14.046 -3.144 0.779 88
-14.062 -3.158 0.702 81
-14.034 -3.301 0.607 47
-14.001 -3.361 0.637 50
-14.017 -3.232 0.755 86
-14.018 -3.257 0.719 49
-14.016 -3.295 0.673 55
-14.046 -3.243 0.645 85
-14.062 -3.104 0.776 79
-14.066 -3.152 0.696 70
-14.022 -3.261 0.700 66
-14.053 -3.166 0.725 61
-14.069 -3.254 0.550 42
-14.061 -3.106 0.778 74
-14.052 -3.210 0.667 84
-14.051 -3.176 0.716 75
-14.063 -3.140 0.724 95
-14.053 -3.102 0.812 71
-14.034 -3.240 0.689 89
-14.008 -3.340 0.643 59
-14.042 -3.284 0.603 47
-14.020 -3.344 0.595 57
-14.057 -3.267 0.572 39
-14.037 -3.182 0.758 69
-14.058 -3.096 0.801 75
-14.035 -3.229 0.700 87
-14.006 -3.344 0.643 53
-14.031 -3.212 0.739 66
-14.033 -3.257 0.671 64
-13.982 -3.384 0.673 97
-14.058 -3.075 0.829 75
-14.067 -3.172 0.667 59
-14.041 -3.162 0.770 75
-13.980 -3.400 0.656 68
-14.053 -3.288 0.558 44
-14.051 -3.126 0.785 83
-14.041 -3.166 0.764 74
-14.055 -3.210 0.658 74
-14.020 -3.297 0.656 54
-14.063 -3.106 0.771 83
-14.044 -3.158 0.766 78
-14.016 -3.245 0.744 86
-14.047 -3.108 0.824 76
-14.040 -3.163 0.774 77
-14.018 -3.239 0.744 85
-14.047 -3.228 0.660 91
-14.043 -3.271 0.616 51
-14.060 -3.243 0.594 50
-14.040 -3.231 0.681 90
-14.020 -3.333 0.609 56
-14.059 -3.257 0.578 36
-14.056 -3.256 0.591 39
-14.049 -3.203 0.687 88
-14.024 -3.317 0.618 45
-14.014 -3.272 0.711 66
-14.061 -3.258 0.572 33
-14.031 -3.316 0.595 37
-14.054 -3.201 0.672 79
-13.983 -3.373 0.684 110
-14.059 -3.102 0.788 68
-14.043 -3.124 0.815 96
-13.989 -3.372 0.664 103
-14.029 -3.240 0.708 84
-14.032 -3.264 0.664 60
-14.002 -3.344 0.659 64
-14.013 -3.313 0.660 62
-14.038 -3.181 0.755 65
-14.050 -3.125 0.790 90
-14.039 -3.195 0.735 68
-14.062 -3.141 0.727 97
-14.054 -3.215 0.655 66
-14.057 -3.249 0.598 63
-14.048 -3.212 0.680 92
-14.022 -3.306 0.640 55
-14.028 -3.208 0.751 64
-14.013 -3.310 0.664 64
-14.018 -3.273 0.698 56
-14.063 -3.142 0.720 91
-14.046 -3.214 0.683 92
-13.993 -3.326 0.711 70
-13.990 -3.353 0.688 72
-13.997 -3.375 0.631 52
-14.039 -3.151 0.791 71
-14.059 -3.226 0.622 72
-14.057 -3.164 0.711 73
-14.061 -3.069 0.825 78
-14.058 -3.289 0.540 31
-14.043 -3.285 0.595 44
-14.033 -3.289 0.627 51
-13.998 -3.335 0.684 70
-14.058 -3.080 0.821 63
-14.047 -3.228 0.661 91
-14.051 -3.143 0.761 88
-14.048 -3.298 0.561 35
-13.999 -3.322 0.698 86
-14.062 -3.117 0.758 87
-14.058 -3.209 0.647 58
-13.984 -3.373 0.679 104
-14.014 -3.310 0.662 61
-14.049 -3.127 0.789 90
-14.029 -3.302 0.623 46
-14.065 -3.157 0.692 60
-14.042 -3.294 0.586 39
-13.978 -3.394 0.672 89
-14.037 -3.174 0.766 73
-14.053 -3.111 0.799 73
-13.985 -3.382 0.666 97
-14.011 -3.344 0.627 52
-14.065 -3.220 0.608 67
-14.020 -3.327 0.616 57
-14.058 -3.287 0.540 31
-14.016 -3.275 0.701 57
-14.045 -3.281 0.594 45
-14.038 -3.297 0.597 41
-14.005 -3.349 0.640 48
-14.043 -3.202 0.711 75
-14.011 -3.289 0.700 65
-14.029 -3.181 0.787 93
-14.043 -3.247 0.650 85
-14.061 -3.143 0.728 97
-14.052 -3.149 0.751 86
-13.990 -3.361 0.676 81
-14.064 -3.122 0.744 75
-14.008 -3.340 0.642 59
-14.051 -3.186 0.704 81
-14.037 -3.194 0.740 64
-14.061 -3.191 0.660 67
-14.024 -3.235 0.728 82
-14.015 -3.280 0.698 61
-14.016 -3.238 0.753 88
-14.065 -3.233 0.591 45
-13.995 -3.338 0.692 70
-14.023 -3.312 0.628 51
-14.057 -3.289 0.541 29
-13.998 -3.306 0.723 60
-14.034 -3.206 0.737 64
-14.026 -3.337 0.585 49
-14.003 -3.320 0.685 74
-14.042 -3.250 0.648 83
-14.053 -3.174 0.711 84
-13.995 -3.363 0.654 88
-14.041 -3.265 0.631 53
-14.020 -3.283 0.676 59
-14.040 -3.296 0.594 42
-14.066 -3.269 0.539 29
-14.060 -3.277 0.550 45
-14.044 -3.275 0.606 49
-14.033 -3.190 0.762 68
-14.041 -3.135 0.807 88
-14.058 -3.263 0.573 32
-14.046 -3.122 0.810 89
-14.050 -3.106 0.816 77
-14.058 -3.078 0.825 73
-14.039 -3.248 0.662 80
-14.026 -3.307 0.628 51
-14.001 -3.316 0.700 67
-14.000 -3.361 0.640 62
-13.977 -3.398 0.672 87
-14.058 -3.278 0.555 46
-14.005 -3.364 0.618 52
-14.019 -3.285 0.679 57
-13.999 -3.346 0.663 64
-14.007 -3.338 0.649 60
-14.011 -3.266 0.730 72
-14.069 -3.262 0.537 29
-14.031 -3.229 0.715 87
-14.049 -3.213 0.674 92
-14.042 -3.131 0.808 92
-14.027 -3.307 0.622 49
-14.000 -3.353 0.652 60
-14.038 -3.201 0.727 65
-14.029 -3.224 0.729 65
-14.046 -3.215 0.680 92
-13.999 -3.310 0.714 69
-14.043 -3.278 0.608 45
-14.046 -3.277 0.597 47
-13.990 -3.367 0.668 98
-14.055 -3.142 0.747 89
-14.067 -3.219 0.603 47
-14.060 -3.163 0.702 71
-14.051 -3.178 0.715 75
-14.050 -3.180 0.716 72
-14.046 -3.147 0.775 89
-14.035 -3.291 0.618 47
-14.054 -3.125 0.776 85
-14.068 -3.213 0.608 68
-14.012 -3.257 0.741 93
-13.985 -3.392 0.651 63
-14.054 -3.187 0.690 80
-14.042 -3.252 0.644 80
-14.030 -3.187 0.774 72
-14.001 -3.319 0.694 68
-14.023 -3.327 0.610 52
-14.046 -3.235 0.653 84
-14.038 -3.183 0.752 65
-14.067 -3.225 0.594 44
-14.062 -3.284 0.534 24
-14.003 -3.303 0.709 74
-14.014 -3.294 0.681 60
-14.043 -3.288 0.594 42
-14.055 -3.264 0.584 42
-14.060 -3.127 0.752 93
-14.023 -3.239 0.727 90
-14.053 -3.180 0.705 85
-14.065 -3.236 0.586 43
-14.017 -3.241 0.744 86
-14.041 -3.309 0.571 30
-14.023 -3.223 0.748 67
-14.005 -3.315 0.687 66
-14.048 -3.126 0.795 92
-14.045 -3.171 0.745 65
-13.991 -3.382 0.645 86
-14.060 -3.187 0.672 83
-14.021 -3.244 0.728 83
-14.026 -3.243 0.713 73
-14.053 -3.221 0.650 77
-13.985 -3.371 0.681 103
-14.044 -3.195 0.715 76
-14.048 -3.158 0.752 79
-14.004 -3.329 0.670 77
-14.016 -3.245 0.742 86
-14.048 -3.179 0.721 66
-14.030 -3.276 0.653 49
-14.061 -3.071 0.822 73
-14.055 -3.143 0.749 88
-14.064 -3.195 0.646 59
-14.065 -3.246 0.572 48
-14.056 -3.192 0.676 83
-14.041 -3.257 0.642 62
-14.009 -3.292 0.704 67
-14.013 -3.289 0.692 66
-14.064 -3.153 0.702 76
-14.020 -3.325 0.619 56
-14.003 -3.341 0.659 66
-14.048 -3.267 0.605 46
-14.049 -3.161 0.744 74
-14.052 -3.150 0.749 89
-14.051 -3.266 0.593 52
-14.035 -3.209 0.728 68
-14.068 -3.211 0.611 68
-14.010 -3.345 0.628 47
-14.045 -3.220 0.679 93
-14.009 -3.324 0.659 62
-14.059 -3.068 0.834 72
-14.050 -3.162 0.738 68
-13.998 -3.337 0.680 71
-14.034 -3.257 0.666 63
-13.980 -3.394 0.668 89
-14.020 -3.249 0.721 61
-14.064 -3.102 0.771 83
-14.044 -3.148 0.780 84
-14.027 -3.319 0.607 45
-14.047 -3.260 0.616 58
-14.052 -3.191 0.693 81
-14.064 -3.179 0.665 73
-14.065 -3.223 0.602 56
-13.992 -3.358 0.674 64
-14.053 -3.249 0.610 73
-14.102 -3.214 0.518 97
-14.187 -3.065 0.556 47
-14.158 -3.113 0.536 42
-14.082 -3.251 0.514 123
-14.137 -3.148 0.524 74
-14.107 -3.205 0.520 95
-14.091 -3.233 0.513 121
-14.106 -3.213 0.533 47
-14.169 -3.100 0.555 53
-14.168 -3.095 0.539 51
-14.164 -3.097 0.528 50
-14.174 -3.096 0.568 56
-14.124 -3.171 0.518 55
-14.160 -3.104 0.525 41
-14.167 -3.101 0.549 53
-14.163 -3.117 0.570 46
-14.185 -3.069 0.557 47
-14.182 -3.079 0.564 55
-14.110 -3.203 0.529 43
-14.141 -3.151 0.549 36
-14.171 -3.096 0.554 47
-14.101 -3.221 0.530 46
-14.135 -3.151 0.519 71
-14.119 -3.182 0.522 53
-14.164 -3.097 0.528 50
-14.113 -3.201 0.537 47
-14.116 -3.187 0.519 70
-14.143 -3.143 0.535 57
-14.217 -3.025 0.596 41
-14.211 -3.033 0.589 51
-14.154 -3.126 0.547 34
-14.150 -3.138 0.558 33
-14.197 -3.058 0.583 64
-14.202 -3.050 0.585 67
-14.205 -3.039 0.577 63
-14.148 -3.124 0.515 68
-14.194 -3.059 0.572 61
-14.113 -3.199 0.533 44
-14.119 -3.183 0.522 53
-14.170 -3.096 0.550 46
-14.219 -3.023 0.602 39
-14.193 -3.065 0.584 66
-14.138 -3.152 0.538 31
-14.149 -3.141 0.560 33
-14.179 -3.082 0.556 48
-14.118 -3.186 0.524 40
-14.135 -3.146 0.508 74
-14.176 -3.082 0.545 48
-14.108 -3.206 0.527 46
-14.152 -3.117 0.516 35
-14.137 -3.159 0.549 43
-14.127 -3.175 0.537 48
-14.141 -3.151 0.549 31
-14.156 -3.117 0.535 40
-14.169 -3.092 0.535 48
-14.161 -3.106 0.533 47
-14.197 -3.053 0.570 61
-14.138 -3.143 0.514 76
-14.212 -3.035 0.598 52
-14.218 -3.022 0.593 31
-14.159 -3.110 0.536 45
-14.216 -3.027 0.598 45
-14.148 -3.123 0.514 33
-14.141 -3.153 0.551 31
-14.155 -3.125 0.549 34
-14.171 -3.090 0.543 43
-14.176 -3.086 0.557 49
-14.177 -3.083 0.553 50
-14.151 -3.135 0.556 29
-14.170 -3.101 0.561 50
-14.173 -3.086 0.541 42
-14.152 -3.115 0.515 35
-14.179 -3.090 0.578 61
-14.213 -3.032 0.595 42
-14.129 -3.172 0.543 49
-14.129 -3.158 0.511 73
-14.167 -3.110 0.569 57
-14.146 -3.127 0.516 29
-14.149 -3.126 0.524 24
-14.193 -3.063 0.578 62
-14.159 -3.117 0.550 30
-14.142 -3.150 0.551 36
-14.207 -3.042 0.590 64
-14.164 -3.100 0.534 49
-14.128 -3.163 0.516 70
-14.186 -3.072 0.565 57
-14.210 -3.038 0.594 58
-14.158 -3.115 0.542 37
-14.146 -3.141 0.548 38
-14.156 -3.124 0.551 43
-14.184 -3.077 0.569 49
-14.212 -3.034 0.596 45
-14.181 -3.076 0.553 47
-14.156 -3.128 0.561 36
-14.124 -3.172 0.522 49
-14.213 -3.029 0.588 44
-14.091 -3.234 0.514 118
-14.186 -3.079 0.583 47
-14.186 -3.077 0.579 39
-14.209 -3.035 0.586 50
-14.084 -3.156 0.658 62
-14.221 -2.996 0.640 52
-14.109 -3.141 0.634 78
-14.222 -2.996 0.638 52
-14.202 -3.050 0.597 64
-14.098 -3.057 0.773 73
-14.073 -3.054 0.825 72
-14.154 -3.098 0.614 73
-14.128 -3.137 0.606 53
-14.094 -3.123 0.688 61
-14.131 -3.162 0.563 43
-14.152 -3.080 0.643 60
-14.101 -3.079 0.737 70
-14.109 -3.201 0.547 51
-14.210 -3.019 0.628 51
-14.094 -3.230 0.533 46
-14.072 -3.160 0.675 63
-14.164 -3.022 0.706 61
-14.213 -3.032 0.603 50
-14.168 -3.055 0.652 92
-14.107 -3.086 0.716 92
-14.085 -3.116 0.714 103
-14.123 -3.073 0.707 88
-14.078 -3.160 0.662 62
-14.098 -3.061 0.769 79
-14.184 -3.023 0.667 60
-14.066 -3.057 0.832 70
-14.092 -3.084 0.747 94
-14.176 -3.029 0.675 58
-14.115 -3.045 0.762 72
-14.149 -3.092 0.634 65
-14.159 -3.059 0.661 87
-14.136 -3.153 0.569 44
-14.144 -3.145 0.564 37
-14.064 -3.060 0.832 72
-14.154 -3.074 0.650 83
-14.110 -3.114 0.671 56
-14.150 -3.114 0.599 33
-14.141 -3.117 0.612 45
-14.187 -3.011 0.681 67
-14.174 -3.050 0.647 46
-14.084 -3.076 0.773 87
-14.193 -3.065 0.591 66
-14.091 -3.077 0.759 86
-14.092 -3.047 0.800 74
-14.076 -3.175 0.645 74
-14.142 -3.117 0.609 49
-14.187 -3.036 0.645 56
-14.140 -3.047 0.713 37
-14.148 -3.092 0.635 65
-14.108 -3.126 0.658 67
-14.134 -3.074 0.685 82
-14.084 -3.168 0.641 60
-14.120 -3.041 0.759 70
-14.200 -3.037 0.620 57
-14.106 -3.139 0.641 72
-14.167 -3.073 0.628 80
-14.073 -3.253 0.539 31
-14.141 -3.096 0.642 81
-14.137 -3.073 0.681 95
-14.203 -3.010 0.653 67
-14.092 -3.214 0.560 50
-14.134 -3.127 0.609 64
-14.131 -3.130 0.610 76
-14.156 -3.119 0.582 44
-14.171 -3.021 0.694 55
-14.124 -3.131 0.620 62
-14.128 -3.074 0.696 95
-14.082 -3.127 0.705 91
-14.137 -3.087 0.661 87
-14.151 -3.095 0.625 46
-14.215 -3.016 0.623 55
-14.147 -3.054 0.690 53
-14.085 -3.071 0.779 75
-14.144 -3.087 0.647 82
-14.175 -3.022 0.686 55
-14.161 -3.064 0.651 84
-14.081 -3.091 0.757 86
-14.097 -3.051 0.784 71
-14.201 -3.029 0.629 58
-14.078 -3.084 0.773 81
-14.129 -3.042 0.740 67
-14.076 -3.114 0.732 95
-14.129 -3.090 0.671 89
-14.065 -3.046 0.849 69
-14.116 -3.185 0.557 57
-14.099 -3.109 0.698 87
-14.193 -3.014 0.665 69
-14.120 -3.183 0.553 53
-14.077 -3.133 0.703 82
-14.121 -3.085 0.692 94
-14.156 -3.023 0.719 55
-14.079 -3.206 0.595 52
-14.078 -3.238 0.551 53
-14.115 -3.099 0.683 86
-14.068 -3.057 0.828 79
-14.076 -3.119 0.726 98
-14.125 -3.145 0.599 44
-14.100 -3.176 0.600 52
-14.150 -3.067 0.666 100
-14.090 -3.139 0.671 57
-14.138 -3.135 0.590 47
-14.083 -3.236 0.543 51
-14.139 -3.050 0.711 47
-14.082 -3.117 0.716 101
-14.166 -3.106 0.582 62
-14.147 -3.096 0.631 71
-14.202 -3.050 0.597 64
-14.093 -3.194 0.586 48
-14.150 -3.126 0.580 44
-14.143 -3.104 0.625 60
-14.074 -3.242 0.551 55
-14.121 -3.042 0.756 78
-14.176 -3.033 0.668 62
-14.083 -3.164 0.647 58
-14.117 -3.090 0.694 94
-14.128 -3.066 0.708 97
-14.170 -3.096 0.588 67
-14.207 -3.028 0.620 61
-14.095 -3.123 0.685 55
-14.175 -3.055 0.637 52
-14.084 -3.144 0.675 58
-14.069 -3.174 0.658 57
-14.157 -3.062 0.660 87
-14.207 -3.032 0.614 78
-14.137 -3.071 0.684 68
-14.151 -3.040 0.703 43
-14.172 -3.041 0.665 52
-14.212 -3.016 0.628 53
-14.119 -3.038 0.765 76
-14.220 -3.005 0.629 50
-14.154 -3.097 0.616 52
-14.120 -3.179 0.560 57
-14.146 -3.111 0.610 68
-14.130 -3.101 0.654 57
-14.135 -3.074 0.685 82
-14.140 -3.029 0.740 73
-14.219 -3.005 0.632 42
-14.149 -3.056 0.684 78
-14.184 -3.025 0.665 59
-14.179 -3.090 0.582 67
-14.176 -3.051 0.643 44
-14.082 -3.130 0.699 84
-14.137 -3.033 0.739 74
-14.073 -3.221 0.584 52
-14.152 -3.067 0.663 94
-14.121 -3.052 0.741 76
-14.090 -3.135 0.677 50
-14.156 -3.080 0.638 78
-14.173 -3.012 0.704 64
-14.121 -3.132 0.624 76
-14.105 -3.173 0.595 45
-14.095 -3.183 0.599 50
-14.203 -3.041 0.608 48
-14.085 -3.060 0.794 65
-14.107 -3.085 0.718 92
-14.109 -3.074 0.731 96
-14.084 -3.088 0.756 87
-14.088 -3.089 0.746 88
-14.098 -3.100 0.714 97
-14.137 -3.112 0.624 79
-14.074 -3.088 0.773 87
-14.185 -3.038 0.644 59
-14.179 -3.053 0.634 44
-14.090 -3.048 0.802 73
-14.111 -3.163 0.598 49
-14.219 -3.020 0.609 43
-14.198 -3.014 0.657 56
-14.129 -3.128 0.618 56
-14.073 -3.226 0.578 46
-14.175 -3.057 0.636 61
-14.193 -3.025 0.649 72
-14.115 -3.159 0.598 43
-14.119 -3.153 0.599 41
-14.095 -3.231 0.529 51
-14.083 -3.129 0.697 84
-14.096 -3.166 0.622 57
-14.134 -3.164 0.556 43
-14.100 -3.046 0.786 74
-14.088 -3.100 0.731 94
-14.195 -3.030 0.640 58
-14.084 -3.147 0.669 60
-14.083 -3.098 0.742 71
-14.097 -3.180 0.600 53
-14.172 -3.077 0.612 80
-14.183 -3.016 0.681 68
-14.179 -3.019 0.683 59
-14.065 -3.069 0.818 64
-14.111 -3.152 0.615 70
-14.152 -3.073 0.655 69
-14.118 -3.037 0.767 76
-14.202 -3.027 0.630 58
-14.087 -3.164 0.641 56
-14.113 -3.168 0.589 40
-14.071 -3.100 0.762 82
-14.136 -3.130 0.602 47
-14.118 -3.044 0.757 75
-14.208 -3.004 0.652 54
-14.074 -3.223 0.579 52
-14.082 -3.178 0.629 70
-14.171 -3.101 0.580 61
-14.084 -3.103 0.735 80
-14.126 -3.027 0.768 66
-14.079 -3.161 0.659 60
-14.194 -3.051 0.610 51
-14.089 -3.154 0.651 77
-14.141 -3.055 0.699 92
-14.111 -3.089 0.706 92
-14.213 -3.014 0.629 54
-14.103 -3.043 0.787 75
-14.080 -3.081 0.772 81
-14.137 -3.135 0.593 46
-14.083 -3.136 0.688 55
-14.111 -3.132 0.642 62
-14.195 -3.032 0.637 48
-14.068 -3.080 0.796 60
-14.103 -3.100 0.705 98
-14.172 -3.067 0.627 58
-14.171 -3.069 0.625 64
-14.185 -3.074 0.593 61
-14.200 -3.046 0.607 47
-14.147 -3.075 0.660 70
-14.100 -3.036 0.803 61
-14.063 -3.088 0.793 70
-14.106 -3.092 0.709 94
-14.096 -3.094 0.725 98
-14.170 -3.067 0.631 64
-14.122 -3.122 0.638 52
-14.156 -3.109 0.596 45
-14.179 -3.053 0.634 44
-14.097 -3.209 0.559 50
-14.085 -3.240 0.535 49
-14.085 -3.112 0.720 97
-14.075 -3.071 0.797 63
-14.120 -3.124 0.637 61
-14.169 -3.018 0.703 60
-14.111 -3.178 0.578 44
-14.115 -3.110 0.669 66
-14.088 -3.217 0.563 53
-14.087 -3.053 0.801 87
-14.100 -3.095 0.716 100
-14.076 -3.234 0.560 51
-14.136 -3.110 0.630 85
-14.165 -3.039 0.681 59
-14.081 -3.136 0.693 67
-14.100 -3.147 0.642 76
-14.172 -3.073 0.618 79
-14.167 -3.031 0.688 55
-14.073 -3.108 0.747 95
-14.204 -3.010 0.651 63
-14.144 -3.094 0.640 89
-14.140 -3.067 0.685 70
-14.096 -3.065 0.767 90
-14.132 -3.152 0.577 47
-14.153 -3.039 0.703 44
-14.082 -3.245 0.534 39
-14.150 -3.124 0.585 43
-14.190 -3.008 0.678 60
-14.073 -3.169 0.658 56
-14.063 -3.080 0.805 66
-14.143 -3.120 0.603 47
-14.112 -3.162 0.599 48
-14.080 -3.092 0.757 85
-14.102 -3.079 0.735 88
-14.165 -3.096 0.598 62
-14.134 -3.061 0.703 79
-14.086 -3.143 0.674 57
-14.126 -3.176 0.553 52
-14.154 -3.072 0.652 82
-14.217 -2.997 0.646 56
-14.099 -3.124 0.676 67
-14.159 -3.042 0.686 47
-14.096 -3.211 0.557 51
-14.070 -3.085 0.786 65
-14.125 -3.178 0.552 52
-14.151 -3.111 0.602 48
-14.087 -3.065 0.783 79
-14.070 -3.067 0.810 63
-14.131 -3.061 0.710 113
-14.197 -3.010 0.662 58
-14.117 -3.059 0.738 81
-14.145 -3.134 0.580 41
-14.143 -3.140 0.575 39
-14.159 -3.040 0.690 44
-14.162 -3.042 0.681 45
-14.072 -3.068 0.805 59
-14.176 -3.062 0.626 47
-14.099 -3.070 0.754 84
-14.135 -3.126 0.608 64
-14.150 -3.085 0.641 65
-14.070 -3.111 0.749 95
-14.118 -3.090 0.692 94
-14.096 -3.143 0.655 59
-14.092 -3.193 0.590 47
-14.111 -3.089 0.706 95
-14.114 -3.080 0.712 96
-14.118 -3.066 0.726 61
-14.072 -3.086 0.780 55
-14.137 -3.097 0.647 82
-14.084 -3.192 0.607 55
-14.113 -3.051 0.758 67
-14.145 -3.067 0.676 85
-14.108 -3.059 0.755 70
-14.125 -3.088 0.682 89
-14.073 -3.155 0.679 62
-14.082 -3.056 0.807 82
-14.066 -3.131 0.726 91
-14.147 -3.074 0.663 84
-14.184 -3.070 0.601 62
-14.123 -3.117 0.644 53
-14.148 -3.024 0.732 66
-14.100 -3.067 0.757 75
-14.111 -3.167 0.593 41
-14.189 -3.051 0.618 55
-14.120 -3.174 0.568 56
-14.086 -3.222 0.561 52
-14.186 -3.027 0.658 53
-14.078 -3.095 0.757 83
-14.147 -3.020 0.740 57
-14.085 -3.109 0.722 95
-14.082 -3.107 0.732 95
-14.119 -3.169 0.576 46
-14.065 -3.074 0.810 63
-14.075 -3.171 0.652 60
-14.096 -3.217 0.547 53
-14.118 -3.136 0.625 77
-14.142 -3.024 0.742 61
-14.080 -3.099 0.746 88
-14.081 -3.219 0.572 53
-14.145 -3.023 0.740 53
-14.127 -3.080 0.688 94
-14.202 -3.050 0.597 64
-14.131 -3.028 0.757 73
-14.125 -3.121 0.634 64
-14.203 -3.007 0.657 67
-14.074 -3.097 0.760 78
-14.094 -3.076 0.755 86
-14.130 -3.087 0.674 94
-14.077 -3.120 0.721 98
-14.143 -3.027 0.737 58
-14.075 -3.084 0.777 82
-14.158 -3.064 0.656 86
-14.070 -3.133 0.715 93
-14.106 -3.131 0.655 56
-14.113 -3.185 0.562 58
-14.160 -3.067 0.649 66
-14.192 -3.016 0.665 69
-14.149 -3.119 0.593 48
-14.091 -3.239 0.527 56
-14.092 -3.052 0.794 75
-14.068 -3.103 0.763 87
-14.136 -3.044 0.725 59
-14.123 -3.144 0.604 50
-14.165 -3.025 0.698 57
-14.087 -3.198 0.593 46
-14.098 -3.069 0.759 64
-14.098 -3.175 0.605 43
-14.113 -3.202 0.540 50
-14.145 -3.044 0.710 40
-14.092 -3.237 0.528 52
-14.079 -3.177 0.635 72
-14.170 -3.095 0.590 61
-14.113 -3.198 0.544 53
-14.074 -3.258 0.529 36
-14.133 -3.104 0.645 56
-14.093 -3.202 0.575 52
-14.152 -3.045 0.695 45
-14.084 -3.173 0.633 62
-14.131 -3.074 0.691 93
-14.153 -3.073 0.652 82
-14.126 -3.156 0.581 39
-14.163 -3.111 0.579 50
-14.089 -3.041 0.814 68
-14.124 -3.047 0.743 67
-14.099 -3.065 0.762 78
-14.153 -3.054 0.681 78
-14.120 -3.131 0.629 65
-14.095 -3.227 0.536 46
-14.085 -3.093 0.747 92
-14.194 -3.044 0.619 54
-14.192 -3.037 0.633 36
-14.094 -3.152 0.645 79
-14.126 -3.141 0.605 53
-14.140 -3.136 0.585 42
-14.096 -3.155 0.637 75
-14.156 -3.063 0.661 91
-14.088 -3.224 0.553 52
-14.107 -3.173 0.592 40
-14.113 -3.082 0.711 94
-14.148 -3.025 0.730 65
-14.077 -3.098 0.755 88
-14.123 -3.066 0.718 84
-14.081 -3.123 0.712 101
-14.073 -3.068 0.804 59
-14.090 -3.231 0.539 52
-14.087 -3.056 0.796 81
-14.109 -3.059 0.752 70
-14.119 -3.049 0.749 70
-14.073 -3.117 0.733 91
-14.172 -3.063 0.632 49
-14.074 -3.180 0.641 76
-14.119 -3.036 0.767 76
-14.163 -3.022 0.709 51
-14.107 -3.090 0.711 86
-14.099 -3.139 0.656 58
-14.068 -3.102 0.766 84
-14.086 -3.163 0.644 58
-14.201 -3.037 0.618 60
-14.089 -3.159 0.645 67
-14.074 -3.253 0.536 34
-14.081 -3.216 0.578 52
-14.131 -3.147 0.586 39
-14.080 -3.094 0.754 87
-14.108 -3.060 0.753 71
-14.170 -3.056 0.646 82
-14.073 -3.116 0.736 71
-14.070 -3.074 0.801 64
-14.161 -3.046 0.676 48
-14.160 -3.065 0.652 83
-14.075 -3.066 0.803 64
-14.212 -3.007 0.641 65
-14.069 -3.104 0.759 90
-14.222 -3.018 0.606 42
-14.108 -3.191 0.565 59
-14.101 -3.067 0.755 75
-14.171 -3.036 0.672 57
-14.163 -3.016 0.716 57
-14.119 -3.034 0.770 75
-14.080 -3.053 0.813 82
-14.079 -3.047 0.825 60
-14.106 -3.142 0.638 77
-14.079 -3.241 0.544 49
-14.130 -3.154 0.577 44
-14.136 -3.054 0.711 73
-14.156 -3.115 0.586 46
-14.072 -3.143 0.699 66
-14.106 -3.094 0.708 97
-14.121 -3.125 0.635 58
-14.195 -3.007 0.672 64
-14.195 -3.063 0.591 65
-14.071 -3.092 0.775 82
-14.117 -3.130 0.635 73
-14.096 -3.185 0.594 48
-14.111 -3.114 0.669 54
-14.104 -3.042 0.785 75
-14.063 -3.062 0.831 76
-14.152 -3.089 0.632 53
-14.120 -3.061 0.730 59
-14.094 -3.117 0.696 74
-14.088 -3.065 0.783 82
-14.129 -3.033 0.754 66
-14.104 -3.078 0.734 96
-14.073 -3.167 0.661 57
-14.173 -3.023 0.689 57
-14.097 -3.081 0.742 69
-14.112 -3.133 0.640 72
-14.101 -3.132 0.662 61
-14.148 -3.046 0.700 35
-14.103 -3.067 0.751 80
-14.084 -3.070 0.782 77
-14.166 -3.110 0.576 51
-14.094 -3.177 0.610 49
-14.085 -3.081 0.765 89
-14.067 -3.113 0.750 93
-14.140 -3.106 0.628 72
-14.166 -3.036 0.682 61
-14.151 -3.088 0.634 48
-14.144 -3.026 0.738 57
-14.085 -3.109 0.723 95
-14.157 -3.047 0.682 72
-14.072 -3.126 0.724 97
-14.118 -3.087 0.696 93
-14.235 -2.993 0.619 20
-14.179 -3.082 0.592 70
-14.191 -3.055 0.610 48
-14.111 -3.044 0.769 74
-14.114 -3.045 0.763 72
-14.197 -3.018 0.651 61
-14.157 -3.089 0.622 71
-14.081 -3.061 0.800 79
-14.070 -3.073 0.803 58
-14.073 -3.196 0.620 62
-14.110 -3.050 0.763 72
-14.175 -3.016 0.694 60
-14.151 -3.074 0.655 69
-14.158 -3.030 0.704 40
-14.172 -3.013 0.703 60
-14.133 -3.090 0.664 87
-14.169 -3.083 0.610 75
-14.081 -3.098 0.746 97
-14.155 -3.082 0.634 57
-14.173 -3.043 0.660 37
-14.076 -3.113 0.734 89
-14.160 -3.122 0.570 42
-14.068 -3.164 0.675 63
-14.080 -3.253 0.526 46
-14.122 -3.109 0.657 70
-14.211 -3.006 0.643 65
-14.144 -3.066 0.678 81
-14.074 -3.215 0.591 51
-14.108 -3.140 0.638 77
-14.111 -3.095 0.697 98
-14.200 -3.043 0.611 46
-14.119 -3.141 0.617 69
-14.071 -3.074 0.799 61
-14.190 -3.011 0.675 64
-14.135 -3.066 0.695 87
-14.226 -2.997 0.568 24
-14.196 -3.040 0.534 43
-14.223 -2.999 0.559 30
-14.218 -3.015 0.576 30
-14.212 -3.028 0.579 43
-14.185 -3.055 0.519 47
-14.197 -3.035 0.525 33
-14.186 -3.051 0.510 175
-14.211 -3.008 0.522 78
-14.227 -3.004 0.594 26
-14.212 -3.024 0.571 36
-14.176 -3.071 0.515 56
-14.200 -3.030 0.528 31
-14.181 -3.056 0.502 155
-14.210 -3.013 0.530 21
-14.205 -3.015 0.511 169
-14.201 -3.029 0.527 27
-14.191 -3.054 0.547 49
-14.215 -3.022 0.582 35
-14.197 -3.024 0.496 147
-14.205 -3.015 0.510 169
-14.205 -3.030 0.551 41
-14.162 -3.095 0.511 139
-14.177 -3.070 0.520 31
-14.202 -3.025 0.522 42
-14.188 -3.048 0.515 112
-14.200 -3.036 0.545 46
-14.212 -3.008 0.526 22
-14.205 -3.016 0.512 171
-14.215 -3.012 0.554 30
-14.176 -3.071 0.515 56
-14.182 -3.064 0.529 39
-14.194 -3.046 0.538 40
-14.167 -3.088 0.518 25
-14.214 -3.011 0.545 13
-14.196 -3.027 0.498 149
-14.203 -3.032 0.547 43
-14.227 -2.998 0.575 26
-14.188 -3.044 0.505 172
-14.172 -3.079 0.516 23
-14.220 -3.003 0.556 29
-14.193 -3.033 0.498 144
-14.180 -3.072 0.536 37
-14.219 -3.002 0.545 20
-14.220 -3.008 0.568 38
-14.202 -3.019 0.508 162
-14.210 -3.017 0.543 36
-14.214 -3.014 0.555 31
-14.229 -2.995 0.579 37
-14.217 -3.004 0.542 19
-14.214 -3.016 0.562 39
-14.225 -3.008 0.592 39
-14.169 -3.087 0.525 30
-14.183 -3.062 0.528 36
-14.235 -2.994 0.607 29
-14.196 -3.043 0.541 44
-14.237 -2.991 0.609 22
-14.203 -3.018 0.511 165
-14.174 -3.082 0.533 40
-14.216 -3.015 0.569 42
-14.209 -3.028 0.567 39
-14.185 -3.064 0.542 43
-14.190 -3.048 0.523 31
-14.197 -3.035 0.524 33
-14.200 -3.019 0.498 149
-14.182 -3.061 0.518 33
-14.208 -3.019 0.537 33
-14.227 -3.003 0.592 34
-14.216 -3.003 0.537 21
-14.191 -3.057 0.557 38
-14.151 -3.116 0.509 172
-14.195 -3.039 0.524 34
-14.198 -3.044 0.553 53
-14.187 -3.059 0.539 35
-14.182 -3.072 0.546 47
-14.233 -2.996 0.600 55
-14.190 -3.055 0.544 49
-14.212 -3.015 0.545 35
-14.198 -3.048 0.564 53
-14.206 -3.016 0.516 140
-14.214 -3.021 0.574 37
-14.176 -3.074 0.525 34
-14.199 -3.038 0.541 43
-14.206 -3.029 0.554 42
-14.169 -3.087 0.523 30
-13.925 -3.289 0.712 38
-13.936 -3.260 0.715 40
-13.979 -3.103 0.779 67
-13.937 -3.290 0.668 47
-13.946 -3.260 0.677 41
-13.944 -3.264 0.678 41
-13.978 -3.104 0.781 66
-13.972 -3.119 0.782 62
-13.923 -3.303 0.699 42
-13.944 -3.229 0.729 46
-13.932 -3.324 0.635 28
-13.945 -3.277 0.656 39
-13.967 -3.163 0.736 69
-13.920 -3.311 0.698 32
-13.949 -3.212 0.734 72
-13.972 -3.146 0.744 46
-13.922 -3.281 0.734 48
-13.957 -3.189 0.738 53
-13.932 -3.302 0.669 52
-13.916 -3.319 0.703 30
-13.931 -3.332 0.628 31
-13.950 -3.209 0.736 63
-13.940 -3.275 0.677 53
-13.924 -3.347 0.632 60
-13.950 -3.234 0.700 61
-13.928 -3.349 0.617 60
-13.958 -3.183 0.742 57
-13.927 -3.324 0.654 26
-13.924 -3.270 0.742 49
-13.976 -3.120 0.765 66
-13.948 -3.225 0.719 59
-13.922 -3.288 0.726 42
-13.936 -3.290 0.672 47
-13.943 -3.256 0.691 51
-13.936 -3.246 0.732 65
-13.918 -3.306 0.712 50
-13.943 -3.244 0.711 73
-13.942 -3.255 0.697 53
-13.934 -3.278 0.693 49
-13.969 -3.159 0.735 66
-13.967 -3.132 0.781 46
-13.917 -3.320 0.698 26
-13.925 -3.307 0.688 37
-13.945 -3.234 0.718 61
-13.941 -3.309 0.625 40
-13.933 -3.325 0.632 29
-13.942 -3.233 0.728 59
-13.942 -3.291 0.649 56
-13.931 -3.327 0.637 31
-13.966 -3.168 0.732 66
-13.947 -3.222 0.727 52
-13.932 -3.337 0.618 28
-13.952 -3.231 0.695 59
-13.913 -3.325 0.703 31
-13.933 -3.313 0.651 33
-13.944 -3.270 0.671 44
-13.970 -3.124 0.781 61
-13.940 -3.277 0.674 55
-13.918 -3.297 0.726 46
-13.929 -3.299 0.683 53
-13.958 -3.173 0.757 55
-13.969 -3.129 0.779 52
-13.939 -3.244 0.725 68
-13.919 -3.296 0.725 46
-13.957 -3.167 0.770 54
-13.951 -3.210 0.727 76
-13.942 -3.215 0.757 69
-13.930 -3.268 0.724 39
-13.967 -3.162 0.739 71
-13.956 -3.180 0.753 53
-13.940 -3.292 0.653 56
-13.946 -3.282 0.645 52
-13.944 -3.254 0.694 52
-13.924 -3.333 0.653 31
-13.956 -3.174 0.761 55
-13.934 -3.307 0.654 37
-13.935 -3.280 0.689 52
-13.934 -3.299 0.666 55
-13.933 -3.355 0.591 47
-13.927 -3.295 0.698 41
-13.934 -3.315 0.641 37
-13.940 -3.256 0.705 51
-13.917 -3.296 0.732 45
-13.940 -3.289 0.657 57
-13.929 -3.264 0.735 64
-13.930 -3.350 0.608 43
-13.950 -3.241 0.691 56
-13.960 -3.205 0.705 39
-13.931 -3.289 0.690 46
-13.967 -3.142 0.769 39
-13.928 -3.303 0.680 50
-13.970 -3.142 0.758 46
-13.964 -3.195 0.705 62
-13.968 -3.128 0.783 54
-13.974 -3.114 0.781 61
-13.950 -3.226 0.710 62
-13.968 -3.147 0.757 51
-13.947 -3.238 0.705 61
-13.968 -3.145 0.762 48
-13.946 -3.268 0.664 44
-13.934 -3.341 0.606 32
-13.934 -3.318 0.637 33
-13.944 -3.263 0.680 44
-13.935 -3.291 0.672 47
-13.939 -3.323 0.615 31
-13.955 -3.201 0.727 74
-13.948 -3.218 0.731 63
-13.941 -3.223 0.748 61
-13.951 -3.202 0.741 59
-13.941 -3.305 0.632 42
-13.932 -3.242 0.754 86
-13.946 -3.253 0.686 52
-13.964 -3.183 0.719 54
-13.913 -3.319 0.714 34
-13.920 -3.291 0.728 40
-13.955 -3.218 0.703 62
-13.936 -3.260 0.713 42
-13.939 -3.273 0.684 48
-13.945 -3.232 0.720 65
-13.920 -3.315 0.692 27
-13.917 -3.316 0.702 35
-13.954 -3.201 0.733 67
-13.920 -3.297 0.720 49
-13.929 -3.339 0.625 29
-13.941 -3.308 0.625 40
-13.959 -3.170 0.757 54
-13.960 -3.170 0.753 53
-13.932 -3.251 0.742 74
-13.963 -3.164 0.751 51
-13.948 -3.253 0.680 55
-13.919 -3.297 0.723 46
-13.957 -3.183 0.744 55
-13.942 -3.237 0.726 69
-13.955 -3.220 0.702 63
-13.944 -3.285 0.649 60
-13.931 -3.293 0.683 52
-13.930 -3.318 0.652 31
-13.942 -3.292 0.645 54
-13.927 -3.336 0.640 29
-13.934 -3.243 0.746 72
-13.940 -3.303 0.639 44
-13.939 -3.277 0.679 56
-13.935 -3.322 0.629 30
-13.935 -3.242 0.743 75
-13.947 -3.229 0.715 64
-13.974 -3.121 0.770 63
-13.933 -3.328 0.628 30
-13.931 -3.297 0.680 55
-13.922 -3.336 0.655 32
-13.932 -3.324 0.636 28
-13.921 -3.300 0.711 46
-13.914 -3.327 0.696 28
-13.934 -3.319 0.635 31
-13.974 -3.141 0.745 49
-13.974 -3.114 0.782 60
-13.944 -3.231 0.725 59
-13.952 -3.244 0.677 58
-13.935 -3.259 0.717 40
-13.956 -3.232 0.679 53
-13.961 -3.181 0.733 62
-13.932 -3.344 0.609 36
-13.930 -3.336 0.629 28
-13.916 -3.292 0.739 49
-13.916 -3.319 0.704 30
-13.961 -3.183 0.729 62
-13.921 -3.300 0.709 46
-13.913 -3.314 0.722 36
-13.960 -3.185 0.730 53
-13.959 -3.179 0.746 52
-13.941 -3.290 0.650 58
-13.970 -3.153 0.739 53
-13.937 -3.268 0.699 42
-13.912 -3.319 0.718 34
-13.926 -3.298 0.695 45
-13.949 -3.206 0.742 61
-13.933 -3.339 0.613 26
-13.972 -3.137 0.758 51
-13.918 -3.285 0.741 61
-13.941 -3.251 0.706 55
-13.921 -3.340 0.655 48
-13.947 -3.282 0.643 45
-13.965 -3.161 0.747 52
-13.929 -3.333 0.634 31
-13.943 -3.283 0.655 42
-13.967 -3.176 0.719 62
-13.982 -3.092 0.783 68
-13.933 -3.269 0.712 44
-13.925 -3.348 0.627 77
-13.948 -3.248 0.686 52
-13.940 -3.303 0.638 44
-13.949 -3.195 0.759 56
-13.943 -3.224 0.741 53
-13.925 -3.323 0.664 28
-13.931 -3.287 0.693 46
-13.920 -3.314 0.694 27
-13.944 -3.214 0.748 74
-13.934 -3.282 0.689 52
-14.011 -3.168 0.601 61
-13.971 -3.193 0.687 45
-13.960 -3.274 0.613 39
-14.024 -3.111 0.638 91
-13.999 -3.120 0.699 67
-13.957 -3.248 0.655 49
-14.017 -3.089 0.685 53
-14.040 -3.165 0.525 66
-13.976 -3.165 0.707 60
-13.966 -3.229 0.655 53
-14.035 -3.145 0.565 48
-13.990 -3.117 0.727 52
-14.045 -3.114 0.574 53
-14.032 -3.156 0.560 58
-14.030 -3.135 0.590 81
-13.973 -3.201 0.669 42
-13.976 -3.162 0.711 58
-13.987 -3.255 0.559 39
-14.006 -3.183 0.596 55
-14.000 -3.179 0.619 56
-13.985 -3.183 0.659 43
-14.003 -3.210 0.570 41
-14.037 -3.146 0.558 53
-13.941 -3.330 0.599 30
-13.990 -3.141 0.697 59
-13.953 -3.255 0.659 44
-13.940 -3.344 0.583 32
-13.967 -3.275 0.591 55
-13.974 -3.157 0.724 58
-14.012 -3.172 0.593 51
-13.994 -3.186 0.628 49
-14.016 -3.201 0.544 51
-14.008 -3.133 0.656 63
-14.019 -3.198 0.540 49
-14.039 -3.157 0.536 67
-13.975 -3.223 0.635 47
-14.010 -3.112 0.676 58
-14.034 -3.152 0.559 56
-13.975 -3.254 0.596 54
-13.980 -3.185 0.670 44
-13.991 -3.215 0.599 40
-14.012 -3.190 0.569 42
-13.975 -3.147 0.734 59
-13.973 -3.250 0.607 46
-14.023 -3.109 0.644 81
-13.941 -3.317 0.615 30
-13.944 -3.309 0.616 32
-13.958 -3.313 0.570 38
-13.996 -3.176 0.637 50
-14.022 -3.141 0.606 76
-13.987 -3.108 0.749 56
-14.003 -3.213 0.568 39
-13.987 -3.077 0.788 58
-14.024 -3.144 0.594 84
-13.987 -3.245 0.572 56
-13.982 -3.256 0.574 39
-14.013 -3.085 0.702 63
-13.968 -3.179 0.712 61
-13.969 -3.169 0.722 66
-14.011 -3.084 0.709 59
-14.009 -3.101 0.692 49
-13.965 -3.202 0.693 41
-13.969 -3.264 0.601 45
-13.968 -3.173 0.720 64
-13.979 -3.162 0.701 55
-14.012 -3.140 0.635 75
-13.983 -3.252 0.577 51
-13.973 -3.248 0.609 45
-14.017 -3.188 0.557 44
-13.996 -3.215 0.584 60
-13.986 -3.225 0.601 58
-13.952 -3.309 0.592 27
-13.996 -3.077 0.763 59
-13.964 -3.291 0.580 42
-14.026 -3.170 0.558 71
-13.976 -3.168 0.703 62
-14.005 -3.099 0.706 89
-14.005 -3.175 0.609 43
-14.009 -3.177 0.594 50
-13.969 -3.181 0.708 64
-13.986 -3.115 0.742 51
-13.974 -3.176 0.699 62
-14.031 -3.162 0.555 71
-14.006 -3.198 0.577 42
-14.039 -3.142 0.555 57
-14.015 -3.165 0.593 61
-13.963 -3.304 0.567 32
-14.009 -3.193 0.576 49
-13.999 -3.172 0.630 48
-13.961 -3.309 0.567 33
-14.015 -3.210 0.537 44
-13.989 -3.173 0.660 42
-13.961 -3.283 0.598 55
-14.009 -3.111 0.679 53
-14.008 -3.184 0.590 66
-13.960 -3.236 0.663 59
-13.965 -3.191 0.707 66
-13.987 -3.221 0.604 45
-14.004 -3.123 0.680 63
-13.951 -3.308 0.596 28
-14.002 -3.108 0.704 75
-13.991 -3.142 0.691 52
-14.036 -3.152 0.551 59
-13.952 -3.321 0.578 52
-13.976 -3.183 0.685 45
-14.001 -3.114 0.700 61
-14.006 -3.227 0.542 38
-13.998 -3.239 0.548 54
-13.970 -3.211 0.666 47
-14.003 -3.159 0.636 68
-13.945 -3.314 0.608 31
-14.006 -3.163 0.623 64
-14.039 -3.158 0.536 67
-13.963 -3.261 0.623 46
-14.032 -3.117 0.609 82
-14.016 -3.179 0.573 55
-13.972 -3.170 0.712 63
-13.955 -3.282 0.618 49
-13.982 -3.118 0.749 62
-13.964 -3.253 0.629 46
-13.993 -3.210 0.601 40
-13.986 -3.191 0.646 47
-13.995 -3.130 0.697 66
-13.996 -3.228 0.568 30
-14.033 -3.104 0.621 78
-13.964 -3.250 0.634 39
-13.986 -3.253 0.567 40
-13.967 -3.201 0.687 39
-14.007 -3.112 0.683 48
-13.972 -3.272 0.582 47
-13.971 -3.250 0.613 44
-14.017 -3.125 0.638 67
-13.991 -3.104 0.740 64
-14.015 -3.210 0.537 44
-14.030 -3.137 0.587 84
-13.999 -3.187 0.611 40
-13.982 -3.171 0.681 45
-13.960 -3.217 0.688 40
-14.017 -3.177 0.573 57
-14.019 -3.105 0.659 83
-13.981 -3.247 0.588 59
-14.001 -3.216 0.568 38
-13.976 -3.270 0.573 34
-14.021 -3.151 0.593 85
-13.946 -3.328 0.586 43
-13.994 -3.123 0.707 67
-13.976 -3.189 0.677 43
-14.055 -3.124 0.533 80
-13.989 -3.070 0.791 53
-13.938 -3.345 0.588 27
-13.986 -3.220 0.608 42
-13.969 -3.169 0.722 66
-13.963 -3.278 0.599 57
-14.031 -3.174 0.537 72
-13.953 -3.266 0.643 51
-14.025 -3.161 0.573 60
-13.954 -3.321 0.571 61
-13.992 -3.133 0.703 72
-13.953 -3.283 0.623 50
-14.003 -3.183 0.606 44
-13.954 -3.309 0.585 28
-13.987 -3.076 0.788 61
-14.022 -3.137 0.609 73
-14.010 -3.201 0.562 45
-13.988 -3.140 0.703 67
-13.989 -3.218 0.600 40
-14.007 -3.193 0.581 57
-14.028 -3.097 0.643 71
-13.982 -3.120 0.746 62
-13.989 -3.130 0.715 69
-13.936 -3.348 0.590 31
-14.007 -3.112 0.685 45
-13.952 -3.267 0.647 54
-13.981 -3.155 0.705 47
-14.002 -3.187 0.602 52
-13.994 -3.076 0.769 60
-13.962 -3.250 0.640 42
-14.003 -3.090 0.723 77
-13.991 -3.072 0.783 54
-14.031 -3.140 0.581 75
-14.042 -3.118 0.580 60
-13.952 -3.301 0.602 37
-14.023 -3.145 0.598 83
-13.966 -3.274 0.598 55
-13.983 -3.253 0.575 45
-14.030 -3.148 0.575 47
-14.034 -3.119 0.600 80
-14.007 -3.147 0.639 72
-14.039 -3.108 0.600 82
-13.991 -3.085 0.765 77
-14.045 -3.151 0.528 63
-13.974 -3.207 0.659 46
-14.019 -3.126 0.633 73
-13.968 -3.219 0.661 45
-13.971 -3.218 0.655 44
-13.990 -3.068 0.791 50
-13.952 -3.276 0.634 39
-13.969 -3.265 0.600 47
-14.020 -3.106 0.654 84
-13.964 -3.257 0.625 48
-14.005 -3.169 0.618 62
-13.973 -3.218 0.650 36
-13.972 -3.201 0.671 42
-13.987 -3.127 0.722 64
-13.988 -3.119 0.732 52
-14.025 -3.139 0.601 78
-13.982 -3.202 0.641 45
-14.008 -3.171 0.605 51
-13.961 -3.304 0.573 34
-13.979 -3.267 0.568 34
-13.980 -3.162 0.701 55
-13.972 -3.161 0.725 62
-14.045 -3.118 0.569 50
-13.961 -3.241 0.652 59
-13.976 -3.234 0.619 58
-13.974 -3.233 0.624 59
-13.966 -3.261 0.613 37
-14.020 -3.198 0.536 47
-14.009 -3.215 0.549 43
-13.933 -3.358 0.584 75
-13.996 -3.168 0.645 49
-13.977 -3.140 0.736 62
-13.972 -3.265 0.592 59
-13.991 -3.207 0.610 45
-14.032 -3.106 0.623 80
-14.036 -3.162 0.539 74
-14.009 -3.105 0.689 41
-14.028 -3.113 0.624 81
-13.995 -3.224 0.575 43
-14.024 -3.099 0.653 80
-13.985 -3.162 0.685 47
-13.977 -3.226 0.627 55
-14.010 -3.187 0.579 53
-13.990 -3.156 0.678 47
-14.023 -3.104 0.649 81
-13.981 -3.230 0.608 51
-13.994 -3.223 0.581 49
-14.025 -3.142 0.595 81
-13.993 -3.219 0.588 62
-13.989 -3.238 0.577 47
-13.980 -3.245 0.592 60
-14.000 -3.170 0.632 51
-13.992 -3.069 0.783 49
-13.953 -3.323 0.572 58
-14.037 -3.143 0.562 48
-14.030 -3.167 0.549 77
-14.020 -3.165 0.580 58
-13.957 -3.255 0.645 48
-13.988 -3.090 0.768 78
-14.007 -3.137 0.654 65
-14.007 -3.170 0.610 49
-14.025 -3.130 0.613 75
-14.041 -3.134 0.562 54
-13.997 -3.227 0.568 30
-13.939 -3.348 0.580 28
-13.997 -3.155 0.659 55
-13.984 -3.117 0.746 56
-13.935 -3.354 0.583 28
-14.019 -3.125 0.634 72
-13.999 -3.079 0.750 62
-14.001 -3.111 0.704 75
-14.008 -3.155 0.627 78
-13.976 -3.257 0.589 61
-14.002 -3.225 0.556 29
-13.995 -3.165 0.650 54
-14.016 -3.180 0.570 52
-13.944 -3.339 0.578 47
-14.033 -3.115 0.608 82
-13.993 -3.140 0.690 49
-13.977 -3.151 0.722 53
-14.026 -3.127 0.614 77
-14.025 -3.132 0.609 72
-13.991 -3.214 0.600 40
-13.969 -3.277 0.585 52
-14.044 -3.156 0.523 59
-13.982 -3.207 0.635 47
-14.047 -3.132 0.546 88
-14.046 -3.113 0.574 56
-14.006 -3.134 0.661 59
-14.002 -3.136 0.668 57
-14.059 -3.129 0.515 67
-13.970 -3.202 0.677 41
-13.986 -3.088 0.775 73
-14.014 -3.139 0.630 76
-13.997 -3.191 0.614 40
-13.984 -3.133 0.726 66
-13.985 -3.144 0.709 59
-14.038 -3.153 0.545 64
-13.963 -3.256 0.628 49
-13.973 -3.160 0.721 61
-13.960 -3.290 0.594 58
-14.011 -3.154 0.620 72
-14.021 -3.164 0.578 59
-13.991 -3.184 0.638 42
-14.031 -3.102 0.631 67
-13.988 -3.153 0.687 45
-13.957 -3.288 0.606 63
-14.003 -3.181 0.607 42
-13.974 -3.209 0.656 43
-13.980 -3.119 0.755 67
-13.995 -3.094 0.744 88
-14.015 -3.208 0.540 48
-14.028 -3.139 0.593 80
-14.014 -3.106 0.671 52
-14.031 -3.143 0.578 57
-13.991 -3.170 0.659 46
-14.011 -3.164 0.606 55
-14.005 -3.186 0.595 61
-13.990 -3.197 0.626 51
-13.941 -3.319 0.610 31
-14.014 -3.102 0.676 48
-13.981 -3.170 0.687 50
-14.024 -3.099 0.653 80
-14.011 -3.190 0.573 40
-13.951 -3.277 0.636 39
-14.010 -3.106 0.685 46
-14.001 -3.167 0.633 55
-14.001 -3.079 0.744 63
-14.009 -3.137 0.648 70
-13.954 -3.295 0.605 49
-13.947 -3.291 0.630 63
-13.997 -3.112 0.714 66
-13.997 -3.120 0.702 67
-14.036 -3.120 0.593 79
-14.044 -3.142 0.541 79
-14.036 -3.104 0.613 81
-14.007 -3.084 0.722 55
-13.949 -3.309 0.600 28
-13.986 -3.139 0.711 65
-13.973 -3.234 0.628 59
-13.960 -3.225 0.677 45
-14.017 -3.177 0.572 57
-13.992 -3.198 0.620 48
-14.035 -3.118 0.599 84
-13.972 -3.178 0.704 64
-13.956 -3.296 0.597 45
-14.049 -3.131 0.543 90
-14.000 -3.091 0.733 87
-13.956 -3.263 0.638 45
-13.947 -3.288 0.634 47
-13.986 -3.140 0.710 65
-13.999 -3.104 0.719 75
-14.022 -3.128 0.620 79
-13.943 -3.314 0.613 29
-13.961 -3.261 0.627 48
-14.052 -3.135 0.527 79
-13.970 -3.249 0.617 48
-14.009 -3.137 0.647 70
-14.025 -3.128 0.612 76
-13.996 -3.148 0.670 39
-13.998 -3.119 0.702 66
-13.993 -3.157 0.667 44
-14.027 -3.161 0.568 64
-13.985 -3.126 0.731 58
-14.045 -3.132 0.550 85
-13.966 -3.234 0.647 59
-14.009 -3.142 0.641 76
-13.958 -3.284 0.609 55
-14.015 -3.189 0.563 47
-14.030 -3.134 0.593 81
-13.991 -3.252 0.552 41
-14.034 -3.155 0.555 59
-14.051 -3.122 0.548 89
-13.979 -3.115 0.761 65
-13.978 -3.135 0.741 63
-13.978 -3.143 0.730 65
-14.019 -3.188 0.551 44
-14.045 -3.149 0.530 65
-13.996 -3.188 0.619 43
-13.964 -3.195 0.703 58
-14.048 -3.120 0.556 86
-13.958 -3.228 0.680 49
-13.978 -3.241 0.603 51
-13.964 -3.245 0.641 49
-14.035 -3.120 0.596 78
-13.943 -3.305 0.623 44
-14.004 -3.152 0.642 73
-13.999 -3.156 0.653 70
-13.972 -3.258 0.599 48
-14.052 -3.119 0.547 90
-13.979 -3.199 0.654 48
-13.975 -3.188 0.681 43
-13.987 -3.085 0.776 72
-13.995 -3.126 0.701 71
-13.974 -3.175 0.701 64
-14.011 -3.187 0.577 46
-13.985 -3.190 0.649 48
-13.985 -3.135 0.720 65
-13.959 -3.265 0.628 48
-13.950 -3.315 0.592 29
-13.998 -3.218 0.574 41
-13.965 -3.296 0.572 39
-13.998 -3.203 0.593 52
-13.990 -3.104 0.743 65
-14.004 -3.188 0.597 60
-14.050 -3.115 0.558 62
-13.974 -3.189 0.684 45
-13.999 -3.087 0.738 81
-14.004 -3.099 0.710 93
-13.997 -3.216 0.582 51
-14.012 -3.170 0.596 54
-13.941 -3.335 0.592 30
-13.995 -3.125 0.704 70
-13.995 -3.183 0.628 55
-14.000 -3.228 0.556 30
-14.010 -3.187 0.581 58
-14.029 -3.130 0.600 76
-14.039 -3.167 0.525 68
-14.003 -3.117 0.691 48
-14.039 -3.164 0.527 68
-13.949 -3.317 0.591 29
-13.983 -3.098 0.772 75
-13.993 -3.077 0.770 64
-14.000 -3.221 0.564 29
-13.984 -3.178 0.667 46
-13.996 -3.124 0.700 70
-14.002 -3.138 0.665 56
-14.022 -3.101 0.655 85
-13.978 -3.166 0.699 59
-13.936 -3.344 0.595 32
-13.982 -3.183 0.666 44
-14.024 -3.191 0.536 47
-14.009 -3.075 0.736 60
-14.021 -3.087 0.681 54
-13.993 -3.068 0.783 49
-14.047 -3.065 0.718 53
-14.046 -3.106 0.590 79
-14.067 -3.080 0.639 64
-14.040 -3.072 0.708 97
-14.071 -3.051 0.726 89
-14.036 -3.099 0.626 60
-14.019 -3.073 0.728 78
-14.021 -3.065 0.751 70
-14.012 -3.064 0.768 74
-14.077 -3.088 0.598 75
-14.047 -3.083 0.660 58
-14.053 -3.079 0.665 66
-14.059 -3.106 0.570 43
-14.060 -3.065 0.698 92
-14.075 -3.049 0.724 68
-14.076 -3.080 0.625 71
-14.020 -3.082 0.699 59
-14.061 -3.112 0.549 37
-14.018 -3.087 0.688 63
-14.041 -3.104 0.603 83
-14.013 -3.073 0.738 75
-14.028 -3.073 0.718 82
-14.003 -3.068 0.768 64
-14.046 -3.076 0.685 91
-14.031 -3.070 0.725 87
-14.062 -3.108 0.561 56
-14.005 -3.063 0.781 70
-14.049 -3.064 0.719 53
-14.025 -3.075 0.720 82
-14.040 -3.082 0.677 83
-13.998 -3.067 0.779 47
-14.075 -3.055 0.705 94
-14.068 -3.062 0.696 97
-14.045 -3.072 0.698 92
-14.072 -3.088 0.606 77
-14.069 -3.069 0.672 66
-14.051 -3.061 0.722 96
-14.044 -3.082 0.667 53
-14.047 -3.068 0.709 102
-14.036 -3.094 0.641 57
-14.037 -3.088 0.660 52
-14.046 -3.086 0.652 53
-14.055 -3.090 0.627 65
-14.032 -3.072 0.717 77
-14.072 -3.074 0.651 96
-14.027 -3.073 0.719 82
-14.063 -3.105 0.566 48
-14.033 -3.100 0.629 63
-14.048 -3.081 0.666 57
-14.027 -3.071 0.725 82
-14.076 -3.067 0.667 69
-14.069 -3.050 0.731 95
-14.038 -3.095 0.636 58
-14.091 -3.058 0.673 84
-14.059 -3.070 0.683 91
-14.056 -3.092 0.618 77
-14.043 -3.056 0.751 77
-14.046 -3.074 0.692 90
-14.036 -3.060 0.750 81
-14.001 -3.070 0.766 53
-14.020 -3.072 0.730 75
-14.012 -3.077 0.727 62
-14.021 -3.070 0.735 78
-14.068 -3.077 0.649 82
-14.050 -3.067 0.706 100
-14.051 -3.084 0.652 56
-14.084 -3.047 0.718 47
-14.043 -3.108 0.587 74
-14.070 -3.105 0.557 46
-14.038 -3.070 0.715 59
-14.057 -3.096 0.603 71
-14.065 -3.064 0.693 99
-14.063 -3.065 0.691 104
-14.053 -3.100 0.599 59
-14.047 -3.107 0.586 68
-14.092 -3.055 0.681 93
-14.027 -3.080 0.701 84
-14.054 -3.084 0.648 65
-14.088 -3.053 0.694 94
-14.061 -3.090 0.618 83
-14.076 -3.080 0.626 69
-14.057 -3.109 0.564 46
-14.040 -3.089 0.654 57
-14.057 -3.118 0.537 76
-14.071 -3.098 0.576 55
-14.058 -3.103 0.582 43
-14.074 -3.065 0.676 66
-14.031 -3.092 0.658 70
-14.071 -3.075 0.649 96
-14.052 -3.108 0.575 64
-14.033 -3.067 0.731 86
-14.073 -3.069 0.667 63
-14.045 -3.058 0.742 74
-14.067 -3.111 0.544 37
-14.044 -3.103 0.601 81
-14.028 -3.078 0.706 86
-14.026 -3.075 0.717 83
-14.042 -3.064 0.729 86
-14.073 -3.064 0.681 76
-14.053 -3.065 0.707 94
-14.017 -3.079 0.713 63
-14.053 -3.104 0.585 47
-14.034 -3.097 0.636 63
-14.062 -3.074 0.666 56
-14.056 -3.060 0.719 49
-14.048 -3.077 0.678 85
-13.995 -3.066 0.788 48
-14.050 -3.099 0.604 59
-14.079 -3.086 0.604 75
-14.072 -3.077 0.640 68
-14.067 -3.110 0.545 37
-14.036 -3.094 0.643 56
-14.070 -3.089 0.607 78
-14.083 -3.069 0.648 53
-14.081 -3.070 0.649 54
-14.058 -3.063 0.707 94
-14.076 -3.089 0.598 75
-14.050 -3.060 0.728 93
-13.996 -3.065 0.787 54
-14.028 -3.066 0.739 69
-14.026 -3.090 0.671 64
-14.059 -3.072 0.678 73
-14.054 -3.072 0.684 88
-14.025 -3.076 0.714 82
-14.047 -3.083 0.661 59
-14.055 -3.083 0.647 65
-14.034 -3.064 0.741 71
-14.033 -3.099 0.632 63
-14.070 -3.079 0.639 64
-14.073 -3.092 0.595 71
-14.008 -3.068 0.762 66
-14.005 -3.062 0.785 67
-14.077 -3.052 0.714 91
-14.050 -3.109 0.574 59
-14.085 -3.052 0.701 86
-14.055 -3.099 0.599 59
-14.054 -3.073 0.681 83
-14.061 -3.059 0.715 73
-14.030 -3.059 0.758 50
-14.019 -3.074 0.725 77
