-13.755 -4.635 0.548 83
-13.772 -4.648 0.586 78
-13.800 -4.665 0.635 86
-13.820 -4.680 0.677 100
-13.779 -4.629 0.524 121
-13.837 -4.631 0.520 88
-13.757 -4.640 0.564 82
-13.804 -4.665 0.633 82
-13.759 -4.646 0.581 101
-13.821 -4.681 0.680 94
-13.826 -4.656 0.599 93
-13.767 -4.639 0.560 77
-13.821 -4.644 0.562 105
-13.827 -4.625 0.501 111
-13.826 -4.678 0.670 93
-13.760 -4.630 0.530 78
-13.779 -4.630 0.526 122
-13.767 -4.639 0.558 80
-13.829 -4.675 0.661 111
-13.798 -4.659 0.616 63
-13.751 -4.634 0.547 80
-13.809 -4.647 0.576 106
-13.837 -4.664 0.625 94
-13.836 -4.700 0.739 90
-13.812 -4.626 0.509 99
-13.791 -4.636 0.544 122
-13.817 -4.634 0.533 99
-13.840 -4.694 0.717 78
-13.811 -4.627 0.512 96
-13.806 -4.621 0.494 106
-13.836 -4.624 0.497 110
-13.760 -4.645 0.578 102
-13.833 -4.656 0.600 85
-13.831 -4.630 0.516 110
-13.820 -4.675 0.663 113
-13.823 -4.695 0.727 96
-13.795 -4.678 0.676 64
-13.828 -4.674 0.656 117
-13.836 -4.705 0.754 96
-13.828 -4.667 0.636 95
-13.782 -4.622 0.500 123
-13.827 -4.673 0.656 117
-13.826 -4.698 0.734 94
-13.786 -4.631 0.528 119
-13.759 -4.628 0.526 78
-13.761 -4.640 0.562 75
-13.809 -4.683 0.690 84
-13.840 -4.695 0.721 84
-13.826 -4.635 0.534 103
-13.786 -4.643 0.569 105
-13.821 -4.633 0.528 106
-13.806 -4.635 0.538 98
-13.807 -4.649 0.582 92
-13.824 -4.670 0.645 113
-13.838 -4.641 0.552 93
-13.791 -4.646 0.577 93
-13.745 -4.632 0.541 85
-13.821 -4.627 0.509 108
-13.814 -4.672 0.655 112
-13.803 -4.644 0.566 105
-13.823 -4.645 0.565 105
-13.754 -4.643 0.573 75
-13.820 -4.666 0.632 104
-13.802 -4.630 0.522 120
-13.818 -4.627 0.510 103
-13.813 -4.652 0.591 96
-13.806 -4.672 0.656 79
-13.822 -4.642 0.557 97
-13.779 -4.622 0.503 120
-13.781 -4.629 0.525 122
-13.755 -4.644 0.576 76
-13.821 -4.655 0.599 85
-13.763 -4.626 0.519 86
-13.744 -4.631 0.537 87
-13.793 -4.666 0.641 64
-13.811 -4.667 0.640 113
-13.776 -4.624 0.510 115
-13.816 -4.655 0.601 90
-13.785 -4.637 0.549 120
-13.835 -4.678 0.670 101
-13.838 -4.662 0.616 88
-13.768 -4.623 0.508 109
-13.772 -4.654 0.606 78
-13.804 -4.635 0.540 98
-13.815 -4.639 0.548 95
-13.767 -4.625 0.515 104
-13.805 -4.636 0.541 98
-13.812 -4.626 0.508 99
-13.832 -4.641 0.550 90
-13.803 -4.678 0.676 87
-13.808 -4.645 0.570 109
-13.776 -4.634 0.540 118
-13.823 -4.702 0.748 93
-13.791 -4.661 0.625 80
-13.798 -4.672 0.657 59
-13.773 -4.639 0.559 125
-13.817 -4.653 0.594 90
-13.828 -4.692 0.714 83
-13.832 -4.622 0.493 113
-13.791 -4.634 0.539 124
-13.827 -4.679 0.673 88
-13.799 -4.679 0.679 66
-13.818 -4.644 0.566 102
-13.808 -4.687 0.704 89
-13.832 -4.655 0.596 85
-13.795 -4.646 0.576 100
-13.836 -4.699 0.736 86
-13.830 -4.669 0.643 100
-13.757 -4.622 0.505 92
-13.803 -4.661 0.620 80
-13.758 -4.634 0.545 91
-13.841 -4.707 0.760 96
-13.792 -4.676 0.670 61
-13.816 -4.660 0.616 88
-13.821 -4.700 0.741 82
-13.779 -4.661 0.625 69
-13.810 -4.686 0.699 86
-13.813 -4.671 0.651 110
-13.778 -4.654 0.605 81
-13.828 -4.679 0.673 85
-13.793 -4.626 0.513 121
-13.779 -4.628 0.521 117
-13.808 -4.665 0.634 111
-13.804 -4.685 0.698 74
-13.822 -4.683 0.688 86
-13.806 -4.653 0.595 90
-13.837 -4.711 0.772 85
-13.827 -4.653 0.590 87
-13.829 -4.666 0.631 89
-13.831 -4.661 0.617 87
-13.781 -4.652 0.598 86
-13.753 -4.639 0.561 81
-13.796 -4.656 0.606 67
-13.758 -4.633 0.542 98
-13.835 -4.694 0.721 81
-13.781 -4.655 0.605 73
-13.767 -4.644 0.576 92
-13.839 -4.658 0.604 81
-13.819 -4.680 0.678 100
-13.807 -4.665 0.632 98
-13.821 -4.696 0.728 92
-13.821 -4.622 0.495 97
-13.791 -4.622 0.501 121
-13.784 -4.659 0.618 87
-13.807 -4.675 0.664 97
-13.830 -4.636 0.538 94
-13.776 -4.641 0.564 109
-13.789 -4.643 0.567 107
-13.835 -4.624 0.497 112
-13.810 -4.664 0.629 101
-13.831 -4.685 0.692 90
-13.814 -4.626 0.507 100
-13.787 -4.624 0.507 122
-13.807 -4.648 0.579 104
-13.807 -4.643 0.563 101
-13.807 -4.669 0.646 107
-13.837 -4.625 0.499 112
-13.754 -4.639 0.562 81
-13.761 -4.626 0.519 87
-13.806 -4.624 0.503 101
-13.830 -4.624 0.497 105
-13.831 -4.665 0.629 89
-13.779 -4.646 0.579 82
-13.784 -4.669 0.649 86
-13.819 -4.646 0.571 105
-13.821 -4.685 0.694 90
-13.739 -4.624 0.516 83
-13.822 -4.701 0.743 87
-13.806 -4.652 0.591 88
-13.809 -4.665 0.634 111
-13.838 -4.682 0.679 90
-13.818 -4.693 0.720 94
-13.815 -4.689 0.707 90
-13.804 -4.657 0.609 86
-13.838 -4.655 0.595 76
-13.810 -4.630 0.523 98
-13.823 -4.702 0.748 90
-13.833 -4.642 0.556 87
-13.814 -4.659 0.612 89
-13.794 -4.643 0.567 106
-13.883 -4.676 0.683 75
-13.965 -4.633 0.591 61
-13.846 -4.652 0.589 68
-13.957 -4.652 0.649 71
-14.045 -4.617 0.578 97
-13.847 -4.665 0.632 70
-14.032 -4.626 0.599 95
-14.016 -4.601 0.519 56
-13.911 -4.666 0.668 109
-13.918 -4.631 0.562 98
-14.040 -4.612 0.560 85
-13.979 -4.641 0.625 65
-13.871 -4.680 0.691 99
-13.901 -4.643 0.589 117
-14.026 -4.615 0.562 64
-13.858 -4.681 0.685 70
-13.966 -4.655 0.662 69
-14.061 -4.604 0.547 50
-14.019 -4.628 0.605 70
-13.864 -4.640 0.561 85
-13.845 -4.638 0.543 82
-14.061 -4.614 0.578 80
-13.908 -4.616 0.508 98
-13.856 -4.647 0.580 115
-13.856 -4.654 0.600 124
-13.958 -4.659 0.671 104
-13.869 -4.649 0.592 123
-13.986 -4.631 0.599 55
-13.939 -4.612 0.515 78
-13.952 -4.662 0.677 85
-13.859 -4.648 0.583 115
-13.890 -4.629 0.541 59
-13.903 -4.631 0.553 65
-13.959 -4.625 0.566 86
-13.938 -4.652 0.638 113
-13.890 -4.668 0.663 118
-14.014 -4.630 0.608 67
-13.966 -4.645 0.632 62
-14.047 -4.605 0.541 56
-13.853 -4.692 0.718 125
-13.990 -4.613 0.544 76
-13.928 -4.673 0.700 116
-13.958 -4.655 0.659 92
-13.960 -4.608 0.511 50
-13.933 -4.609 0.502 71
-13.885 -4.624 0.521 72
-13.895 -4.636 0.563 122
-14.015 -4.635 0.627 80
-13.967 -4.630 0.585 63
-13.857 -4.705 0.763 125
-13.970 -4.636 0.606 82
-13.885 -4.678 0.692 120
-13.880 -4.688 0.720 121
-13.905 -4.620 0.521 93
-13.998 -4.631 0.605 55
-13.942 -4.632 0.579 68
-13.878 -4.684 0.708 126
-14.061 -4.601 0.536 66
-13.953 -4.640 0.607 90
-13.882 -4.700 0.758 127
-13.938 -4.612 0.511 73
-13.891 -4.694 0.746 132
-13.864 -4.647 0.582 120
-13.855 -4.645 0.572 96
-13.997 -4.617 0.559 56
-13.968 -4.652 0.655 62
-13.886 -4.649 0.602 123
-13.896 -4.617 0.507 97
-14.039 -4.610 0.554 77
-13.993 -4.630 0.597 99
-14.001 -4.632 0.610 82
-13.852 -4.639 0.551 60
-13.971 -4.622 0.562 88
-14.047 -4.616 0.576 92
-13.928 -4.669 0.686 124
-13.966 -4.651 0.648 74
-13.890 -4.621 0.515 85
-13.978 -4.612 0.534 54
-13.847 -4.644 0.565 68
-13.991 -4.637 0.621 74
-13.850 -4.676 0.666 99
-13.879 -4.695 0.742 131
-13.962 -4.606 0.508 55
-14.036 -4.608 0.547 85
-13.874 -4.641 0.570 124
-13.866 -4.693 0.728 133
-13.910 -4.676 0.699 95
-14.000 -4.642 0.640 61
-13.901 -4.672 0.680 96
-13.915 -4.618 0.519 95
-13.900 -4.680 0.706 106
-13.908 -4.667 0.670 110
-13.915 -4.623 0.533 92
-13.905 -4.673 0.686 103
-13.967 -4.632 0.591 60
-13.928 -4.668 0.684 117
-13.952 -4.633 0.584 65
-13.859 -4.662 0.626 106
-14.009 -4.609 0.541 38
-13.858 -4.658 0.614 119
-14.067 -4.597 0.529 59
-13.871 -4.676 0.676 100
-13.955 -4.629 0.574 97
-13.866 -4.671 0.660 76
-13.907 -4.627 0.542 86
-13.908 -4.625 0.539 98
-14.031 -4.602 0.524 59
-14.074 -4.604 0.554 57
-13.968 -4.644 0.628 71
-13.892 -4.692 0.740 126
-13.940 -4.660 0.665 97
-13.848 -4.626 0.509 89
-13.986 -4.615 0.549 68
-13.877 -4.668 0.656 93
-14.058 -4.599 0.529 72
-13.925 -4.674 0.702 117
-14.060 -4.604 0.547 50
-13.891 -4.654 0.619 112
-14.080 -4.602 0.551 56
-14.020 -4.623 0.589 96
-13.860 -4.628 0.521 80
-14.044 -4.599 0.523 60
-13.851 -4.661 0.620 107
-13.904 -4.633 0.559 127
-13.859 -4.643 0.566 102
-13.999 -4.619 0.567 83
-13.874 -4.624 0.514 78
-13.995 -4.631 0.601 68
-13.951 -4.628 0.570 99
-14.063 -4.599 0.533 68
-14.001 -4.605 0.523 55
-13.879 -4.693 0.735 127
-13.936 -4.669 0.691 125
-13.997 -4.606 0.524 47
-14.011 -4.625 0.593 75
-13.938 -4.652 0.639 113
-13.994 -4.644 0.644 79
-13.851 -4.713 0.785 86
-13.939 -4.645 0.617 86
-13.865 -4.696 0.738 131
-13.903 -4.671 0.680 91
-13.907 -4.644 0.595 118
-13.917 -4.666 0.671 94
-13.986 -4.643 0.636 63
-13.870 -4.671 0.663 82
-13.963 -4.652 0.653 68
-14.042 -4.606 0.542 70
-13.905 -4.622 0.526 92
-13.869 -4.643 0.571 123
-13.856 -4.686 0.702 121
-13.961 -4.635 0.597 68
-13.854 -4.630 0.524 104
-13.869 -4.641 0.568 127
-14.068 -4.611 0.574 49
-14.007 -4.602 0.518 56
-13.846 -4.680 0.677 72
-14.038 -4.615 0.569 72
-13.872 -4.656 0.616 118
-13.871 -4.695 0.738 134
-13.870 -4.661 0.629 116
-13.853 -4.678 0.675 103
-14.047 -4.606 0.545 63
-13.887 -4.649 0.602 123
-13.865 -4.630 0.530 65
-14.028 -4.621 0.582 101
-13.908 -4.654 0.628 110
-13.872 -4.668 0.653 108
-13.896 -4.655 0.625 108
-13.947 -4.666 0.686 78
-13.901 -4.648 0.604 115
-14.005 -4.623 0.582 93
-13.916 -4.622 0.531 93
-13.900 -4.688 0.731 106
-13.892 -4.675 0.686 79
-13.908 -4.680 0.710 98
-13.953 -4.616 0.533 73
-13.931 -4.610 0.504 71
-13.844 -4.679 0.673 71
-13.857 -4.668 0.646 113
-13.931 -4.635 0.581 79
-13.878 -4.695 0.741 129
-13.962 -4.633 0.591 71
-13.953 -4.651 0.642 85
-13.883 -4.647 0.594 114
-13.948 -4.664 0.680 82
-13.951 -4.633 0.585 73
-13.847 -4.666 0.634 68
-13.842 -4.677 0.667 75
-13.925 -4.672 0.693 105
-13.954 -4.628 0.573 97
-13.896 -4.648 0.602 120
-13.871 -4.658 0.623 112
-13.890 -4.640 0.574 117
-13.889 -4.632 0.548 98
-14.086 -4.603 0.558 54
-14.001 -4.623 0.581 89
-13.864 -4.673 0.665 72
-13.846 -4.699 0.736 91
-13.854 -4.682 0.687 81
-13.950 -4.666 0.688 82
-13.870 -4.668 0.653 98
-13.887 -4.676 0.686 99
-13.898 -4.630 0.548 64
-13.869 -4.626 0.521 71
-13.847 -4.630 0.519 69
-13.841 -4.663 0.621 79
-14.037 -4.622 0.589 106
-13.914 -4.643 0.597 112
-13.921 -4.675 0.703 99
-13.995 -4.632 0.607 93
-13.958 -4.643 0.620 67
-13.995 -4.624 0.581 89
-13.847 -4.625 0.504 111
-13.870 -4.678 0.684 104
-13.965 -4.623 0.562 80
-13.918 -4.677 0.705 96
-14.027 -4.606 0.536 90
-13.954 -4.625 0.562 88
-14.021 -4.605 0.535 75
-14.087 -4.601 0.551 62
-13.892 -4.674 0.682 60
-14.052 -4.616 0.581 100
-14.019 -4.619 0.578 99
-13.939 -4.655 0.648 86
-13.842 -4.667 0.632 80
-13.995 -4.642 0.637 66
-13.869 -4.662 0.633 113
-13.868 -4.656 0.614 117
-14.065 -4.601 0.541 60
-13.982 -4.645 0.640 59
-13.973 -4.647 0.642 79
-13.844 -4.655 0.598 75
-13.907 -4.626 0.540 87
-13.950 -4.629 0.574 93
-13.978 -4.623 0.569 100
-13.857 -4.667 0.643 117
-13.896 -4.627 0.536 71
-13.885 -4.669 0.662 107
-13.884 -4.626 0.526 64
-13.911 -4.650 0.618 111
-13.963 -4.643 0.623 66
-13.845 -4.647 0.574 64
-14.031 -4.617 0.573 101
-13.972 -4.644 0.633 63
-13.859 -4.675 0.667 97
-13.929 -4.612 0.508 77
-13.925 -4.667 0.680 115
-13.864 -4.662 0.631 117
-13.858 -4.670 0.653 108
-14.032 -4.618 0.575 96
-13.913 -4.641 0.591 117
-13.923 -4.665 0.672 95
-13.871 -4.638 0.558 131
-13.894 -4.616 0.501 91
-14.064 -4.614 0.579 82
-13.910 -4.651 0.620 110
-13.882 -4.692 0.733 123
-13.857 -4.711 0.780 123
-13.947 -4.621 0.545 69
-13.893 -4.630 0.545 60
-13.948 -4.611 0.513 74
-13.878 -4.663 0.641 114
-13.919 -4.618 0.521 90
-13.954 -4.625 0.562 88
-13.912 -4.644 0.598 119
-14.067 -4.610 0.570 50
-13.907 -4.684 0.723 95
-13.919 -4.671 0.687 121
-13.868 -4.643 0.573 123
-13.895 -4.667 0.661 119
-13.867 -4.653 0.604 120
-13.851 -4.681 0.681 83
-13.890 -4.623 0.521 74
-14.030 -4.615 0.566 64
-13.924 -4.651 0.627 121
-13.857 -4.684 0.697 121
-13.844 -4.706 0.756 97
-13.912 -4.671 0.684 115
-13.995 -4.643 0.641 79
-13.878 -4.688 0.720 121
-13.898 -4.687 0.725 100
-13.843 -4.716 0.788 79
-13.916 -4.657 0.643 111
-13.918 -4.615 0.510 78
-14.018 -4.604 0.531 75
-13.964 -4.626 0.572 85
-13.848 -4.686 0.697 72
-14.032 -4.601 0.523 59
-13.890 -4.682 0.707 102
-13.877 -4.660 0.631 118
-13.968 -4.609 0.519 72
-13.956 -4.658 0.666 104
-13.875 -4.650 0.597 118
-13.929 -4.674 0.701 116
-13.865 -4.695 0.734 132
-14.040 -4.616 0.572 80
-13.904 -4.659 0.642 105
-13.933 -4.621 0.538 80
-13.911 -4.661 0.653 111
-13.994 -4.629 0.597 99
-13.864 -4.669 0.651 115
-13.867 -4.670 0.658 94
-13.987 -4.606 0.521 62
-13.906 -4.678 0.704 103
-14.055 -4.616 0.581 100
-13.950 -4.662 0.677 85
-13.909 -4.684 0.724 108
-13.848 -4.710 0.774 88
-13.871 -4.663 0.635 118
-13.976 -4.630 0.590 66
-14.022 -4.605 0.532 88
-14.006 -4.633 0.614 64
-13.856 -4.677 0.673 105
-13.855 -4.646 0.576 110
-13.926 -4.644 0.606 102
-13.988 -4.630 0.597 53
-13.905 -4.665 0.661 111
-13.900 -4.687 0.727 84
-13.863 -4.695 0.732 131
-13.871 -4.632 0.539 61
-13.926 -4.657 0.648 107
-13.853 -4.657 0.609 128
-13.919 -4.669 0.681 102
-13.840 -4.630 0.517 76
-13.842 -4.714 0.783 83
-13.864 -4.635 0.544 69
-13.848 -4.642 0.557 67
-13.987 -4.625 0.581 91
-13.852 -4.630 0.523 58
-13.963 -4.637 0.604 78
-13.896 -4.639 0.576 125
-14.024 -4.618 0.573 92
-14.018 -4.614 0.563 70
-13.937 -4.664 0.674 80
-13.841 -4.635 0.533 86
-13.867 -4.702 0.756 134
-13.952 -4.615 0.530 75
-13.963 -4.616 0.539 69
-13.922 -4.622 0.534 93
-13.874 -4.686 0.712 124
-14.074 -4.605 0.557 64
-13.969 -4.640 0.617 91
-13.971 -4.625 0.570 88
-13.852 -4.694 0.723 124
-14.095 -4.593 0.529 54
-13.863 -4.692 0.722 130
-13.881 -4.631 0.542 68
-13.864 -4.637 0.551 64
-13.937 -4.642 0.605 82
-13.855 -4.650 0.587 113
-14.088 -4.600 0.548 59
-14.003 -4.639 0.631 76
-13.861 -4.643 0.569 115
-13.888 -4.671 0.671 82
-13.894 -4.656 0.628 109
-13.940 -4.633 0.579 80
-13.977 -4.620 0.559 72
-14.039 -4.621 0.587 107
-13.990 -4.629 0.592 94
-14.030 -4.630 0.613 74
-13.900 -4.631 0.552 76
-13.852 -4.684 0.692 78
-14.030 -4.602 0.525 43
-14.016 -4.627 0.600 89
-13.841 -4.671 0.647 93
-13.848 -4.662 0.621 80
-13.973 -4.630 0.586 59
-13.891 -4.662 0.644 108
-13.935 -4.617 0.526 63
-13.932 -4.665 0.674 96
-14.076 -4.603 0.552 57
-13.948 -4.634 0.585 72
-14.013 -4.631 0.611 76
-13.851 -4.660 0.615 117
-13.938 -4.666 0.683 114
-13.934 -4.663 0.670 93
-14.061 -4.611 0.569 52
-13.880 -4.616 0.494 80
-13.889 -4.627 0.533 64
-13.903 -4.659 0.642 105
-13.859 -4.707 0.771 122
-14.064 -4.599 0.532 65
-13.915 -4.638 0.582 106
-13.848 -4.695 0.725 87
-13.893 -4.645 0.592 119
-13.923 -4.632 0.568 99
-13.977 -4.627 0.580 84
-13.961 -4.653 0.655 68
-13.946 -4.610 0.511 76
-13.922 -4.637 0.583 110
-13.859 -4.672 0.658 113
-14.030 -4.600 0.518 70
-14.020 -4.604 0.532 89
-14.065 -4.612 0.572 50
-14.048 -4.603 0.538 56
-13.978 -4.635 0.605 61
-13.937 -4.645 0.614 103
-13.994 -4.643 0.639 66
-13.954 -4.620 0.547 67
-13.921 -4.657 0.644 112
-13.957 -4.621 0.550 71
-13.938 -4.628 0.563 85
-13.861 -4.670 0.655 112
-14.022 -4.619 0.576 95
-13.991 -4.640 0.629 53
-13.859 -4.637 0.547 85
-14.073 -4.605 0.556 64
-14.067 -4.608 0.561 49
-14.080 -4.600 0.545 61
-13.891 -4.648 0.602 120
-13.928 -4.674 0.703 108
-13.970 -4.614 0.537 72
-13.848 -4.665 0.631 70
-13.909 -4.676 0.697 94
-13.920 -4.641 0.594 112
-13.913 -4.630 0.554 81
-13.927 -4.651 0.630 124
-13.842 -4.667 0.635 76
-13.919 -4.613 0.504 81
-13.978 -4.639 0.620 66
-13.890 -4.680 0.701 105
-13.939 -4.612 0.513 78
-13.915 -4.653 0.628 115
-13.845 -4.644 0.564 68
-13.871 -4.695 0.737 130
-13.862 -4.675 0.669 88
-14.036 -4.608 0.547 82
-13.864 -4.657 0.616 115
-13.952 -4.661 0.674 96
-13.904 -4.651 0.617 112
-13.901 -4.665 0.661 102
-13.895 -4.679 0.701 116
-14.046 -4.602 0.532 59
-14.020 -4.600 0.519 45
-13.929 -4.621 0.537 83
-13.849 -4.678 0.673 95
-13.853 -4.670 0.651 111
-13.855 -4.675 0.665 104
-14.052 -4.609 0.559 62
-13.896 -4.669 0.670 98
-13.862 -4.670 0.653 113
-13.967 -4.637 0.608 78
-13.950 -4.625 0.561 89
-13.944 -4.639 0.600 86
-13.871 -4.687 0.713 129
-13.950 -4.626 0.561 89
-13.872 -4.684 0.703 122
-13.861 -4.635 0.544 70
-13.858 -4.708 0.772 121
-13.935 -4.655 0.646 91
-14.005 -4.616 0.560 52
-13.933 -4.653 0.637 116
-14.082 -4.605 0.560 57
-14.020 -4.615 0.565 89
-13.853 -4.703 0.753 121
-13.939 -4.610 0.508 77
-13.889 -4.685 0.714 106
-13.978 -4.633 0.599 52
-14.108 -4.599 0.641 59
-14.109 -4.599 0.642 59
-14.104 -4.603 0.679 53
-14.121 -4.594 0.644 45
-13.996 -4.649 0.714 107
-14.023 -4.637 0.688 60
-14.038 -4.631 0.679 93
-13.932 -4.678 0.744 67
-13.950 -4.668 0.698 80
-13.922 -4.682 0.748 70
-13.950 -4.669 0.720 92
-13.991 -4.649 0.679 66
-14.109 -4.593 0.543 65
-13.948 -4.668 0.699 80
-13.986 -4.654 0.724 98
-14.049 -4.623 0.620 92
-14.082 -4.606 0.574 55
-13.885 -4.700 0.775 127
-13.987 -4.653 0.709 90
-13.888 -4.699 0.778 112
-14.058 -4.620 0.629 87
-14.029 -4.633 0.651 97
-14.056 -4.619 0.600 84
-14.135 -4.588 0.638 45
-14.111 -4.598 0.641 57
-13.991 -4.649 0.672 79
-14.100 -4.601 0.609 79
-14.108 -4.595 0.568 55
-14.112 -4.593 0.562 58
-14.087 -4.611 0.690 78
-14.089 -4.603 0.562 60
-14.127 -4.591 0.628 58
-13.979 -4.656 0.717 97
-14.013 -4.641 0.705 84
-14.084 -4.612 0.678 73
-13.981 -4.653 0.669 68
-14.064 -4.614 0.581 82
-13.943 -4.672 0.725 84
-14.069 -4.618 0.679 81
-14.008 -4.640 0.660 72
-14.060 -4.623 0.690 66
-14.166 -4.575 0.634 58
-14.106 -4.596 0.579 48
-13.973 -4.659 0.722 88
-14.123 -4.588 0.558 55
-14.115 -4.596 0.626 60
-14.030 -4.631 0.625 91
-14.092 -4.605 0.614 92
-14.035 -4.633 0.679 94
-13.967 -4.660 0.692 97
-14.004 -4.646 0.722 88
-14.051 -4.624 0.652 90
-13.904 -4.691 0.756 105
-14.147 -4.581 0.609 33
-14.049 -4.626 0.665 96
-14.124 -4.590 0.605 53
-14.135 -4.585 0.593 56
-14.036 -4.633 0.686 105
-14.007 -4.642 0.676 81
-14.052 -4.622 0.621 91
-14.159 -4.578 0.636 59
-14.001 -4.644 0.669 67
-14.144 -4.584 0.644 48
-14.108 -4.595 0.580 48
-14.127 -4.588 0.587 45
-14.159 -4.576 0.613 44
-14.156 -4.579 0.632 58
-14.066 -4.618 0.658 83
-14.080 -4.614 0.682 72
-14.113 -4.595 0.612 52
-13.995 -4.648 0.692 63
-14.095 -4.602 0.592 90
-14.163 -4.576 0.638 62
-14.055 -4.620 0.620 88
-14.061 -4.617 0.612 62
-14.131 -4.591 0.666 49
-13.973 -4.657 0.688 87
-14.043 -4.625 0.606 94
-14.091 -4.607 0.653 89
-14.081 -4.608 0.589 90
-14.176 -4.571 0.645 29
-14.074 -4.613 0.629 79
-13.995 -4.646 0.664 72
-14.118 -4.592 0.585 50
-14.082 -4.612 0.672 80
-14.069 -4.613 0.593 92
-13.974 -4.657 0.685 97
-14.155 -4.580 0.647 64
-14.052 -4.621 0.613 101
-13.953 -4.667 0.708 107
-13.988 -4.653 0.721 92
-14.061 -4.620 0.661 87
-14.106 -4.595 0.555 58
-13.941 -4.674 0.743 71
-14.082 -4.611 0.658 90
-14.092 -4.605 0.631 88
-14.037 -4.630 0.650 95
-13.868 -4.708 0.784 122
-14.171 -4.573 0.653 29
-14.157 -4.576 0.591 60
-14.110 -4.598 0.624 64
-14.112 -4.596 0.617 58
-14.048 -4.622 0.600 89
-14.089 -4.605 0.598 90
-14.041 -4.632 0.703 54
-14.024 -4.635 0.658 87
-14.041 -4.631 0.701 62
-14.043 -4.630 0.690 46
-14.138 -4.585 0.604 47
-14.072 -4.613 0.607 72
-14.094 -4.600 0.556 59
-13.983 -4.653 0.681 94
-14.060 -4.617 0.593 101
-14.108 -4.601 0.673 56
-14.052 -4.625 0.663 89
-14.090 -4.603 0.577 53
-14.087 -4.606 0.605 73
-14.100 -4.605 0.679 58
-14.000 -4.647 0.709 98
-13.989 -4.649 0.673 83
-13.910 -4.688 0.757 84
-14.044 -4.630 0.703 60
-14.125 -4.588 0.569 59
-13.890 -4.697 0.757 119
-14.083 -4.613 0.692 73
-14.105 -4.600 0.626 68
-13.911 -4.688 0.764 102
-13.894 -4.694 0.749 122
-13.917 -4.685 0.751 69
-14.060 -4.618 0.620 93
-14.100 -4.604 0.658 76
-14.119 -4.595 0.643 45
-14.021 -4.637 0.691 70
-14.172 -4.573 0.648 36
-13.965 -4.662 0.712 97
-13.985 -4.651 0.660 66
-13.978 -4.655 0.689 95
-14.036 -4.628 0.619 94
-14.114 -4.594 0.588 61
-14.048 -4.623 0.608 92
-14.155 -4.580 0.636 61
-13.862 -4.710 0.788 113
-14.145 -4.580 0.581 74
-13.994 -4.650 0.714 105
-14.055 -4.625 0.702 44
-13.974 -4.659 0.717 97
-14.102 -4.603 0.653 64
-14.166 -4.574 0.624 33
-14.123 -4.590 0.583 44
-14.129 -4.592 0.664 53
-13.979 -4.655 0.691 95
-13.975 -4.656 0.684 100
-13.933 -4.677 0.737 89
-14.155 -4.578 0.625 45
-14.162 -4.575 0.617 38
-14.128 -4.587 0.585 45
-14.072 -4.617 0.689 63
-14.107 -4.597 0.600 43
-13.883 -4.700 0.769 128
-14.085 -4.607 0.615 93
-13.941 -4.672 0.705 129
-14.035 -4.632 0.678 82
-14.100 -4.601 0.615 76
-14.001 -4.643 0.656 69
-13.991 -4.652 0.728 100
-14.068 -4.616 0.637 79
-14.064 -4.618 0.632 88
-14.006 -4.645 0.714 85
-14.088 -4.606 0.612 90
-14.159 -4.577 0.635 59
-14.048 -4.623 0.610 95
-14.123 -4.588 0.556 51
-13.975 -4.659 0.738 102
-14.158 -4.578 0.636 59
-14.066 -4.619 0.667 95
-13.874 -4.704 0.771 121
-14.109 -4.600 0.652 64
-14.121 -4.591 0.604 51
-14.090 -4.602 0.564 57
-14.026 -4.635 0.668 93
-13.999 -4.644 0.655 62
-14.132 -4.585 0.569 82
-13.939 -4.675 0.742 71
-14.101 -4.604 0.658 76
-13.938 -4.674 0.729 74
-14.048 -4.625 0.653 99
-13.940 -4.674 0.734 102
-14.070 -4.616 0.651 94
-14.034 -4.631 0.652 94
-14.028 -4.632 0.646 98
-14.190 -4.565 0.646 33
-14.001 -4.646 0.693 65
-13.861 -4.710 0.781 128
-14.154 -4.580 0.638 66
-14.096 -4.601 0.580 69
-14.019 -4.637 0.684 75
-13.892 -4.695 0.751 128
-13.915 -4.685 0.738 104
-14.084 -4.613 0.691 70
-14.077 -4.611 0.617 102
-14.078 -4.611 0.621 78
-14.100 -4.600 0.593 75
-14.165 -4.576 0.654 46
-14.109 -4.599 0.648 65
-14.079 -4.613 0.663 93
-14.147 -4.584 0.663 69
-14.095 -4.602 0.587 89
-14.091 -4.602 0.559 59
-14.115 -4.596 0.634 59
-14.085 -4.606 0.588 92
-14.040 -4.627 0.622 106
-13.978 -4.655 0.678 90
-14.021 -4.638 0.705 104
-13.997 -4.646 0.678 92
-14.117 -4.596 0.644 53
-14.090 -4.608 0.661 91
-14.119 -4.593 0.608 49
-14.070 -4.614 0.622 84
-14.100 -4.604 0.660 71
-14.116 -4.590 0.554 53
-13.959 -4.665 0.725 85
-14.136 -4.589 0.664 39
-14.078 -4.614 0.678 83
-13.912 -4.688 0.767 109
-14.150 -4.582 0.638 71
-13.934 -4.677 0.737 89
-14.126 -4.589 0.600 67
-14.078 -4.611 0.621 78
-14.085 -4.605 0.584 84
-14.121 -4.595 0.663 44
-14.009 -4.644 0.722 99
-13.900 -4.693 0.769 114
-14.101 -4.605 0.677 58
-14.090 -4.606 0.625 91
-14.125 -4.588 0.575 73
-13.911 -4.687 0.742 111
-13.993 -4.648 0.681 66
-14.142 -4.582 0.594 58
-14.065 -4.616 0.624 82
-14.143 -4.585 0.648 27
-14.117 -4.590 0.545 49
-14.097 -4.599 0.564 61
-14.131 -4.588 0.615 48
-13.935 -4.677 0.754 70
-14.097 -4.603 0.622 90
-14.018 -4.639 0.707 99
-13.940 -4.675 0.748 66
-14.108 -4.600 0.650 65
-14.155 -4.576 0.592 60
-13.948 -4.668 0.698 81
-14.017 -4.639 0.699 81
-13.958 -4.666 0.724 85
-14.127 -4.592 0.651 40
-14.037 -4.629 0.632 100
-14.111 -4.593 0.558 68
-14.022 -4.634 0.630 62
-14.120 -4.591 0.591 41
-13.904 -4.691 0.768 101
-14.024 -4.635 0.656 87
-14.081 -4.607 0.580 65
-13.917 -4.683 0.725 96
-14.033 -4.631 0.635 97
-14.111 -4.592 0.548 72
-13.993 -4.647 0.656 51
-14.182 -4.568 0.640 30
-14.014 -4.642 0.715 83
-14.104 -4.598 0.597 63
-14.024 -4.637 0.689 60
-14.009 -4.639 0.646 69
-13.969 -4.660 0.714 90
-14.135 -4.584 0.574 76
-14.012 -4.640 0.678 96
-14.108 -4.595 0.570 55
-14.067 -4.615 0.614 73
-14.138 -4.586 0.625 45
-14.060 -4.619 0.630 94
-14.122 -4.590 0.592 50
-13.968 -4.660 0.689 94
-14.112 -4.592 0.544 56
-13.976 -4.656 0.693 89
-14.098 -4.602 0.612 87
-14.090 -4.609 0.674 92
-14.083 -4.611 0.655 93
-14.003 -4.642 0.641 55
-14.071 -4.611 0.582 78
-14.091 -4.602 0.568 53
-14.050 -4.628 0.699 40
-14.040 -4.615 0.740 66
-14.102 -4.597 0.698 51
-13.950 -4.660 0.770 127
-14.167 -4.575 0.658 44
-14.025 -4.623 0.745 70
-13.942 -4.668 0.765 113
-13.867 -4.706 0.791 125
-14.121 -4.580 0.704 90
-14.039 -4.613 0.746 62
-14.010 -4.627 0.754 62
-14.058 -4.606 0.735 91
-13.881 -4.701 0.783 98
-14.124 -4.589 0.685 45
-14.132 -4.590 0.674 43
-14.137 -4.574 0.694 91
-13.991 -4.641 0.753 65
-14.075 -4.614 0.701 63
-14.142 -4.572 0.692 99
-13.917 -4.680 0.775 115
-14.150 -4.571 0.684 49
-13.946 -4.673 0.753 80
-14.108 -4.595 0.694 50
-14.096 -4.588 0.720 101
-14.015 -4.639 0.728 102
-13.983 -4.654 0.740 112
-14.003 -4.636 0.747 90
-14.105 -4.591 0.705 53
-14.144 -4.579 0.678 47
-13.988 -4.653 0.737 110
-14.129 -4.591 0.675 53
-14.032 -4.626 0.733 62
-13.912 -4.687 0.769 109
-14.055 -4.607 0.738 69
-13.919 -4.682 0.769 115
-14.033 -4.627 0.730 65
-14.045 -4.612 0.741 68
-14.106 -4.589 0.707 44
-13.982 -4.642 0.761 121
-13.879 -4.699 0.788 106
-14.113 -4.581 0.712 78
-14.167 -4.566 0.672 39
-14.135 -4.586 0.677 41
-14.077 -4.593 0.734 109
-13.977 -4.651 0.751 108
-14.177 -4.566 0.660 40
-14.109 -4.601 0.683 54
-14.046 -4.625 0.717 63
-13.950 -4.662 0.767 114
-14.084 -4.608 0.700 77
-14.141 -4.584 0.674 36
-14.156 -4.572 0.677 43
-14.007 -4.641 0.735 103
-14.024 -4.630 0.734 80
-14.168 -4.569 0.667 54
-14.121 -4.594 0.681 37
-14.129 -4.585 0.685 47
-14.041 -4.626 0.722 67
-14.105 -4.593 0.700 55
-14.129 -4.575 0.703 91
-14.096 -4.587 0.722 101
-14.047 -4.609 0.743 79
-13.976 -4.656 0.745 102
-13.898 -4.689 0.783 129
-14.136 -4.587 0.674 45
-14.058 -4.606 0.735 91
-14.129 -4.576 0.701 89
-14.086 -4.600 0.712 69
-14.158 -4.569 0.679 42
-14.008 -4.641 0.732 100
-14.163 -4.571 0.669 40
-14.091 -4.586 0.729 112
-14.034 -4.620 0.740 64
-14.016 -4.629 0.744 75
-14.038 -4.623 0.731 63
-14.053 -4.625 0.709 73
-14.059 -4.606 0.734 120
-13.998 -4.638 0.749 78
-13.946 -4.666 0.765 112
-14.104 -4.595 0.699 51
-14.082 -4.613 0.695 66
-14.138 -4.583 0.677 47
-13.922 -4.679 0.771 118
-14.085 -4.606 0.703 57
-13.907 -4.690 0.770 106
-14.019 -4.634 0.730 96
-14.156 -4.572 0.676 43
-14.015 -4.626 0.749 58
-14.080 -4.600 0.720 84
-13.890 -4.694 0.784 96
-14.033 -4.628 0.729 65
-14.144 -4.573 0.689 62
-14.112 -4.581 0.713 78
-13.921 -4.676 0.778 123
-13.986 -4.652 0.739 108
-14.064 -4.611 0.720 80
-14.110 -4.590 0.700 56
-14.008 -4.627 0.756 47
-13.944 -4.673 0.755 76
-13.972 -4.655 0.751 102
-14.081 -4.608 0.704 77
-13.922 -4.682 0.766 108
-14.123 -4.578 0.705 89
-14.124 -4.575 0.708 94
-13.852 -4.714 0.795 97
-14.079 -4.594 0.730 103
-14.097 -4.596 0.704 55
-14.197 -4.564 0.661 81
-14.176 -4.565 0.674 40
-14.161 -4.566 0.681 36
-14.183 -4.565 0.670 80
-14.189 -4.564 0.661 33
-14.192 -4.565 0.672 91
-14.165 -4.567 0.686 145
-14.198 -4.564 0.664 93
-14.203 -4.564 0.665 95
-14.192 -4.562 0.651 35
-13.875 -4.586 0.648 126
-13.934 -4.572 0.681 107
-13.832 -4.567 0.662 93
-14.027 -4.573 0.705 85
-13.984 -4.581 0.682 155
-13.900 -4.566 0.681 24
-13.930 -4.584 0.665 91
-13.965 -4.571 0.691 38
-13.941 -4.567 0.691 30
-13.928 -4.570 0.682 48
-13.896 -4.574 0.669 139
-13.989 -4.571 0.698 36
-13.982 -4.572 0.695 39
-13.823 -4.562 0.667 21
-13.879 -4.565 0.677 24
-14.036 -4.575 0.707 120
-13.870 -4.568 0.671 114
-13.831 -4.559 0.672 38
-13.805 -4.559 0.666 33
-13.912 -4.578 0.668 139
-13.867 -4.575 0.660 127
-13.818 -4.558 0.670 30
-13.923 -4.588 0.657 122
-13.943 -4.570 0.687 27
-13.921 -4.586 0.660 113
-13.858 -4.561 0.677 14
-13.906 -4.576 0.670 156
-13.908 -4.583 0.661 161
-14.034 -4.580 0.701 91
-13.894 -4.565 0.680 23
-13.830 -4.562 0.668 39
-13.929 -4.586 0.662 98
-13.876 -4.574 0.664 113
-13.886 -4.567 0.676 32
-13.913 -4.589 0.654 109
-13.910 -4.572 0.675 135
-13.955 -4.581 0.676 139
-13.844 -4.572 0.658 123
-14.025 -4.582 0.695 90
-13.871 -4.578 0.657 97
-14.036 -4.577 0.705 107
-13.912 -4.590 0.652 89
-13.876 -4.563 0.679 16
-13.974 -4.578 0.685 131
-14.016 -4.579 0.693 93
-13.899 -4.580 0.663 166
-13.993 -4.578 0.689 110
-13.925 -4.587 0.660 110
-13.977 -4.577 0.686 118
-13.826 -4.559 0.671 33
-13.959 -4.569 0.693 34
-13.868 -4.571 0.666 72
-13.992 -4.583 0.682 145
-13.819 -4.562 0.665 29
-13.877 -4.579 0.658 140
-13.974 -4.580 0.681 143
-13.799 -4.558 0.665 28
-13.893 -4.574 0.669 132
-13.871 -4.572 0.666 122
-13.961 -4.587 0.668 102
-13.845 -4.564 0.669 30
-13.934 -4.566 0.690 37
-13.980 -4.576 0.689 123
-13.995 -4.580 0.687 125
-13.883 -4.573 0.668 138
-13.983 -4.573 0.693 39
-13.946 -4.574 0.682 114
-13.879 -4.568 0.673 85
-13.976 -4.569 0.697 33
-13.934 -4.584 0.666 159
-13.935 -4.576 0.677 124
-13.946 -4.583 0.671 146
-13.846 -4.564 0.670 30
-14.002 -4.583 0.685 129
-13.978 -4.572 0.693 36
-14.000 -4.580 0.689 105
-13.823 -4.563 0.665 21
-13.736 -4.375 0.446 47
-13.853 -4.394 0.455 41
-13.759 -4.445 0.445 89
-13.818 -4.346 0.454 37
-13.832 -4.568 0.446 65
-13.743 -4.275 0.450 41
-13.913 -4.541 0.455 38
-13.674 -4.167 0.448 20
-13.779 -4.412 0.448 59
-13.929 -4.549 0.456 38
-13.857 -4.552 0.449 36
-13.776 -4.487 0.445 57
-13.881 -4.457 0.455 36
-13.763 -4.559 0.441 92
-13.757 -4.439 0.445 89
-13.908 -4.493 0.456 29
-13.744 -4.405 0.445 78
-13.897 -4.481 0.456 34
-13.733 -4.281 0.449 39
-13.720 -4.302 0.447 39
-13.857 -4.589 0.448 91
-13.852 -4.557 0.449 39
-13.746 -4.480 0.442 53
-13.794 -4.319 0.453 38
-13.846 -4.425 0.453 52
-13.812 -4.371 0.453 38
-13.758 -4.621 0.438 116
-13.831 -4.599 0.445 14
-13.878 -4.540 0.452 33
-13.913 -4.508 0.456 30
-13.795 -4.491 0.446 51
-13.795 -4.351 0.452 31
-13.859 -4.583 0.448 95
-13.892 -4.530 0.453 34
-13.787 -4.540 0.443 56
-13.757 -4.480 0.443 55
-13.718 -4.240 0.449 48
-13.693 -4.247 0.447 46
-13.682 -4.268 0.445 38
-13.833 -4.513 0.449 38
-13.864 -4.404 0.456 41
-13.694 -4.273 0.446 39
-13.780 -4.505 0.444 72
-13.708 -4.392 0.443 62
-13.767 -4.378 0.448 45
-13.948 -4.548 0.457 37
-13.689 -4.299 0.445 36
-13.842 -4.588 0.446 86
-13.763 -4.626 0.438 109
-13.777 -4.417 0.448 62
-13.713 -4.287 0.447 38
-13.785 -4.556 0.443 67
-13.710 -4.413 0.442 72
-13.766 -4.277 0.452 43
-13.785 -4.510 0.445 59
-13.924 -4.540 0.456 39
-13.748 -4.600 0.438 14
-13.714 -4.252 0.449 43
-13.755 -4.340 0.449 44
-13.873 -4.444 0.455 39
-13.927 -4.471 0.459 28
-13.739 -4.499 0.441 79
-13.711 -4.326 0.445 43
-13.943 -4.551 0.457 39
-13.898 -4.509 0.455 27
-13.823 -4.592 0.445 45
-13.813 -4.576 0.444 95
-13.845 -4.425 0.453 52
-13.788 -4.432 0.448 51
-13.676 -4.218 0.447 48
-13.790 -4.514 0.445 45
-13.784 -4.380 0.450 35
-13.716 -4.402 0.443 69
-13.831 -4.534 0.448 32
-13.844 -4.448 0.452 39
-13.889 -4.499 0.454 31
-13.715 -4.240 0.449 49
-13.761 -4.496 0.443 90
-13.733 -4.558 0.438 69
-13.717 -4.360 0.445 40
-13.793 -4.515 0.445 43
-13.786 -4.441 0.447 54
-13.790 -4.476 0.446 44
-13.713 -4.405 0.442 71
-13.937 -4.503 0.458 32
-13.744 -4.339 0.448 53
-13.819 -4.556 0.446 52
-13.742 -4.574 0.438 110
-13.917 -4.496 0.457 27
-13.751 -4.521 0.441 76
-13.880 -4.584 0.450 83
-13.788 -4.382 0.450 34
-13.813 -4.510 0.447 39
-13.720 -4.257 0.449 42
-13.861 -4.562 0.449 45
-13.682 -4.194 0.448 44
-13.908 -4.456 0.458 30
-13.677 -4.192 0.448 36
-13.831 -4.392 0.453 42
-13.753 -4.570 0.439 97
-13.746 -4.278 0.450 42
-13.828 -4.383 0.453 39
-13.800 -4.531 0.445 43
-13.790 -4.489 0.446 54
-13.745 -4.510 0.441 73
-13.932 -4.515 0.457 34
-13.712 -4.352 0.444 69
-13.707 -4.273 0.447 37
-13.788 -4.530 0.444 53
-13.727 -4.400 0.444 69
-13.932 -4.529 0.457 37
-13.670 -4.198 0.447 42
-13.689 -4.326 0.443 44
-13.850 -4.561 0.448 43
-13.965 -4.530 0.460 32
-13.875 -4.546 0.451 34
-13.957 -4.541 0.458 35
-13.881 -4.572 0.450 46
-13.707 -4.383 0.443 65
-13.978 -4.551 0.460 36
-13.787 -4.400 0.449 53
-13.734 -4.395 0.445 69
-13.967 -4.522 0.460 31
-13.720 -4.275 0.448 33
-13.913 -4.574 0.453 51
-13.715 -4.225 0.450 43
-13.820 -4.543 0.446 34
-13.787 -4.534 0.444 52
-13.847 -4.576 0.447 83
-13.740 -4.445 0.443 81
-13.891 -4.563 0.452 36
-13.712 -4.277 0.447 35
-13.742 -4.602 0.437 11
-13.775 -4.322 0.451 51
-13.858 -4.515 0.451 36
-13.939 -4.531 0.457 37
-13.786 -4.550 0.443 65
-13.721 -4.271 0.448 33
-13.957 -4.534 0.459 34
-13.735 -4.391 0.445 80
-13.705 -4.231 0.449 44
-13.708 -4.218 0.449 42
-13.771 -4.591 0.440 39
-13.765 -4.388 0.448 66
-13.811 -4.478 0.448 45
-13.806 -4.583 0.443 102
-13.831 -4.438 0.451 43
-13.722 -4.257 0.449 42
-13.764 -4.303 0.451 51
-13.729 -4.437 0.443 78
-13.837 -4.395 0.454 42
-13.921 -4.550 0.455 38
-13.783 -4.342 0.451 30
-13.927 -4.522 0.457 35
-13.780 -4.573 0.442 99
-13.746 -4.597 0.438 15
-13.776 -4.336 0.451 35
-13.928 -4.513 0.457 34
-13.731 -4.283 0.449 39
-13.676 -4.254 0.445 41
-13.758 -4.546 0.441 72
-13.876 -4.474 0.454 35
-13.758 -4.595 0.439 12
-13.891 -4.581 0.451 80
-13.726 -4.454 0.442 70
-13.745 -4.539 0.440 65
-13.753 -4.449 0.444 86
-13.754 -4.524 0.441 75
-13.736 -4.516 0.440 77
-13.758 -4.274 0.452 44
-13.894 -4.536 0.453 34
-13.803 -4.612 0.442 55
-13.755 -4.599 0.438 13
-13.910 -4.567 0.453 43
-13.894 -4.443 0.457 32
-13.717 -4.318 0.446 40
-13.727 -4.409 0.444 76
-13.693 -4.308 0.445 38
-13.692 -4.228 0.448 46
-13.939 -4.544 0.457 38
-13.731 -4.266 0.450 39
-13.685 -4.282 0.445 33
-13.771 -4.284 0.452 44
-13.876 -4.506 0.453 31
-13.752 -4.429 0.445 89
-13.763 -4.340 0.449 37
-13.777 -4.504 0.444 78
-13.782 -4.371 0.450 28
-13.725 -4.425 0.443 75
-13.787 -4.435 0.448 53
-13.898 -4.497 0.455 28
-13.897 -4.507 0.454 27
-13.738 -4.327 0.448 51
-13.872 -4.435 0.455 37
-13.728 -4.375 0.445 50
-13.813 -4.361 0.453 35
-13.889 -4.524 0.453 33
-13.767 -4.507 0.443 77
-13.777 -4.596 0.440 18
-13.781 -4.347 0.451 30
-13.760 -4.544 0.441 75
-13.736 -4.480 0.441 53
-13.712 -4.447 0.441 68
-13.750 -4.470 0.443 44
-13.771 -4.565 0.441 106
-13.762 -4.552 0.441 78
-13.849 -4.579 0.447 89
-13.845 -4.400 0.454 46
-13.769 -4.380 0.448 51
-13.701 -4.219 0.449 44
-13.740 -4.445 0.443 81
-13.744 -4.579 0.438 114
-13.780 -4.565 0.442 102
-13.836 -4.567 0.447 61
-13.760 -4.289 0.451 48
-13.910 -4.455 0.458 29
-13.907 -4.570 0.453 41
-13.871 -4.499 0.453 35
-13.860 -4.496 0.452 38
-13.696 -4.360 0.443 35
-13.787 -4.326 0.452 40
-13.744 -4.454 0.443 65
-13.831 -4.405 0.453 43
-13.961 -4.549 0.459 35
-13.830 -4.587 0.445 99
-13.724 -4.302 0.447 38
-13.806 -4.393 0.451 37
-13.745 -4.387 0.446 81
-13.812 -4.343 0.454 39
-13.821 -4.443 0.450 65
-13.711 -4.218 0.450 43
-13.723 -4.500 0.439 78
-13.793 -4.365 0.451 31
-13.710 -4.224 0.449 42
-13.786 -4.491 0.445 59
-13.750 -4.335 0.448 49
-13.857 -4.544 0.450 36
-13.855 -4.567 0.448 56
-13.784 -4.417 0.448 45
-13.806 -4.415 0.450 55
-13.860 -4.404 0.455 43
-13.729 -4.264 0.450 38
-13.761 -4.401 0.447 81
-13.904 -4.498 0.456 27
-13.708 -4.262 0.448 37
-13.710 -4.369 0.444 39
-13.739 -4.248 0.451 38
-13.749 -4.535 0.440 70
-13.713 -4.306 0.446 40
-13.695 -4.213 0.449 47
-13.759 -4.351 0.449 34
-13.865 -4.432 0.455 39
-13.675 -4.190 0.448 38
-13.870 -4.589 0.449 95
-13.708 -4.390 0.443 67
-13.756 -4.361 0.448 37
-13.752 -4.385 0.447 78
-13.682 -4.228 0.447 47
-13.759 -4.562 0.440 104
-13.681 -4.259 0.445 39
-13.768 -4.339 0.450 37
-13.872 -4.525 0.452 34
-13.746 -4.344 0.448 47
-13.754 -4.481 0.443 57
-13.773 -4.399 0.448 72
-13.831 -4.573 0.446 83
-13.941 -4.564 0.456 44
-13.769 -4.302 0.452 49
-13.796 -4.567 0.443 87
-13.711 -4.344 0.445 65
-13.782 -4.523 0.444 54
-13.686 -4.221 0.447 47
-13.734 -4.558 0.438 69
-13.676 -4.187 0.448 25
-13.843 -4.574 0.447 78
-13.771 -4.410 0.447 75
-13.788 -4.317 0.453 41
-13.787 -4.526 0.444 53
-13.849 -4.543 0.449 36
-13.888 -4.437 0.457 35
-13.686 -4.225 0.447 47
-13.777 -4.550 0.442 68
-13.795 -4.468 0.447 41
-13.762 -4.433 0.446 95
-13.811 -4.504 0.447 42
-13.726 -4.244 0.450 46
-13.875 -4.584 0.450 84
-13.839 -4.408 0.453 46
-13.861 -4.588 0.448 100
-13.710 -4.261 0.448 38
-13.765 -4.322 0.450 51
-13.809 -4.390 0.452 40
-13.886 -4.498 0.454 31
-13.680 -4.234 0.446 47
-13.864 -4.438 0.454 40
-13.830 -4.574 0.446 85
-13.766 -4.383 0.448 60
-13.761 -4.277 0.452 44
-13.738 -4.390 0.445 83
-13.953 -4.508 0.459 33
-13.741 -4.591 0.437 23
-13.778 -4.448 0.446 74
-13.718 -4.294 0.447 40
-13.776 -4.445 0.446 77
-13.706 -4.307 0.446 37
-13.854 -4.445 0.453 45
-13.719 -4.313 0.447 39
-13.752 -4.407 0.446 81
-13.752 -4.338 0.448 48
-13.866 -4.538 0.451 34
-13.717 -4.423 0.442 75
-13.774 -4.313 0.451 53
-13.803 -4.604 0.442 11
-13.769 -4.552 0.441 72
-13.761 -4.481 0.444 53
-13.877 -4.522 0.452 34
-13.765 -4.533 0.442 70
-13.813 -4.346 0.454 38
-13.844 -4.549 0.448 39
-13.778 -4.513 0.444 72
-13.710 -4.440 0.441 69
-13.911 -4.568 0.453 43
-13.682 -4.280 0.445 30
-13.730 -4.258 0.450 41
-13.803 -4.468 0.448 38
-13.828 -4.389 0.453 41
-13.859 -4.424 0.454 45
-13.869 -4.567 0.450 44
-13.896 -4.438 0.457 33
-13.743 -4.592 0.437 12
-13.751 -4.477 0.443 47
-13.788 -4.464 0.447 45
-13.767 -4.565 0.441 103
-13.715 -4.419 0.442 74
-13.709 -4.403 0.442 68
-13.733 -4.447 0.442 76
-13.806 -4.606 0.443 9
-13.914 -4.571 0.453 46
-13.746 -4.293 0.450 44
-13.871 -4.522 0.452 34
-13.843 -4.555 0.448 42
-13.941 -4.560 0.456 43
-13.751 -4.523 0.441 75
-13.882 -4.418 0.457 33
-13.673 -4.195 0.447 43
-13.985 -4.549 0.461 35
-13.766 -4.440 0.446 93
-13.785 -4.372 0.450 29
-13.883 -4.534 0.452 35
-13.694 -4.298 0.445 38
-13.810 -4.336 0.454 41
-13.819 -4.351 0.454 36
-13.788 -4.580 0.442 103
-13.709 -4.375 0.443 44
-13.752 -4.613 0.437 103
-13.795 -4.313 0.453 35
-13.905 -4.553 0.453 36
-13.833 -4.513 0.449 38
-13.903 -4.492 0.456 30
-13.785 -4.406 0.449 59
-13.839 -4.511 0.449 34
-13.771 -4.503 0.444 79
-13.883 -4.428 0.456 36
-13.953 -4.526 0.459 32
-13.830 -4.451 0.451 41
-13.707 -4.375 0.443 39
-13.791 -4.523 0.445 42
-13.919 -4.491 0.457 26
-13.851 -4.402 0.455 43
-13.814 -4.369 0.453 37
-13.822 -4.504 0.448 44
-13.745 -4.472 0.442 45
-13.796 -4.576 0.443 99
-13.839 -4.542 0.448 35
-13.751 -4.556 0.440 85
-13.850 -4.404 0.455 44
-13.904 -4.465 0.457 31
-13.705 -4.278 0.447 37
-13.767 -4.583 0.440 113
-13.857 -4.450 0.453 40
-13.887 -4.455 0.456 36
-13.776 -4.532 0.443 63
-13.735 -4.388 0.445 87
-13.688 -4.319 0.444 38
-13.856 -4.389 0.456 38
-13.683 -4.262 0.446 38
-13.808 -4.372 0.452 37
-13.762 -4.605 0.439 23
-13.822 -4.532 0.447 36
-13.977 -4.533 0.461 32
-13.792 -4.407 0.449 54
-13.728 -4.457 0.442 60
-13.790 -4.546 0.444 58
-13.762 -4.374 0.448 45
-13.802 -4.453 0.448 46
-13.853 -4.496 0.451 39
-13.879 -4.454 0.455 36
-13.747 -4.615 0.437 120
-13.751 -4.629 0.437 107
-13.740 -4.408 0.445 81
-13.817 -4.475 0.449 39
-13.758 -4.456 0.444 71
-13.879 -4.572 0.450 49
-13.783 -4.420 0.448 52
-13.885 -4.552 0.452 35
-13.802 -4.553 0.444 56
-13.751 -4.423 0.445 87
-13.978 -4.542 0.460 34
-13.912 -4.494 0.456 28
-13.761 -4.310 0.450 53
-13.817 -4.474 0.449 39
-13.943 -4.527 0.458 35
-13.826 -4.374 0.454 36
-13.776 -4.317 0.452 52
-13.876 -4.517 0.452 32
-13.918 -4.534 0.455 39
-13.880 -4.562 0.451 39
-13.777 -4.524 0.443 62
-13.921 -4.499 0.457 29
-13.676 -4.171 0.448 17
-13.917 -4.490 0.457 27
-13.767 -4.348 0.449 32
-13.736 -4.377 0.446 55
-13.752 -4.267 0.451 43
-13.736 -4.406 0.444 77
-13.667 -4.168 0.448 21
-13.764 -4.472 0.444 44
-13.830 -4.387 0.453 40
-13.901 -4.458 0.457 32
-13.730 -4.258 0.450 41
-13.906 -4.546 0.454 37
-13.729 -4.381 0.445 73
-13.841 -4.394 0.454 42
-13.789 -4.441 0.448 52
-13.735 -4.412 0.444 79
-13.673 -4.187 0.448 27
-13.747 -4.323 0.449 46
-13.903 -4.460 0.457 31
-13.767 -4.354 0.449 32
-13.823 -4.557 0.446 51
-13.885 -4.518 0.453 30
-13.693 -4.201 0.449 44
-13.772 -4.446 0.446 92
-13.760 -4.400 0.447 81
-13.808 -4.573 0.444 86
-13.759 -4.279 0.452 45
-13.875 -4.469 0.454 36
-13.784 -4.393 0.449 44
-13.869 -4.418 0.456 33
-13.823 -4.509 0.448 42
-13.751 -4.596 0.438 13
-13.954 -4.537 0.458 35
-13.771 -4.365 0.449 34
-13.736 -4.339 0.447 59
-13.764 -4.493 0.443 89
-13.682 -4.253 0.446 42
-13.767 -4.290 0.452 48
-13.822 -4.550 0.446 40
-13.686 -4.301 0.444 36
-13.901 -4.447 0.457 33
-13.760 -4.525 0.442 74
-13.687 -4.272 0.445 37
-13.788 -4.354 0.451 30
-13.905 -4.558 0.453 37
-13.937 -4.527 0.457 37
-13.717 -4.267 0.448 34
-13.808 -4.343 0.453 38
-13.888 -4.583 0.451 101
-13.815 -4.381 0.452 40
-13.891 -4.500 0.454 29
-13.878 -4.505 0.453 31
-13.778 -4.552 0.442 70
-13.928 -4.516 0.457 34
-13.887 -4.530 0.453 35
-13.850 -4.583 0.447 100
-13.860 -4.503 0.451 37
-13.733 -4.365 0.446 41
-13.729 -4.459 0.442 60
-13.857 -4.594 0.448 66
-13.758 -4.489 0.443 82
-13.745 -4.343 0.448 49
-13.942 -4.501 0.459 32
-13.701 -4.313 0.445 35
-13.853 -4.394 0.455 40
-13.741 -4.594 0.437 12
-13.711 -4.321 0.446 40
-13.682 -4.285 0.444 33
-13.732 -4.311 0.448 36
-13.882 -4.550 0.451 35
-13.742 -4.447 0.443 82
-13.978 -4.548 0.460 36
-13.856 -4.481 0.452 31
-13.781 -4.413 0.448 59
-13.840 -4.441 0.452 40
-13.730 -4.469 0.441 57
-13.890 -4.493 0.454 33
-13.824 -4.516 0.448 41
-13.859 -4.496 0.452 38
-13.849 -4.396 0.455 40
-13.769 -4.588 0.440 69
-13.790 -4.414 0.449 50
-13.838 -4.540 0.448 34
-13.742 -4.369 0.446 42
-13.931 -4.558 0.455 42
-13.707 -4.375 0.443 39
-13.790 -4.356 0.451 30
-13.739 -4.372 0.446 42
-13.769 -4.542 0.442 71
-13.890 -4.576 0.451 43
-13.714 -4.466 0.440 56
-13.711 -4.230 0.449 43
-13.747 -4.526 0.441 76
-13.760 -4.334 0.449 45
-13.672 -4.168 0.448 20
-13.830 -4.380 0.454 38
-13.942 -4.535 0.457 36
-13.783 -4.367 0.450 30
-13.740 -4.485 0.442 57
-13.787 -4.502 0.445 58
-13.809 -4.544 0.445 42
-13.834 -4.512 0.449 36
-13.764 -4.279 0.452 45
-13.755 -4.450 0.444 79
-13.777 -4.456 0.446 72
-13.677 -4.167 0.449 19
-13.695 -4.217 0.448 47
-13.812 -4.606 0.443 9
-13.745 -4.281 0.450 41
-13.741 -4.467 0.442 46
-13.803 -4.602 0.442 11
-13.741 -4.500 0.441 79
-13.684 -4.222 0.447 48
-13.821 -4.533 0.447 36
-13.751 -4.530 0.441 71
-13.918 -4.518 0.456 33
-13.925 -4.470 0.458 28
-13.849 -4.504 0.450 35
-13.855 -4.425 0.454 46
-13.769 -4.591 0.440 31
-13.676 -4.259 0.445 35
-13.796 -4.420 0.449 57
-13.902 -4.446 0.457 33
-13.737 -4.568 0.438 113
-13.833 -4.562 0.447 52
-13.717 -4.307 0.447 39
-13.855 -4.517 0.450 36
-13.796 -4.614 0.441 69
-13.928 -4.506 0.457 32
-13.794 -4.613 0.441 78
-13.711 -4.423 0.442 75
-13.755 -4.267 0.452 41
-13.785 -4.587 0.441 75
-13.819 -4.356 0.454 35
-13.754 -4.493 0.443 84
-13.832 -4.573 0.446 83
-13.769 -4.389 0.448 59
-13.810 -4.544 0.445 40
-13.759 -4.496 0.443 88
-13.702 -4.353 0.443 66
-13.729 -4.389 0.444 82
-13.748 -4.547 0.440 62
-13.817 -4.518 0.447 37
-13.757 -4.270 0.452 45
-13.811 -4.472 0.448 42
-13.812 -4.488 0.448 41
-13.824 -4.367 0.454 35
-13.788 -4.498 0.445 63
-13.822 -4.378 0.453 38
-13.878 -4.493 0.453 35
-13.883 -4.479 0.454 34
-13.877 -4.575 0.450 49
-13.859 -4.502 0.451 38
-13.852 -4.474 0.452 32
-13.729 -4.380 0.445 61
-13.773 -4.353 0.450 31
-13.853 -4.547 0.449 36
-13.675 -4.182 0.448 18
-13.852 -4.423 0.454 51
-13.806 -4.378 0.452 36
-13.873 -4.551 0.451 34
-13.880 -4.486 0.454 33
-13.899 -4.451 0.457 34
-13.713 -4.399 0.443 64
-13.800 -4.476 0.447 45
-13.752 -4.499 0.442 79
-13.793 -4.613 0.441 78
-13.923 -4.505 0.457 32
-13.808 -4.505 0.447 39
-13.697 -4.303 0.445 37
-13.744 -4.286 0.450 43
-13.733 -4.356 0.446 43
-13.840 -4.580 0.447 101
-13.733 -4.488 0.441 56
-13.862 -4.572 0.449 54
-13.700 -4.270 0.447 39
-13.859 -4.544 0.450 36
-13.722 -4.364 0.445 42
-13.685 -4.259 0.446 38
-13.813 -4.542 0.446 38
-13.794 -4.395 0.450 35
-13.751 -4.327 0.449 48
-13.754 -4.364 0.448 36
-13.838 -4.567 0.447 60
-13.850 -4.460 0.452 32
-13.772 -4.582 0.441 112
-13.916 -4.562 0.454 38
-13.724 -4.345 0.446 62
-13.927 -4.540 0.456 39
-13.774 -4.366 0.449 31
-13.905 -4.529 0.454 36
-13.833 -4.490 0.450 34
-13.761 -4.451 0.445 86
-13.830 -4.476 0.450 34
-13.741 -4.490 0.441 64
-13.723 -4.335 0.446 60
-13.874 -4.429 0.456 37
-13.815 -4.400 0.452 41
-13.865 -4.566 0.449 51
-13.748 -4.264 0.451 43
-13.729 -4.379 0.445 61
-13.801 -4.357 0.452 32
-13.794 -4.507 0.445 46
-13.783 -4.476 0.446 44
-13.802 -4.598 0.442 19
-13.761 -4.322 0.450 52
-13.777 -4.567 0.442 108
-13.801 -4.571 0.444 90
-13.859 -4.470 0.453 36
-13.812 -4.591 0.444 44
-13.756 -4.580 0.439 117
-13.750 -4.480 0.443 57
-13.824 -4.521 0.448 38
-13.755 -4.583 0.439 112
-13.843 -4.566 0.447 58
-13.714 -4.453 0.441 66
-13.814 -4.418 0.451 63
-13.950 -4.538 0.458 36
-13.749 -4.564 0.439 99
-13.744 -4.584 0.438 95
-13.697 -4.214 0.449 47
-13.904 -4.447 0.458 32
-13.705 -4.339 0.444 63
-13.843 -4.537 0.449 33
-13.929 -4.482 0.458 28
-13.810 -4.513 0.447 35
-13.817 -4.603 0.444 7
-13.817 -4.572 0.445 85
-13.740 -4.370 0.446 42
-13.823 -4.442 0.451 64
-13.872 -4.576 0.450 56
-13.809 -4.337 0.454 40
-13.714 -4.194 0.453 22
-13.976 -4.517 0.463 31
-13.805 -4.318 0.454 33
-13.720 -4.205 0.453 27
-13.843 -4.258 0.474 24
-13.721 -4.171 0.459 11
-13.896 -4.355 0.470 32
-13.861 -4.289 0.473 30
-13.878 -4.405 0.458 35
-13.859 -4.264 0.477 20
-13.927 -4.405 0.469 40
-13.725 -4.195 0.456 19
-13.774 -4.252 0.458 19
-13.833 -4.346 0.457 36
-13.776 -4.244 0.460 24
-13.863 -4.336 0.465 23
-13.798 -4.171 0.477 17
-13.729 -4.202 0.455 18
-13.853 -4.290 0.471 32
-13.772 -4.279 0.453 42
-13.914 -4.374 0.472 35
-13.829 -4.298 0.464 33
-13.841 -4.236 0.477 29
-13.814 -4.327 0.455 42
-13.833 -4.279 0.468 33
-13.695 -4.171 0.452 12
-13.857 -4.347 0.462 21
-13.821 -4.204 0.477 26
-13.782 -4.269 0.457 30
-13.783 -4.188 0.471 28
-13.836 -4.302 0.465 33
-13.745 -4.223 0.456 20
-13.725 -4.203 0.454 19
-13.907 -4.390 0.467 32
-13.890 -4.390 0.463 27
-13.745 -4.227 0.455 18
-13.926 -4.447 0.462 27
-13.762 -4.257 0.454 19
-13.782 -4.213 0.467 23
-13.815 -4.319 0.457 41
-13.908 -4.412 0.464 23
-13.842 -4.336 0.460 27
-13.730 -4.203 0.455 18
-13.846 -4.236 0.478 27
-13.838 -4.337 0.459 30
-13.750 -4.176 0.465 13
-13.696 -4.154 0.455 19
-13.903 -4.421 0.461 26
-13.828 -4.327 0.459 37
-13.868 -4.317 0.470 24
-13.716 -4.170 0.458 11
-13.910 -4.423 0.462 28
-13.743 -4.209 0.458 18
-13.792 -4.169 0.476 16
-13.829 -4.313 0.461 33
-13.860 -4.272 0.476 28
-13.847 -4.229 0.480 27
-13.866 -4.377 0.459 31
-13.763 -4.211 0.462 18
-13.752 -4.166 0.467 11
-13.870 -4.385 0.459 27
-13.781 -4.259 0.458 18
-13.915 -4.451 0.459 28
-13.797 -4.189 0.474 27
-13.806 -4.204 0.474 30
-13.737 -4.170 0.463 11
-13.842 -4.252 0.475 28
-13.797 -4.292 0.457 30
-13.853 -4.304 0.469 26
-13.799 -4.233 0.467 28
-13.745 -4.247 0.452 30
-13.708 -4.203 0.450 36
-13.910 -4.438 0.460 28
-13.673 -4.157 0.449 26
-13.770 -4.212 0.464 19
-13.838 -4.313 0.464 27
-13.863 -4.392 0.456 35
-13.770 -4.206 0.465 21
-13.936 -4.463 0.462 26
-13.840 -4.356 0.457 33
-13.948 -4.489 0.460 30
-13.828 -4.323 0.459 35
-13.715 -4.162 0.458 14
-13.745 -4.220 0.457 19
-13.939 -4.469 0.462 29
-13.765 -4.215 0.462 17
-13.862 -4.368 0.460 33
-13.733 -4.160 0.463 17
-13.837 -4.236 0.476 30
-13.750 -4.214 0.459 19
-13.853 -4.307 0.468 24
-13.920 -4.461 0.459 25
-13.911 -4.378 0.470 32
-13.843 -4.325 0.463 24
-13.785 -4.288 0.455 36
-13.865 -4.278 0.476 30
-13.788 -4.195 0.471 26
-13.830 -4.343 0.456 37
-13.760 -4.208 0.462 18
-13.783 -4.168 0.474 15
-13.787 -4.158 0.477 15
-13.920 -4.391 0.470 33
-13.809 -4.202 0.475 30
-13.832 -4.216 0.478 26
-13.796 -4.209 0.471 27
-13.734 -4.226 0.453 27
-13.857 -4.384 0.456 37
-13.906 -4.431 0.460 31
-13.928 -4.436 0.465 26
-13.754 -4.159 0.468 16
-13.764 -4.211 0.463 18
-13.837 -4.352 0.456 34
-13.804 -4.200 0.474 31
-13.873 -4.374 0.462 30
-13.867 -4.311 0.471 25
-13.767 -4.262 0.455 27
-13.975 -4.513 0.463 31
-13.754 -4.192 0.463 22
-13.847 -4.331 0.463 24
-13.868 -4.294 0.474 29
-13.780 -4.207 0.467 24
-13.787 -4.217 0.467 24
-13.782 -4.187 0.471 25
-13.777 -4.187 0.470 25
-13.728 -4.213 0.453 29
-13.708 -4.188 0.453 19
-13.969 -4.503 0.463 31
-13.830 -4.298 0.464 34
-13.691 -4.156 0.453 18
-13.880 -4.363 0.465 30
-13.794 -4.170 0.476 16
-13.876 -4.383 0.461 24
-13.709 -4.189 0.453 24
-13.737 -4.152 0.465 21
-13.934 -4.430 0.467 29
-13.804 -4.163 0.480 12
-13.813 -4.240 0.470 29
-13.798 -4.218 0.469 26
-13.787 -4.154 0.477 19
-13.835 -4.288 0.467 34
-13.800 -4.295 0.457 31
-13.753 -4.196 0.462 18
-13.791 -4.212 0.469 24
-13.895 -4.401 0.462 33
-13.721 -4.176 0.458 13
-13.790 -4.256 0.461 26
-13.757 -4.195 0.463 20
-13.799 -4.278 0.460 40
-13.781 -4.240 0.462 26
-13.850 -4.311 0.467 22
-13.825 -4.280 0.466 30
-13.815 -4.220 0.473 30
-13.847 -4.363 0.457 32
-13.827 -4.345 0.455 39
-13.821 -4.236 0.472 31
-13.779 -4.209 0.466 24
-13.815 -4.280 0.463 30
-13.838 -4.254 0.473 30
-13.880 -4.400 0.459 35
-13.812 -4.319 0.456 38
-13.826 -4.308 0.461 34
-13.712 -4.158 0.458 17
-13.788 -4.208 0.469 25
-13.739 -4.169 0.463 11
-13.792 -4.182 0.474 21
-13.905 -4.431 0.460 31
-13.788 -4.234 0.465 26
-13.894 -4.385 0.465 26
-13.820 -4.335 0.455 42
-13.767 -4.173 0.470 15
-13.751 -4.228 0.456 18
-13.835 -4.300 0.465 34
-13.853 -4.241 0.479 27
-13.799 -4.284 0.459 36
-13.715 -4.196 0.453 23
-13.848 -4.280 0.471 33
-13.821 -4.165 0.484 15
-13.831 -4.337 0.458 36
-13.780 -4.254 0.459 19
-13.799 -4.300 0.456 27
-13.817 -4.275 0.465 28
-13.838 -4.241 0.475 30
-13.716 -4.184 0.455 14
-13.763 -4.187 0.466 24
-13.823 -4.185 0.481 20
-13.759 -4.227 0.459 19
-13.812 -4.316 0.456 38
-13.849 -4.361 0.458 32
-13.790 -4.168 0.476 16
-13.770 -4.176 0.470 15
-13.881 -4.347 0.468 27
-13.902 -4.397 0.465 31
-13.868 -4.372 0.461 33
-13.804 -4.223 0.470 26
-13.877 -4.369 0.464 28
-13.891 -4.372 0.466 30
-13.846 -4.241 0.477 28
-13.826 -4.192 0.481 24
-13.826 -4.189 0.481 22
-13.836 -4.341 0.458 33
-13.846 -4.264 0.473 19
-13.841 -4.205 0.482 23
-13.833 -4.221 0.478 28
-13.965 -4.497 0.463 32
-13.868 -4.286 0.475 32
-13.830 -4.264 0.470 24
-13.870 -4.345 0.466 23
-13.734 -4.152 0.465 21
-13.880 -4.301 0.476 28
-13.778 -4.171 0.473 15
-13.809 -4.215 0.473 32
-13.845 -4.227 0.479 26
-13.947 -4.446 0.467 26
-13.796 -4.176 0.476 18
-13.862 -4.363 0.461 31
-13.968 -4.512 0.461 31
-13.811 -4.177 0.479 20
-13.837 -4.290 0.467 34
-13.803 -4.163 0.479 12
-13.858 -4.373 0.458 37
-13.918 -4.392 0.469 33
-13.817 -4.231 0.472 31
-13.829 -4.339 0.457 36
-13.767 -4.231 0.460 19
-13.839 -4.304 0.465 31
-13.840 -4.356 0.457 33
-13.726 -4.202 0.455 19
-13.919 -4.402 0.468 34
-13.799 -4.237 0.467 27
-13.819 -4.299 0.461 35
-13.893 -4.345 0.471 30
-13.811 -4.249 0.468 28
-13.769 -4.183 0.469 18
-13.912 -4.390 0.468 32
-13.900 -4.387 0.466 29
-13.758 -4.178 0.467 14
-13.751 -4.243 0.454 27
-13.788 -4.247 0.462 27
-13.861 -4.302 0.471 27
-13.816 -4.278 0.464 28
-13.735 -4.163 0.463 14
-13.757 -4.175 0.467 16
-13.945 -4.472 0.463 32
-13.927 -4.431 0.465 28
-13.746 -4.197 0.460 18
-13.888 -4.362 0.467 31
-13.824 -4.305 0.461 33
-13.932 -4.413 0.469 37
-13.805 -4.311 0.456 33
-13.870 -4.395 0.457 35
-13.951 -4.459 0.466 23
-13.810 -4.303 0.458 41
-13.854 -4.361 0.459 30
-13.710 -4.173 0.456 12
-13.774 -4.230 0.462 22
-13.819 -4.331 0.456 43
-13.896 -4.410 0.461 26
-13.955 -4.475 0.465 32
-13.752 -4.253 0.453 25
-13.828 -4.230 0.475 31
-13.930 -4.435 0.465 26
-13.801 -4.308 0.455 28
-13.899 -4.406 0.462 28
-13.724 -4.179 0.458 14
-13.806 -4.158 0.481 16
-13.864 -4.274 0.476 28
-13.719 -4.177 0.457 13
-13.825 -4.166 0.484 16
-13.843 -4.267 0.472 24
-13.712 -4.199 0.452 26
-13.811 -4.310 0.457 38
-13.824 -4.207 0.478 25
-13.785 -4.240 0.463 27
-13.864 -4.314 0.470 23
-13.856 -4.245 0.479 28
-13.848 -4.263 0.474 19
-13.751 -4.215 0.459 20
-13.753 -4.235 0.456 21
-13.788 -4.261 0.460 19
-13.902 -4.386 0.467 30
-13.782 -4.237 0.463 25
-13.831 -4.324 0.460 33
-13.712 -4.174 0.456 14
-13.913 -4.416 0.464 27
-13.774 -4.200 0.467 23
-13.825 -4.213 0.477 28
-13.708 -4.202 0.451 36
-13.766 -4.260 0.455 22
-13.896 -4.350 0.471 32
-13.916 -4.454 0.459 28
-13.856 -4.338 0.463 22
-13.887 -4.370 0.466 29
-13.950 -4.491 0.460 30
-13.815 -4.193 0.478 27
-13.766 -4.260 0.455 22
-13.843 -4.223 0.480 27
-13.703 -4.165 0.455 13
-13.861 -4.269 0.476 27
-13.805 -4.287 0.460 41
-13.869 -4.333 0.467 25
-13.879 -4.407 0.457 35
-13.848 -4.360 0.458 30
-13.885 -4.311 0.475 28
-13.887 -4.412 0.459 30
-13.755 -4.166 0.467 12
-13.729 -4.157 0.463 20
-13.924 -4.430 0.464 28
-13.714 -4.179 0.456 14
-13.837 -4.219 0.479 26
-13.767 -4.240 0.458 18
-13.804 -4.239 0.467 26
-13.850 -4.237 0.479 27
-13.859 -4.367 0.459 35
-13.905 -4.412 0.463 22
-13.925 -4.460 0.460 25
-13.783 -4.153 0.476 22
-13.957 -4.479 0.464 33
-13.820 -4.173 0.482 18
-13.869 -4.365 0.462 31
-13.850 -4.175 0.481 19
-13.976 -4.313 0.462 28
-13.911 -4.342 0.473 27
-13.867 -4.238 0.479 27
-13.884 -4.261 0.476 22
-13.918 -4.216 0.471 24
-13.915 -4.242 0.471 22
-13.897 -4.299 0.475 28
-13.929 -4.188 0.469 23
-13.922 -4.249 0.470 21
-13.935 -4.400 0.469 38
-13.995 -4.280 0.459 19
-13.938 -4.381 0.469 35
-13.873 -4.187 0.478 21
-13.896 -4.237 0.474 26
-13.998 -4.282 0.459 20
-13.961 -4.469 0.466 30
-13.838 -4.166 0.483 16
-13.853 -4.180 0.481 19
-13.978 -4.466 0.463 25
-13.979 -4.303 0.462 29
-13.950 -4.309 0.466 28
-13.941 -4.361 0.468 34
-13.894 -4.260 0.475 23
-13.866 -4.250 0.479 25
-13.881 -4.275 0.477 27
-13.907 -4.349 0.473 30
-13.928 -4.303 0.470 27
-13.883 -4.257 0.476 23
-13.983 -4.333 0.461 23
-13.931 -4.273 0.469 24
-13.981 -4.457 0.462 24
-13.955 -4.460 0.466 25
-13.900 -4.265 0.474 23
-13.901 -4.248 0.474 23
-13.962 -4.375 0.465 35
-13.928 -4.212 0.469 23
-13.929 -4.228 0.469 24
-13.960 -4.318 0.465 27
-13.981 -4.189 0.461 21
-13.995 -4.364 0.460 32
-13.966 -4.276 0.464 19
-13.964 -4.281 0.464 19
-13.960 -4.332 0.465 23
-13.927 -4.236 0.470 24
-13.950 -4.359 0.467 33
-13.918 -4.234 0.471 25
-13.956 -4.271 0.465 21
-13.950 -4.407 0.467 39
-13.872 -4.205 0.478 22
-13.973 -4.472 0.464 28
-13.923 -4.315 0.471 27
-13.883 -4.264 0.477 24
-13.957 -4.437 0.466 22
-13.956 -4.344 0.466 26
-13.931 -4.381 0.470 35
-13.886 -4.255 0.476 23
-13.934 -4.354 0.469 31
-13.967 -4.189 0.463 21
-13.955 -4.461 0.466 25
-13.967 -4.295 0.464 26
-13.904 -4.210 0.473 23
-13.982 -4.277 0.461 19
-13.977 -4.405 0.463 36
-13.990 -4.296 0.460 28
-13.975 -4.426 0.463 30
-13.912 -4.186 0.472 20
-13.959 -4.327 0.465 23
-13.969 -4.310 0.463 29
-13.998 -4.338 0.459 23
-13.922 -4.377 0.471 35
-13.980 -4.380 0.462 33
-13.854 -4.198 0.481 21
-13.921 -4.209 0.470 23
-13.989 -4.530 0.462 32
-13.972 -4.480 0.464 32
-14.001 -4.185 0.458 22
-13.857 -4.173 0.480 19
-13.888 -4.246 0.476 24
-13.925 -4.380 0.471 35
-13.886 -4.230 0.476 26
-13.921 -4.300 0.471 28
-13.946 -4.428 0.468 27
-13.981 -4.350 0.462 31
-13.911 -4.306 0.472 27
-13.981 -4.438 0.462 24
-13.903 -4.181 0.473 20
-13.996 -4.295 0.459 27
-13.880 -4.239 0.477 26
-13.975 -4.205 0.462 24
-13.980 -4.338 0.462 24
-13.844 -4.193 0.482 21
-13.926 -4.206 0.470 23
-13.972 -4.222 0.462 22
-13.985 -4.399 0.461 36
-13.989 -4.366 0.461 32
-13.954 -4.218 0.465 22
-13.905 -4.315 0.473 27
-13.930 -4.197 0.469 22
-13.919 -4.171 0.470 19
-13.983 -4.301 0.461 27
-13.933 -4.332 0.469 25
-13.982 -4.472 0.462 28
-13.905 -4.323 0.473 28
-13.958 -4.436 0.466 22
-13.987 -4.365 0.461 32
-13.991 -4.218 0.459 21
-13.878 -4.272 0.477 27
-13.986 -4.206 0.460 24
-13.913 -4.355 0.472 32
-13.995 -4.429 0.460 24
-13.979 -4.505 0.463 31
-13.871 -4.268 0.478 25
-13.969 -4.316 0.463 28
-13.954 -4.326 0.466 24
-13.952 -4.283 0.466 22
-13.858 -4.231 0.480 27
-13.985 -4.283 0.461 19
-13.963 -4.400 0.465 38
-13.973 -4.344 0.463 26
-13.887 -4.274 0.476 27
-13.876 -4.193 0.477 21
-13.900 -4.257 0.474 21
-13.907 -4.181 0.472 20
-13.941 -4.242 0.467 21
-13.932 -4.303 0.469 28
-13.930 -4.237 0.469 22
-13.942 -4.235 0.467 22
-13.920 -4.197 0.470 22
-13.869 -4.198 0.478 21
-13.896 -4.269 0.474 26
-13.992 -4.516 0.461 31
-13.977 -4.316 0.462 28
-13.990 -4.389 0.461 34
-13.917 -4.224 0.471 25
-13.985 -4.270 0.461 20
-13.996 -4.287 0.459 21
-13.980 -4.295 0.462 27
-13.933 -4.225 0.469 24
-13.990 -4.302 0.460 27
-13.978 -4.508 0.463 32
-13.958 -4.463 0.466 26
-13.900 -4.194 0.474 21
-13.964 -4.472 0.465 30
-13.939 -4.260 0.468 18
-13.900 -4.279 0.474 27
-13.909 -4.218 0.472 24
-13.872 -4.264 0.478 23
-13.986 -4.393 0.461 35
-13.993 -4.230 0.459 21
-13.938 -4.303 0.468 28
-13.978 -4.219 0.462 21
-13.950 -4.429 0.467 25
-13.854 -4.161 0.481 14
-13.927 -4.368 0.470 35
-13.958 -4.379 0.466 33
-13.866 -4.229 0.479 27
-13.955 -4.259 0.465 18
-13.910 -4.317 0.473 27
-13.956 -4.361 0.466 34
-13.908 -4.343 0.473 27
-13.914 -4.286 0.472 27
-13.890 -4.181 0.475 20
-13.867 -4.161 0.479 13
-13.939 -4.414 0.469 38
-13.984 -4.282 0.461 19
-13.923 -4.334 0.471 25
-13.942 -4.425 0.468 31
-13.941 -4.185 0.467 21
-13.994 -4.338 0.460 24
-13.941 -4.313 0.468 28
-13.989 -4.368 0.461 32
-13.978 -4.360 0.462 34
-13.896 -4.180 0.474 20
-13.978 -4.264 0.462 19
-13.982 -4.236 0.461 19
-13.926 -4.192 0.469 22
-13.938 -4.251 0.468 19
-13.993 -4.382 0.460 33
-13.981 -4.329 0.462 24
-13.933 -4.382 0.469 35
-13.968 -4.397 0.464 36
-13.847 -4.192 0.482 21
-13.897 -4.223 0.474 25
-13.988 -4.382 0.461 33
-13.856 -4.209 0.480 24
-13.994 -4.235 0.459 19
-13.973 -4.296 0.463 27
-13.987 -4.377 0.461 32
-13.981 -4.197 0.461 23
-13.849 -4.201 0.481 21
-13.910 -4.186 0.472 20
-13.946 -4.246 0.467 19
-13.977 -4.225 0.462 22
-13.901 -4.296 0.474 28
-13.960 -4.398 0.465 36
-13.952 -4.325 0.466 24
-13.988 -4.325 0.461 25
-13.929 -4.183 0.469 20
-13.961 -4.192 0.464 21
-13.988 -4.213 0.460 21
-13.933 -4.176 0.468 20
-13.960 -4.357 0.465 32
-13.966 -4.343 0.464 27
-13.992 -4.394 0.460 36
-13.937 -4.190 0.468 23
-13.960 -4.409 0.465 39
-13.863 -4.220 0.479 26
-13.941 -4.282 0.468 23
-13.838 -4.180 0.483 19
-13.866 -4.227 0.479 26
-13.980 -4.482 0.463 31
-13.937 -4.217 0.468 24
-13.908 -4.280 0.473 26
-13.944 -4.304 0.467 28
-13.971 -4.287 0.463 24
-13.989 -4.376 0.461 32
-13.908 -4.334 0.473 25
-13.987 -4.270 0.460 20
-13.977 -4.205 0.462 24
-13.983 -4.311 0.461 29
-13.960 -4.410 0.465 39
-13.883 -4.249 0.476 25
-13.871 -4.184 0.478 20
-13.917 -4.259 0.471 21
-13.916 -4.216 0.471 24
-13.943 -4.175 0.467 20
-13.950 -4.263 0.466 20
-13.951 -4.185 0.465 22
-13.992 -4.463 0.461 23
-13.912 -4.264 0.472 23
-13.896 -4.201 0.474 22
-13.901 -4.241 0.474 25
-13.940 -4.213 0.467 23
-13.957 -4.436 0.466 22
-13.901 -4.166 0.474 16
-13.949 -4.415 0.467 36
-13.956 -4.282 0.465 21
-13.940 -4.328 0.468 25
-13.956 -4.384 0.466 33
-13.992 -4.184 0.459 21
-13.997 -4.323 0.459 26
-13.961 -4.405 0.465 39
-13.978 -4.516 0.463 31
-13.903 -4.323 0.474 28
-13.977 -4.371 0.463 33
-13.982 -4.422 0.462 30
-13.987 -4.490 0.462 32
-13.951 -4.242 0.466 20
-13.968 -4.285 0.463 22
-13.977 -4.277 0.462 20
-13.975 -4.301 0.462 29
-13.909 -4.206 0.472 23
-13.979 -4.356 0.462 33
-13.887 -4.166 0.476 17
-13.877 -4.260 0.477 22
-13.934 -4.345 0.469 28
-13.936 -4.196 0.468 22
-13.988 -4.343 0.461 27
-13.899 -4.251 0.474 23
-13.917 -4.228 0.471 25
-13.889 -4.308 0.476 28
-14.001 -4.290 0.458 26
-13.920 -4.221 0.471 24
-13.963 -4.384 0.465 33
-13.917 -4.191 0.471 22
-13.905 -4.277 0.473 26
-13.972 -4.398 0.463 36
-13.962 -4.447 0.465 24
-13.844 -4.157 0.482 13
-13.904 -4.302 0.473 27
-13.905 -4.239 0.473 25
-13.927 -4.285 0.470 26
-13.994 -4.448 0.460 27
-13.953 -4.230 0.465 22
-13.939 -4.187 0.467 23
-13.965 -4.480 0.465 31
-13.925 -4.346 0.470 28
-13.944 -4.187 0.467 23
-13.982 -4.485 0.462 32
-13.990 -4.201 0.460 24
-13.945 -4.307 0.467 28
-13.994 -4.191 0.459 23
-13.973 -4.333 0.463 23
-13.998 -4.342 0.459 25
-13.904 -4.177 0.473 20
-13.949 -4.231 0.466 22
-13.927 -4.364 0.470 35
-13.936 -4.227 0.468 23
-13.852 -4.225 0.481 27
-13.911 -4.250 0.472 21
-13.934 -4.345 0.469 29
-13.881 -4.180 0.476 20
-13.887 -4.223 0.476 25
-13.906 -4.226 0.473 25
-13.910 -4.181 0.472 20
-13.899 -4.283 0.474 28
-13.949 -4.323 0.467 26
-13.994 -4.425 0.460 31
-13.968 -4.334 0.464 23
-13.941 -4.285 0.468 24
-13.928 -4.183 0.469 20
-13.896 -4.245 0.474 23
-13.980 -4.201 0.461 23
-13.957 -4.329 0.465 24
-13.979 -4.262 0.462 18
-13.916 -4.194 0.471 22
-13.990 -4.343 0.460 26
-13.956 -4.242 0.465 20
-13.903 -4.205 0.473 22
-13.949 -4.232 0.466 22
-13.938 -4.245 0.468 20
-13.928 -4.380 0.470 35
-13.935 -4.233 0.468 22
-13.975 -4.210 0.462 25
-13.956 -4.462 0.466 25
-13.982 -4.335 0.462 23
-13.879 -4.242 0.477 27
-13.981 -4.459 0.462 24
-13.944 -4.204 0.467 24
-13.874 -4.188 0.477 21
-13.965 -4.265 0.464 19
-13.943 -4.377 0.468 35
-13.936 -4.306 0.469 28
-13.987 -4.529 0.462 31
-13.896 -4.259 0.474 22
-14.002 -4.185 0.458 22
-13.973 -4.236 0.462 20
-13.947 -4.347 0.467 29
-13.882 -4.176 0.476 19
-13.943 -4.428 0.468 29
-13.905 -4.301 0.473 27
-13.970 -4.189 0.463 21
-13.945 -4.354 0.467 31
-13.860 -4.234 0.480 27
-13.921 -4.172 0.470 19
-13.961 -4.444 0.465 24
-13.993 -4.320 0.460 27
-13.948 -4.380 0.467 32
-13.995 -4.358 0.460 33
-13.992 -4.512 0.461 31
-13.867 -4.220 0.479 26
-13.877 -4.195 0.477 20
-13.941 -4.250 0.467 19
-13.930 -4.387 0.470 35
-13.888 -4.277 0.476 27
-13.876 -4.214 0.477 24
-14.002 -4.427 0.461 28
-14.010 -4.377 0.461 31
-14.001 -4.411 0.460 37
-14.007 -4.460 0.462 24
-14.041 -4.420 0.466 30
-14.010 -4.329 0.460 22
-14.028 -4.351 0.463 29
-14.038 -4.454 0.466 22
-14.010 -4.388 0.461 31
-14.017 -4.316 0.461 26
-14.032 -4.443 0.465 22
-14.019 -4.309 0.461 27
-14.010 -4.310 0.460 28
-14.036 -4.385 0.465 30
-14.033 -4.425 0.465 28
-14.009 -4.319 0.460 26
-13.998 -4.531 0.462 31
-14.015 -4.288 0.460 24
-14.024 -4.363 0.463 29
-14.019 -4.309 0.461 27
-13.993 -4.522 0.461 31
-14.032 -4.378 0.464 30
-14.001 -4.528 0.462 29
-14.006 -4.296 0.459 28
-14.005 -4.330 0.459 22
-14.011 -4.341 0.460 26
-14.004 -4.379 0.460 32
-14.003 -4.287 0.458 23
-14.022 -4.411 0.463 31
-14.038 -4.394 0.465 31
-14.006 -4.206 0.457 23
-14.015 -4.426 0.462 29
-14.007 -4.434 0.461 26
-14.023 -4.424 0.464 28
-14.032 -4.455 0.465 24
-14.011 -4.418 0.462 33
-14.005 -4.358 0.460 31
-14.000 -4.406 0.460 34
-14.013 -4.413 0.462 34
-13.998 -4.505 0.461 30
-14.021 -4.312 0.461 25
-14.037 -4.415 0.465 30
-14.046 -4.443 0.467 23
-14.026 -4.363 0.463 28
-14.012 -4.320 0.460 26
-14.021 -4.327 0.462 22
-14.003 -4.353 0.459 32
-14.008 -4.222 0.458 20
-14.027 -4.403 0.464 31
-14.012 -4.323 0.460 26
-14.006 -4.198 0.457 23
-14.038 -4.455 0.466 22
-14.004 -4.323 0.459 26
-14.027 -4.371 0.463 28
-14.039 -4.431 0.466 30
-14.024 -4.443 0.464 24
-14.025 -4.363 0.463 28
-14.030 -4.382 0.464 30
-14.022 -4.327 0.462 22
-14.008 -4.371 0.461 28
-14.022 -4.354 0.462 28
-14.017 -4.257 0.460 17
-14.014 -4.505 0.464 25
-14.011 -4.440 0.462 26
-14.027 -4.467 0.465 33
-14.014 -4.412 0.462 35
-14.019 -4.346 0.462 27
-14.003 -4.504 0.462 27
-14.032 -4.457 0.465 24
-14.015 -4.423 0.462 30
-14.015 -4.371 0.462 29
-14.025 -4.455 0.464 25
-14.022 -4.477 0.464 31
-14.021 -4.392 0.463 28
-14.038 -4.414 0.465 31
-14.015 -4.430 0.463 29
-14.034 -4.463 0.466 30
-14.030 -4.444 0.465 22
-14.005 -4.493 0.462 27
-14.023 -4.309 0.461 25
-14.003 -4.491 0.462 28
-13.995 -4.489 0.461 31
-14.013 -4.474 0.463 33
-14.008 -4.357 0.460 30
-14.022 -4.292 0.461 23
-14.007 -4.213 0.458 22
-14.009 -4.348 0.460 26
-14.012 -4.300 0.460 27
-14.005 -4.222 0.457 21
-14.038 -4.461 0.466 27
-14.033 -4.416 0.465 28
-14.026 -4.335 0.462 19
-14.012 -4.354 0.461 28
-14.024 -4.467 0.464 33
-14.028 -4.347 0.463 31
-13.676 -4.205 0.358 86
-13.659 -4.177 0.431 13
-13.674 -4.223 0.377 53
-13.671 -4.207 0.385 37
-13.676 -4.274 0.389 27
-13.673 -4.260 0.399 58
-13.667 -4.191 0.398 55
-13.682 -4.283 0.363 78
-13.682 -4.292 0.368 70
-13.668 -4.193 0.392 38
-13.675 -4.260 0.388 31
-13.662 -4.193 0.423 7
-13.668 -4.186 0.389 24
-13.672 -4.200 0.376 56
-13.673 -4.196 0.368 86
-13.681 -4.289 0.369 65
-13.679 -4.261 0.368 77
-13.682 -4.297 0.369 74
-13.660 -4.177 0.427 14
-13.676 -4.272 0.388 27
-13.676 -4.269 0.388 31
-13.668 -4.221 0.407 84
-13.682 -4.281 0.362 82
-13.669 -4.198 0.393 39
-13.672 -4.248 0.400 57
-13.678 -4.276 0.380 34
-13.668 -4.186 0.391 24
-13.670 -4.187 0.380 33
-13.678 -4.210 0.350 89
-13.669 -4.232 0.408 84
-13.677 -4.282 0.386 27
-13.669 -4.229 0.404 78
-13.666 -4.187 0.401 32
-13.672 -4.243 0.396 50
-13.676 -4.201 0.358 88
-13.678 -4.229 0.361 84
-13.670 -4.206 0.391 36
-13.670 -4.242 0.407 82
-13.682 -4.300 0.373 54
-13.678 -4.208 0.350 88
-13.676 -4.247 0.380 40
-13.666 -4.195 0.403 70
-13.680 -4.293 0.380 34
-13.678 -4.276 0.381 34
-13.676 -4.208 0.360 84
-13.685 -4.330 0.370 49
-13.674 -4.198 0.366 90
-13.679 -4.260 0.369 72
-13.678 -4.206 0.350 87
-13.670 -4.187 0.380 27
-13.680 -4.289 0.379 32
-13.677 -4.244 0.372 77
-13.669 -4.199 0.393 39
-13.681 -4.250 0.354 83
-13.663 -4.177 0.411 13
-13.673 -4.222 0.381 31
-13.678 -4.255 0.368 83
-13.677 -4.272 0.382 34
-13.681 -4.296 0.377 41
-13.662 -4.178 0.420 14
-13.671 -4.222 0.391 32
-13.673 -4.253 0.396 47
-13.675 -4.230 0.375 52
-13.664 -4.199 0.418 11
-13.671 -4.231 0.398 50
-13.676 -4.203 0.358 86
-13.681 -4.299 0.374 54
-13.677 -4.222 0.361 86
-13.677 -4.207 0.352 86
-13.662 -4.180 0.420 14
-13.661 -4.187 0.427 9
-13.679 -4.264 0.369 71
-13.674 -4.217 0.371 83
-13.685 -4.315 0.363 91
-13.665 -4.190 0.409 26
-13.679 -4.236 0.356 83
-13.678 -4.260 0.372 62
-13.687 -4.337 0.385 36
-13.687 -4.330 0.418 12
-13.694 -4.367 0.422 24
-13.725 -4.522 0.437 64
-13.676 -4.274 0.401 76
-13.667 -4.218 0.432 24
-13.715 -4.480 0.405 79
-13.686 -4.322 0.422 25
-13.684 -4.307 0.435 12
-13.666 -4.212 0.443 45
-13.696 -4.385 0.389 45
-13.703 -4.418 0.396 90
-13.710 -4.444 0.434 46
-13.724 -4.517 0.432 45
-13.692 -4.351 0.435 29
-13.695 -4.368 0.422 22
-13.706 -4.427 0.429 21
-13.695 -4.377 0.403 84
-13.706 -4.436 0.397 103
-13.697 -4.391 0.390 53
-13.672 -4.245 0.431 20
-13.727 -4.543 0.416 26
-13.691 -4.360 0.383 34
-13.685 -4.312 0.439 22
-13.711 -4.453 0.428 29
-13.672 -4.249 0.416 48
-13.688 -4.328 0.434 21
-13.689 -4.335 0.431 16
-13.686 -4.321 0.419 13
-13.719 -4.499 0.422 34
-13.726 -4.534 0.420 34
-13.672 -4.248 0.430 20
-13.721 -4.507 0.427 35
-13.731 -4.553 0.436 44
-13.670 -4.240 0.411 71
-13.665 -4.208 0.428 38
-13.693 -4.364 0.404 89
-13.690 -4.339 0.430 17
-13.693 -4.370 0.396 65
-13.681 -4.297 0.424 18
-13.688 -4.337 0.412 37
-13.722 -4.512 0.425 43
-13.714 -4.477 0.403 101
-13.699 -4.398 0.400 74
-13.673 -4.250 0.430 20
-13.724 -4.522 0.422 37
-13.713 -4.470 0.404 98
-13.690 -4.342 0.427 21
-13.679 -4.294 0.401 81
-13.706 -4.438 0.391 98
-13.713 -4.473 0.399 99
-13.661 -4.184 0.440 15
-13.676 -4.277 0.394 38
-13.719 -4.495 0.428 39
-13.702 -4.406 0.417 19
-13.726 -4.536 0.420 34
-13.684 -4.327 0.381 31
-13.698 -4.398 0.393 61
-13.681 -4.307 0.392 44
-13.688 -4.349 0.379 33
-13.689 -4.352 0.386 36
-13.705 -4.415 0.440 65
-13.721 -4.511 0.413 18
-13.695 -4.380 0.387 42
-13.731 -4.557 0.432 39
-13.697 -4.389 0.388 46
-13.677 -4.279 0.406 77
-13.688 -4.346 0.385 35
-13.695 -4.369 0.430 20
-13.670 -4.230 0.445 49
-13.661 -4.190 0.429 6
-13.710 -4.449 0.427 29
-13.698 -4.394 0.393 60
-13.676 -4.265 0.428 18
-13.665 -4.211 0.423 41
-13.730 -4.557 0.418 29
-13.712 -4.460 0.427 29
-13.689 -4.333 0.433 25
-13.693 -4.366 0.408 63
-13.690 -4.354 0.394 57
-13.679 -4.296 0.390 36
-13.681 -4.302 0.398 66
-13.697 -4.383 0.416 23
-13.702 -4.412 0.401 92
-13.689 -4.352 0.386 37
-13.695 -4.371 0.428 25
-13.696 -4.379 0.407 78
-13.684 -4.322 0.393 46
-13.703 -4.408 0.430 26
-13.686 -4.321 0.421 13
-13.671 -4.238 0.436 31
-13.732 -4.561 0.435 77
-13.670 -4.245 0.407 81
-13.683 -4.312 0.400 68
-13.685 -4.322 0.400 72
-13.710 -4.446 0.431 35
-13.698 -4.401 0.381 30
-13.684 -4.317 0.415 36
-13.728 -4.541 0.424 29
-13.680 -4.287 0.433 8
-13.679 -4.290 0.404 85
-13.702 -4.414 0.397 78
-13.711 -4.460 0.398 106
-13.667 -4.221 0.431 22
-13.697 -4.383 0.413 44
-13.659 -4.174 0.440 18
-13.697 -4.394 0.381 30
-13.679 -4.287 0.411 65
-13.671 -4.248 0.411 70
-13.691 -4.362 0.382 34
-13.659 -4.175 0.439 18
-13.702 -4.408 0.423 26
-13.708 -4.439 0.419 22
-13.720 -4.504 0.414 22
-13.732 -4.561 0.437 75
-13.725 -4.526 0.421 35
-13.682 -4.297 0.432 9
-13.701 -4.413 0.387 53
-13.691 -4.360 0.389 43
-13.676 -4.274 0.412 60
-13.707 -4.431 0.433 30
-13.725 -4.533 0.416 17
-13.688 -4.347 0.384 33
-13.697 -4.394 0.385 35
-13.698 -4.396 0.388 43
-13.721 -4.510 0.409 50
-13.712 -4.457 0.428 28
-13.694 -4.366 0.413 43
-13.694 -4.363 0.434 21
-13.707 -4.442 0.402 105
-13.698 -4.395 0.391 54
-13.688 -4.337 0.401 86
-13.698 -4.383 0.439 55
-13.671 -4.235 0.445 49
-13.681 -4.301 0.407 93
-13.690 -4.355 0.385 38
-13.677 -4.269 0.441 29
-13.703 -4.416 0.408 83
-13.685 -4.320 0.413 40
-13.717 -4.490 0.401 99
-13.683 -4.313 0.405 95
-13.696 -4.376 0.417 17
-13.705 -4.422 0.416 20
-13.678 -4.275 0.443 34
-13.688 -4.328 0.431 16
-13.696 -4.390 0.376 27
-13.716 -4.483 0.411 35
-13.731 -4.555 0.437 55
-13.660 -4.180 0.445 15
-13.685 -4.319 0.410 69
-13.673 -4.250 0.439 32
-13.697 -4.381 0.423 24
-13.693 -4.361 0.414 44
-13.677 -4.271 0.438 22
-13.697 -4.385 0.414 22
-13.670 -4.244 0.407 82
-13.694 -4.371 0.400 78
-13.715 -4.470 0.434 45
-13.680 -4.288 0.427 24
-13.721 -4.506 0.422 34
-13.720 -4.500 0.430 32
-13.665 -4.207 0.432 20
-13.715 -4.474 0.423 28
-13.711 -4.453 0.418 23
-13.664 -4.207 0.426 45
-13.684 -4.319 0.401 86
-13.663 -4.195 0.434 12
-13.727 -4.538 0.418 22
-13.688 -4.343 0.400 84
-13.700 -4.400 0.410 47
-13.669 -4.231 0.421 22
-13.729 -4.551 0.420 23
-13.676 -4.273 0.414 34
-13.704 -4.418 0.427 32
-13.664 -4.202 0.441 36
-13.684 -4.311 0.427 16
-13.677 -4.276 0.420 16
-13.694 -4.367 0.418 18
-13.659 -4.172 0.446 17
-13.727 -4.537 0.431 33
-13.681 -4.294 0.433 8
-13.709 -4.452 0.392 97
-13.729 -4.548 0.424 21
-13.706 -4.433 0.415 25
-13.684 -4.310 0.434 13
-13.695 -4.367 0.432 20
-13.666 -4.218 0.422 37
-13.715 -4.483 0.400 107
-13.711 -4.459 0.405 104
-13.695 -4.365 0.434 20
-13.683 -4.309 0.410 69
-13.732 -4.562 0.433 66
-13.681 -4.288 0.439 23
-13.697 -4.178 0.340 13
-13.680 -4.192 0.357 97
-13.675 -4.192 0.366 85
-13.696 -4.180 0.340 21
-13.701 -4.160 0.350 17
-13.704 -4.171 0.336 15
-13.707 -4.168 0.334 17
-13.670 -4.153 0.408 8
-13.703 -4.156 0.350 14
-13.685 -4.196 0.346 97
-13.674 -4.153 0.402 7
-13.672 -4.188 0.373 55
-13.706 -4.161 0.341 18
-13.673 -4.158 0.400 9
-13.699 -4.153 0.360 11
-13.695 -4.160 0.360 18
-13.683 -4.173 0.367 16
-13.672 -4.159 0.401 9
-13.686 -4.180 0.357 23
-13.679 -4.178 0.371 16
-13.684 -4.173 0.366 16
-13.661 -4.152 0.425 16
-13.665 -4.158 0.413 9
-13.677 -4.202 0.354 87
-13.710 -4.151 0.342 11
-13.673 -4.164 0.395 13
-13.665 -4.151 0.418 13
-13.667 -4.152 0.416 12
-13.689 -4.165 0.367 13
-13.672 -4.182 0.379 19
-13.675 -4.162 0.393 10
-13.716 -4.154 0.330 13
-13.701 -4.167 0.344 16
-13.679 -4.200 0.353 90
-13.696 -4.157 0.361 14
-13.731 -4.563 0.418 30
-13.725 -4.538 0.406 40
-13.718 -4.520 0.380 58
-13.725 -4.545 0.393 101
-13.728 -4.547 0.414 23
-13.721 -4.516 0.399 93
-13.721 -4.514 0.404 82
-13.718 -4.516 0.381 73
-13.717 -4.502 0.389 75
-13.715 -4.500 0.381 77
-13.717 -4.509 0.386 95
-13.718 -4.503 0.394 67
-13.712 -4.485 0.375 87
-13.725 -4.543 0.398 77
-13.712 -4.490 0.371 83
-13.716 -4.510 0.375 75
-13.730 -4.564 0.406 12
-13.721 -4.526 0.392 61
-13.733 -4.572 0.418 30
-13.714 -4.491 0.382 80
-13.712 -4.493 0.370 77
-13.716 -4.489 0.397 102
-13.740 -4.607 0.425 33
-13.713 -4.493 0.375 91
-13.720 -4.507 0.405 47
-13.723 -4.532 0.398 88
-13.719 -4.514 0.391 68
-13.718 -4.520 0.378 55
-13.728 -4.553 0.408 16
-13.718 -4.517 0.382 73
-13.735 -4.589 0.417 44
-13.729 -4.556 0.412 39
-13.723 -4.531 0.397 92
-13.783 -4.626 0.687 30
-13.762 -4.598 0.658 45
-13.777 -4.617 0.676 37
-13.754 -4.610 0.690 109
-13.728 -4.584 0.669 110
-13.732 -4.604 0.703 46
-13.815 -4.681 0.755 52
-13.742 -4.576 0.637 99
-13.755 -4.622 0.711 146
-13.722 -4.598 0.702 47
-13.750 -4.597 0.668 108
-13.784 -4.630 0.692 45
-13.753 -4.617 0.703 115
-13.802 -4.660 0.730 98
-13.757 -4.602 0.670 101
-13.787 -4.647 0.721 98
-13.713 -4.578 0.674 45
-13.763 -4.592 0.646 37
-13.765 -4.605 0.666 41
-13.762 -4.599 0.659 45
-13.719 -4.590 0.691 48
-13.733 -4.591 0.677 104
-13.803 -4.666 0.740 79
-13.777 -4.640 0.720 114
-13.763 -4.622 0.702 150
-13.830 -4.706 0.786 79
-13.819 -4.686 0.760 79
-13.837 -4.713 0.793 94
-13.752 -4.626 0.721 100
-13.726 -4.585 0.672 110
-13.726 -4.586 0.676 48
-13.783 -4.637 0.708 51
-13.758 -4.632 0.727 134
-13.738 -4.605 0.697 95
-13.799 -4.661 0.736 81
-13.753 -4.610 0.690 109
-13.760 -4.629 0.718 151
-13.703 -4.568 0.667 80
-13.760 -4.621 0.703 150
-13.750 -4.599 0.672 105
-13.807 -4.681 0.766 76
-13.808 -4.684 0.769 70
-13.832 -4.709 0.790 100
-13.774 -4.617 0.678 42
-13.776 -4.625 0.692 90
-13.811 -4.689 0.774 72
-13.798 -4.654 0.723 82
-13.754 -4.627 0.721 130
-13.752 -4.629 0.727 120
-13.811 -4.682 0.761 77
-13.713 -4.579 0.675 43
-13.788 -4.641 0.711 48
-13.716 -4.582 0.679 41
-13.696 -4.567 0.672 92
-13.706 -4.570 0.667 80
-13.749 -4.587 0.650 92
-13.743 -4.615 0.711 95
-13.759 -4.627 0.716 143
-13.702 -4.567 0.666 80
-13.765 -4.637 0.727 139
-13.777 -4.634 0.710 106
-13.736 -4.579 0.650 117
-13.753 -4.606 0.682 111
-13.829 -4.706 0.787 79
-13.754 -4.617 0.702 115
-13.774 -4.625 0.695 96
-13.770 -4.630 0.709 110
-13.735 -4.606 0.702 56
-13.727 -4.573 0.648 111
-13.767 -4.615 0.684 105
-13.777 -4.633 0.706 100
-13.745 -4.609 0.697 101
-13.740 -4.581 0.650 97
-13.722 -4.572 0.653 105
-13.766 -4.624 0.702 109
-13.746 -4.594 0.669 106
-13.755 -4.593 0.655 118
-13.769 -4.625 0.701 109
-13.718 -4.573 0.659 58
-13.776 -4.615 0.675 37
-13.782 -4.634 0.703 59
-13.775 -4.621 0.686 32
-13.774 -4.622 0.688 100
-13.773 -4.628 0.701 112
-13.742 -4.593 0.670 98
-13.792 -4.660 0.742 105
-13.736 -4.605 0.700 77
-13.739 -4.578 0.645 93
-13.736 -4.603 0.696 97
-13.755 -4.594 0.658 108
-13.741 -4.587 0.659 98
-13.790 -4.649 0.722 97
-13.776 -4.650 0.742 106
-13.735 -4.595 0.682 94
-13.783 -4.644 0.721 99
-13.787 -4.632 0.693 52
-13.718 -4.591 0.694 45
-13.775 -4.613 0.672 46
-13.772 -4.612 0.672 46
-13.791 -4.658 0.739 110
-13.789 -4.609 0.678 113
-13.766 -4.595 0.650 36
-13.806 -4.653 0.723 72
-13.825 -4.687 0.762 86
-13.790 -4.613 0.682 125
-13.806 -4.651 0.721 72
-13.823 -4.681 0.756 79
-13.790 -4.626 0.691 41
-13.782 -4.597 0.663 40
-13.778 -4.600 0.663 40
-13.779 -4.614 0.674 32
-13.758 -4.582 0.634 33
-13.798 -4.633 0.702 90
-13.786 -4.607 0.674 73
-13.807 -4.654 0.724 72
-13.789 -4.599 0.671 97
-13.777 -4.608 0.668 43
-13.797 -4.637 0.704 62
-13.780 -4.605 0.669 58
-13.779 -4.595 0.660 33
-13.811 -4.651 0.725 63
-13.810 -4.646 0.721 67
-13.775 -4.602 0.662 56
-14.039 -4.607 0.744 110
-13.861 -4.619 0.709 158
-13.820 -4.640 0.718 91
-14.002 -4.610 0.738 92
-13.882 -4.639 0.734 133
-13.946 -4.590 0.704 111
-13.817 -4.660 0.736 73
-13.846 -4.671 0.754 117
-13.876 -4.665 0.756 107
-14.015 -4.591 0.724 97
-13.871 -4.616 0.709 122
-13.977 -4.613 0.735 111
-13.859 -4.694 0.779 115
-13.872 -4.599 0.693 119
-13.817 -4.617 0.696 69
-13.917 -4.606 0.712 112
-13.846 -4.713 0.794 88
-13.922 -4.647 0.752 76
-13.995 -4.607 0.734 90
-13.871 -4.640 0.732 104
-13.895 -4.593 0.694 131
-13.940 -4.663 0.772 77
-14.007 -4.622 0.751 92
-13.902 -4.622 0.723 152
-13.837 -4.665 0.746 111
-13.839 -4.615 0.700 139
-14.014 -4.621 0.752 91
-14.008 -4.615 0.745 91
-13.834 -4.641 0.722 148
-13.859 -4.672 0.759 118
-14.026 -4.588 0.724 109
-13.982 -4.623 0.746 130
-13.904 -4.596 0.699 127
-13.958 -4.608 0.725 37
-14.055 -4.598 0.740 103
-14.060 -4.586 0.729 77
-13.815 -4.639 0.715 91
-13.904 -4.642 0.743 163
-13.845 -4.680 0.763 85
-13.921 -4.641 0.746 74
-13.879 -4.610 0.705 146
-13.863 -4.604 0.696 140
-13.879 -4.602 0.698 136
-14.018 -4.597 0.731 102
-13.935 -4.587 0.699 115
-13.806 -4.613 0.689 62
-13.943 -4.601 0.714 118
-13.826 -4.627 0.708 99
-13.926 -4.668 0.772 95
-13.863 -4.641 0.730 118
-14.010 -4.616 0.747 89
-14.012 -4.591 0.724 45
-13.934 -4.631 0.740 65
-13.923 -4.646 0.751 76
-13.880 -4.612 0.708 148
-13.952 -4.609 0.725 40
-13.859 -4.599 0.690 126
-13.875 -4.594 0.690 133
-13.837 -4.657 0.738 127
-13.809 -4.603 0.680 163
-13.923 -4.631 0.737 63
-13.853 -4.686 0.770 118
-13.980 -4.582 0.706 52
-13.854 -4.642 0.729 134
-13.908 -4.670 0.770 66
-13.876 -4.665 0.757 107
-13.856 -4.593 0.684 137
-13.885 -4.642 0.737 124
-13.926 -4.604 0.712 118
-13.887 -4.624 0.721 159
-13.828 -4.629 0.710 89
-13.828 -4.656 0.735 85
-13.870 -4.692 0.780 83
-13.943 -4.641 0.752 67
-13.832 -4.649 0.729 124
-13.924 -4.668 0.772 98
-13.845 -4.623 0.708 105
-13.904 -4.679 0.777 57
-14.041 -4.603 0.741 105
-13.856 -4.630 0.718 96
-13.859 -4.674 0.761 118
-13.942 -4.620 0.732 58
-13.820 -4.654 0.731 66
-13.974 -4.608 0.729 119
-13.840 -4.652 0.735 135
-13.940 -4.642 0.752 66
-13.922 -4.622 0.728 135
-13.938 -4.626 0.736 63
-13.893 -4.599 0.700 134
-13.989 -4.596 0.722 89
-13.986 -4.590 0.716 118
-13.820 -4.620 0.699 67
-13.941 -4.636 0.747 68
-13.804 -4.620 0.695 68
-14.056 -4.601 0.743 104
-13.896 -4.645 0.743 157
-13.816 -4.612 0.691 116
-13.883 -4.637 0.732 151
-13.908 -4.596 0.701 130
-13.914 -4.627 0.731 118
-13.850 -4.710 0.792 92
-13.861 -4.595 0.687 128
-13.874 -4.604 0.698 131
-13.964 -4.603 0.722 45
-13.809 -4.604 0.681 146
-13.822 -4.629 0.708 79
-13.939 -4.637 0.747 66
-13.938 -4.613 0.724 69
-13.919 -4.609 0.715 118
-13.946 -4.635 0.747 68
-13.866 -4.602 0.695 100
-14.040 -4.590 0.728 90
-13.868 -4.628 0.720 86
-13.995 -4.630 0.756 88
-13.909 -4.628 0.731 146
-13.968 -4.623 0.742 83
-13.887 -4.593 0.692 133
-13.926 -4.618 0.726 123
-14.031 -4.582 0.718 83
-13.987 -4.586 0.712 109
-13.929 -4.655 0.761 81
-13.855 -4.662 0.748 134
-13.890 -4.600 0.699 141
-13.975 -4.636 0.756 67
-13.864 -4.658 0.747 136
-14.038 -4.591 0.729 97
-13.980 -4.619 0.741 115
-14.064 -4.591 0.735 75
-13.864 -4.601 0.694 130
-13.929 -4.656 0.763 81
-14.048 -4.596 0.736 103
-13.908 -4.627 0.729 143
-13.885 -4.632 0.728 159
-13.900 -4.678 0.775 64
-13.993 -4.626 0.752 87
-13.841 -4.609 0.694 144
-13.903 -4.606 0.708 135
-13.947 -4.618 0.732 55
-13.823 -4.607 0.688 125
-13.852 -4.645 0.731 139
-13.977 -4.605 0.728 119
-13.980 -4.615 0.737 121
-13.863 -4.683 0.770 103
-13.949 -4.605 0.719 43
-13.954 -4.610 0.725 51
-13.863 -4.688 0.775 106
-14.006 -4.613 0.742 95
-13.838 -4.598 0.684 136
-13.888 -4.674 0.769 48
-13.969 -4.583 0.704 113
-13.852 -4.603 0.692 142
-13.944 -4.602 0.715 39
-13.914 -4.634 0.738 125
-13.932 -4.605 0.716 122
-13.854 -4.624 0.712 82
-13.987 -4.625 0.749 85
-13.908 -4.617 0.720 134
-13.833 -4.626 0.708 121
-13.991 -4.612 0.738 82
-13.907 -4.641 0.742 147
-13.842 -4.688 0.768 64
-13.841 -4.614 0.700 155
-13.850 -4.646 0.731 144
-13.930 -4.627 0.735 56
-13.811 -4.646 0.721 64
-13.922 -4.610 0.717 122
-13.985 -4.636 0.759 83
-13.896 -4.604 0.704 131
-13.815 -4.610 0.688 124
-14.004 -4.584 0.715 102
-13.892 -4.602 0.701 139
-13.924 -4.641 0.747 69
-13.808 -4.600 0.677 165
-13.902 -4.617 0.718 144
-13.858 -4.632 0.721 109
-13.896 -4.656 0.753 102
-13.851 -4.633 0.720 120
-13.900 -4.647 0.746 155
-13.857 -4.710 0.794 99
-13.893 -4.660 0.757 113
-13.804 -4.614 0.689 62
-13.907 -4.621 0.723 135
-13.933 -4.621 0.730 59
-13.814 -4.633 0.710 91
-13.922 -4.604 0.712 110
-13.835 -4.682 0.762 65
-13.869 -4.699 0.786 144
-13.927 -4.602 0.710 112
-13.990 -4.596 0.723 96
-14.047 -4.592 0.732 91
-13.869 -4.601 0.695 94
-13.973 -4.646 0.764 80
-13.951 -4.654 0.766 97
-13.903 -4.613 0.715 135
-13.916 -4.619 0.724 115
-13.913 -4.595 0.701 121
-13.856 -4.634 0.723 116
-13.854 -4.702 0.786 96
-14.014 -4.623 0.754 91
-13.837 -4.660 0.742 114
-14.021 -4.590 0.725 112
-13.831 -4.616 0.699 93
-13.829 -4.678 0.756 65
-13.828 -4.597 0.679 90
-13.836 -4.705 0.783 79
-14.041 -4.582 0.721 86
-13.955 -4.599 0.715 32
-13.821 -4.646 0.724 72
-13.860 -4.665 0.752 123
-13.900 -4.681 0.778 53
-14.010 -4.621 0.751 91
-13.857 -4.600 0.691 130
-13.888 -4.624 0.722 168
-14.052 -4.604 0.744 100
-13.854 -4.599 0.689 144
-13.922 -4.593 0.701 107
-13.910 -4.669 0.770 64
-13.849 -4.654 0.739 145
-13.923 -4.656 0.761 89
-13.849 -4.671 0.755 120
-13.831 -4.618 0.701 85
-13.868 -4.696 0.784 91
-13.843 -4.667 0.749 114
-13.839 -4.681 0.761 66
-13.972 -4.595 0.716 115
-13.898 -4.611 0.711 148
-14.021 -4.598 0.733 104
-13.852 -4.610 0.699 100
-13.907 -4.662 0.762 73
-13.843 -4.682 0.764 77
-13.857 -4.640 0.728 128
-13.929 -4.618 0.726 121
-13.950 -4.619 0.733 57
-13.826 -4.660 0.738 70
-13.935 -4.613 0.724 66
-14.041 -4.602 0.739 106
-13.807 -4.633 0.708 89
-13.921 -4.613 0.719 128
-13.934 -4.655 0.763 73
-13.922 -4.640 0.746 69
-13.974 -4.608 0.729 119
-13.843 -4.683 0.764 77
-13.971 -4.636 0.755 65
-13.918 -4.629 0.734 124
-14.043 -4.601 0.740 108
-14.036 -4.597 0.734 115
-13.920 -4.654 0.758 87
-13.949 -4.633 0.746 67
-13.872 -4.675 0.765 84
-13.815 -4.606 0.685 144
-13.955 -4.596 0.713 33
-13.921 -4.632 0.737 147
-13.854 -4.598 0.688 142
-13.965 -4.594 0.714 122
-14.034 -4.583 0.720 85
-13.858 -4.636 0.724 111
-13.997 -4.627 0.753 87
-13.892 -4.591 0.691 133
-13.929 -4.670 0.776 93
-13.923 -4.627 0.733 136
-14.009 -4.585 0.718 120
-13.990 -4.582 0.709 106
-13.842 -4.628 0.713 120
-13.847 -4.640 0.725 140
-13.922 -4.636 0.742 74
-13.971 -4.601 0.722 121
-13.934 -4.598 0.709 109
-13.914 -4.678 0.779 74
-14.047 -4.592 0.732 91
-13.990 -4.608 0.734 90
-13.998 -4.606 0.733 92
-13.921 -4.595 0.703 103
-13.856 -4.688 0.773 110
-13.905 -4.592 0.696 128
-14.048 -4.590 0.731 83
-13.935 -4.631 0.741 65
-13.858 -4.593 0.677 31
-13.979 -4.585 0.683 151
-13.976 -4.584 0.689 134
-13.961 -4.584 0.694 107
-13.890 -4.590 0.682 39
-13.945 -4.588 0.671 92
-13.864 -4.593 0.673 30
-13.884 -4.592 0.669 34
-13.998 -4.582 0.691 131
-13.862 -4.595 0.656 24
-13.917 -4.589 0.677 31
-13.897 -4.593 0.659 34
-13.992 -4.582 0.694 123
-13.946 -4.588 0.671 98
-14.007 -4.582 0.692 81
-13.810 -4.597 0.672 33
-13.982 -4.584 0.687 141
-14.023 -4.580 0.701 89
-13.833 -4.595 0.677 23
-13.990 -4.583 0.693 118
-13.834 -4.595 0.675 23
-13.934 -4.589 0.672 20
-13.992 -4.581 0.704 93
-13.957 -4.585 0.689 129
-13.893 -4.593 0.657 30
-13.936 -4.586 0.697 23
-13.959 -4.586 0.681 144
-13.904 -4.594 0.649 29
-13.910 -4.591 0.669 37
-13.802 -4.597 0.672 33
-13.945 -4.585 0.693 21
-13.930 -4.587 0.691 15
-13.888 -4.591 0.680 39
-13.967 -4.587 0.673 86
-13.856 -4.595 0.660 26
-13.929 -4.590 0.662 115
-13.862 -4.594 0.672 28
-13.934 -4.587 0.690 23
-13.887 -4.592 0.668 36
-13.953 -4.585 0.694 27
-13.963 -4.586 0.682 136
-13.926 -4.589 0.674 30
-13.941 -4.586 0.694 13
-13.927 -4.590 0.667 36
-13.855 -4.594 0.668 26
-13.856 -4.595 0.661 22
-14.008 -4.580 0.707 80
-13.871 -4.593 0.674 35
-14.002 -4.581 0.702 82
-13.815 -4.597 0.670 33
-13.932 -4.588 0.676 26
-14.008 -4.581 0.696 88
-13.895 -4.591 0.679 38
-13.956 -4.587 0.675 117
-13.882 -4.594 0.659 27
-13.976 -4.585 0.678 166
-13.887 -4.592 0.667 36
-14.002 -4.581 0.699 81
-14.019 -4.580 0.699 96
-13.908 -4.589 0.685 29
-13.886 -4.590 0.688 32
-13.990 -4.581 0.707 86
-13.919 -4.591 0.663 35
-13.964 -4.584 0.693 121
-13.865 -4.595 0.661 23
-13.961 -4.586 0.678 150
-13.819 -4.596 0.675 27
-13.941 -4.585 0.696 21
-13.930 -4.589 0.674 25
-13.963 -4.587 0.673 91
-14.013 -4.580 0.705 96
-14.025 -4.580 0.701 89
-13.913 -4.592 0.656 30
-14.029 -4.581 0.705 102
-13.897 -4.593 0.655 30
-13.818 -4.596 0.673 31
-13.770 -4.655 0.624 89
-13.742 -4.628 0.598 128
-13.732 -4.619 0.578 132
-13.760 -4.645 0.634 115
-13.720 -4.606 0.572 110
-13.733 -4.619 0.600 135
-13.746 -4.623 0.718 99
-13.791 -4.673 0.693 83
-13.728 -4.618 0.522 99
-13.764 -4.647 0.651 115
-13.753 -4.634 0.671 99
-13.740 -4.616 0.717 50
-13.751 -4.634 0.645 103
-13.784 -4.661 0.747 102
-13.725 -4.614 0.543 120
-13.783 -4.667 0.661 84
-13.737 -4.624 0.587 99
-13.811 -4.692 0.722 90
-13.821 -4.700 0.755 88
-13.760 -4.638 0.722 141
-13.695 -4.574 0.646 103
-13.755 -4.643 0.580 66
-13.737 -4.616 0.685 92
-13.738 -4.620 0.643 94
-13.719 -4.603 0.592 109
-13.731 -4.615 0.621 104
-13.722 -4.600 0.677 113
-13.790 -4.672 0.700 87
-13.721 -4.600 0.668 112
-13.769 -4.649 0.696 82
-13.767 -4.652 0.633 90
-13.737 -4.615 0.689 94
-13.726 -4.609 0.612 100
-13.699 -4.578 0.646 92
-13.763 -4.648 0.629 100
-13.757 -4.640 0.651 95
-13.725 -4.608 0.621 78
-13.739 -4.624 0.611 134
-13.727 -4.613 0.581 120
-13.732 -4.611 0.671 87
-13.789 -4.671 0.694 87
-13.694 -4.573 0.655 109
-13.779 -4.662 0.675 92
-13.800 -4.677 0.758 74
-13.787 -4.665 0.741 89
-13.728 -4.609 0.654 73
-13.766 -4.647 0.685 114
-13.741 -4.629 0.568 122
-13.713 -4.597 0.603 78
-13.779 -4.657 0.739 99
-13.790 -4.669 0.725 89
-13.770 -4.650 0.710 80
-13.807 -4.685 0.763 78
-13.814 -4.693 0.741 87
-13.755 -4.633 0.715 106
-13.740 -4.619 0.687 106
-13.797 -4.678 0.714 91
-13.760 -4.647 0.600 83
-13.729 -4.610 0.651 78
-13.727 -4.611 0.606 122
-13.764 -4.648 0.643 96
-13.725 -4.610 0.593 116
-13.778 -4.655 0.738 115
-13.720 -4.597 0.694 65
-13.790 -4.668 0.743 86
-13.732 -4.614 0.638 92
-13.760 -4.640 0.699 87
-13.765 -4.648 0.665 120
-13.756 -4.640 0.642 108
-13.758 -4.640 0.660 95
-13.756 -4.635 0.701 82
-13.706 -4.583 0.687 80
-13.740 -4.630 0.541 98
-13.803 -4.681 0.755 83
-13.742 -4.620 0.704 96
-13.693 -4.569 0.670 108
-13.697 -4.577 0.631 90
-13.772 -4.652 0.701 81
-13.763 -4.641 0.711 85
-13.722 -4.604 0.639 121
-13.720 -4.599 0.662 124
-13.765 -4.652 0.609 78
-13.737 -4.621 0.622 119
-13.733 -4.612 0.677 117
-13.779 -4.662 0.666 71
-13.789 -4.673 0.673 69
-13.737 -4.621 0.619 125
-13.806 -4.685 0.740 87
-13.737 -4.627 0.534 95
-13.742 -4.626 0.618 132
-13.733 -4.618 0.602 135
-13.765 -4.648 0.650 100
-13.747 -4.630 0.637 106
-13.724 -4.601 0.700 46
-13.733 -4.616 0.631 77
-13.720 -4.606 0.579 121
-13.829 -4.708 0.777 88
-13.727 -4.604 0.694 108
-13.761 -4.646 0.628 100
-13.790 -4.674 0.673 78
-13.747 -4.633 0.596 128
-13.739 -4.626 0.580 122
-13.721 -4.598 0.693 65
-13.771 -4.658 0.618 94
-13.696 -4.575 0.644 86
-13.793 -4.676 0.684 83
-13.725 -4.610 0.587 129
-13.693 -4.572 0.640 94
-13.734 -4.615 0.656 89
-13.742 -4.625 0.631 109
-13.795 -4.678 0.681 74
-13.779 -4.662 0.671 88
-13.728 -4.614 0.589 109
-13.742 -4.630 0.578 116
-13.806 -4.684 0.770 71
-13.735 -4.623 0.557 126
-13.757 -4.635 0.713 105
-13.781 -4.660 0.724 90
-13.746 -4.628 0.644 90
-13.772 -4.651 0.707 81
-13.713 -4.594 0.638 117
-13.704 -4.583 0.641 86
-13.696 -4.574 0.657 101
-13.737 -4.622 0.606 129
-13.712 -4.592 0.648 143
-13.787 -4.667 0.719 102
-13.711 -4.591 0.643 142
-13.768 -4.650 0.681 100
-13.733 -4.619 0.584 106
-13.744 -4.622 0.709 97
-13.758 -4.645 0.593 84
-13.698 -4.575 0.678 82
-13.703 -4.581 0.676 85
-13.727 -4.604 0.697 60
-13.722 -4.605 0.616 94
-13.791 -4.673 0.697 84
-13.799 -4.681 0.701 87
-13.792 -4.669 0.752 94
-13.762 -4.649 0.607 91
-13.759 -4.645 0.609 96
-13.757 -4.640 0.652 98
-13.791 -4.669 0.746 82
-13.716 -4.596 0.642 114
-13.733 -4.610 0.704 104
-13.809 -4.691 0.719 88
-13.731 -4.613 0.634 80
-13.744 -4.625 0.661 94
-13.719 -4.607 0.554 106
-13.746 -4.632 0.608 121
-13.792 -4.670 0.747 82
-13.707 -4.590 0.598 125
-13.747 -4.626 0.692 91
-13.827 -4.704 0.783 77
-13.749 -4.628 0.698 97
-13.732 -4.610 0.701 108
-13.746 -4.633 0.583 120
-13.785 -4.663 0.739 84
-13.786 -4.669 0.667 80
-13.812 -4.691 0.745 84
-13.731 -4.621 0.540 79
-13.710 -4.590 0.638 123
-13.753 -4.636 0.648 102
-13.771 -4.651 0.693 85
-13.728 -4.612 0.608 127
-13.722 -4.610 0.560 123
-13.733 -4.610 0.700 108
-13.707 -4.584 0.683 85
-13.730 -4.619 0.549 105
-13.699 -4.576 0.673 85
-13.802 -4.683 0.715 85
-13.737 -4.615 0.700 114
-13.742 -4.627 0.603 129
-13.726 -4.607 0.656 71
-13.784 -4.668 0.651 82
-13.715 -4.596 0.641 115
-13.740 -4.621 0.659 93
-13.763 -4.645 0.667 102
-13.733 -4.615 0.638 94
-13.739 -4.628 0.553 83
-13.767 -4.650 0.659 103
-13.786 -4.669 0.671 79
-13.803 -4.685 0.708 78
-13.720 -4.609 0.544 124
-13.732 -4.609 0.697 107
-13.788 -4.672 0.662 71
-13.747 -4.631 0.627 128
-13.720 -4.604 0.603 107
-13.702 -4.581 0.652 83
-13.691 -4.569 0.655 110
-13.708 -4.587 0.658 107
-13.770 -4.656 0.623 88
-13.698 -4.577 0.640 90
-13.736 -4.624 0.562 121
-13.748 -4.635 0.593 125
-13.731 -4.622 0.531 93
-13.705 -4.585 0.644 84
-13.777 -4.660 0.669 90
-13.754 -4.636 0.667 98
-13.695 -4.573 0.665 95
-13.710 -4.594 0.599 103
-13.801 -4.682 0.719 83
-13.755 -4.643 0.584 69
-13.753 -4.632 0.707 123
-13.725 -4.612 0.557 114
-13.775 -4.652 0.738 92
-13.710 -4.592 0.617 75
-13.790 -4.667 0.753 107
-13.704 -4.583 0.650 94
-13.777 -4.661 0.660 79
-13.744 -4.632 0.574 124
-13.761 -4.644 0.655 110
-13.752 -4.636 0.624 123
-13.766 -4.645 0.700 95
-13.695 -4.572 0.672 88
-13.767 -4.645 0.731 120
-13.727 -4.614 0.558 121
-13.739 -4.618 0.683 98
-13.756 -4.641 0.621 119
-13.729 -4.616 0.569 110
-13.753 -4.639 0.604 116
-13.711 -4.596 0.583 98
-13.798 -4.681 0.689 67
-13.727 -4.616 0.538 79
-13.727 -4.612 0.597 118
-13.734 -4.621 0.571 105
-13.779 -4.659 0.710 84
-13.717 -4.603 0.572 104
-13.759 -4.645 0.605 96
-13.822 -4.702 0.751 74
-13.710 -4.592 0.614 66
-13.729 -4.610 0.644 73
-13.868 -4.583 0.462 115
-13.885 -4.572 0.475 104
-13.859 -4.578 0.477 119
-13.819 -4.596 0.465 31
-13.789 -4.590 0.495 72
-13.858 -4.579 0.477 116
-13.842 -4.580 0.483 119
-13.762 -4.612 0.466 92
-13.790 -4.590 0.494 62
-13.775 -4.621 0.441 116
-13.852 -4.591 0.455 74
-13.771 -4.600 0.484 18
-13.837 -4.593 0.460 49
-13.790 -4.609 0.455 41
-13.793 -4.598 0.476 17
-13.857 -4.592 0.450 74
-13.818 -4.595 0.468 42
-13.763 -4.608 0.473 42
-13.796 -4.601 0.469 12
-13.790 -4.600 0.474 15
-13.901 -4.577 0.455 62
-13.843 -4.580 0.484 119
-13.746 -4.615 0.469 110
-13.836 -4.595 0.458 39
-13.816 -4.603 0.452 11
-13.811 -4.602 0.459 11
-13.802 -4.589 0.488 81
-13.933 -4.565 0.460 47
-13.846 -4.582 0.476 118
-13.861 -4.575 0.483 124
-13.757 -4.625 0.443 114
-13.859 -4.582 0.470 116
-13.898 -4.571 0.469 81
-13.864 -4.574 0.483 120
-13.772 -4.620 0.444 115
-13.834 -4.588 0.472 115
-13.797 -4.588 0.493 94
-13.894 -4.571 0.471 90
-13.843 -4.596 0.450 41
-13.884 -4.575 0.469 100
-13.872 -4.580 0.466 104
-13.890 -4.581 0.454 92
-13.919 -4.562 0.474 65
-13.766 -4.611 0.465 69
-13.846 -4.586 0.469 121
-13.857 -4.574 0.486 126
-13.758 -4.610 0.472 67
-13.777 -4.606 0.469 20
-13.821 -4.584 0.488 120
-13.928 -4.561 0.471 53
-13.771 -4.605 0.474 21
-13.756 -4.618 0.458 120
-13.768 -4.594 0.498 19
-13.880 -4.575 0.472 106
-13.777 -4.609 0.464 40
-13.861 -4.580 0.473 110
-13.761 -4.624 0.443 118
-13.882 -4.571 0.478 104
-13.910 -4.570 0.463 69
-13.772 -4.621 0.443 115
-13.751 -4.617 0.462 118
-13.750 -4.610 0.478 66
-13.812 -4.594 0.472 41
-13.961 -4.555 0.464 35
-13.896 -4.573 0.466 80
-13.767 -4.618 0.451 117
-13.754 -4.596 0.502 16
-13.744 -4.610 0.481 73
-13.858 -4.582 0.471 116
-13.951 -4.559 0.463 38
-13.861 -4.586 0.460 111
-13.814 -4.599 0.463 14
-13.752 -4.610 0.476 71
-13.783 -4.612 0.454 78
-13.894 -4.576 0.461 76
-13.920 -4.566 0.466 52
-13.924 -4.570 0.456 57
-13.828 -4.580 0.491 117
-13.785 -4.598 0.481 19
-13.884 -4.574 0.471 103
-13.871 -4.585 0.457 109
-13.818 -4.585 0.487 118
-13.912 -4.572 0.459 66
-13.841 -4.584 0.476 124
-13.752 -4.613 0.470 100
-13.790 -4.588 0.498 93
-13.786 -4.601 0.473 13
-13.766 -4.624 0.440 112
-13.870 -4.573 0.480 117
-13.815 -4.599 0.462 14
-13.778 -4.609 0.463 55
-13.835 -4.584 0.479 126
-13.757 -4.608 0.476 55
-13.888 -4.575 0.467 94
-13.743 -4.603 0.495 24
-13.863 -4.588 0.456 105
-13.840 -4.581 0.483 117
-13.848 -4.578 0.484 122
-13.917 -4.565 0.471 61
-13.886 -4.570 0.477 102
-13.975 -4.553 0.460 35
