-15.221 -2.439 1.577 169
-15.212 -2.437 1.768 174
-15.365 -2.439 1.724 179
-15.507 -2.440 1.746 183
-15.468 -2.440 1.757 186
-15.393 -2.439 1.780 187
-15.460 -2.439 1.788 196
-15.221 -2.438 1.600 155
-15.214 -2.437 1.733 172
-15.266 -2.438 1.692 171
-15.363 -2.439 1.730 179
-15.276 -2.438 1.751 187
-15.300 -2.440 1.541 177
-15.219 -2.438 1.663 164
-15.370 -2.439 1.747 185
-15.394 -2.440 1.674 179
-15.365 -2.440 1.631 109
-15.283 -2.439 1.555 173
-15.255 -2.439 1.538 174
-15.427 -2.440 1.715 171
-15.282 -2.438 1.709 170
-15.247 -2.438 1.710 174
-15.584 -2.440 1.802 141
-15.609 -2.441 1.771 178
-15.334 -2.438 1.772 183
-15.205 -2.439 1.532 175
-15.367 -2.440 1.573 112
-15.515 -2.441 1.695 173
-15.301 -2.439 1.619 173
-15.488 -2.439 1.801 141
-15.413 -2.439 1.788 194
-15.266 -2.438 1.683 173
-15.264 -2.439 1.569 172
-15.316 -2.438 1.726 177
-15.458 -2.440 1.696 176
-15.203 -2.439 1.562 175
-15.324 -2.440 1.575 111
-15.376 -2.439 1.689 176
-15.302 -2.440 1.554 175
-15.362 -2.438 1.772 191
-15.258 -2.437 1.773 187
-15.283 -2.438 1.762 182
-15.211 -2.439 1.552 181
-15.463 -2.440 1.667 147
-15.506 -2.440 1.792 192
-15.237 -2.437 1.734 160
-15.482 -2.440 1.770 181
-15.532 -2.440 1.738 172
-15.256 -2.439 1.594 175
-15.297 -2.438 1.784 173
-15.203 -2.438 1.616 175
-15.343 -2.439 1.693 172
-15.217 -2.437 1.712 170
-15.378 -2.438 1.782 188
-15.241 -2.437 1.747 179
-15.528 -2.440 1.774 180
-15.413 -2.439 1.749 188
-15.565 -2.440 1.773 171
-15.286 -2.438 1.733 179
-15.349 -2.439 1.712 174
-15.508 -2.440 1.786 188
-15.388 -2.439 1.773 192
-15.450 -2.440 1.658 97
-15.410 -2.439 1.764 181
-15.218 -2.438 1.597 163
-15.469 -2.440 1.737 183
-15.253 -2.439 1.571 168
-15.546 -2.440 1.753 176
-15.500 -2.440 1.756 184
-15.445 -2.440 1.720 176
-15.213 -2.437 1.746 168
-15.222 -2.438 1.616 155
-15.400 -2.440 1.619 121
-15.365 -2.439 1.700 172
-15.238 -2.439 1.567 142
-15.288 -2.439 1.569 172
-15.260 -2.440 1.518 176
-15.401 -2.439 1.751 188
-15.254 -2.439 1.584 172
-15.489 -2.439 1.787 192
-15.203 -2.437 1.697 174
-15.281 -2.440 1.528 172
-15.220 -2.438 1.631 172
-15.410 -2.439 1.731 177
-15.273 -2.439 1.629 173
-15.360 -2.438 1.765 179
-15.457 -2.440 1.697 176
-15.296 -2.440 1.516 178
-15.380 -2.440 1.641 115
-15.316 -2.438 1.794 187
-15.358 -2.439 1.721 179
-15.435 -2.440 1.644 132
-15.219 -2.437 1.766 156
-15.233 -2.440 1.467 155
-15.372 -2.440 1.611 128
-15.363 -2.440 1.623 130
-15.413 -2.439 1.766 179
-15.290 -2.439 1.585 171
-15.249 -2.439 1.613 179
-15.317 -2.440 1.557 178
-15.223 -2.438 1.695 161
-15.575 -2.440 1.787 184
-15.409 -2.440 1.606 128
-15.210 -2.438 1.656 176
-15.300 -2.439 1.669 171
-15.325 -2.439 1.630 126
-15.323 -2.438 1.748 187
-15.439 -2.439 1.774 187
-15.356 -2.439 1.643 103
-15.315 -2.439 1.696 173
-15.252 -2.440 1.497 175
-15.282 -2.440 1.518 173
-15.247 -2.439 1.555 185
-15.310 -2.440 1.584 175
-15.409 -2.440 1.671 179
-15.227 -2.439 1.558 164
-15.402 -2.439 1.713 176
-15.262 -2.439 1.531 174
-15.240 -2.437 1.750 174
-15.477 -2.439 1.798 160
-15.202 -2.439 1.480 183
-15.453 -2.440 1.657 105
-15.296 -2.438 1.741 167
-15.234 -2.440 1.484 153
-15.228 -2.439 1.587 163
-15.347 -2.439 1.661 119
-15.245 -2.439 1.547 181
-15.304 -2.438 1.794 172
-15.354 -2.438 1.772 189
-15.297 -2.438 1.748 170
-15.315 -2.439 1.616 187
-15.510 -2.440 1.704 172
-15.503 -2.440 1.778 186
-15.528 -2.441 1.709 174
-15.305 -2.438 1.755 176
-15.392 -2.440 1.636 131
-15.449 -2.439 1.745 189
-15.493 -2.440 1.784 186
-15.290 -2.438 1.751 172
-15.323 -2.438 1.792 196
-15.340 -2.440 1.612 112
-15.573 -2.441 1.762 173
-15.306 -2.440 1.547 176
-15.334 -2.438 1.749 187
-15.477 -2.440 1.698 174
-15.293 -2.439 1.629 173
-15.375 -2.439 1.745 188
-15.286 -2.440 1.549 173
-15.234 -2.440 1.498 152
-15.467 -2.439 1.787 195
-15.259 -2.439 1.531 175
-15.415 -2.439 1.790 198
-15.355 -2.439 1.669 158
-15.570 -2.440 1.779 177
-15.232 -2.438 1.702 155
-15.266 -2.438 1.674 174
-15.426 -2.439 1.765 183
-15.360 -2.440 1.611 119
-15.243 -2.439 1.580 172
-15.491 -2.440 1.734 184
-15.237 -2.438 1.621 137
-15.221 -2.437 1.766 154
-15.394 -2.439 1.699 176
-15.344 -2.439 1.631 94
-15.276 -2.439 1.641 173
-15.311 -2.438 1.737 184
-15.275 -2.438 1.672 175
-15.384 -2.440 1.638 113
-15.260 -2.439 1.635 173
-15.225 -2.438 1.708 157
-15.455 -2.439 1.795 194
-15.471 -2.440 1.691 175
-15.355 -2.439 1.663 122
-15.214 -2.437 1.759 173
-15.304 -2.439 1.604 180
-15.329 -2.440 1.555 120
-15.309 -2.439 1.657 177
-15.238 -2.438 1.717 136
-15.250 -2.438 1.717 180
-15.279 -2.439 1.646 169
-15.456 -2.440 1.719 175
-15.210 -2.439 1.567 179
-15.250 -2.437 1.747 190
-15.214 -2.439 1.480 185
-15.544 -2.440 1.774 177
-15.289 -2.440 1.546 173
-15.242 -2.439 1.600 160
-15.459 -2.439 1.775 186
-15.223 -2.438 1.695 161
-15.341 -2.439 1.684 174
-15.433 -2.440 1.634 138
-15.310 -2.440 1.555 177
-15.501 -2.440 1.754 184
-15.331 -2.439 1.674 178
-15.331 -2.439 1.691 173
-15.210 -2.437 1.776 174
-15.560 -2.440 1.785 180
-15.249 -2.438 1.745 190
-15.327 -2.440 1.543 99
-15.390 -2.440 1.647 123
-15.260 -2.439 1.641 172
-15.254 -2.439 1.603 175
-15.296 -2.439 1.609 174
-15.219 -2.438 1.692 160
-15.296 -2.438 1.772 174
-15.440 -2.440 1.669 150
-15.453 -2.440 1.701 175
-15.215 -2.438 1.606 178
-15.224 -2.438 1.694 161
-15.267 -2.438 1.740 187
-15.361 -2.440 1.595 109
-15.221 -2.439 1.573 170
-15.386 -2.439 1.705 176
-15.278 -2.439 1.575 174
-15.219 -2.440 1.473 175
-15.231 -2.439 1.527 154
-15.318 -2.439 1.663 163
-15.238 -2.439 1.610 141
-15.553 -2.440 1.788 187
-15.423 -2.440 1.678 177
-15.400 -2.440 1.659 124
-15.293 -2.439 1.583 175
-15.340 -2.438 1.751 186
-15.393 -2.438 1.794 187
-15.268 -2.438 1.749 190
-15.368 -2.439 1.751 185
-15.325 -2.438 1.792 196
-15.385 -2.440 1.648 115
-15.283 -2.439 1.604 172
-15.332 -2.439 1.618 133
-15.257 -2.439 1.593 176
-15.287 -2.438 1.767 175
-15.389 -2.439 1.764 180
-15.469 -2.440 1.740 187
-15.341 -2.439 1.676 174
-15.350 -2.439 1.658 129
-15.352 -2.439 1.682 173
-15.264 -2.438 1.699 172
-15.302 -2.439 1.688 172
-15.432 -2.440 1.631 138
-15.232 -2.439 1.598 159
-15.321 -2.439 1.630 151
-15.347 -2.439 1.711 172
-15.225 -2.439 1.553 160
-15.445 -2.440 1.639 129
-15.402 -2.440 1.625 126
-15.429 -2.440 1.682 176
-15.274 -2.438 1.701 170
-15.272 -2.438 1.702 171
-15.452 -2.440 1.666 102
-15.437 -2.440 1.719 174
-15.592 -2.440 1.802 147
-15.284 -2.439 1.666 172
-15.263 -2.438 1.666 176
-15.511 -2.440 1.781 185
-15.389 -2.439 1.732 185
-15.449 -2.440 1.647 123
-15.398 -2.439 1.755 191
-15.543 -2.440 1.801 134
-15.617 -2.441 1.778 177
-15.296 -2.438 1.688 172
-15.337 -2.440 1.604 101
-15.312 -2.438 1.786 189
-15.309 -2.438 1.767 181
-15.263 -2.440 1.519 175
-15.253 -2.440 1.516 181
-15.302 -2.439 1.577 179
-15.388 -2.438 1.792 201
-15.570 -2.440 1.769 171
-15.391 -2.439 1.700 176
-15.314 -2.440 1.529 177
-15.295 -2.439 1.681 170
-15.292 -2.440 1.512 176
-15.519 -2.440 1.749 182
-15.365 -2.440 1.602 116
-15.299 -2.438 1.768 173
-15.210 -2.438 1.665 181
-15.403 -2.439 1.749 188
-15.438 -2.440 1.704 176
-15.456 -2.439 1.782 187
-15.393 -2.440 1.613 113
-15.442 -2.440 1.680 174
-15.257 -2.438 1.659 173
-15.332 -2.439 1.657 95
-15.346 -2.439 1.659 118
-15.216 -2.437 1.708 171
-15.438 -2.440 1.667 150
-15.328 -2.440 1.582 117
-15.523 -2.440 1.756 184
-15.241 -2.438 1.719 175
-15.345 -2.438 1.765 181
-15.407 -2.440 1.639 132
-15.336 -2.440 1.561 115
-15.473 -2.440 1.744 188
-15.447 -2.439 1.741 189
-15.239 -2.439 1.530 150
-15.463 -2.440 1.654 102
-15.555 -2.440 1.801 142
-15.506 -2.440 1.741 181
-15.516 -2.440 1.707 173
-15.494 -2.440 1.684 178
-15.293 -2.438 1.786 174
-15.564 -2.440 1.777 172
-15.238 -2.438 1.707 123
-15.246 -2.439 1.614 183
-15.269 -2.438 1.664 174
-15.363 -2.440 1.617 133
-15.211 -2.440 1.468 185
-15.377 -2.440 1.590 116
-15.264 -2.440 1.494 179
-15.444 -2.440 1.678 179
-15.492 -2.439 1.796 165
-15.244 -2.438 1.648 185
-15.344 -2.440 1.590 124
-15.309 -2.440 1.562 172
-15.291 -2.438 1.785 174
-15.381 -2.439 1.725 175
-15.205 -2.438 1.602 179
-15.422 -2.439 1.778 190
-15.209 -2.439 1.519 186
-15.337 -2.438 1.768 180
-15.228 -2.437 1.748 147
-15.441 -2.439 1.766 179
-15.342 -2.438 1.735 186
-15.510 -2.440 1.797 152
-15.285 -2.439 1.559 175
-15.304 -2.439 1.641 175
-15.325 -2.438 1.744 186
-15.387 -2.440 1.601 103
-15.204 -2.438 1.617 176
-15.568 -2.441 1.742 178
-15.345 -2.439 1.653 118
-15.291 -2.440 1.559 173
-15.569 -2.440 1.778 177
-15.477 -2.440 1.764 182
-15.307 -2.439 1.681 173
-15.299 -2.439 1.596 175
-15.453 -2.440 1.710 174
-15.404 -2.440 1.624 126
-15.334 -2.439 1.647 108
-15.322 -2.438 1.773 187
-15.537 -2.440 1.757 178
-15.476 -2.440 1.728 183
-15.502 -2.440 1.716 177
-15.256 -2.438 1.666 172
-15.313 -2.439 1.679 173
-15.407 -2.439 1.788 193
-15.267 -2.439 1.546 172
-15.431 -2.439 1.792 195
-15.417 -2.439 1.760 188
-15.302 -2.438 1.766 173
-15.384 -2.438 1.790 199
-15.202 -2.438 1.677 171
-15.250 -2.438 1.690 169
-15.236 -2.440 1.475 149
-15.480 -2.440 1.712 177
-15.284 -2.439 1.605 172
-15.467 -2.440 1.747 188
-15.268 -2.437 1.772 185
-15.341 -2.440 1.571 121
-15.332 -2.440 1.551 113
-15.253 -2.438 1.699 172
-15.455 -2.440 1.682 174
-15.421 -2.439 1.780 190
-15.413 -2.440 1.661 116
-15.392 -2.440 1.645 122
-15.552 -2.440 1.752 177
-15.348 -2.440 1.567 121
-15.339 -2.438 1.746 185
-15.481 -2.440 1.758 186
-15.314 -2.438 1.772 194
-15.410 -2.440 1.678 176
-15.452 -2.440 1.715 175
-15.299 -2.440 1.542 177
-15.257 -2.438 1.668 175
-15.228 -2.438 1.703 158
-15.213 -2.437 1.725 173
-15.282 -2.438 1.692 171
-15.231 -2.438 1.687 155
-15.419 -2.439 1.757 187
-15.487 -2.440 1.760 185
-15.267 -2.438 1.661 175
-15.239 -2.438 1.689 140
-15.411 -2.440 1.633 129
-15.282 -2.439 1.627 174
-15.385 -2.439 1.732 180
-15.403 -2.440 1.644 132
-15.533 -2.440 1.796 161
-15.366 -2.439 1.690 176
-15.232 -2.440 1.470 157
-15.289 -2.440 1.506 176
-15.452 -2.440 1.672 173
-15.242 -2.439 1.516 174
-15.227 -2.437 1.727 150
-15.312 -2.438 1.757 186
-15.328 -2.438 1.789 196
-15.408 -2.440 1.675 182
-15.252 -2.438 1.689 169
-15.295 -2.438 1.756 168
-15.388 -2.440 1.599 106
-15.519 -2.440 1.769 176
-15.399 -2.440 1.645 131
-15.318 -2.439 1.691 173
-15.460 -2.439 1.776 186
-15.527 -2.440 1.749 177
-15.329 -2.440 1.606 113
-15.318 -2.439 1.656 175
-15.340 -2.440 1.596 120
-15.411 -2.440 1.640 132
-15.227 -2.439 1.541 160
-15.361 -2.439 1.726 181
-15.298 -2.438 1.695 170
-15.324 -2.440 1.596 120
-15.616 -2.441 1.785 183
-15.314 -2.438 1.771 185
-15.219 -2.439 1.591 165
-15.245 -2.438 1.667 178
-15.446 -2.439 1.753 186
-15.238 -2.438 1.716 136
-15.239 -2.439 1.536 155
-15.518 -2.440 1.715 174
-15.328 -2.439 1.698 172
-15.282 -2.438 1.773 184
-15.280 -2.440 1.501 174
-15.202 -2.437 1.791 173
-15.238 -2.438 1.718 143
-15.425 -2.439 1.797 157
-15.269 -2.438 1.765 179
-15.512 -2.440 1.718 176
-15.287 -2.439 1.656 170
-15.284 -2.438 1.770 186
-15.423 -2.439 1.746 188
-15.489 -2.440 1.735 184
-15.347 -2.438 1.787 191
-15.288 -2.439 1.577 169
-15.262 -2.438 1.709 176
-15.232 -2.437 1.731 143
-15.476 -2.440 1.687 174
-15.326 -2.439 1.648 92
-15.357 -2.438 1.782 188
-15.352 -2.439 1.746 187
-15.556 -2.440 1.759 176
-15.338 -2.438 1.760 184
-15.508 -2.440 1.782 186
-15.471 -2.439 1.770 178
-15.235 -2.439 1.519 153
-15.219 -2.437 1.761 154
-15.401 -2.440 1.653 129
-15.216 -2.440 1.448 187
-15.306 -2.440 1.542 175
-15.336 -2.438 1.753 187
-15.405 -2.439 1.761 185
-15.260 -2.438 1.690 171
-15.377 -2.438 1.786 189
-15.399 -2.440 1.637 127
-15.485 -2.439 1.782 186
-15.213 -2.438 1.647 174
-15.278 -2.439 1.638 173
-15.387 -2.440 1.621 106
-15.220 -2.440 1.472 175
-15.598 -2.440 1.801 138
-15.375 -2.440 1.599 123
-15.253 -2.438 1.698 173
-15.523 -2.441 1.710 174
-15.504 -2.440 1.715 177
-15.225 -2.439 1.512 158
-15.263 -2.437 1.774 185
-15.321 -2.439 1.612 155
-15.504 -2.440 1.764 183
-15.291 -2.438 1.760 173
-15.354 -2.438 1.783 188
-15.281 -2.438 1.689 172
-15.342 -2.440 1.602 118
-15.287 -2.438 1.746 173
-15.399 -2.440 1.599 125
-15.269 -2.438 1.764 179
-15.464 -2.439 1.791 200
-15.280 -2.438 1.771 186
-15.355 -2.440 1.584 117
-15.570 -2.440 1.790 182
-15.627 -2.441 1.790 169
-15.248 -2.439 1.576 175
-15.291 -2.438 1.708 168
-15.459 -2.440 1.747 189
-15.235 -2.438 1.720 136
-15.488 -2.440 1.736 185
-15.294 -2.439 1.575 178
-15.494 -2.440 1.692 175
-15.249 -2.439 1.517 179
-15.238 -2.439 1.597 143
-15.480 -2.440 1.774 185
-15.286 -2.440 1.510 175
-15.346 -2.440 1.624 108
-15.355 -2.440 1.632 114
-15.340 -2.439 1.639 98
-15.526 -2.440 1.752 181
-15.604 -2.441 1.790 181
-15.418 -2.439 1.798 163
-15.375 -2.438 1.790 199
-15.449 -2.440 1.726 178
-15.257 -2.438 1.696 171
-15.237 -2.439 1.590 145
-15.241 -2.439 1.531 154
-15.501 -2.440 1.712 177
-15.232 -2.438 1.685 155
-15.354 -2.439 1.737 184
-15.282 -2.440 1.536 173
-15.590 -2.441 1.767 169
-15.314 -2.438 1.778 190
-15.339 -2.440 1.584 126
-15.500 -2.440 1.706 174
-15.338 -2.440 1.547 99
-15.299 -2.438 1.688 172
-15.387 -2.440 1.642 118
-15.322 -2.440 1.561 146
-15.213 -2.440 1.470 186
-15.398 -2.440 1.650 124
-15.387 -2.439 1.680 173
-15.222 -2.438 1.677 161
-15.378 -2.439 1.709 172
-15.241 -2.440 1.493 157
-15.429 -2.440 1.636 141
-15.352 -2.439 1.723 183
-15.413 -2.439 1.731 177
-15.258 -2.438 1.683 170
-15.309 -2.440 1.582 177
-15.225 -2.438 1.624 153
-15.354 -2.440 1.613 116
-15.337 -2.439 1.684 171
-15.380 -2.439 1.731 180
-15.431 -2.439 1.789 191
-15.208 -2.438 1.593 181
-15.516 -2.440 1.786 190
-15.307 -2.439 1.630 178
-15.222 -2.440 1.472 161
-15.281 -2.438 1.731 186
-15.348 -2.439 1.695 170
-15.377 -2.439 1.751 187
-15.214 -2.437 1.781 168
-15.218 -2.438 1.697 166
-15.220 -2.439 1.590 165
-15.223 -2.438 1.690 163
-15.486 -2.440 1.698 175
-15.216 -2.438 1.660 172
-15.424 -2.439 1.768 181
-15.276 -2.438 1.718 182
-15.236 -2.437 1.740 146
-15.314 -2.439 1.603 183
-15.214 -2.439 1.503 188
-15.262 -2.439 1.577 175
-15.252 -2.437 1.749 184
-15.418 -2.439 1.743 188
-15.277 -2.439 1.570 173
-15.294 -2.439 1.624 174
-15.261 -2.440 1.500 179
-15.573 -2.440 1.777 173
-15.252 -2.439 1.558 178
-15.457 -2.439 1.784 187
-15.628 -2.441 1.796 147
-15.307 -2.440 1.575 173
-15.219 -2.439 1.509 170
-15.237 -2.438 1.730 160
-15.500 -2.440 1.694 174
-15.374 -2.438 1.790 197
-15.459 -2.440 1.741 188
-15.461 -2.439 1.765 181
-15.310 -2.438 1.781 187
-15.496 -2.440 1.745 185
-15.209 -2.437 1.735 180
-15.267 -2.438 1.732 191
-15.224 -2.440 1.486 162
-15.492 -2.440 1.717 175
-15.244 -2.440 1.494 174
-15.473 -2.439 1.778 188
-15.272 -2.438 1.769 188
-15.324 -2.440 1.542 107
-15.454 -2.440 1.679 174
-15.347 -2.440 1.572 125
-15.228 -2.439 1.523 154
-15.288 -2.439 1.631 171
-15.307 -2.438 1.776 186
-15.226 -2.439 1.538 159
-15.246 -2.440 1.500 185
-15.359 -2.439 1.678 175
-15.226 -2.438 1.662 157
-15.438 -2.440 1.673 187
-15.239 -2.438 1.709 160
-15.470 -2.439 1.789 195
-15.333 -2.439 1.678 177
-15.343 -2.440 1.588 126
-15.208 -2.437 1.785 182
-15.292 -2.438 1.744 169
-15.254 -2.439 1.634 175
-15.203 -2.438 1.665 174
-15.307 -2.440 1.573 173
-15.249 -2.439 1.573 175
-15.227 -2.440 1.469 157
-15.232 -2.439 1.514 158
-15.215 -2.438 1.674 177
-15.323 -2.439 1.679 174
-15.468 -2.439 1.772 183
-15.384 -2.440 1.641 111
-15.268 -2.438 1.706 170
-15.438 -2.440 1.705 176
-15.409 -2.439 1.715 175
-15.367 -2.439 1.710 172
-15.328 -2.440 1.549 121
-15.268 -2.439 1.581 177
-15.288 -2.438 1.695 169
-15.376 -2.438 1.776 191
-15.202 -2.438 1.646 174
-15.250 -2.438 1.724 187
-15.383 -2.440 1.663 106
-15.303 -2.439 1.682 173
-15.323 -2.438 1.764 183
-15.328 -2.438 1.720 178
-15.319 -2.439 1.676 174
-15.443 -2.439 1.750 188
-15.389 -2.440 1.665 110
-15.599 -2.441 1.787 181
-15.241 -2.440 1.482 161
-15.231 -2.439 1.585 163
-15.339 -2.439 1.693 172
-15.374 -2.440 1.623 113
-15.411 -2.439 1.746 188
-15.232 -2.440 1.465 155
-15.560 -2.441 1.741 178
-15.234 -2.439 1.583 158
-15.320 -2.440 1.563 180
-15.418 -2.440 1.654 142
-15.242 -2.437 1.742 176
-15.348 -2.440 1.574 120
-15.576 -2.440 1.794 180
-15.489 -2.440 1.718 176
-15.266 -2.439 1.628 173
-15.237 -2.438 1.678 141
-15.302 -2.439 1.587 176
-15.473 -2.440 1.705 176
-15.331 -2.438 1.754 186
-15.263 -2.439 1.544 175
-15.240 -2.440 1.474 173
-15.395 -2.440 1.641 126
-15.270 -2.438 1.665 174
-15.487 -2.440 1.761 185
-15.241 -2.438 1.647 170
-15.286 -2.439 1.577 171
-15.212 -2.438 1.602 180
-15.222 -2.439 1.589 161
-15.494 -2.440 1.685 176
-15.407 -2.440 1.627 127
-15.280 -2.440 1.518 174
-15.544 -2.440 1.744 177
-15.264 -2.439 1.576 172
-15.351 -2.439 1.683 173
-15.384 -2.439 1.694 177
-15.479 -2.439 1.794 188
-15.273 -2.439 1.573 174
-15.487 -2.439 1.796 186
-15.285 -2.438 1.735 179
-15.334 -2.438 1.744 187
-15.250 -2.438 1.680 174
-15.248 -2.438 1.635 186
-15.282 -2.438 1.704 171
-15.215 -2.439 1.492 185
-15.265 -2.438 1.655 175
-15.393 -2.439 1.760 188
-15.240 -2.437 1.780 184
-15.474 -2.440 1.769 179
-15.460 -2.440 1.751 185
-15.294 -2.439 1.614 174
-15.307 -2.438 1.715 167
-15.215 -2.438 1.608 170
-15.283 -2.439 1.596 171
-15.373 -2.439 1.726 176
-15.448 -2.440 1.718 175
-15.369 -2.439 1.686 176
-15.504 -2.440 1.733 182
-15.483 -2.440 1.762 185
-15.219 -2.439 1.515 175
-15.234 -2.437 1.761 138
-15.520 -2.440 1.725 175
-15.354 -2.439 1.639 105
-15.260 -2.440 1.515 176
-15.315 -2.439 1.608 191
-15.424 -2.439 1.763 183
-15.222 -2.440 1.481 162
-15.604 -2.441 1.767 171
-15.226 -2.438 1.690 162
-15.536 -2.440 1.794 187
-15.562 -2.441 1.751 177
-15.269 -2.438 1.725 187
-15.255 -2.440 1.520 177
-15.349 -2.440 1.559 127
-15.473 -2.439 1.779 188
-15.467 -2.439 1.780 185
-15.533 -2.440 1.775 180
-15.209 -2.439 1.480 186
-15.374 -2.439 1.716 173
-15.336 -2.438 1.736 187
-15.234 -2.440 1.497 152
-15.433 -2.439 1.787 190
-15.287 -2.438 1.674 171
-15.300 -2.439 1.581 178
-15.223 -2.439 1.555 164
-15.369 -2.440 1.605 123
-15.374 -2.439 1.687 175
-15.430 -2.439 1.788 191
-15.234 -2.439 1.600 151
-15.271 -2.440 1.539 172
-15.318 -2.440 1.588 181
-15.367 -2.438 1.787 192
-15.350 -2.439 1.644 96
-15.378 -2.439 1.695 177
-15.455 -2.440 1.725 179
-15.241 -2.438 1.624 162
-15.330 -2.439 1.623 125
-15.252 -2.440 1.480 184
-15.498 -2.440 1.736 182
-15.300 -2.440 1.573 176
-15.236 -2.437 1.743 144
-15.463 -2.440 1.743 189
-15.457 -2.439 1.793 194
-15.433 -2.440 1.679 176
-15.225 -2.437 1.747 150
-15.444 -2.440 1.664 113
-15.323 -2.439 1.645 151
-15.415 -2.440 1.646 129
-15.477 -2.440 1.689 175
-15.202 -2.439 1.536 177
-15.565 -2.441 1.745 178
-15.391 -2.440 1.646 123
-15.287 -2.438 1.786 182
-15.303 -2.439 1.630 178
-15.431 -2.439 1.739 190
-15.306 -2.440 1.538 174
-15.224 -2.439 1.569 163
-15.293 -2.440 1.512 176
-15.544 -2.440 1.768 174
-15.284 -2.439 1.665 174
-15.396 -2.440 1.624 120
-15.271 -2.438 1.732 188
-15.282 -2.438 1.778 187
-15.385 -2.440 1.585 118
-15.333 -2.439 1.696 173
-15.362 -2.438 1.768 179
-15.551 -2.440 1.790 191
-15.397 -2.439 1.731 177
-15.413 -2.439 1.754 186
-15.270 -2.437 1.772 186
-15.443 -2.439 1.782 188
-15.432 -2.440 1.668 152
-15.521 -2.440 1.747 180
-15.474 -2.440 1.674 191
-15.432 -2.440 1.679 176
-15.343 -2.440 1.615 113
-15.525 -2.440 1.803 148
-15.253 -2.439 1.588 174
-15.221 -2.438 1.659 159
-15.588 -2.441 1.761 173
-15.253 -2.439 1.552 182
-15.443 -2.439 1.776 190
-15.329 -2.439 1.687 173
-15.271 -2.440 1.503 179
-15.230 -2.437 1.742 154
-15.218 -2.439 1.540 173
-15.469 -2.439 1.775 184
-15.318 -2.438 1.735 185
-15.333 -2.439 1.668 171
-15.414 -2.439 1.707 172
-15.257 -2.439 1.546 175
-15.441 -2.440 1.695 177
-15.246 -2.438 1.690 175
-15.344 -2.440 1.613 113
-15.211 -2.437 1.762 177
-15.236 -2.438 1.693 134
-15.473 -2.440 1.745 188
-15.204 -2.439 1.512 181
-15.349 -2.440 1.573 122
-15.323 -2.438 1.738 187
-15.486 -2.440 1.693 175
-15.490 -2.440 1.763 182
-15.216 -2.438 1.601 171
-15.502 -2.440 1.747 184
-15.290 -2.438 1.738 174
-15.298 -2.439 1.681 171
-15.292 -2.438 1.770 172
-15.484 -2.440 1.779 187
-15.466 -2.439 1.762 187
-15.614 -2.441 1.785 178
-15.276 -2.439 1.554 174
-15.468 -2.440 1.664 109
-15.366 -2.439 1.749 184
-15.393 -2.439 1.715 176
-15.421 -2.440 1.618 134
-15.235 -2.438 1.694 142
-15.276 -2.439 1.581 174
-15.281 -2.438 1.761 182
-15.469 -2.440 1.693 174
-15.595 -2.441 1.778 177
-15.455 -2.440 1.648 122
-15.206 -2.437 1.775 174
-15.377 -2.440 1.598 123
-15.439 -2.440 1.655 131
-15.209 -2.437 1.757 176
-15.506 -2.440 1.726 179
-15.569 -2.441 1.746 178
-15.531 -2.440 1.753 178
-15.285 -2.439 1.663 172
-15.272 -2.439 1.653 175
-15.309 -2.439 1.670 174
-15.365 -2.440 1.641 115
-15.505 -2.440 1.757 184
-15.323 -2.439 1.674 176
-15.221 -2.437 1.756 152
-15.458 -2.439 1.770 182
-15.354 -2.439 1.653 128
-15.493 -2.440 1.707 176
-15.397 -2.439 1.705 176
-15.241 -2.438 1.684 159
-15.242 -2.439 1.621 161
-15.296 -2.440 1.542 177
-15.423 -2.439 1.754 187
-15.459 -2.440 1.702 175
-15.244 -2.438 1.628 174
-15.210 -2.438 1.618 184
-15.230 -2.437 1.808 155
-15.331 -2.438 1.804 153
-15.427 -2.439 1.810 148
-15.227 -2.437 1.799 158
-15.304 -2.437 1.807 156
-15.261 -2.437 1.811 153
-15.230 -2.437 1.794 159
-15.474 -2.439 1.806 149
-15.294 -2.437 1.812 149
-15.438 -2.439 1.801 132
-15.204 -2.436 1.812 174
-15.651 -2.441 1.811 140
-15.631 -2.441 1.810 151
-15.524 -2.440 1.807 148
-15.365 -2.438 1.807 156
-15.282 -2.437 1.808 147
-15.452 -2.439 1.802 149
-15.451 -2.439 1.811 142
-15.408 -2.439 1.803 150
-15.576 -2.440 1.813 139
-15.404 -2.438 1.810 153
-15.366 -2.438 1.804 156
-15.331 -2.438 1.798 162
-15.374 -2.438 1.805 154
-15.312 -2.438 1.805 154
-15.291 -2.437 1.809 149
-15.442 -2.439 1.801 134
-15.224 -2.437 1.808 146
-15.574 -2.440 1.811 137
-15.431 -2.439 1.813 146
-15.360 -2.438 1.803 149
-15.208 -2.437 1.792 182
-15.420 -2.439 1.807 147
-15.526 -2.440 1.805 147
-15.286 -2.437 1.805 148
-15.344 -2.438 1.812 150
-15.369 -2.438 1.804 149
-15.306 -2.437 1.804 148
-15.483 -2.439 1.809 147
-15.360 -2.438 1.798 160
-15.432 -2.439 1.813 146
-15.362 -2.438 1.810 152
-15.261 -2.437 1.804 147
-15.286 -2.437 1.796 145
-15.325 -2.438 1.808 157
-15.608 -2.440 1.808 146
-15.488 -2.439 1.803 147
-15.348 -2.438 1.798 158
-15.361 -2.438 1.812 154
-15.560 -2.440 1.812 142
-15.301 -2.437 1.800 140
-15.269 -2.437 1.802 145
-15.390 -2.438 1.807 153
-15.512 -2.439 1.813 141
-15.210 -2.437 1.798 185
-15.210 -2.436 1.811 170
-15.238 -2.437 1.793 162
-15.350 -2.438 1.799 136
-15.502 -2.439 1.809 148
-15.499 -2.439 1.805 146
-15.259 -2.437 1.808 153
-15.333 -2.438 1.813 153
-15.319 -2.438 1.798 157
-15.586 -2.440 1.813 140
-15.213 -2.436 1.806 172
-15.274 -2.437 1.813 143
-15.508 -2.440 1.804 143
-15.248 -2.437 1.803 150
-15.311 -2.437 1.812 150
-15.280 -2.437 1.796 154
-15.352 -2.438 1.805 155
-15.595 -2.438 1.275 161
-15.326 -2.438 1.262 179
-15.518 -2.438 1.265 168
-15.402 -2.438 1.262 180
-15.614 -2.438 1.261 180
-15.618 -2.438 1.263 187
-15.339 -2.438 1.263 180
-15.547 -2.438 1.263 178
-15.569 -2.438 1.278 168
-15.563 -2.438 1.267 170
-15.618 -2.438 1.273 161
-15.568 -2.438 1.259 177
-15.350 -2.438 1.258 180
-15.344 -2.438 1.259 184
-15.649 -2.438 1.257 179
-15.475 -2.438 1.271 144
-15.532 -2.438 1.271 144
-15.331 -2.438 1.258 180
-15.585 -2.438 1.265 163
-15.418 -2.438 1.267 166
-15.462 -2.438 1.258 179
-15.334 -2.438 1.265 169
-15.666 -2.438 1.267 163
-15.387 -2.438 1.257 180
-15.651 -2.438 1.276 148
-15.482 -2.438 1.272 145
-15.459 -2.438 1.259 186
-15.442 -2.438 1.267 164
-15.643 -2.438 1.267 163
-15.475 -2.438 1.263 184
-15.263 -2.439 1.259 185
-15.566 -2.438 1.269 153
-15.545 -2.438 1.265 169
-15.321 -2.438 1.264 179
-15.680 -2.438 1.272 174
-15.518 -2.438 1.257 177
-15.442 -2.438 1.259 188
-15.632 -2.438 1.274 167
-15.559 -2.438 1.265 170
-15.261 -2.439 1.261 185
-15.255 -2.439 1.261 188
-15.578 -2.438 1.273 160
-15.417 -2.438 1.268 143
-15.411 -2.438 1.266 166
-15.622 -2.438 1.269 156
-15.512 -2.438 1.270 148
-15.565 -2.438 1.270 153
-15.554 -2.438 1.269 148
-15.526 -2.438 1.268 147
-15.343 -2.438 1.260 184
-15.298 -2.438 1.260 183
-15.457 -2.438 1.267 167
-15.653 -2.438 1.260 179
-15.632 -2.438 1.277 166
-15.305 -2.438 1.264 178
-15.566 -2.438 1.267 171
-15.509 -2.438 1.277 151
-15.636 -2.438 1.276 171
-15.325 -2.438 1.266 165
-15.559 -2.438 1.259 178
-15.661 -2.438 1.281 125
-15.634 -2.438 1.275 169
-15.497 -2.438 1.267 172
-15.392 -2.438 1.263 181
-15.630 -2.438 1.266 163
-15.615 -2.438 1.270 153
-15.541 -2.438 1.269 154
-15.459 -2.438 1.268 143
-15.591 -2.438 1.268 155
-15.461 -2.438 1.260 186
-15.610 -2.438 1.258 176
-15.622 -2.438 1.378 185
-15.447 -2.438 1.279 152
-15.625 -2.439 1.554 163
-15.669 -2.438 1.317 109
-15.321 -2.440 1.507 164
-15.514 -2.439 1.416 171
-15.521 -2.440 1.682 177
-15.529 -2.440 1.681 179
-15.291 -2.440 1.494 176
-15.416 -2.439 1.435 195
-15.425 -2.439 1.363 184
-15.265 -2.439 1.331 177
-15.655 -2.438 1.351 143
-15.487 -2.440 1.520 109
-15.505 -2.440 1.553 115
-15.495 -2.439 1.372 173
-15.412 -2.440 1.524 132
-15.624 -2.440 1.646 164
-15.361 -2.439 1.402 175
-15.622 -2.438 1.378 185
-15.446 -2.439 1.458 127
-15.652 -2.440 1.606 131
-15.353 -2.439 1.354 179
-15.242 -2.440 1.429 156
-15.565 -2.440 1.582 171
-15.280 -2.440 1.444 173
-15.592 -2.439 1.449 176
-15.601 -2.440 1.619 176
-15.523 -2.439 1.388 174
-15.636 -2.439 1.502 180
-15.296 -2.439 1.333 177
-15.315 -2.439 1.307 177
-15.228 -2.440 1.405 159
-15.620 -2.438 1.287 167
-15.500 -2.438 1.301 178
-15.544 -2.440 1.570 97
-15.435 -2.440 1.563 110
-15.313 -2.440 1.503 181
-15.664 -2.439 1.434 92
-15.606 -2.439 1.465 176
-15.212 -2.440 1.408 183
-15.630 -2.438 1.380 157
-15.680 -2.439 1.576 164
-15.622 -2.440 1.648 169
-15.566 -2.438 1.347 175
-15.495 -2.440 1.556 117
-15.602 -2.441 1.727 179
-15.566 -2.438 1.367 175
-15.502 -2.440 1.539 121
-15.265 -2.439 1.313 172
-15.584 -2.441 1.725 169
-15.487 -2.440 1.594 98
-15.592 -2.438 1.329 176
-15.313 -2.440 1.475 181
-15.291 -2.439 1.310 174
-15.577 -2.440 1.566 169
-15.650 -2.439 1.499 140
-15.658 -2.439 1.521 154
-15.248 -2.440 1.433 186
-15.598 -2.440 1.686 178
-15.458 -2.440 1.594 114
-15.580 -2.439 1.396 174
-15.449 -2.438 1.299 184
-15.494 -2.439 1.494 103
-15.433 -2.440 1.614 139
-15.315 -2.439 1.290 171
-15.420 -2.439 1.453 126
-15.506 -2.440 1.655 128
-15.283 -2.439 1.414 176
-15.634 -2.440 1.639 182
-15.212 -2.440 1.418 183
-15.592 -2.439 1.445 175
-15.248 -2.439 1.391 183
-15.491 -2.441 1.673 190
-15.584 -2.438 1.290 192
-15.477 -2.438 1.290 168
-15.322 -2.440 1.459 179
-15.295 -2.439 1.310 174
-15.563 -2.439 1.447 117
-15.653 -2.440 1.668 126
-15.624 -2.440 1.725 163
-15.558 -2.439 1.485 73
-15.404 -2.439 1.332 176
-15.535 -2.439 1.415 173
-15.516 -2.438 1.298 184
-15.640 -2.439 1.490 170
-15.534 -2.439 1.384 173
-15.499 -2.439 1.479 122
-15.660 -2.441 1.758 72
-15.610 -2.439 1.473 178
-15.483 -2.440 1.532 96
-15.565 -2.440 1.560 166
-15.557 -2.439 1.437 178
-15.382 -2.439 1.432 193
-15.419 -2.439 1.479 128
-15.485 -2.439 1.490 125
-15.567 -2.439 1.386 174
-15.653 -2.440 1.618 132
-15.608 -2.440 1.712 184
-15.355 -2.440 1.527 99
-15.211 -2.439 1.319 190
-15.530 -2.439 1.513 126
-15.206 -2.439 1.353 180
-15.572 -2.439 1.495 166
-15.497 -2.440 1.620 98
-15.492 -2.440 1.566 113
-15.666 -2.438 1.411 100
-15.433 -2.439 1.384 182
-15.561 -2.438 1.335 178
-15.275 -2.439 1.402 179
-15.538 -2.440 1.580 102
-15.508 -2.440 1.612 105
-15.629 -2.439 1.489 185
-15.615 -2.438 1.367 178
-15.643 -2.439 1.465 166
-15.581 -2.440 1.650 174
-15.508 -2.440 1.530 108
-15.437 -2.438 1.286 157
-15.263 -2.439 1.402 186
-15.520 -2.440 1.655 124
-15.591 -2.441 1.749 172
-15.587 -2.440 1.601 170
-15.553 -2.440 1.611 170
-15.604 -2.438 1.298 177
-15.281 -2.440 1.436 173
-15.509 -2.439 1.433 186
-15.266 -2.439 1.325 179
-15.587 -2.438 1.299 178
-15.244 -2.439 1.357 179
-15.321 -2.439 1.301 183
-15.591 -2.440 1.691 178
-15.297 -2.439 1.271 147
-15.595 -2.439 1.431 172
-15.562 -2.439 1.515 102
-15.333 -2.440 1.464 142
-15.518 -2.440 1.663 133
-15.259 -2.440 1.446 183
-15.466 -2.438 1.318 170
-15.417 -2.439 1.345 174
-15.528 -2.438 1.354 170
-15.561 -2.438 1.299 174
-15.554 -2.439 1.436 181
-15.351 -2.439 1.384 182
-15.416 -2.439 1.382 184
-15.283 -2.439 1.299 186
-15.643 -2.438 1.409 170
-15.637 -2.438 1.332 161
-15.605 -2.440 1.626 180
-15.251 -2.439 1.325 177
-15.659 -2.440 1.587 112
-15.513 -2.440 1.680 177
-15.514 -2.439 1.478 126
-15.395 -2.439 1.316 172
-15.537 -2.441 1.703 172
-15.482 -2.440 1.643 107
-15.578 -2.438 1.309 176
-15.312 -2.439 1.331 175
-15.475 -2.440 1.640 113
-15.576 -2.440 1.555 168
-15.590 -2.440 1.565 170
-15.651 -2.438 1.319 154
-15.209 -2.439 1.346 180
-15.475 -2.439 1.428 181
-15.609 -2.440 1.568 175
-15.533 -2.439 1.485 118
-15.392 -2.439 1.390 182
-15.646 -2.441 1.762 134
-15.287 -2.439 1.419 177
-15.307 -2.439 1.430 184
-15.283 -2.439 1.370 176
-15.588 -2.440 1.703 173
-15.302 -2.439 1.420 185
-15.462 -2.440 1.549 120
-15.365 -2.440 1.529 97
-15.620 -2.440 1.572 163
-15.469 -2.438 1.293 184
-15.358 -2.439 1.351 177
-15.570 -2.438 1.323 175
-15.622 -2.439 1.548 164
-15.403 -2.440 1.509 116
-15.265 -2.439 1.275 148
-15.444 -2.439 1.373 183
-15.504 -2.438 1.310 169
-15.570 -2.438 1.306 174
-15.573 -2.440 1.636 171
-15.573 -2.438 1.375 173
-15.541 -2.439 1.431 179
-15.594 -2.441 1.753 173
-15.405 -2.440 1.588 123
-15.387 -2.439 1.437 193
-15.509 -2.440 1.577 115
-15.571 -2.439 1.493 166
-15.302 -2.439 1.424 186
-15.656 -2.441 1.771 80
-15.397 -2.439 1.444 117
-15.302 -2.439 1.413 185
-15.397 -2.439 1.413 181
-15.406 -2.439 1.422 185
-15.523 -2.440 1.632 119
-15.262 -2.440 1.438 176
-15.407 -2.439 1.368 184
-15.373 -2.439 1.332 172
-15.446 -2.440 1.548 106
-15.388 -2.439 1.340 175
-15.456 -2.439 1.460 126
-15.506 -2.438 1.327 173
-15.381 -2.439 1.398 177
-15.507 -2.439 1.390 179
-15.559 -2.440 1.656 181
-15.384 -2.439 1.337 172
-15.296 -2.439 1.322 179
-15.361 -2.440 1.511 115
-15.291 -2.439 1.302 180
-15.338 -2.439 1.391 177
-15.679 -2.438 1.402 178
-15.441 -2.440 1.495 144
-15.622 -2.439 1.431 181
-15.513 -2.438 1.354 176
-15.619 -2.438 1.306 181
-15.591 -2.438 1.330 176
-15.494 -2.438 1.291 168
-15.309 -2.439 1.285 153
-15.253 -2.439 1.291 177
-15.443 -2.440 1.551 100
-15.338 -2.439 1.297 188
-15.586 -2.440 1.659 173
-15.641 -2.438 1.395 171
-15.532 -2.439 1.488 118
-15.647 -2.440 1.633 132
-15.477 -2.438 1.288 152
-15.272 -2.439 1.408 182
-15.452 -2.440 1.514 128
-15.524 -2.438 1.363 173
-15.626 -2.441 1.775 176
-15.377 -2.440 1.504 119
-15.252 -2.440 1.440 178
-15.297 -2.439 1.348 180
-15.598 -2.438 1.341 178
-15.431 -2.438 1.315 172
-15.446 -2.440 1.558 109
-15.635 -2.440 1.630 170
-15.258 -2.439 1.377 185
-15.428 -2.440 1.566 118
-15.630 -2.440 1.632 178
-15.229 -2.439 1.376 157
-15.611 -2.441 1.750 184
-15.504 -2.438 1.297 183
-15.524 -2.441 1.690 175
-15.543 -2.439 1.521 105
-15.415 -2.439 1.437 194
-15.298 -2.440 1.437 178
-15.256 -2.440 1.458 187
-15.328 -2.439 1.442 112
-15.504 -2.440 1.577 114
-15.666 -2.439 1.523 158
-15.278 -2.440 1.455 173
-15.378 -2.439 1.361 183
-15.207 -2.439 1.290 189
-15.569 -2.439 1.511 172
-15.543 -2.440 1.542 93
-15.330 -2.439 1.437 183
-15.522 -2.438 1.325 171
-15.323 -2.438 1.269 142
-15.449 -2.439 1.403 175
-15.656 -2.438 1.376 137
-15.665 -2.438 1.333 115
-15.411 -2.439 1.345 174
-15.508 -2.439 1.507 130
-15.475 -2.440 1.555 114
-15.619 -2.439 1.447 183
-15.605 -2.439 1.526 178
-15.598 -2.438 1.307 178
-15.468 -2.440 1.627 108
-15.445 -2.439 1.415 182
-15.284 -2.439 1.363 176
-15.602 -2.438 1.327 178
-15.267 -2.440 1.430 181
-15.591 -2.440 1.584 174
-15.495 -2.439 1.443 135
-15.610 -2.438 1.393 174
-15.258 -2.439 1.313 172
-15.410 -2.440 1.516 126
-15.512 -2.438 1.359 179
-15.644 -2.441 1.776 128
-15.576 -2.440 1.674 178
-15.229 -2.439 1.264 162
-15.623 -2.440 1.667 166
-15.440 -2.440 1.527 142
-15.402 -2.440 1.523 129
-15.543 -2.439 1.381 173
-15.542 -2.438 1.291 164
-15.621 -2.441 1.763 156
-15.670 -2.439 1.443 129
-15.679 -2.438 1.366 180
-15.450 -2.440 1.577 126
-15.455 -2.439 1.477 123
-15.620 -2.441 1.767 156
-15.667 -2.440 1.621 90
-15.259 -2.439 1.362 185
-15.340 -2.439 1.374 182
-15.380 -2.440 1.505 109
-15.627 -2.438 1.313 201
-15.515 -2.439 1.496 105
-15.408 -2.439 1.453 133
-15.501 -2.439 1.482 125
-15.567 -2.438 1.314 173
-15.459 -2.439 1.413 181
-15.601 -2.439 1.493 178
-15.679 -2.438 1.374 178
-15.417 -2.439 1.341 173
-15.208 -2.439 1.351 182
-15.554 -2.441 1.702 181
-15.676 -2.438 1.400 172
-15.388 -2.439 1.326 176
-15.602 -2.438 1.346 178
-15.331 -2.439 1.410 182
-15.589 -2.440 1.667 174
-15.638 -2.440 1.575 158
-15.516 -2.440 1.578 120
-15.664 -2.440 1.691 69
-15.653 -2.440 1.674 128
-15.567 -2.439 1.388 174
-15.338 -2.440 1.498 104
-15.654 -2.441 1.740 101
-15.261 -2.439 1.384 186
-15.371 -2.439 1.373 182
-15.654 -2.438 1.341 144
-15.333 -2.439 1.319 174
-15.609 -2.439 1.430 176
-15.531 -2.438 1.314 166
-15.424 -2.438 1.292 184
-15.551 -2.439 1.486 68
-15.499 -2.440 1.611 117
-15.396 -2.440 1.564 117
-15.349 -2.440 1.457 142
-15.377 -2.440 1.555 111
-15.645 -2.439 1.543 132
-15.557 -2.439 1.530 100
-15.490 -2.438 1.296 184
-15.472 -2.440 1.518 86
-15.632 -2.440 1.640 176
-15.643 -2.439 1.451 166
-15.559 -2.439 1.528 99
-15.610 -2.439 1.510 176
-15.332 -2.440 1.507 109
-15.466 -2.439 1.442 125
-15.609 -2.440 1.579 176
-15.676 -2.438 1.315 178
-15.302 -2.440 1.466 183
-15.662 -2.439 1.538 143
-15.315 -2.440 1.463 195
-15.670 -2.438 1.339 105
-15.476 -2.440 1.580 124
-15.528 -2.440 1.530 77
-15.633 -2.439 1.432 165
-15.213 -2.440 1.430 183
-15.452 -2.440 1.630 132
-15.256 -2.439 1.311 174
-15.408 -2.439 1.366 184
-15.333 -2.439 1.360 182
-15.498 -2.438 1.277 153
-15.673 -2.440 1.630 138
-15.330 -2.440 1.458 143
-15.435 -2.439 1.345 175
-15.635 -2.440 1.690 176
-15.657 -2.438 1.293 136
-15.464 -2.439 1.456 127
-15.467 -2.440 1.628 99
-15.452 -2.439 1.345 175
-15.388 -2.439 1.341 175
-15.500 -2.440 1.533 130
-15.653 -2.440 1.609 132
-15.567 -2.440 1.639 174
-15.509 -2.440 1.553 121
-15.607 -2.441 1.765 170
-15.233 -2.439 1.297 155
-15.511 -2.439 1.508 116
-15.518 -2.439 1.372 178
-15.665 -2.440 1.602 73
-15.524 -2.439 1.499 106
-15.243 -2.440 1.439 172
-15.357 -2.440 1.489 128
-15.365 -2.440 1.511 117
-15.279 -2.439 1.348 177
-15.372 -2.440 1.469 129
-15.487 -2.439 1.413 181
-15.597 -2.439 1.409 176
-15.574 -2.440 1.588 168
-15.676 -2.438 1.307 178
-15.634 -2.438 1.295 154
-15.640 -2.440 1.592 164
-15.511 -2.440 1.646 128
-15.294 -2.439 1.392 179
-15.344 -2.440 1.468 141
-15.657 -2.439 1.490 120
-15.284 -2.440 1.476 174
-15.407 -2.440 1.589 125
-15.663 -2.438 1.393 107
-15.377 -2.439 1.332 172
-15.464 -2.439 1.344 174
-15.480 -2.439 1.413 180
-15.382 -2.440 1.525 97
-15.555 -2.439 1.411 176
-15.254 -2.439 1.310 174
-15.574 -2.438 1.329 175
-15.627 -2.440 1.687 170
-15.466 -2.440 1.582 122
-15.654 -2.439 1.511 160
-15.656 -2.438 1.382 133
-15.570 -2.441 1.722 178
-15.479 -2.439 1.359 179
-15.665 -2.440 1.672 89
-15.489 -2.438 1.341 173
-15.522 -2.439 1.444 106
-15.606 -2.440 1.608 177
-15.468 -2.439 1.446 98
-15.571 -2.440 1.650 176
-15.592 -2.440 1.557 169
-15.486 -2.440 1.660 115
-15.368 -2.440 1.526 99
-15.664 -2.440 1.634 76
-15.338 -2.439 1.393 177
-15.389 -2.440 1.489 120
-15.600 -2.440 1.646 176
-15.621 -2.440 1.678 161
-15.350 -2.440 1.479 141
-15.514 -2.439 1.417 171
-15.661 -2.440 1.596 91
-15.455 -2.439 1.418 183
-15.518 -2.440 1.578 120
-15.632 -2.440 1.595 174
-15.553 -2.440 1.624 173
-15.583 -2.441 1.745 174
-15.617 -2.439 1.540 187
-15.301 -2.439 1.350 181
-15.640 -2.441 1.763 140
-15.432 -2.440 1.553 115
-15.442 -2.440 1.600 134
-15.677 -2.439 1.578 157
-15.423 -2.439 1.370 183
-15.432 -2.439 1.398 179
-15.284 -2.439 1.382 174
-15.249 -2.440 1.453 188
-15.556 -2.439 1.511 114
-15.587 -2.441 1.719 174
-15.596 -2.438 1.354 175
-15.320 -2.439 1.345 174
-15.502 -2.440 1.539 121
-15.498 -2.438 1.279 153
-15.455 -2.440 1.605 128
-15.365 -2.440 1.500 123
-15.595 -2.439 1.403 173
-15.588 -2.438 1.389 172
-15.322 -2.439 1.435 186
-15.625 -2.439 1.494 173
-15.465 -2.440 1.517 87
-15.655 -2.441 1.750 96
-15.647 -2.439 1.483 138
-15.615 -2.439 1.505 172
-15.595 -2.441 1.735 177
-15.679 -2.438 1.381 180
-15.443 -2.439 1.403 176
-15.243 -2.439 1.279 164
-15.494 -2.439 1.421 184
-15.396 -2.439 1.431 192
-15.516 -2.440 1.671 175
-15.337 -2.440 1.501 104
-15.470 -2.439 1.447 98
-15.497 -2.439 1.439 163
-15.334 -2.438 1.273 147
-15.459 -2.439 1.394 182
-15.605 -2.438 1.321 178
-15.553 -2.439 1.485 68
-15.411 -2.439 1.348 176
-15.506 -2.439 1.496 86
-15.444 -2.439 1.470 135
-15.418 -2.440 1.579 119
-15.462 -2.440 1.517 101
-15.392 -2.439 1.453 139
-15.654 -2.441 1.753 95
-15.514 -2.440 1.629 104
-15.578 -2.441 1.727 177
-15.455 -2.439 1.391 182
-15.414 -2.440 1.554 109
-15.630 -2.440 1.626 180
-15.626 -2.438 1.357 173
-15.619 -2.440 1.662 174
-15.621 -2.440 1.632 169
-15.642 -2.440 1.724 134
-15.462 -2.440 1.556 120
-15.409 -2.440 1.490 96
-15.452 -2.439 1.464 129
-15.598 -2.438 1.361 174
-15.460 -2.440 1.541 107
-15.509 -2.438 1.302 179
-15.581 -2.440 1.579 172
-15.534 -2.439 1.384 173
-15.215 -2.439 1.293 189
-15.465 -2.439 1.398 180
-15.657 -2.439 1.460 128
-15.281 -2.439 1.362 175
-15.442 -2.440 1.563 114
-15.601 -2.439 1.431 173
-15.500 -2.440 1.586 124
-15.278 -2.439 1.274 148
-15.572 -2.439 1.529 177
-15.315 -2.440 1.499 190
-15.242 -2.440 1.442 157
-15.679 -2.438 1.376 180
-15.338 -2.439 1.325 175
-15.570 -2.440 1.679 177
-15.540 -2.440 1.629 95
-15.255 -2.439 1.305 179
-15.378 -2.440 1.524 100
-15.591 -2.440 1.658 173
-15.652 -2.440 1.603 129
-15.392 -2.439 1.373 184
-15.588 -2.439 1.452 174
-15.420 -2.439 1.432 190
-15.381 -2.439 1.464 130
-15.549 -2.440 1.604 148
-15.588 -2.440 1.709 174
-15.546 -2.439 1.411 174
-15.449 -2.439 1.444 128
-15.499 -2.439 1.511 122
-15.618 -2.440 1.637 176
-15.339 -2.439 1.366 183
-15.608 -2.439 1.504 176
-15.357 -2.439 1.444 94
-15.548 -2.440 1.630 123
-15.319 -2.440 1.453 190
-15.652 -2.440 1.638 138
-15.484 -2.440 1.592 98
-15.541 -2.440 1.671 177
-15.581 -2.439 1.543 168
-15.293 -2.439 1.405 179
-15.434 -2.439 1.341 173
-15.397 -2.439 1.411 180
-15.340 -2.440 1.503 104
-15.208 -2.440 1.401 179
-15.573 -2.440 1.652 174
-15.261 -2.440 1.482 182
-15.656 -2.441 1.768 78
-15.471 -2.440 1.512 87
-15.391 -2.439 1.466 133
-15.563 -2.439 1.490 98
-15.450 -2.440 1.588 127
-15.558 -2.439 1.440 157
-15.271 -2.440 1.454 182
-15.557 -2.440 1.603 177
-15.485 -2.439 1.436 197
-15.490 -2.440 1.634 102
-15.321 -2.439 1.380 179
-15.634 -2.439 1.471 162
-15.615 -2.439 1.480 179
-15.219 -2.440 1.413 176
-15.258 -2.440 1.436 176
-15.637 -2.439 1.494 192
-15.230 -2.440 1.420 158
-15.639 -2.440 1.585 165
-15.364 -2.440 1.550 119
-15.483 -2.438 1.345 173
-15.365 -2.439 1.431 193
-15.603 -2.438 1.289 195
-15.415 -2.439 1.417 183
-15.374 -2.439 1.391 182
-15.628 -2.439 1.409 163
-15.461 -2.439 1.460 132
-15.611 -2.440 1.670 183
-15.231 -2.439 1.309 155
-15.455 -2.440 1.640 125
-15.596 -2.438 1.354 177
-15.279 -2.440 1.456 173
-15.660 -2.438 1.339 127
-15.626 -2.439 1.466 168
-15.312 -2.440 1.475 181
-15.559 -2.440 1.566 171
-15.679 -2.438 1.383 180
-15.418 -2.440 1.485 129
-15.658 -2.438 1.369 136
-15.296 -2.439 1.333 179
-15.315 -2.440 1.460 195
-15.388 -2.439 1.318 172
-15.536 -2.438 1.298 181
-15.412 -2.438 1.283 154
-15.467 -2.439 1.422 180
-15.643 -2.441 1.779 131
-15.630 -2.438 1.304 165
-15.672 -2.439 1.584 142
-15.461 -2.439 1.370 181
-15.317 -2.439 1.297 187
-15.431 -2.440 1.594 127
-15.415 -2.439 1.406 179
-15.517 -2.439 1.480 127
-15.220 -2.439 1.280 180
-15.234 -2.439 1.283 162
-15.430 -2.440 1.538 126
-15.422 -2.439 1.385 184
-15.572 -2.438 1.292 178
-15.332 -2.439 1.416 184
-15.481 -2.438 1.314 169
-15.398 -2.438 1.305 176
-15.671 -2.438 1.357 115
-15.206 -2.440 1.395 175
-15.340 -2.440 1.470 137
-15.600 -2.441 1.764 171
-15.501 -2.439 1.424 180
-15.594 -2.440 1.631 174
-15.456 -2.438 1.304 176
-15.308 -2.439 1.349 180
-15.378 -2.440 1.491 116
-15.423 -2.439 1.458 132
-15.390 -2.440 1.548 121
-15.591 -2.438 1.338 177
-15.657 -2.439 1.537 153
-15.641 -2.439 1.517 170
-15.506 -2.440 1.623 104
-15.594 -2.440 1.687 176
-15.492 -2.438 1.304 175
-15.423 -2.440 1.502 126
-15.659 -2.438 1.382 133
-15.492 -2.440 1.601 122
-15.580 -2.438 1.337 176
-15.470 -2.439 1.403 176
-15.640 -2.439 1.430 175
-15.543 -2.440 1.622 108
-15.279 -2.439 1.321 176
-15.655 -2.439 1.449 132
-15.567 -2.441 1.716 181
-15.459 -2.438 1.292 183
-15.601 -2.438 1.283 150
-15.615 -2.440 1.718 172
-15.222 -2.440 1.405 162
-15.559 -2.439 1.404 174
-15.254 -2.439 1.318 171
-15.578 -2.440 1.566 169
-15.276 -2.440 1.459 177
-15.219 -2.439 1.306 185
-15.260 -2.439 1.337 176
-15.578 -2.439 1.508 171
-15.494 -2.439 1.416 183
-15.552 -2.440 1.626 175
-15.208 -2.439 1.333 186
-15.344 -2.438 1.278 158
-15.349 -2.439 1.435 193
-15.297 -2.440 1.472 180
-15.542 -2.440 1.688 178
-15.439 -2.440 1.491 146
-15.466 -2.439 1.471 131
-15.554 -2.439 1.466 131
-15.381 -2.439 1.405 178
-15.618 -2.438 1.400 181
-15.510 -2.439 1.367 181
-15.406 -2.440 1.513 119
-15.225 -2.439 1.389 161
-15.387 -2.438 1.275 146
-15.448 -2.440 1.601 132
-15.356 -2.439 1.315 173
-15.244 -2.439 1.326 168
-15.549 -2.439 1.491 75
-15.267 -2.440 1.429 183
-15.643 -2.441 1.760 137
-15.550 -2.440 1.552 129
-15.338 -2.439 1.351 180
-15.585 -2.440 1.677 177
-15.635 -2.440 1.724 174
-15.570 -2.439 1.425 173
-15.590 -2.438 1.295 181
-15.615 -2.438 1.380 177
-15.441 -2.439 1.397 179
-15.428 -2.439 1.369 183
-15.605 -2.440 1.567 172
-15.666 -2.439 1.462 90
-15.597 -2.440 1.591 174
-15.645 -2.439 1.427 161
-15.609 -2.441 1.745 183
-15.480 -2.440 1.598 109
-15.628 -2.439 1.509 174
-15.229 -2.439 1.265 162
-15.652 -2.439 1.578 132
-15.621 -2.440 1.581 160
-15.227 -2.439 1.299 155
-15.404 -2.440 1.572 118
-15.639 -2.439 1.515 176
-15.488 -2.439 1.377 178
-15.546 -2.440 1.569 125
-15.294 -2.439 1.282 156
-15.458 -2.440 1.572 129
-15.326 -2.439 1.363 183
-15.551 -2.440 1.566 153
-15.517 -2.438 1.293 176
-15.538 -2.440 1.613 109
-15.433 -2.439 1.347 176
-15.479 -2.439 1.382 181
-15.300 -2.440 1.450 185
-15.300 -2.440 1.456 186
-15.306 -2.439 1.313 176
-15.537 -2.438 1.342 171
-15.581 -2.440 1.597 169
-15.632 -2.438 1.333 170
-15.507 -2.440 1.572 115
-15.477 -2.440 1.530 83
-15.639 -2.438 1.366 171
-15.322 -2.440 1.505 164
-15.659 -2.440 1.612 84
-15.359 -2.439 1.391 179
-15.608 -2.440 1.568 172
-15.439 -2.440 1.619 138
-15.424 -2.439 1.463 122
-15.288 -2.440 1.467 175
-15.397 -2.439 1.426 185
-15.532 -2.440 1.562 109
-15.573 -2.439 1.448 176
-15.425 -2.440 1.544 111
-15.539 -2.440 1.675 171
-15.447 -2.440 1.536 118
-15.558 -2.440 1.610 181
-15.423 -2.440 1.549 95
-15.262 -2.440 1.426 186
-15.519 -2.439 1.432 169
-15.279 -2.439 1.400 175
-15.626 -2.439 1.525 177
-15.383 -2.440 1.512 105
-15.528 -2.440 1.605 102
-15.285 -2.439 1.402 174
-15.519 -2.439 1.489 109
-15.249 -2.440 1.419 186
-15.454 -2.438 1.310 172
-15.479 -2.439 1.374 182
-15.244 -2.439 1.362 185
-15.544 -2.440 1.619 111
-15.672 -2.439 1.562 146
-15.506 -2.439 1.473 120
-15.601 -2.440 1.646 176
-15.545 -2.440 1.582 106
-15.558 -2.438 1.357 176
-15.320 -2.440 1.499 186
-15.439 -2.439 1.474 132
-15.318 -2.440 1.527 186
-15.624 -2.439 1.524 177
-15.303 -2.440 1.488 179
-15.519 -2.439 1.422 168
-15.640 -2.439 1.452 171
-15.290 -2.439 1.319 177
-15.556 -2.440 1.666 177
-15.596 -2.438 1.346 176
-15.478 -2.439 1.462 141
-15.438 -2.439 1.457 132
-15.586 -2.438 1.360 175
-15.237 -2.439 1.269 138
-15.422 -2.438 1.297 187
-15.361 -2.439 1.401 175
-15.666 -2.438 1.412 96
-15.657 -2.440 1.681 91
-15.581 -2.438 1.294 183
-15.588 -2.440 1.556 170
-15.537 -2.439 1.446 101
-15.605 -2.439 1.555 168
-15.598 -2.439 1.467 180
-15.534 -2.440 1.560 98
-15.204 -2.439 1.286 181
-15.658 -2.440 1.583 114
-15.262 -2.439 1.281 154
-15.547 -2.440 1.639 123
-15.641 -2.438 1.315 162
-15.560 -2.438 1.319 175
-15.669 -2.439 1.489 119
-15.409 -2.439 1.472 124
-15.537 -2.439 1.472 89
-15.630 -2.440 1.596 174
-15.241 -2.440 1.452 163
-15.356 -2.440 1.552 122
-15.264 -2.440 1.419 187
-15.379 -2.439 1.325 173
-15.230 -2.439 1.399 156
-15.364 -2.440 1.471 131
-15.421 -2.439 1.477 127
-15.350 -2.438 1.274 149
-15.252 -2.439 1.300 192
-15.557 -2.440 1.660 179
-15.377 -2.440 1.469 122
-15.388 -2.439 1.369 183
-15.376 -2.440 1.490 122
-15.548 -2.438 1.302 178
-15.276 -2.440 1.457 177
-15.635 -2.441 1.778 158
-15.441 -2.439 1.438 192
-15.345 -2.439 1.316 171
-15.327 -2.439 1.379 179
-15.574 -2.439 1.516 175
-15.664 -2.438 1.318 116
-15.671 -2.439 1.489 119
-15.469 -2.439 1.447 98
-15.454 -2.440 1.622 130
-15.208 -2.439 1.313 192
-15.569 -2.438 1.285 157
-15.640 -2.439 1.420 175
-15.365 -2.439 1.411 182
-15.390 -2.439 1.321 175
-15.419 -2.440 1.500 115
-15.364 -2.439 1.337 173
-15.637 -2.439 1.491 182
-15.636 -2.439 1.566 182
-15.375 -2.440 1.543 109
-15.644 -2.439 1.537 153
-15.370 -2.439 1.393 182
-15.288 -2.440 1.504 176
-15.586 -2.439 1.497 168
-15.532 -2.440 1.617 108
-15.429 -2.440 1.562 115
-15.350 -2.438 1.281 159
-15.359 -2.439 1.377 183
-15.248 -2.439 1.363 184
-15.298 -2.439 1.322 179
-15.482 -2.439 1.454 134
-15.592 -2.439 1.497 176
-15.668 -2.438 1.389 110
-15.434 -2.440 1.602 133
-15.309 -2.439 1.304 179
-15.540 -2.440 1.620 112
-15.437 -2.439 1.424 184
-15.324 -2.439 1.346 175
-15.609 -2.438 1.304 178
-15.348 -2.440 1.553 126
-15.426 -2.440 1.599 131
-15.591 -2.440 1.617 172
-15.384 -2.440 1.545 108
-15.515 -2.440 1.553 122
-15.628 -2.439 1.538 154
-15.458 -2.438 1.308 173
-15.601 -2.440 1.646 176
-15.286 -2.439 1.308 176
-15.386 -2.439 1.453 141
-15.460 -2.440 1.541 107
-15.452 -2.440 1.570 126
-15.660 -2.440 1.720 63
-15.526 -2.440 1.534 80
-15.564 -2.439 1.428 179
-15.475 -2.439 1.462 138
-15.598 -2.441 1.746 177
-15.447 -2.439 1.452 123
-15.507 -2.438 1.315 169
-15.677 -2.438 1.325 175
-15.568 -2.438 1.334 176
-15.586 -2.441 1.729 171
-15.378 -2.440 1.551 105
-15.273 -2.439 1.404 179
-15.626 -2.440 1.602 166
-15.570 -2.438 1.299 174
-15.556 -2.440 1.552 180
-15.563 -2.441 1.722 174
-15.293 -2.439 1.398 175
-15.447 -2.438 1.281 154
-15.431 -2.439 1.381 182
-15.597 -2.440 1.649 174
-15.534 -2.439 1.408 177
-15.646 -2.439 1.497 145
-15.251 -2.439 1.340 181
-15.650 -2.438 1.291 165
-15.516 -2.439 1.424 167
-15.293 -2.439 1.276 150
-15.612 -2.438 1.310 180
-15.366 -2.440 1.478 134
-15.649 -2.438 1.403 155
-15.622 -2.438 1.349 186
-15.299 -2.440 1.474 181
-15.649 -2.439 1.503 154
-15.241 -2.439 1.360 153
-15.540 -2.439 1.460 112
-15.477 -2.439 1.351 175
-15.410 -2.438 1.292 183
-15.541 -2.438 1.366 178
-15.409 -2.439 1.419 184
-15.369 -2.439 1.452 129
-15.345 -2.439 1.400 176
-15.419 -2.440 1.486 129
-15.508 -2.438 1.309 171
-15.589 -2.439 1.471 181
-15.676 -2.439 1.433 164
-15.487 -2.440 1.538 104
-15.558 -2.440 1.571 175
-15.356 -2.439 1.410 180
-15.588 -2.440 1.593 173
-15.547 -2.440 1.607 115
-15.487 -2.440 1.578 125
-15.531 -2.439 1.475 118
-15.389 -2.439 1.346 177
-15.653 -2.440 1.704 137
-15.614 -2.439 1.472 180
-15.585 -2.440 1.607 169
-15.323 -2.440 1.480 167
-15.372 -2.439 1.456 134
-15.410 -2.439 1.428 185
-15.651 -2.439 1.530 150
-15.649 -2.440 1.599 130
-15.544 -2.439 1.397 175
-15.616 -2.440 1.578 181
-15.619 -2.439 1.427 181
-15.355 -2.439 1.371 181
-15.356 -2.440 1.483 139
-15.356 -2.439 1.369 182
-15.237 -2.440 1.430 150
-15.508 -2.438 1.315 169
-15.546 -2.440 1.611 118
-15.386 -2.440 1.552 114
-15.547 -2.440 1.538 115
-15.634 -2.438 1.305 152
-15.392 -2.440 1.549 121
-15.638 -2.439 1.421 175
-15.441 -2.439 1.435 192
-15.463 -2.440 1.644 116
-15.441 -2.439 1.394 181
-15.496 -2.440 1.609 120
-15.573 -2.441 1.709 179
-15.255 -2.439 1.281 156
-15.335 -2.438 1.282 160
-15.227 -2.439 1.336 153
-15.631 -2.441 1.768 174
-15.584 -2.439 1.473 177
-15.500 -2.438 1.307 171
-15.488 -2.439 1.507 79
-15.548 -2.438 1.336 177
-15.615 -2.440 1.587 186
-15.564 -2.439 1.522 172
-15.603 -2.441 1.755 178
-15.428 -2.439 1.465 124
-15.603 -2.440 1.660 178
-15.590 -2.440 1.627 170
-15.461 -2.438 1.291 172
-15.376 -2.440 1.466 127
-15.656 -2.441 1.746 99
-15.671 -2.439 1.507 119
-15.377 -2.439 1.312 171
-15.215 -2.439 1.300 193
-15.605 -2.440 1.665 180
-15.398 -2.440 1.535 132
-15.623 -2.440 1.686 163
-15.261 -2.439 1.389 185
-15.360 -2.439 1.361 183
-15.269 -2.440 1.447 182
-15.255 -2.439 1.271 147
-15.424 -2.439 1.457 132
-15.620 -2.438 1.300 180
-15.317 -2.439 1.349 177
-15.309 -2.439 1.312 176
-15.441 -2.440 1.568 123
-15.675 -2.439 1.492 163
-15.418 -2.439 1.332 175
-15.469 -2.439 1.365 183
-15.604 -2.440 1.597 174
-15.488 -2.440 1.543 92
-15.256 -2.439 1.350 184
-15.291 -2.439 1.322 179
-15.464 -2.438 1.327 173
-15.631 -2.439 1.536 193
-15.397 -2.438 1.307 173
-15.391 -2.438 1.305 175
-15.565 -2.438 1.329 177
-15.559 -2.440 1.557 175
-15.213 -2.440 1.402 186
-15.488 -2.439 1.415 182
-15.600 -2.439 1.557 169
-15.539 -2.441 1.698 181
-15.527 -2.439 1.504 112
-15.398 -2.440 1.546 123
-15.609 -2.439 1.419 177
-15.365 -2.440 1.548 105
-15.553 -2.439 1.488 66
-15.390 -2.439 1.459 143
-15.383 -2.439 1.433 197
-15.330 -2.440 1.538 82
-15.660 -2.439 1.486 105
-15.405 -2.439 1.463 138
-15.669 -2.439 1.444 129
-15.436 -2.439 1.400 176
-15.427 -2.440 1.489 139
-15.420 -2.440 1.547 96
-15.661 -2.440 1.690 68
-15.528 -2.440 1.537 101
-15.577 -2.439 1.398 175
-15.247 -2.439 1.266 158
-15.589 -2.440 1.662 173
-15.531 -2.440 1.608 104
-15.629 -2.439 1.531 177
-15.455 -2.440 1.502 95
-15.546 -2.440 1.620 129
-15.450 -2.439 1.375 181
-15.398 -2.440 1.526 128
-15.564 -2.441 1.711 181
-15.663 -2.439 1.482 88
-15.548 -2.438 1.325 174
-15.655 -2.440 1.611 120
-15.260 -2.440 1.461 184
-15.629 -2.438 1.320 194
-15.468 -2.440 1.603 118
-15.333 -2.438 1.283 159
-15.640 -2.441 1.737 144
-15.489 -2.440 1.605 118
-15.507 -2.439 1.368 181
-15.608 -2.440 1.589 174
-15.300 -2.439 1.325 180
-15.521 -2.439 1.378 177
-15.352 -2.439 1.399 174
-15.663 -2.439 1.445 90
-15.545 -2.439 1.480 79
-15.505 -2.440 1.576 114
-15.269 -2.440 1.449 184
-15.578 -2.439 1.533 171
-15.431 -2.438 1.302 180
-15.597 -2.439 1.515 177
-15.556 -2.439 1.433 187
-15.617 -2.439 1.522 174
-15.349 -2.440 1.507 115
-15.399 -2.440 1.581 122
-15.277 -2.439 1.279 157
-15.550 -2.441 1.703 180
-15.322 -2.439 1.370 179
-15.540 -2.438 1.317 166
-15.411 -2.439 1.459 140
-15.653 -2.438 1.310 141
-15.548 -2.439 1.383 174
-15.587 -2.440 1.616 171
-15.522 -2.440 1.598 120
-15.580 -2.440 1.686 175
-15.654 -2.439 1.524 151
-15.321 -2.439 1.334 176
-15.404 -2.439 1.420 184
-15.468 -2.438 1.281 152
-15.650 -2.439 1.509 158
-15.445 -2.438 1.306 175
-15.652 -2.441 1.740 121
-15.411 -2.439 1.363 184
-15.566 -2.440 1.609 170
-15.539 -2.438 1.366 175
-15.212 -2.439 1.378 180
-15.554 -2.440 1.542 178
-15.512 -2.440 1.658 117
-15.544 -2.439 1.377 173
-15.678 -2.440 1.593 165
-15.395 -2.439 1.430 192
-15.629 -2.438 1.348 171
-15.276 -2.439 1.383 179
-15.679 -2.438 1.429 173
-15.507 -2.440 1.668 178
-15.239 -2.440 1.439 154
-15.480 -2.439 1.408 178
-15.567 -2.440 1.562 165
-15.420 -2.439 1.403 174
-15.544 -2.438 1.282 150
-15.340 -2.440 1.487 106
-15.534 -2.440 1.544 99
-15.550 -2.438 1.295 176
-15.524 -2.438 1.364 174
-15.517 -2.438 1.306 174
-15.220 -2.440 1.421 177
-15.564 -2.440 1.692 179
-15.587 -2.438 1.336 176
-15.563 -2.439 1.513 160
-15.481 -2.439 1.360 177
-15.210 -2.439 1.383 179
-15.582 -2.439 1.410 177
-15.329 -2.440 1.458 143
-15.228 -2.439 1.364 159
-15.566 -2.438 1.362 175
-15.613 -2.439 1.443 175
-15.224 -2.439 1.297 163
-15.226 -2.439 1.294 158
-15.614 -2.440 1.640 181
-15.318 -2.439 1.351 176
-15.448 -2.438 1.300 184
-15.333 -2.438 1.275 147
-15.612 -2.440 1.721 183
-15.548 -2.440 1.632 153
-15.641 -2.438 1.407 170
-15.549 -2.440 1.609 147
-15.600 -2.440 1.647 176
-15.538 -2.439 1.491 109
-15.317 -2.440 1.520 183
-15.385 -2.439 1.439 137
-15.527 -2.439 1.395 170
-15.435 -2.439 1.431 188
-15.552 -2.438 1.339 178
-15.235 -2.439 1.288 156
-15.331 -2.439 1.332 175
-15.268 -2.440 1.431 181
-15.414 -2.440 1.493 110
-15.603 -2.441 1.741 178
-15.522 -2.440 1.638 116
-15.384 -2.438 1.290 176
-15.368 -2.438 1.295 185
-15.615 -2.440 1.665 179
-15.454 -2.440 1.637 129
-15.521 -2.438 1.348 172
-15.396 -2.439 1.380 184
-15.659 -2.438 1.406 132
-15.533 -2.440 1.685 178
-15.675 -2.439 1.543 155
-15.578 -2.438 1.386 174
-15.535 -2.439 1.475 109
-15.346 -2.439 1.412 183
-15.427 -2.439 1.424 183
-15.462 -2.439 1.384 182
-15.607 -2.440 1.592 174
-15.545 -2.439 1.398 175
-15.568 -2.438 1.358 175
-15.427 -2.440 1.599 131
-15.582 -2.440 1.637 171
-15.397 -2.439 1.353 180
-15.622 -2.441 1.749 157
-15.673 -2.439 1.435 151
-15.495 -2.439 1.484 116
-15.679 -2.439 1.553 165
-15.362 -2.439 1.319 173
-15.368 -2.440 1.556 104
-15.443 -2.438 1.278 150
-15.633 -2.440 1.643 181
-15.660 -2.438 1.417 118
-15.306 -2.439 1.371 183
-15.645 -2.439 1.463 147
-15.666 -2.438 1.323 102
-15.404 -2.440 1.533 131
-15.227 -2.440 1.435 161
-15.496 -2.439 1.397 172
-15.329 -2.440 1.491 85
-15.400 -2.440 1.478 126
-15.258 -2.439 1.405 188
-15.454 -2.440 1.528 127
-15.408 -2.440 1.565 124
-15.485 -2.439 1.475 124
-15.633 -2.440 1.600 184
-15.569 -2.439 1.414 174
-15.589 -2.439 1.533 170
-15.483 -2.439 1.475 124
-15.528 -2.439 1.383 172
-15.433 -2.439 1.413 181
-15.349 -2.439 1.382 183
-15.637 -2.440 1.650 164
-15.527 -2.439 1.499 106
-15.382 -2.440 1.500 112
-15.452 -2.438 1.325 174
-15.651 -2.440 1.671 137
-15.616 -2.441 1.764 174
-15.635 -2.439 1.493 191
-15.597 -2.439 1.454 175
-15.400 -2.440 1.597 126
-15.442 -2.440 1.524 143
-15.386 -2.440 1.485 131
-15.446 -2.439 1.479 141
-15.313 -2.440 1.450 188
-15.340 -2.439 1.339 175
-15.582 -2.438 1.315 175
-15.549 -2.439 1.460 134
-15.548 -2.438 1.329 173
-15.630 -2.439 1.417 160
-15.596 -2.439 1.541 171
-15.490 -2.440 1.668 153
-15.230 -2.440 1.421 158
-15.533 -2.441 1.706 171
-15.641 -2.439 1.426 173
-15.481 -2.440 1.630 106
-15.367 -2.439 1.452 125
-15.507 -2.439 1.456 115
-15.350 -2.439 1.323 174
-15.446 -2.438 1.290 170
-15.579 -2.438 1.297 179
-15.358 -2.439 1.337 176
-15.514 -2.438 1.311 169
-15.636 -2.440 1.634 168
-15.388 -2.440 1.561 117
-15.396 -2.438 1.287 147
-15.655 -2.440 1.684 132
-15.652 -2.440 1.624 131
-15.620 -2.440 1.592 179
-15.610 -2.439 1.456 175
-15.601 -2.441 1.739 177
-15.284 -2.439 1.410 175
-15.314 -2.440 1.510 184
-15.269 -2.439 1.271 149
-15.664 -2.440 1.598 72
-15.560 -2.439 1.534 91
-15.420 -2.440 1.486 136
-15.461 -2.440 1.608 125
-15.644 -2.439 1.466 166
-15.595 -2.438 1.296 180
-15.519 -2.439 1.519 96
-15.367 -2.440 1.463 132
-15.582 -2.440 1.599 170
-15.593 -2.440 1.673 178
-15.506 -2.439 1.379 178
-15.598 -2.440 1.595 174
-15.269 -2.440 1.457 184
-15.600 -2.439 1.436 173
-15.622 -2.438 1.400 182
-15.303 -2.439 1.323 179
-15.466 -2.439 1.480 126
-15.555 -2.440 1.556 180
-15.318 -2.439 1.315 174
-15.591 -2.439 1.541 171
-15.463 -2.440 1.625 117
-15.631 -2.439 1.501 182
-15.609 -2.438 1.301 177
-15.611 -2.441 1.739 182
-15.506 -2.439 1.488 110
-15.340 -2.439 1.335 175
-15.432 -2.440 1.614 139
-15.629 -2.440 1.698 179
-15.571 -2.440 1.650 176
-15.563 -2.438 1.365 176
-15.215 -2.439 1.378 185
-15.254 -2.440 1.415 185
-15.202 -2.439 1.374 177
-15.308 -2.439 1.372 183
-15.595 -2.439 1.415 176
-15.206 -2.439 1.358 177
-15.387 -2.438 1.271 145
-15.600 -2.439 1.459 176
-15.590 -2.439 1.442 173
-15.254 -2.439 1.334 181
-15.635 -2.440 1.697 179
-15.332 -2.440 1.528 86
-15.247 -2.440 1.411 191
-15.573 -2.441 1.723 177
-15.564 -2.440 1.681 177
-15.600 -2.440 1.643 176
-15.671 -2.440 1.694 110
-15.643 -2.440 1.668 143
-15.588 -2.440 1.626 170
-15.628 -2.439 1.448 170
-15.493 -2.440 1.549 99
-15.654 -2.440 1.734 102
-15.513 -2.440 1.600 125
-15.600 -2.439 1.403 175
-15.522 -2.440 1.553 121
-15.576 -2.441 1.742 175
-15.377 -2.439 1.402 177
-15.289 -2.440 1.428 178
-15.671 -2.439 1.447 128
-15.369 -2.439 1.317 172
-15.517 -2.439 1.522 81
-15.500 -2.438 1.354 177
-15.409 -2.438 1.287 154
-15.354 -2.439 1.369 182
-15.484 -2.440 1.511 106
-15.442 -2.439 1.490 147
-15.283 -2.439 1.368 175
-15.559 -2.439 1.406 175
-15.477 -2.440 1.640 116
-15.500 -2.438 1.346 173
-15.588 -2.441 1.749 176
-15.279 -2.439 1.358 176
-15.514 -2.440 1.618 113
-15.680 -2.438 1.319 181
-15.552 -2.440 1.674 178
-15.577 -2.439 1.492 167
-15.640 -2.441 1.765 140
-15.544 -2.439 1.413 173
-15.581 -2.440 1.618 171
-15.555 -2.440 1.583 186
-15.366 -2.439 1.308 172
-15.661 -2.440 1.611 84
-15.667 -2.438 1.390 110
-15.631 -2.441 1.787 175
-15.406 -2.438 1.298 185
-15.493 -2.439 1.461 146
-15.328 -2.439 1.388 180
-15.467 -2.439 1.351 178
-15.591 -2.441 1.751 173
-15.612 -2.440 1.700 190
-15.520 -2.441 1.688 173
-15.454 -2.440 1.623 130
-15.427 -2.440 1.534 131
-15.502 -2.440 1.570 115
-15.471 -2.440 1.570 120
-15.552 -2.439 1.380 174
-15.564 -2.438 1.353 176
-15.381 -2.439 1.456 139
-15.518 -2.439 1.514 97
-15.552 -2.439 1.420 175
-15.639 -2.441 1.779 133
-15.368 -2.440 1.552 107
-15.627 -2.440 1.609 166
-15.432 -2.439 1.422 184
-15.305 -2.439 1.354 182
-15.531 -2.439 1.468 95
-15.216 -2.439 1.340 186
-15.657 -2.441 1.782 89
-15.499 -2.441 1.676 178
-15.536 -2.438 1.330 171
-15.422 -2.439 1.458 134
-15.599 -2.438 1.382 173
-15.620 -2.440 1.712 154
-15.654 -2.438 1.341 144
-15.432 -2.440 1.505 138
-15.674 -2.438 1.350 160
-15.579 -2.441 1.713 176
-15.419 -2.439 1.416 183
-15.556 -2.438 1.362 175
-15.597 -2.438 1.319 178
-15.500 -2.439 1.406 173
-15.592 -2.438 1.389 171
-15.666 -2.438 1.412 96
-15.617 -2.440 1.599 181
-15.445 -2.440 1.537 124
-15.423 -2.440 1.495 130
-15.413 -2.440 1.483 122
-15.487 -2.440 1.565 116
-15.405 -2.439 1.416 183
-15.512 -2.438 1.335 174
-15.368 -2.440 1.474 132
-15.220 -2.439 1.303 185
-15.614 -2.441 1.742 184
-15.341 -2.438 1.285 157
-15.622 -2.438 1.299 181
-15.439 -2.439 1.406 177
-15.660 -2.438 1.388 121
-15.354 -2.440 1.536 115
-15.493 -2.439 1.372 172
-15.551 -2.440 1.688 177
-15.500 -2.438 1.309 171
-15.597 -2.439 1.431 173
-15.480 -2.439 1.366 180
-15.349 -2.439 1.332 175
-15.558 -2.440 1.637 181
-15.404 -2.439 1.388 183
-15.657 -2.440 1.611 105
-15.484 -2.439 1.439 160
-15.462 -2.439 1.463 137
-15.513 -2.439 1.463 116
-15.419 -2.439 1.466 122
-15.400 -2.440 1.528 128
-15.232 -2.439 1.314 152
-15.410 -2.439 1.463 136
-15.502 -2.440 1.611 113
-15.441 -2.438 1.318 171
-15.292 -2.440 1.471 177
-15.237 -2.439 1.264 179
-15.264 -2.440 1.445 182
-15.429 -2.438 1.302 180
-15.546 -2.439 1.394 175
-15.635 -2.438 1.319 161
-15.572 -2.439 1.476 168
-15.654 -2.441 1.748 96
-15.619 -2.440 1.712 155
-15.373 -2.439 1.341 172
-15.568 -2.439 1.451 177
-15.652 -2.440 1.700 137
-15.435 -2.439 1.391 182
-15.458 -2.439 1.407 178
-15.464 -2.438 1.316 170
-15.306 -2.438 1.268 136
-15.621 -2.438 1.402 182
-15.509 -2.440 1.524 90
-15.464 -2.438 1.287 155
-15.520 -2.440 1.627 120
-15.652 -2.439 1.423 143
-15.573 -2.438 1.294 178
-15.470 -2.438 1.319 170
-15.639 -2.440 1.661 147
-15.403 -2.439 1.363 184
-15.644 -2.439 1.471 166
-15.366 -2.439 1.451 125
-15.456 -2.440 1.526 114
-15.594 -2.439 1.396 171
-15.489 -2.438 1.281 151
-15.671 -2.439 1.578 150
-15.578 -2.441 1.725 177
-15.664 -2.440 1.738 72
-15.365 -2.440 1.542 116
-15.312 -2.439 1.366 182
-15.661 -2.440 1.664 72
-15.579 -2.438 1.361 175
-15.436 -2.439 1.461 128
-15.440 -2.440 1.511 140
-15.455 -2.439 1.410 179
-15.352 -2.439 1.390 181
-15.520 -2.440 1.534 92
-15.373 -2.440 1.522 113
-15.548 -2.440 1.606 112
-15.576 -2.439 1.435 171
-15.614 -2.440 1.638 181
-15.437 -2.440 1.576 127
-15.517 -2.440 1.664 175
-15.536 -2.440 1.657 116
-15.510 -2.440 1.617 104
-15.523 -2.440 1.532 79
-15.482 -2.439 1.362 178
-15.416 -2.440 1.591 124
-15.542 -2.438 1.295 178
-15.601 -2.440 1.645 176
-15.625 -2.439 1.438 180
-15.417 -2.440 1.610 134
-15.661 -2.439 1.491 107
-15.625 -2.438 1.299 190
-15.519 -2.439 1.504 123
-15.308 -2.439 1.289 174
-15.323 -2.439 1.422 182
-15.502 -2.438 1.294 178
-15.556 -2.439 1.522 103
-15.455 -2.438 1.293 182
-15.397 -2.439 1.446 107
-15.308 -2.439 1.378 182
-15.585 -2.440 1.600 172
-15.583 -2.441 1.733 175
-15.407 -2.438 1.279 152
-15.584 -2.440 1.700 176
-15.388 -2.440 1.504 102
-15.258 -2.439 1.366 184
-15.645 -2.440 1.643 140
-15.494 -2.439 1.420 183
-15.651 -2.439 1.471 135
-15.293 -2.439 1.301 180
-15.350 -2.439 1.387 182
-15.231 -2.440 1.430 158
-15.394 -2.439 1.361 184
-15.359 -2.440 1.548 121
-15.281 -2.440 1.487 176
-15.380 -2.439 1.413 185
-15.434 -2.438 1.277 149
-15.571 -2.438 1.334 176
-15.219 -2.439 1.387 176
-15.398 -2.439 1.436 195
-15.569 -2.438 1.352 176
-15.567 -2.440 1.599 169
-15.440 -2.439 1.375 182
-15.568 -2.438 1.297 175
-15.390 -2.440 1.509 106
-15.441 -2.439 1.433 192
-15.480 -2.438 1.308 171
-15.347 -2.439 1.417 182
-15.356 -2.440 1.538 121
-15.256 -2.439 1.396 180
-15.351 -2.439 1.305 178
-15.449 -2.440 1.527 138
-15.488 -2.440 1.529 100
-15.346 -2.440 1.457 141
-15.453 -2.439 1.453 122
-15.609 -2.439 1.418 177
-15.606 -2.439 1.467 178
-15.256 -2.440 1.464 192
-15.473 -2.440 1.590 106
-15.204 -2.440 1.413 174
-15.501 -2.438 1.281 154
-15.509 -2.440 1.630 109
-15.475 -2.440 1.603 116
-15.266 -2.439 1.370 186
-15.269 -2.439 1.268 145
-15.348 -2.440 1.519 107
-15.519 -2.439 1.404 174
-15.341 -2.440 1.504 108
-15.254 -2.439 1.378 184
-15.679 -2.438 1.411 178
-15.523 -2.440 1.641 117
-15.321 -2.439 1.397 172
-15.438 -2.440 1.560 105
-15.655 -2.440 1.694 133
-15.570 -2.439 1.468 182
-15.341 -2.440 1.508 102
-15.310 -2.440 1.463 185
-15.564 -2.440 1.579 167
-15.648 -2.438 1.335 152
-15.301 -2.439 1.412 185
-15.450 -2.440 1.615 136
-15.626 -2.441 1.739 164
-15.677 -2.438 1.318 178
-15.371 -2.439 1.439 129
-15.484 -2.439 1.485 125
-15.474 -2.440 1.635 118
-15.640 -2.439 1.466 169
-15.404 -2.439 1.397 178
-15.536 -2.440 1.601 94
-15.638 -2.439 1.428 171
-15.429 -2.439 1.396 181
-15.366 -2.439 1.310 169
-15.674 -2.440 1.645 138
-15.575 -2.440 1.601 171
-15.550 -2.441 1.701 177
-15.501 -2.438 1.282 154
-15.550 -2.441 1.713 173
-15.250 -2.439 1.375 186
-15.296 -2.440 1.497 178
-15.437 -2.439 1.452 127
-15.560 -2.440 1.644 183
-15.416 -2.439 1.391 183
-15.487 -2.438 1.305 176
-15.680 -2.439 1.520 160
-15.561 -2.439 1.535 176
-15.664 -2.439 1.489 88
-15.488 -2.440 1.588 101
-15.433 -2.439 1.437 190
-15.355 -2.439 1.302 183
-15.556 -2.439 1.386 175
-15.404 -2.439 1.438 195
-15.292 -2.440 1.476 179
-15.421 -2.438 1.291 170
-15.384 -2.440 1.497 105
-15.639 -2.440 1.702 152
-15.604 -2.440 1.593 174
-15.587 -2.440 1.617 171
-15.561 -2.440 1.574 174
-15.237 -2.439 1.379 154
-15.487 -2.440 1.558 108
-15.570 -2.439 1.473 170
-15.409 -2.440 1.603 128
-15.625 -2.439 1.458 174
-15.506 -2.438 1.352 179
-15.468 -2.440 1.647 97
-15.409 -2.439 1.358 183
-15.516 -2.438 1.333 172
-15.558 -2.440 1.626 177
-15.530 -2.440 1.559 120
-15.650 -2.441 1.749 119
-15.448 -2.439 1.342 174
-15.444 -2.440 1.545 100
-15.490 -2.439 1.494 122
-15.651 -2.440 1.671 137
-15.403 -2.438 1.305 176
-15.417 -2.440 1.518 129
-15.528 -2.439 1.384 172
-15.437 -2.439 1.475 136
-15.559 -2.441 1.705 180
-15.597 -2.439 1.528 176
-15.352 -2.439 1.397 174
-15.381 -2.439 1.387 182
-15.464 -2.439 1.500 124
-15.388 -2.439 1.414 182
-15.531 -2.439 1.402 171
-15.412 -2.439 1.336 175
-15.429 -2.440 1.593 127
-15.440 -2.439 1.485 152
-15.574 -2.439 1.504 164
-15.383 -2.439 1.361 183
-15.277 -2.440 1.437 175
-15.478 -2.439 1.366 182
-15.610 -2.441 1.755 181
-15.401 -2.440 1.577 120
-15.585 -2.439 1.475 178
-15.351 -2.439 1.335 176
-15.572 -2.440 1.560 167
-15.612 -2.440 1.600 179
-15.582 -2.439 1.497 167
-15.632 -2.440 1.666 176
-15.660 -2.439 1.450 122
-15.550 -2.438 1.364 175
-15.420 -2.439 1.385 183
-15.548 -2.439 1.489 80
-15.658 -2.440 1.627 95
-15.545 -2.439 1.467 133
-15.665 -2.439 1.554 86
-15.397 -2.440 1.558 122
-15.572 -2.439 1.492 166
-15.454 -2.439 1.393 182
-15.595 -2.438 1.340 179
-15.606 -2.439 1.460 175
-15.612 -2.441 1.762 180
-15.250 -2.439 1.367 185
-15.391 -2.438 1.299 186
-15.538 -2.438 1.304 178
-15.288 -2.439 1.364 179
-15.590 -2.439 1.445 173
-15.326 -2.439 1.419 182
-15.535 -2.439 1.418 173
-15.461 -2.438 1.279 151
-15.494 -2.438 1.324 173
-15.655 -2.440 1.617 117
-15.394 -2.439 1.437 194
-15.367 -2.439 1.439 127
-15.630 -2.440 1.718 176
-15.586 -2.440 1.592 172
-15.617 -2.440 1.597 180
-15.328 -2.440 1.447 118
-15.535 -2.438 1.321 169
-15.579 -2.439 1.474 174
-15.202 -2.439 1.315 183
-15.424 -2.440 1.580 123
-15.565 -2.439 1.429 179
-15.225 -2.440 1.407 161
-15.374 -2.439 1.458 133
-15.597 -2.439 1.417 176
-15.309 -2.440 1.470 180
-15.603 -2.439 1.512 176
-15.563 -2.439 1.513 160
-15.487 -2.439 1.372 176
-15.595 -2.440 1.694 178
-15.470 -2.440 1.642 102
-15.501 -2.440 1.569 115
-15.461 -2.438 1.332 175
-15.619 -2.439 1.501 169
-15.457 -2.440 1.570 123
-15.370 -2.439 1.357 181
-15.333 -2.439 1.341 174
-15.408 -2.440 1.545 126
-15.397 -2.440 1.520 111
-15.253 -2.439 1.403 184
-15.446 -2.440 1.612 131
-15.273 -2.440 1.492 177
-15.250 -2.439 1.310 172
-15.312 -2.440 1.503 181
-15.633 -2.438 1.378 159
-15.542 -2.439 1.509 108
-15.210 -2.439 1.372 182
-15.623 -2.438 1.300 181
-15.405 -2.439 1.408 180
-15.558 -2.440 1.567 171
-15.677 -2.439 1.563 155
-15.433 -2.439 1.445 102
-15.579 -2.439 1.510 170
-15.473 -2.438 1.338 174
-15.570 -2.440 1.632 173
-15.377 -2.438 1.278 155
-15.655 -2.439 1.557 128
-15.520 -2.438 1.294 178
-15.634 -2.439 1.494 191
-15.602 -2.439 1.465 179
-15.454 -2.438 1.283 155
-15.668 -2.440 1.606 113
-15.558 -2.439 1.487 72
-15.368 -2.439 1.329 175
-15.533 -2.439 1.453 89
-15.315 -2.439 1.336 175
-15.347 -2.439 1.449 121
-15.538 -2.440 1.611 106
-15.578 -2.440 1.696 176
-15.610 -2.439 1.415 177
-15.511 -2.438 1.305 175
-15.395 -2.439 1.346 177
-15.499 -2.438 1.346 173
-15.431 -2.439 1.428 185
-15.336 -2.439 1.407 181
-15.245 -2.440 1.468 192
-15.670 -2.439 1.486 118
-15.660 -2.440 1.662 71
-15.585 -2.441 1.749 176
-15.658 -2.438 1.379 134
-15.419 -2.440 1.593 126
-15.293 -2.439 1.429 181
-15.386 -2.438 1.299 184
-15.657 -2.440 1.677 91
-15.601 -2.438 1.376 173
-15.460 -2.439 1.394 182
-15.225 -2.439 1.377 161
-15.593 -2.440 1.604 172
-15.567 -2.439 1.392 173
-15.292 -2.439 1.379 179
-15.470 -2.440 1.553 114
-15.569 -2.438 1.361 175
-15.365 -2.439 1.413 184
-15.400 -2.439 1.457 144
-15.489 -2.440 1.573 116
-15.428 -2.440 1.574 123
-15.286 -2.439 1.382 172
-15.588 -2.440 1.663 173
-15.231 -2.440 1.454 156
-15.620 -2.438 1.316 180
-15.432 -2.439 1.376 182
-15.533 -2.439 1.379 172
-15.600 -2.439 1.546 170
-15.390 -2.440 1.556 119
-15.462 -2.439 1.356 181
-15.456 -2.439 1.447 104
-15.575 -2.439 1.506 169
-15.673 -2.438 1.306 176
-15.508 -2.439 1.425 173
-15.307 -2.439 1.405 178
-15.277 -2.440 1.436 175
-15.608 -2.441 1.737 180
-15.427 -2.439 1.407 178
-15.403 -2.440 1.546 127
-15.541 -2.440 1.630 95
-15.591 -2.439 1.436 172
-15.518 -2.439 1.424 167
-15.480 -2.438 1.345 173
-15.276 -2.440 1.434 177
-15.649 -2.438 1.307 164
-15.550 -2.439 1.438 179
-15.255 -2.439 1.282 156
-15.582 -2.439 1.547 170
-15.577 -2.439 1.484 166
-15.381 -2.439 1.367 181
-15.388 -2.438 1.302 179
-15.635 -2.438 1.360 165
-15.584 -2.439 1.421 175
-15.398 -2.439 1.455 144
-15.678 -2.439 1.435 172
-15.371 -2.439 1.460 132
-15.522 -2.440 1.651 127
-15.569 -2.440 1.565 167
-15.550 -2.440 1.541 140
-15.533 -2.439 1.447 88
-15.243 -2.439 1.376 188
-15.485 -2.440 1.522 109
-15.479 -2.440 1.624 110
-15.539 -2.441 1.702 173
-15.619 -2.441 1.739 156
-15.479 -2.440 1.573 118
-15.287 -2.440 1.454 174
-15.609 -2.439 1.430 176
-15.562 -2.438 1.377 174
-15.416 -2.440 1.555 109
-15.529 -2.440 1.555 121
-15.474 -2.438 1.330 174
-15.368 -2.439 1.359 182
-15.483 -2.440 1.585 120
-15.663 -2.439 1.424 93
-15.242 -2.439 1.349 153
-15.299 -2.440 1.496 180
-15.261 -2.439 1.374 185
-15.502 -2.440 1.638 119
-15.653 -2.441 1.813 133
-15.666 -2.441 1.778 100
-15.674 -2.440 1.716 130
-15.672 -2.440 1.779 129
-15.674 -2.440 1.799 159
-15.677 -2.440 1.724 145
-15.673 -2.440 1.797 141
-15.677 -2.440 1.742 144
-15.675 -2.440 1.772 141
-15.680 -2.440 1.739 152
-15.674 -2.440 1.681 147
-15.672 -2.440 1.803 168
-15.657 -2.441 1.809 141
-15.655 -2.441 1.801 140
-15.674 -2.440 1.789 129
-15.679 -2.440 1.742 153
-15.676 -2.440 1.754 143
-15.662 -2.441 1.789 96
