-14.534 -3.657 3.075 140
-14.523 -3.650 3.075 124
-14.533 -3.548 3.076 138
-14.527 -3.590 3.075 134
-14.534 -3.554 3.076 141
-14.534 -3.545 3.076 138
-14.538 -3.631 3.075 131
-14.533 -3.688 3.075 133
-14.527 -3.603 3.075 141
-14.520 -3.648 3.075 124
-14.533 -3.588 3.075 133
-14.538 -3.546 3.076 139
-14.529 -3.648 3.075 128
-14.525 -3.553 3.076 130
-14.524 -3.554 3.076 127
-14.522 -3.585 3.075 131
-14.525 -3.645 3.075 132
-14.524 -3.578 3.075 125
-14.532 -3.612 3.075 136
-14.528 -3.542 3.076 138
-14.533 -3.685 3.075 138
-14.533 -3.585 3.075 133
-14.535 -3.631 3.075 135
-14.530 -3.672 3.075 138
-14.524 -3.643 3.075 129
-14.519 -3.606 3.075 122
-14.520 -3.600 3.075 130
-14.526 -3.545 3.076 138
-14.527 -3.589 3.075 128
-14.523 -3.615 3.075 124
-14.532 -3.579 3.075 136
-14.534 -3.546 3.076 138
-14.535 -3.687 3.075 137
-14.521 -3.540 3.076 116
-14.521 -3.539 3.076 121
-14.523 -3.523 3.076 129
-14.520 -3.524 3.076 130
-14.537 -3.537 3.076 142
-14.522 -3.541 3.076 126
-14.521 -3.495 3.075 133
-14.524 -3.500 3.075 104
-14.534 -3.527 3.076 135
-14.532 -3.526 3.076 134
-14.528 -3.512 3.075 172
-14.525 -3.506 3.075 130
-14.527 -3.514 3.075 165
-14.519 -3.486 3.075 151
-14.528 -3.508 3.075 167
-14.524 -3.499 3.075 113
-14.525 -3.453 3.075 151
-14.536 -3.490 3.075 155
-14.536 -3.489 3.075 155
-14.524 -3.470 3.075 150
-14.524 -3.493 3.075 142
-14.537 -3.447 3.075 151
-14.527 -3.455 3.075 151
-14.525 -3.482 3.075 148
-14.540 -3.528 3.076 132
-14.531 -3.507 3.075 159
-14.534 -3.502 3.075 112
-14.645 -4.618 3.166 106
-14.555 -4.091 3.093 132
-14.593 -4.588 3.128 110
-14.624 -4.508 3.149 109
-14.581 -4.408 3.117 118
-14.590 -4.072 3.118 131
-14.534 -4.046 3.077 135
-14.543 -3.826 3.081 127
-14.540 -4.668 3.090 110
-14.540 -4.036 3.081 133
-14.547 -4.587 3.094 114
-14.621 -4.492 3.147 109
-14.597 -4.223 3.126 127
-14.569 -4.075 3.102 131
-14.591 -4.295 3.122 127
-14.614 -4.563 3.142 108
-14.523 -4.623 3.077 113
-14.581 -4.523 3.118 114
-14.531 -4.403 3.080 124
-14.553 -3.898 3.089 138
-14.563 -4.430 3.104 120
-14.551 -3.899 3.088 138
-14.528 -4.305 3.078 123
-14.641 -4.532 3.161 105
-14.595 -4.561 3.128 112
-14.607 -4.463 3.136 111
-14.614 -4.399 3.140 115
-14.536 -4.130 3.080 127
-14.555 -4.098 3.093 130
-14.546 -4.146 3.087 129
-14.531 -4.658 3.084 100
-14.567 -4.601 3.109 113
-14.567 -3.792 3.098 136
-14.533 -4.185 3.079 119
-14.579 -3.928 3.108 138
-14.571 -3.850 3.101 136
-14.572 -4.447 3.111 116
-14.532 -4.069 3.076 130
-14.541 -4.122 3.083 135
-14.616 -4.584 3.144 106
-14.560 -4.119 3.096 132
-14.562 -4.311 3.102 126
-14.539 -4.345 3.086 128
-14.586 -4.451 3.121 115
-14.542 -4.350 3.088 124
-14.537 -4.285 3.084 131
-14.533 -4.162 3.078 123
-14.563 -4.572 3.106 114
-14.604 -4.630 3.136 108
-14.547 -3.935 3.085 138
-14.564 -3.923 3.097 139
-14.576 -3.889 3.106 137
-14.599 -4.149 3.125 130
-14.536 -3.984 3.078 129
-14.526 -4.300 3.075 139
-14.547 -3.868 3.084 140
-14.540 -3.640 3.076 139
-14.553 -4.236 3.095 128
-14.559 -4.079 3.095 134
-14.528 -4.189 3.076 139
-14.553 -4.214 3.094 131
-14.567 -4.065 3.101 132
-14.581 -4.497 3.118 113
-14.539 -4.318 3.085 128
-14.558 -3.927 3.093 137
-14.603 -4.559 3.134 110
-14.578 -4.002 3.108 134
-14.608 -4.245 3.134 127
-14.528 -4.256 3.076 130
-14.611 -4.619 3.141 106
-14.531 -4.055 3.075 143
-14.553 -3.784 3.087 134
-14.591 -4.464 3.125 114
-14.588 -4.515 3.123 114
-14.565 -3.810 3.097 136
-14.538 -3.961 3.079 129
-14.544 -4.173 3.087 131
-14.534 -4.479 3.083 107
-14.591 -4.296 3.123 127
-14.531 -4.296 3.079 118
-14.601 -4.487 3.132 112
-14.614 -4.510 3.142 110
-14.569 -3.854 3.100 137
-14.643 -4.543 3.163 105
-14.591 -4.179 3.121 130
-14.606 -4.310 3.133 125
-14.539 -4.101 3.081 128
-14.565 -3.979 3.098 137
-14.624 -4.626 3.151 103
-14.550 -4.583 3.096 116
-14.591 -4.451 3.124 113
-14.567 -4.240 3.105 128
-14.551 -4.120 3.090 131
-14.604 -4.264 3.132 127
-14.582 -4.455 3.118 115
-14.549 -4.160 3.089 132
-14.561 -4.022 3.096 134
-14.608 -4.647 3.139 100
-14.574 -4.143 3.107 128
-14.568 -4.322 3.107 126
-14.519 -4.603 3.075 107
-14.600 -4.402 3.130 116
-14.551 -3.909 3.087 140
-14.550 -4.541 3.096 117
-14.529 -4.258 3.077 131
-14.612 -4.263 3.137 126
-14.569 -4.260 3.106 130
-14.556 -4.166 3.094 133
-14.547 -4.180 3.090 132
-14.591 -4.186 3.121 129
-14.526 -4.379 3.077 115
-14.628 -4.463 3.151 110
-14.540 -3.905 3.080 124
-14.604 -4.465 3.134 112
-14.592 -4.067 3.119 129
-14.573 -3.988 3.104 135
-14.539 -4.014 3.080 132
-14.559 -4.458 3.101 119
-14.524 -4.476 3.076 116
-14.606 -4.611 3.137 106
-14.539 -4.450 3.087 119
-14.573 -4.607 3.113 110
-14.551 -3.758 3.086 131
-14.612 -4.268 3.138 126
-14.542 -4.039 3.083 138
-14.554 -3.836 3.089 137
-14.598 -4.635 3.132 105
-14.537 -4.670 3.088 106
-14.576 -4.596 3.115 112
-14.556 -4.247 3.097 131
-14.563 -4.226 3.102 130
-14.551 -4.659 3.098 107
-14.545 -3.959 3.084 137
-14.538 -4.350 3.085 122
-14.618 -4.513 3.145 110
-14.533 -4.109 3.077 132
-14.562 -3.916 3.096 135
-14.556 -4.126 3.094 133
-14.533 -4.278 3.081 131
-14.538 -4.074 3.080 117
-14.536 -3.893 3.077 132
-14.554 -4.496 3.099 117
-14.590 -4.596 3.125 110
-14.607 -4.623 3.138 108
-14.612 -4.383 3.139 117
-14.591 -4.191 3.122 128
-14.564 -4.485 3.105 116
-14.634 -4.619 3.158 96
-14.584 -3.991 3.112 134
-14.625 -4.557 3.150 110
-14.532 -4.288 3.080 119
-14.538 -4.551 3.087 118
-14.566 -3.942 3.099 136
-14.552 -3.988 3.089 132
-14.558 -4.148 3.095 135
-14.563 -3.953 3.097 137
-14.559 -4.499 3.102 117
-14.523 -4.467 3.075 109
-14.590 -4.068 3.117 131
-14.631 -4.618 3.155 101
-14.560 -4.379 3.101 122
-14.554 -3.860 3.089 136
-14.571 -4.201 3.107 129
-14.572 -4.541 3.112 114
-14.596 -4.260 3.126 126
-14.597 -4.136 3.124 129
-14.557 -4.227 3.098 130
-14.542 -3.797 3.079 121
-14.560 -4.486 3.102 117
-14.575 -4.367 3.112 121
-14.555 -3.990 3.092 133
-14.541 -3.891 3.080 125
-14.537 -4.329 3.084 126
-14.554 -4.279 3.096 130
-14.622 -4.616 3.149 109
-14.584 -4.592 3.121 111
-14.604 -4.156 3.129 130
-14.559 -3.828 3.092 134
-14.602 -4.343 3.131 123
-14.572 -3.930 3.103 137
-14.639 -4.600 3.161 101
-14.561 -3.998 3.096 136
-14.621 -4.624 3.148 107
-14.524 -4.383 3.075 121
-14.534 -4.456 3.083 109
-14.568 -4.346 3.106 126
-14.590 -4.217 3.121 127
-14.534 -4.647 3.086 113
-14.626 -4.476 3.150 109
-14.553 -4.141 3.092 130
-14.542 -4.610 3.091 114
-14.627 -4.463 3.151 111
-14.552 -4.574 3.097 115
-14.558 -4.322 3.099 127
-14.598 -4.177 3.126 129
-14.595 -4.057 3.121 129
-14.581 -4.185 3.114 132
-14.538 -4.616 3.088 116
-14.603 -4.591 3.135 109
-14.543 -4.317 3.088 127
-14.536 -4.233 3.082 132
-14.556 -4.403 3.099 121
-14.570 -3.861 3.101 137
-14.548 -4.519 3.095 118
-14.629 -4.640 3.154 95
-14.545 -4.330 3.090 129
-14.526 -4.224 3.075 140
-14.586 -4.340 3.119 125
-14.537 -4.560 3.087 118
-14.553 -4.258 3.094 131
-14.585 -4.230 3.117 127
-14.528 -4.370 3.078 132
-14.599 -4.149 3.125 130
-14.644 -4.571 3.164 106
-14.577 -4.036 3.108 133
-14.529 -4.601 3.081 128
-14.632 -4.609 3.156 99
-14.572 -4.090 3.105 131
-14.607 -4.527 3.137 110
-14.557 -3.966 3.092 136
-14.646 -4.613 3.166 106
-14.586 -4.339 3.119 125
-14.565 -4.175 3.102 130
-14.576 -4.015 3.107 136
-14.529 -4.563 3.081 98
-14.554 -3.881 3.090 139
-14.550 -4.330 3.093 125
-14.623 -4.421 3.147 107
-14.555 -4.202 3.095 131
-14.587 -4.355 3.120 123
-14.564 -4.447 3.105 119
-14.557 -4.411 3.100 117
-14.572 -3.965 3.103 134
-14.564 -4.327 3.104 127
-14.526 -4.238 3.075 134
-14.579 -4.101 3.110 133
-14.531 -4.169 3.077 140
-14.541 -4.668 3.091 108
-14.562 -4.242 3.101 131
-14.546 -3.700 3.082 129
-14.583 -4.172 3.115 131
-14.571 -4.133 3.104 131
-14.636 -4.588 3.159 99
-14.585 -4.114 3.115 130
-14.546 -4.382 3.091 125
-14.578 -4.012 3.108 135
-14.543 -4.108 3.084 134
-14.609 -4.329 3.136 122
-14.549 -4.341 3.093 126
-14.571 -4.647 3.112 105
-14.545 -3.645 3.080 132
-14.604 -4.405 3.133 116
-14.539 -4.560 3.088 115
-14.577 -4.063 3.108 132
-14.525 -4.608 3.079 128
-14.610 -4.506 3.139 111
-14.609 -4.285 3.135 126
-14.619 -4.443 3.145 111
-14.591 -4.579 3.126 112
-14.623 -4.535 3.148 108
-14.602 -4.616 3.134 108
-14.555 -4.606 3.101 114
-14.526 -4.313 3.076 140
-14.631 -4.463 3.153 108
-14.535 -4.115 3.079 118
-14.611 -4.365 3.138 117
-14.595 -4.598 3.129 109
-14.590 -4.343 3.123 124
-14.531 -4.278 3.079 117
-14.530 -4.280 3.078 117
-14.594 -4.263 3.124 127
-14.529 -4.472 3.080 137
-14.571 -3.831 3.101 137
-14.591 -4.107 3.119 129
-14.572 -4.617 3.113 111
-14.566 -4.169 3.101 130
-14.548 -4.407 3.093 122
-14.565 -3.810 3.096 136
-14.590 -4.433 3.124 114
-14.522 -4.633 3.077 115
-14.553 -4.537 3.098 118
-14.578 -4.162 3.110 128
-14.580 -4.170 3.112 131
-14.597 -4.088 3.123 133
-14.571 -4.480 3.110 116
-14.635 -4.462 3.156 104
-14.574 -3.955 3.105 134
-14.604 -4.601 3.136 108
-14.617 -4.429 3.143 111
-14.559 -4.624 3.104 111
-14.536 -4.320 3.083 126
-14.548 -4.484 3.094 116
-14.545 -3.668 3.080 140
-14.564 -3.887 3.097 138
-14.546 -3.943 3.085 142
-14.577 -4.295 3.112 128
-14.557 -4.070 3.094 136
-14.583 -4.461 3.119 114
-14.538 -3.898 3.078 131
-14.540 -4.509 3.088 119
-14.560 -4.461 3.102 118
-14.593 -4.239 3.123 127
-14.543 -3.917 3.082 138
-14.568 -4.143 3.103 130
-14.560 -4.464 3.102 117
-14.557 -4.306 3.098 129
-14.551 -4.376 3.095 121
-14.537 -3.946 3.078 120
-14.557 -3.806 3.090 136
-14.595 -4.569 3.129 110
-14.559 -3.990 3.095 134
-14.556 -3.926 3.091 138
-14.613 -4.546 3.142 110
-14.542 -4.408 3.089 123
-14.625 -4.539 3.150 107
-14.615 -4.572 3.144 108
-14.574 -4.276 3.110 129
-14.586 -4.116 3.116 129
-14.591 -4.095 3.119 131
-14.622 -4.545 3.148 110
-14.543 -3.887 3.082 135
-14.580 -4.270 3.114 131
-14.545 -3.972 3.084 138
-14.535 -3.863 3.075 145
-14.600 -4.174 3.127 129
-14.569 -4.178 3.105 129
-14.586 -4.588 3.122 111
-14.541 -3.754 3.078 127
-14.602 -4.421 3.132 114
-14.576 -3.881 3.105 139
-14.526 -4.254 3.075 139
-14.598 -4.355 3.129 122
-14.619 -4.383 3.144 117
-14.590 -4.155 3.119 130
-14.591 -4.112 3.119 130
-14.557 -4.444 3.100 118
-14.580 -4.022 3.110 135
-14.544 -3.575 3.079 138
-14.616 -4.282 3.140 126
-14.593 -4.224 3.123 126
-14.578 -4.053 3.109 131
-14.541 -3.752 3.078 127
-14.579 -4.430 3.115 118
-14.542 -4.371 3.088 122
-14.534 -3.953 3.076 148
-14.640 -4.573 3.161 101
-14.555 -4.492 3.099 118
-14.535 -4.588 3.086 116
-14.536 -4.140 3.080 123
-14.529 -4.406 3.079 134
-14.532 -4.291 3.080 119
-14.573 -4.585 3.113 112
-14.554 -4.375 3.097 122
-14.598 -4.447 3.129 113
-14.539 -4.210 3.084 129
-14.560 -4.522 3.103 116
-14.552 -4.666 3.099 106
-14.617 -4.422 3.143 112
-14.540 -4.008 3.081 130
-14.539 -4.372 3.086 122
-14.536 -3.751 3.075 139
-14.559 -4.521 3.102 118
-14.616 -4.425 3.143 113
-14.562 -3.956 3.096 138
-14.528 -4.585 3.080 126
-14.541 -3.598 3.077 139
-14.602 -4.631 3.134 108
-14.588 -4.509 3.123 113
-14.537 -4.508 3.086 118
-14.553 -4.234 3.094 128
-14.524 -4.642 3.079 126
-14.562 -4.516 3.105 115
-14.567 -4.270 3.105 130
-14.569 -4.056 3.103 132
-14.604 -4.474 3.134 112
-14.572 -4.178 3.108 129
-14.566 -4.638 3.109 109
-14.580 -4.658 3.119 101
-14.619 -4.473 3.145 110
-14.579 -4.087 3.110 131
-14.570 -4.023 3.102 135
-14.625 -4.456 3.149 109
-14.621 -4.460 3.146 108
-14.533 -4.503 3.083 108
-14.546 -3.932 3.084 135
-14.564 -4.559 3.107 115
-14.560 -4.052 3.096 133
-14.628 -4.636 3.154 97
-14.645 -4.572 3.165 108
-14.638 -4.609 3.160 102
-14.527 -4.390 3.077 134
-14.535 -4.051 3.078 135
-14.577 -4.080 3.108 132
-14.616 -4.391 3.142 116
-14.547 -4.570 3.094 114
-14.530 -4.483 3.081 111
-14.531 -4.374 3.080 132
-14.543 -4.556 3.091 116
-14.561 -4.641 3.105 112
-14.590 -4.127 3.118 129
-14.538 -4.357 3.085 121
-14.549 -4.660 3.097 113
-14.560 -3.935 3.094 140
-14.540 -3.660 3.077 141
-14.557 -3.831 3.091 133
-14.578 -4.144 3.110 129
-14.544 -4.671 3.093 106
-14.547 -4.084 3.087 132
-14.629 -4.561 3.153 104
-14.564 -4.085 3.099 132
-14.635 -4.630 3.159 99
-14.573 -4.528 3.112 114
-14.569 -4.553 3.110 113
-14.535 -4.656 3.087 114
-14.526 -4.478 3.078 116
-14.607 -4.415 3.136 113
-14.581 -3.969 3.110 134
-14.573 -3.888 3.103 137
-14.541 -4.240 3.086 132
-14.584 -4.031 3.113 134
-14.541 -4.165 3.083 132
-14.606 -4.590 3.137 108
-14.573 -4.018 3.105 136
-14.550 -3.625 3.084 137
-14.609 -4.356 3.136 117
-14.567 -4.501 3.108 116
-14.593 -4.498 3.126 114
-14.541 -4.146 3.083 129
-14.552 -4.218 3.093 131
-14.620 -4.497 3.146 110
-14.541 -3.897 3.080 127
-14.571 -3.900 3.102 138
-14.547 -4.428 3.093 117
-14.584 -4.038 3.113 134
-14.562 -4.519 3.105 116
-14.569 -4.596 3.110 113
-14.524 -4.561 3.078 123
-14.581 -4.252 3.115 130
-14.571 -4.239 3.107 128
-14.547 -4.571 3.094 114
-14.559 -3.769 3.091 134
-14.598 -4.568 3.131 110
-14.626 -4.438 3.150 110
-14.565 -4.045 3.099 132
-14.589 -4.239 3.120 128
-14.562 -4.460 3.104 119
-14.537 -4.135 3.080 121
-14.634 -4.467 3.156 106
-14.586 -4.567 3.122 112
-14.584 -4.481 3.120 114
-14.612 -4.434 3.140 113
-14.542 -4.206 3.086 130
-14.562 -4.304 3.102 129
-14.550 -3.820 3.085 133
-14.549 -4.554 3.095 116
-14.635 -4.625 3.158 98
-14.530 -4.475 3.081 115
-14.632 -4.449 3.154 105
-14.622 -4.573 3.149 110
-14.598 -4.411 3.129 114
-14.575 -4.621 3.115 112
-14.528 -4.494 3.080 130
-14.566 -4.246 3.104 130
-14.586 -4.185 3.117 130
-14.602 -4.210 3.130 127
-14.538 -4.521 3.087 114
-14.546 -4.111 3.086 130
-14.586 -4.415 3.120 118
-14.552 -4.184 3.093 131
-14.567 -4.013 3.100 135
-14.580 -4.287 3.115 129
-14.598 -4.174 3.126 129
-14.529 -4.410 3.079 134
-14.647 -4.594 3.166 108
-14.597 -4.514 3.129 112
-14.534 -4.173 3.080 124
-14.545 -4.533 3.092 118
-14.552 -4.019 3.090 133
-14.524 -4.539 3.077 125
-14.560 -4.309 3.100 128
-14.554 -4.337 3.097 127
-14.529 -4.170 3.076 140
-14.575 -4.106 3.108 130
-14.560 -4.337 3.101 128
-14.595 -4.304 3.125 125
-14.558 -3.710 3.090 138
-14.528 -4.464 3.079 133
-14.616 -4.455 3.142 112
-14.584 -4.218 3.116 128
-14.589 -4.534 3.124 112
-14.619 -4.335 3.143 120
-14.576 -4.286 3.112 128
-14.594 -4.444 3.127 112
-14.627 -4.449 3.150 109
-14.525 -4.544 3.078 124
-14.557 -3.825 3.091 135
-14.630 -4.467 3.153 107
-14.560 -4.109 3.096 130
-14.540 -4.319 3.086 128
-14.546 -3.984 3.085 134
-14.597 -4.078 3.123 130
-14.604 -4.247 3.131 128
-14.569 -4.510 3.109 115
-14.616 -4.567 3.144 108
-14.607 -4.255 3.133 127
-14.600 -4.589 3.133 110
-14.569 -3.871 3.100 139
-14.549 -4.547 3.095 116
-14.551 -3.971 3.088 136
-14.588 -4.281 3.120 128
-14.594 -4.349 3.126 124
-14.566 -4.446 3.106 118
-14.570 -4.028 3.103 133
-14.591 -4.405 3.124 117
-14.561 -4.225 3.100 129
-14.570 -4.204 3.106 131
-14.595 -4.316 3.126 124
-14.586 -4.092 3.115 129
-14.576 -4.246 3.111 128
-14.543 -4.655 3.093 110
-14.537 -4.267 3.083 133
-14.636 -4.511 3.158 101
-14.608 -4.226 3.134 127
-14.636 -4.612 3.159 99
-14.567 -4.119 3.101 132
-14.520 -4.583 3.075 110
-14.552 -3.643 3.085 140
-14.581 -4.315 3.115 127
-14.612 -4.499 3.140 110
-14.541 -3.866 3.080 123
-14.546 -3.741 3.082 139
-14.555 -4.070 3.092 136
-14.649 -4.591 3.168 108
-14.532 -4.447 3.082 108
-14.607 -4.502 3.137 111
-14.565 -4.632 3.108 110
-14.547 -4.568 3.094 114
-14.603 -4.495 3.134 111
-14.562 -4.158 3.099 130
-14.555 -4.251 3.096 132
-14.544 -4.619 3.093 111
-14.549 -3.922 3.086 134
-14.571 -3.869 3.101 138
-14.565 -4.474 3.106 116
-14.602 -4.147 3.127 130
-14.550 -3.639 3.084 140
-14.566 -4.001 3.099 134
-14.583 -4.217 3.116 128
-14.567 -4.580 3.108 113
-14.537 -4.161 3.081 124
-14.634 -4.560 3.157 100
-14.606 -4.452 3.135 112
-14.545 -4.656 3.094 112
-14.538 -3.951 3.079 128
-14.623 -4.598 3.150 108
-14.532 -4.372 3.081 133
-14.552 -4.262 3.094 131
-14.570 -4.234 3.107 129
-14.568 -3.818 3.099 139
-14.595 -4.267 3.125 126
-14.579 -4.645 3.118 107
-14.607 -4.321 3.134 124
-14.546 -3.818 3.083 133
-14.569 -4.411 3.108 120
-14.582 -4.550 3.119 113
-14.614 -4.272 3.139 125
-14.598 -4.495 3.130 113
-14.624 -4.532 3.149 108
-14.558 -4.502 3.101 118
-14.627 -4.613 3.152 106
-14.533 -4.074 3.077 130
-14.555 -4.194 3.095 130
-14.595 -4.132 3.122 128
-14.543 -3.794 3.080 124
-14.541 -4.165 3.083 132
-14.544 -3.915 3.082 138
-14.549 -3.943 3.087 139
-14.626 -4.488 3.150 110
-14.531 -4.317 3.079 118
-14.603 -4.459 3.133 112
-14.565 -4.254 3.103 130
-14.535 -4.665 3.087 107
-14.540 -4.080 3.081 133
-14.621 -4.381 3.145 115
-14.548 -4.318 3.092 129
-14.547 -3.613 3.081 132
-14.595 -4.151 3.123 131
-14.606 -4.262 3.133 126
-14.585 -4.595 3.122 111
-14.538 -4.667 3.089 107
-14.599 -4.180 3.127 129
-14.522 -4.483 3.075 107
-14.543 -4.261 3.087 136
-14.539 -4.386 3.086 124
-14.596 -4.467 3.128 113
-14.537 -4.576 3.087 119
-14.532 -4.000 3.075 143
-14.559 -4.343 3.100 126
-14.599 -4.315 3.128 125
-14.601 -4.155 3.127 130
-14.589 -4.321 3.121 126
-14.618 -4.477 3.145 110
-14.543 -4.059 3.084 135
-14.585 -4.089 3.114 132
-14.618 -4.538 3.145 110
-14.559 -3.732 3.091 137
-14.538 -4.306 3.085 128
-14.570 -4.013 3.103 136
-14.605 -4.578 3.136 107
-14.542 -3.778 3.079 132
-14.571 -4.486 3.110 116
-14.572 -3.920 3.103 138
-14.552 -3.695 3.086 134
-14.557 -4.316 3.098 125
-14.533 -4.655 3.085 113
-14.557 -3.872 3.092 136
-14.610 -4.635 3.141 102
-14.539 -3.908 3.079 123
-14.632 -4.515 3.155 103
-14.635 -4.455 3.156 104
-14.595 -4.160 3.123 129
-14.550 -4.632 3.097 112
-14.562 -3.850 3.095 138
-14.597 -4.294 3.127 126
-14.550 -4.358 3.094 123
-14.540 -4.415 3.087 123
-14.538 -4.513 3.087 119
-14.580 -4.013 3.110 135
-14.562 -4.095 3.098 130
-14.608 -4.311 3.135 125
-14.577 -4.343 3.113 123
-14.557 -4.506 3.101 119
-14.535 -4.529 3.085 112
-14.590 -4.460 3.124 114
-14.532 -4.654 3.084 99
-14.570 -4.043 3.103 132
-14.528 -4.210 3.076 137
-14.596 -4.579 3.130 111
-14.544 -3.630 3.079 135
-14.589 -4.073 3.117 131
-14.565 -4.221 3.103 130
-14.623 -4.492 3.148 109
-14.612 -4.633 3.142 104
-14.609 -4.244 3.135 127
-14.570 -4.599 3.111 113
-14.574 -3.849 3.103 138
-14.550 -4.323 3.093 127
-14.569 -4.144 3.104 130
-14.548 -4.470 3.094 120
-14.532 -4.419 3.081 121
-14.566 -4.271 3.104 130
-14.559 -4.497 3.102 117
-14.562 -4.147 3.099 132
-14.560 -4.142 3.097 135
-14.546 -4.097 3.086 134
-14.551 -3.686 3.085 135
-14.576 -4.280 3.111 129
-14.571 -4.451 3.110 117
-14.550 -3.797 3.085 130
-14.565 -3.897 3.097 137
-14.567 -4.227 3.104 131
-14.622 -4.462 3.147 108
-14.576 -4.059 3.108 132
-14.549 -3.617 3.083 138
-14.550 -4.219 3.092 133
-14.553 -4.663 3.100 109
-14.573 -4.576 3.113 112
-14.557 -4.169 3.096 131
-14.608 -4.572 3.138 106
-14.581 -4.345 3.116 125
-14.599 -4.244 3.128 128
-14.536 -3.891 3.077 132
-14.535 -3.825 3.075 135
-14.544 -4.355 3.089 124
-14.609 -4.492 3.138 110
-14.585 -4.619 3.122 109
-14.634 -4.486 3.156 105
-14.579 -4.306 3.114 127
-14.634 -4.560 3.157 100
-14.542 -4.188 3.086 132
-14.541 -4.596 3.090 115
-14.540 -4.149 3.083 130
-14.535 -4.149 3.079 122
-14.522 -4.594 3.076 113
-14.615 -4.349 3.140 117
-14.584 -4.167 3.115 130
-14.569 -4.169 3.104 130
-14.536 -4.103 3.079 120
-14.625 -4.431 3.149 110
-14.634 -4.502 3.156 102
-14.548 -3.996 3.087 136
-14.565 -4.556 3.107 115
-14.550 -4.524 3.096 117
-14.526 -4.616 3.079 126
-14.543 -3.655 3.078 139
-14.567 -4.486 3.107 116
-14.598 -4.160 3.125 129
-14.562 -4.094 3.098 130
-14.564 -4.459 3.105 119
-14.562 -4.490 3.104 116
-14.533 -4.571 3.084 113
-14.554 -4.326 3.096 127
-14.608 -4.424 3.136 113
-14.539 -4.063 3.081 137
-14.558 -4.094 3.095 130
-14.572 -3.917 3.103 137
-14.554 -4.577 3.099 115
-14.546 -4.318 3.090 129
-14.552 -4.130 3.091 134
-14.556 -4.130 3.094 133
-14.579 -4.485 3.117 114
-14.613 -4.501 3.141 110
-14.560 -4.105 3.096 129
-14.554 -4.197 3.094 130
-14.608 -4.258 3.134 127
-14.546 -3.651 3.081 130
-14.572 -4.494 3.111 114
-14.565 -4.656 3.108 107
-14.534 -4.096 3.077 128
-14.589 -4.637 3.126 107
-14.537 -4.198 3.082 132
-14.557 -4.446 3.100 118
-14.565 -3.952 3.098 137
-14.615 -4.301 3.140 125
-14.523 -4.651 3.077 118
-14.531 -4.577 3.083 97
-14.558 -4.291 3.099 130
-14.560 -4.020 3.095 134
-14.597 -4.544 3.130 112
-14.548 -4.489 3.094 115
-14.598 -4.404 3.129 116
-14.603 -4.542 3.134 113
-14.588 -4.626 3.125 110
-14.522 -4.470 3.075 109
-14.626 -4.371 3.148 113
-14.559 -3.962 3.094 137
-14.549 -4.386 3.094 124
-14.602 -4.196 3.129 129
-14.598 -4.642 3.132 102
-14.623 -4.473 3.148 107
-14.548 -4.090 3.088 130
-14.539 -4.622 3.089 114
-14.557 -4.550 3.101 114
-14.616 -4.414 3.142 113
-14.595 -4.092 3.122 132
-14.565 -4.448 3.106 119
-14.544 -4.041 3.084 132
-14.532 -4.541 3.083 112
-14.594 -4.294 3.125 126
-14.551 -4.518 3.096 118
-14.593 -4.259 3.124 127
-14.620 -4.439 3.145 112
-14.627 -4.564 3.152 110
-14.530 -4.457 3.081 117
-14.581 -4.435 3.117 115
-14.535 -3.784 3.075 140
-14.543 -4.276 3.088 132
-14.542 -3.886 3.081 135
-14.526 -4.593 3.079 129
-14.539 -3.957 3.079 127
-14.576 -4.492 3.114 114
-14.565 -4.073 3.100 130
-14.599 -4.461 3.131 114
-14.552 -4.047 3.090 132
-14.539 -4.144 3.082 133
-14.553 -4.163 3.092 134
-14.538 -3.946 3.078 120
-14.554 -4.528 3.099 117
-14.569 -3.916 3.101 138
-14.535 -3.882 3.076 145
-14.549 -4.450 3.094 120
-14.536 -3.747 3.075 139
-14.556 -3.840 3.090 138
-14.546 -4.393 3.091 124
-14.532 -4.201 3.079 118
-14.534 -4.024 3.076 139
-14.536 -4.244 3.082 131
-14.567 -3.837 3.098 135
-14.564 -3.943 3.097 138
-14.611 -4.582 3.140 106
-14.630 -4.491 3.153 104
-14.604 -4.638 3.136 106
-14.553 -4.366 3.096 120
-14.577 -4.629 3.116 111
-14.538 -3.991 3.079 126
-14.533 -4.568 3.084 113
-14.523 -4.461 3.076 118
-14.546 -4.214 3.089 131
-14.552 -4.516 3.097 119
-14.562 -3.772 3.094 135
-14.582 -4.507 3.119 113
-14.639 -4.550 3.161 101
-14.612 -4.579 3.141 107
-14.553 -4.211 3.094 132
-14.558 -4.481 3.101 119
-14.535 -3.984 3.077 145
-14.612 -4.479 3.140 110
-14.581 -4.623 3.119 110
-14.528 -4.321 3.077 128
-14.531 -4.445 3.081 118
-14.586 -4.018 3.114 134
-14.544 -3.768 3.081 125
-14.568 -4.285 3.106 128
-14.555 -4.175 3.095 131
-14.626 -4.581 3.152 106
-14.562 -4.380 3.103 122
-14.594 -4.234 3.124 127
-14.550 -3.650 3.084 137
-14.576 -4.375 3.113 123
-14.525 -4.347 3.076 121
-14.569 -4.257 3.106 130
-14.620 -4.327 3.144 119
-14.548 -3.948 3.086 137
-14.614 -4.463 3.141 112
-14.546 -3.803 3.082 139
-14.634 -4.538 3.157 101
-14.560 -4.130 3.097 133
-14.557 -4.142 3.094 134
-14.588 -4.447 3.122 114
-14.575 -4.651 3.116 107
-14.551 -3.706 3.085 135
-14.564 -4.319 3.104 126
-14.560 -4.640 3.104 114
-14.552 -4.356 3.095 125
-14.639 -4.570 3.161 101
-14.591 -4.647 3.127 103
-14.526 -4.517 3.079 133
-14.537 -4.354 3.084 120
-14.539 -3.955 3.079 128
-14.551 -3.971 3.088 136
-14.551 -4.051 3.089 133
-14.545 -4.017 3.084 133
-14.562 -3.905 3.096 139
-14.552 -4.598 3.098 114
-14.538 -4.117 3.081 134
-14.568 -4.155 3.103 130
-14.542 -3.833 3.080 129
-14.563 -3.985 3.097 134
-14.615 -4.308 3.140 124
-14.591 -4.289 3.122 127
-14.536 -3.825 3.075 134
-14.574 -4.286 3.110 128
-14.544 -4.465 3.091 119
-14.561 -4.230 3.100 131
-14.566 -4.127 3.101 132
-14.622 -4.595 3.149 108
-14.536 -4.182 3.081 128
-14.572 -4.258 3.108 130
-14.531 -4.596 3.083 98
-14.586 -4.592 3.123 111
-14.537 -4.256 3.083 134
-14.599 -4.626 3.132 105
-14.527 -4.462 3.078 132
-14.572 -3.839 3.102 134
-14.567 -4.102 3.101 131
-14.572 -3.965 3.103 134
-14.561 -4.594 3.104 114
-14.565 -4.383 3.105 121
-14.549 -4.139 3.089 132
-14.588 -4.186 3.119 130
-14.548 -4.593 3.095 114
-14.531 -4.409 3.081 122
-14.637 -4.581 3.159 100
-14.597 -4.238 3.126 126
-14.603 -4.626 3.135 108
-14.524 -4.602 3.078 129
-14.546 -4.035 3.085 134
-14.547 -4.590 3.094 113
-14.579 -4.501 3.116 114
-14.587 -4.077 3.116 131
-14.602 -4.277 3.130 126
-14.602 -4.527 3.133 111
-14.581 -4.368 3.116 121
-14.605 -4.372 3.133 117
-14.569 -3.861 3.100 137
-14.528 -4.576 3.081 128
-14.550 -4.465 3.095 117
-14.560 -3.897 3.094 142
-14.568 -4.146 3.103 130
-14.549 -3.831 3.085 133
-14.561 -4.361 3.102 126
-14.533 -4.170 3.079 119
-14.600 -4.629 3.133 104
-14.614 -4.355 3.140 118
-14.526 -4.407 3.077 117
-14.542 -4.242 3.087 131
-14.573 -4.112 3.106 134
-14.606 -4.375 3.135 117
-14.585 -4.100 3.114 131
-14.590 -4.096 3.118 131
-14.529 -4.523 3.081 102
-14.590 -4.288 3.122 127
-14.566 -3.820 3.098 134
-14.563 -3.846 3.095 137
-14.538 -4.015 3.079 124
-14.536 -4.202 3.082 128
-14.547 -4.381 3.092 125
-14.571 -4.217 3.107 130
-14.539 -4.214 3.084 128
-14.594 -4.082 3.121 132
-14.618 -4.434 3.143 112
-14.565 -4.076 3.100 130
-14.605 -4.565 3.136 108
-14.645 -4.586 3.165 107
-14.584 -4.094 3.113 131
-14.530 -4.621 3.083 96
-14.600 -4.156 3.126 130
-14.601 -4.513 3.132 112
-14.563 -4.187 3.101 131
-14.578 -4.394 3.114 121
-14.642 -4.553 3.163 104
-14.631 -4.486 3.154 107
-14.532 -4.231 3.079 114
-14.553 -4.136 3.092 130
-14.533 -4.334 3.081 130
-14.600 -4.174 3.127 129
-14.563 -4.493 3.105 117
-14.566 -4.575 3.108 113
-14.523 -4.449 3.075 112
-14.593 -4.156 3.121 130
-14.544 -3.661 3.080 140
-14.577 -4.443 3.115 117
-14.643 -4.531 3.163 105
-14.570 -4.299 3.107 127
-14.581 -4.113 3.112 132
-14.610 -4.477 3.139 110
-14.548 -4.416 3.093 123
-14.543 -3.674 3.079 125
-14.593 -4.215 3.123 126
-14.532 -4.467 3.082 114
-14.572 -3.909 3.103 137
-14.552 -3.736 3.086 136
-14.617 -4.491 3.144 109
-14.554 -4.255 3.095 132
-14.559 -4.629 3.103 112
-14.554 -4.171 3.094 131
-14.565 -4.371 3.105 122
-14.565 -4.128 3.100 132
-14.572 -4.025 3.104 134
-14.541 -4.345 3.087 128
-14.548 -4.062 3.087 132
-14.595 -4.265 3.125 127
-14.580 -4.248 3.114 128
-14.527 -4.677 3.081 122
-14.561 -3.978 3.096 137
-14.608 -4.430 3.136 114
-14.603 -4.216 3.130 128
-14.555 -4.456 3.098 119
-14.661 -3.674 3.176 128
-14.636 -4.259 3.157 115
-14.642 -3.815 3.160 118
-14.588 -3.900 3.115 137
-14.654 -4.067 3.170 120
-14.627 -3.609 3.147 138
-14.641 -3.563 3.159 118
-14.644 -4.016 3.162 118
-14.581 -3.828 3.110 139
-14.626 -3.732 3.147 131
-14.613 -3.787 3.136 136
-14.631 -4.206 3.153 119
-14.657 -4.173 3.174 123
-14.580 -3.777 3.108 139
-14.654 -4.096 3.171 119
-14.593 -4.004 3.119 132
-14.655 -3.763 3.171 124
-14.633 -3.593 3.153 135
-14.634 -3.570 3.153 134
-14.631 -3.875 3.151 132
-14.576 -3.711 3.105 137
-14.628 -3.633 3.148 134
-14.627 -4.103 3.148 123
-14.591 -3.560 3.117 138
-14.651 -4.294 3.169 120
-14.610 -4.162 3.134 128
-14.643 -4.086 3.161 115
-14.575 -3.799 3.104 139
-14.606 -3.733 3.130 137
-14.562 -3.561 3.093 136
-14.636 -4.033 3.155 115
-14.652 -4.065 3.168 122
-14.651 -3.815 3.167 118
-14.620 -3.858 3.142 135
-14.645 -3.764 3.163 122
-14.619 -3.690 3.141 137
-14.586 -3.623 3.113 143
-14.636 -3.979 3.155 119
-14.589 -3.621 3.116 142
-14.586 -3.770 3.113 137
-14.625 -4.130 3.146 123
-14.643 -3.981 3.161 120
-14.620 -3.875 3.141 134
-14.638 -4.089 3.157 114
-14.600 -3.864 3.125 135
-14.608 -3.875 3.132 134
-14.580 -3.738 3.108 136
-14.649 -3.942 3.166 121
-14.578 -3.785 3.107 140
-14.638 -3.594 3.156 128
-14.614 -4.127 3.137 129
-14.618 -4.147 3.140 127
-14.617 -3.639 3.139 135
-14.638 -4.446 3.159 104
-14.621 -4.000 3.143 132
-14.650 -3.619 3.167 119
-14.607 -4.019 3.131 135
-14.651 -4.086 3.168 118
-14.624 -3.577 3.145 133
-14.573 -3.738 3.103 137
-14.650 -4.234 3.169 120
-14.564 -3.706 3.095 136
-14.618 -4.105 3.140 129
-14.579 -3.756 3.107 138
-14.584 -3.663 3.112 140
-14.592 -3.732 3.118 138
-14.638 -4.308 3.159 114
-14.626 -4.289 3.149 120
-14.644 -4.251 3.164 120
-14.640 -4.478 3.160 105
-14.651 -3.560 3.168 120
-14.659 -3.743 3.174 123
-14.656 -3.850 3.172 123
-14.644 -4.319 3.164 115
-14.573 -3.759 3.103 137
-14.648 -4.010 3.166 121
-14.654 -3.612 3.170 121
-14.656 -3.913 3.172 125
-14.575 -3.804 3.104 135
-14.618 -3.571 3.140 136
-14.579 -3.893 3.108 134
-14.648 -3.662 3.165 123
-14.660 -4.092 3.175 122
-14.597 -3.979 3.123 132
-14.652 -4.129 3.169 117
-14.567 -3.649 3.097 139
-14.629 -3.625 3.149 136
-14.602 -3.616 3.127 143
-14.645 -3.764 3.163 122
-14.646 -4.450 3.166 108
-14.618 -3.630 3.140 134
-14.585 -3.935 3.113 134
-14.621 -4.274 3.144 122
-14.618 -4.205 3.142 126
-14.631 -3.622 3.151 135
-14.640 -4.044 3.159 116
-14.618 -3.910 3.140 134
-14.647 -4.205 3.166 119
-14.627 -3.729 3.147 131
-14.612 -3.916 3.136 132
-14.655 -4.462 3.173 109
-14.642 -4.123 3.160 117
-14.639 -3.600 3.157 122
-14.588 -3.591 3.115 138
-14.618 -3.805 3.140 135
-14.633 -3.901 3.153 124
-14.645 -3.969 3.163 119
-14.612 -4.088 3.135 130
-14.657 -4.045 3.173 123
-14.620 -4.285 3.143 124
-14.615 -3.854 3.137 136
-14.638 -4.426 3.158 105
-14.629 -3.617 3.149 135
-14.612 -3.861 3.135 134
-14.661 -3.858 3.176 125
-14.636 -3.790 3.155 125
-14.650 -4.184 3.169 121
-14.628 -3.761 3.149 133
-14.634 -3.733 3.153 128
-14.601 -3.956 3.126 135
-14.629 -3.957 3.149 128
-14.624 -3.800 3.145 135
-14.660 -4.087 3.175 122
-14.624 -4.096 3.145 126
-14.627 -4.214 3.149 122
-14.627 -3.823 3.148 131
-14.635 -4.020 3.154 115
-14.598 -4.027 3.124 133
-14.563 -3.685 3.094 138
-14.641 -4.014 3.159 119
-14.582 -3.657 3.110 137
-14.585 -3.903 3.113 137
-14.605 -4.100 3.129 130
-14.599 -3.982 3.124 132
-14.621 -4.099 3.143 127
-14.617 -3.610 3.139 136
-14.645 -3.675 3.162 123
-14.647 -4.287 3.166 116
-14.654 -3.660 3.170 126
-14.599 -3.691 3.124 136
-14.650 -4.364 3.169 114
-14.652 -4.299 3.171 118
-14.613 -4.223 3.138 129
-14.633 -4.345 3.155 109
-14.639 -4.420 3.160 106
-14.653 -3.904 3.169 121
-14.622 -3.842 3.144 136
-14.615 -3.965 3.137 132
-14.618 -3.578 3.140 135
-14.641 -4.007 3.160 118
-14.577 -3.655 3.106 138
-14.581 -3.665 3.109 140
-14.637 -3.683 3.156 128
-14.611 -4.206 3.137 128
-14.609 -3.684 3.132 135
-14.585 -3.678 3.112 138
-14.610 -3.676 3.133 133
-14.625 -3.854 3.146 132
-14.639 -4.078 3.157 114
-14.575 -3.819 3.104 135
-14.590 -3.798 3.117 136
-14.659 -3.941 3.174 127
-14.617 -4.175 3.141 127
-14.633 -3.996 3.153 123
-14.647 -4.229 3.166 116
-14.641 -4.362 3.161 111
-14.646 -3.970 3.163 119
-14.580 -3.578 3.108 140
-14.633 -4.369 3.155 108
-14.635 -3.649 3.154 125
-14.590 -3.981 3.117 133
-14.621 -3.932 3.142 132
-14.588 -3.776 3.115 136
-14.629 -4.377 3.151 108
-14.618 -3.552 3.140 141
-14.602 -3.957 3.127 132
-14.612 -3.612 3.135 135
-14.651 -3.903 3.168 121
-14.580 -3.673 3.109 139
-14.610 -3.852 3.133 135
-14.662 -3.967 3.177 126
-14.607 -3.645 3.131 138
-14.622 -3.659 3.144 135
-14.653 -4.177 3.171 120
-14.638 -3.554 3.156 125
-14.602 -3.561 3.127 138
-14.592 -3.734 3.119 138
-14.617 -3.655 3.139 136
-14.648 -3.726 3.165 119
-14.618 -3.608 3.140 136
-14.633 -3.882 3.153 125
-14.579 -3.843 3.107 138
-14.650 -3.897 3.167 120
-14.644 -3.965 3.161 119
-14.648 -3.906 3.165 118
-14.606 -3.872 3.130 134
-14.655 -3.993 3.171 123
-14.602 -3.890 3.127 136
-14.647 -3.886 3.164 117
-14.647 -4.429 3.166 112
-14.588 -3.962 3.115 136
-14.655 -4.144 3.171 121
-14.643 -4.140 3.161 115
-14.638 -3.587 3.156 129
-14.633 -4.206 3.154 118
-14.625 -3.962 3.146 133
-14.622 -3.690 3.144 136
-14.642 -4.494 3.162 105
-14.649 -4.110 3.166 118
-14.633 -4.307 3.154 111
-14.650 -4.085 3.166 118
-14.627 -3.858 3.147 132
-14.596 -3.804 3.121 138
-14.626 -4.080 3.147 127
-14.623 -3.958 3.144 133
-14.646 -4.039 3.163 116
-14.600 -3.569 3.125 137
-14.647 -3.868 3.164 119
-14.639 -4.020 3.158 117
-14.590 -3.756 3.116 140
-14.653 -4.033 3.170 120
-14.623 -3.682 3.144 135
-14.629 -4.084 3.149 121
-14.629 -3.999 3.149 127
-14.643 -3.758 3.161 116
-14.598 -3.932 3.124 134
-14.656 -3.799 3.172 124
-14.614 -3.885 3.137 134
-14.660 -3.813 3.175 126
-14.652 -3.647 3.168 120
-14.633 -3.554 3.153 134
-14.603 -3.774 3.128 136
-14.627 -4.295 3.150 120
-14.619 -3.792 3.141 135
-14.558 -3.566 3.090 135
-14.554 -3.577 3.087 134
-14.598 -3.991 3.123 132
-14.609 -4.174 3.135 129
-14.582 -3.820 3.110 138
-14.657 -3.589 3.172 119
-14.590 -3.689 3.117 137
-14.597 -3.904 3.123 136
-14.596 -4.023 3.122 133
-14.589 -3.788 3.116 135
-14.649 -3.762 3.166 121
-14.662 -3.574 3.176 122
-14.628 -3.726 3.148 131
-14.609 -4.085 3.133 130
-14.617 -3.576 3.140 135
-14.632 -3.809 3.152 127
-14.592 -3.758 3.119 139
-14.661 -3.964 3.176 128
-14.656 -4.188 3.173 121
-14.648 -4.140 3.166 117
-14.658 -4.121 3.173 121
-14.641 -3.993 3.159 120
-14.621 -4.058 3.142 129
-14.575 -3.689 3.104 138
-14.660 -3.963 3.175 128
-14.653 -3.960 3.169 120
-14.660 -3.982 3.175 127
-14.647 -3.930 3.164 122
-14.640 -4.436 3.161 105
-14.627 -4.051 3.148 125
-14.554 -3.599 3.086 134
-14.637 -3.792 3.156 126
-14.589 -3.918 3.116 138
-14.596 -3.802 3.122 137
-14.623 -4.292 3.146 126
-14.610 -3.842 3.134 134
-14.626 -3.758 3.147 133
-14.621 -4.004 3.143 132
-14.570 -3.553 3.100 136
-14.660 -4.090 3.176 123
-14.649 -4.168 3.166 119
-14.576 -3.680 3.105 138
-14.583 -3.729 3.111 136
-14.633 -3.737 3.152 128
-14.593 -3.898 3.119 136
-14.654 -3.854 3.170 121
-14.659 -3.665 3.174 129
-14.589 -3.825 3.116 137
-14.589 -3.784 3.116 135
-14.639 -3.748 3.158 117
-14.571 -3.615 3.100 136
-14.654 -3.964 3.170 122
-14.643 -3.696 3.161 118
-14.658 -4.105 3.174 121
-14.631 -4.364 3.153 108
-14.645 -4.325 3.165 116
-14.581 -3.674 3.109 139
-14.612 -3.560 3.135 137
-14.631 -3.719 3.151 133
-14.603 -4.009 3.128 134
-14.656 -4.014 3.172 124
-14.653 -3.925 3.169 123
-14.579 -3.722 3.108 138
-14.631 -4.347 3.153 111
-14.662 -3.894 3.177 125
-14.641 -4.080 3.160 117
-14.627 -3.616 3.147 135
-14.567 -3.652 3.098 140
-14.646 -4.309 3.165 116
-14.561 -3.555 3.092 138
-14.629 -4.241 3.151 118
-14.637 -3.712 3.155 126
-14.615 -4.055 3.138 131
-14.616 -3.844 3.138 136
-14.582 -3.828 3.110 139
-14.650 -3.930 3.166 122
-14.611 -3.690 3.134 136
-14.644 -3.679 3.162 121
-14.600 -3.730 3.125 137
-14.613 -4.041 3.136 133
-14.635 -4.406 3.157 106
-14.592 -3.663 3.119 135
-14.571 -3.688 3.100 137
-14.637 -4.291 3.157 113
-14.599 -3.548 3.124 139
-14.657 -3.585 3.173 118
-14.600 -3.786 3.125 135
-14.625 -4.233 3.148 124
-14.647 -3.741 3.164 120
-14.628 -4.266 3.150 117
-14.619 -3.970 3.141 131
-14.629 -3.589 3.149 136
-14.651 -3.658 3.168 123
-14.562 -3.616 3.093 136
-14.624 -3.738 3.145 135
-14.641 -4.460 3.161 106
-14.609 -4.114 3.133 130
-14.655 -4.334 3.173 119
-14.616 -3.942 3.138 133
-14.556 -3.652 3.088 136
-14.658 -3.758 3.173 124
-14.633 -4.183 3.155 112
-14.624 -3.976 3.145 130
-14.627 -3.765 3.148 133
-14.599 -3.824 3.124 135
-14.550 -3.595 3.084 139
-14.626 -4.082 3.147 127
-14.609 -3.707 3.133 138
-14.590 -3.798 3.117 137
-14.637 -3.903 3.156 119
-14.621 -3.767 3.142 135
-14.610 -4.071 3.134 132
-14.659 -3.624 3.174 124
-14.641 -3.594 3.159 121
-14.648 -4.482 3.167 111
-14.635 -4.065 3.155 116
-14.633 -3.971 3.153 124
-14.600 -3.605 3.125 139
-14.642 -4.499 3.162 104
-14.586 -3.598 3.113 136
-14.652 -4.286 3.170 118
-14.648 -4.120 3.165 119
-14.608 -3.715 3.132 139
-14.639 -4.376 3.159 107
-14.642 -4.516 3.162 106
-14.577 -3.836 3.106 136
-14.600 -3.961 3.125 134
-14.633 -3.845 3.153 125
-14.615 -4.236 3.140 127
-14.629 -3.823 3.149 131
-14.623 -4.149 3.144 126
-14.660 -3.871 3.175 124
-14.615 -4.144 3.137 129
-14.645 -4.048 3.163 114
-14.597 -3.905 3.122 136
-14.638 -3.995 3.157 119
-14.545 -3.556 3.079 140
-14.599 -3.728 3.124 137
-14.613 -3.839 3.136 132
-14.638 -4.251 3.158 115
-14.647 -4.406 3.166 108
-14.636 -4.203 3.157 118
-14.591 -3.714 3.117 137
-14.578 -3.662 3.107 141
-14.599 -3.742 3.124 138
-14.611 -3.986 3.135 134
-14.636 -4.380 3.157 107
-14.650 -3.609 3.167 121
-14.649 -4.081 3.166 115
-14.551 -3.543 3.084 136
-14.647 -3.927 3.165 122
-14.591 -3.974 3.117 134
-14.601 -4.039 3.126 133
-14.641 -4.141 3.159 115
-14.641 -3.604 3.159 118
-14.605 -3.939 3.129 133
-14.601 -3.832 3.126 136
-14.572 -3.799 3.102 139
-14.610 -3.572 3.134 141
-14.632 -4.401 3.154 105
-14.632 -4.301 3.153 113
-14.637 -4.042 3.156 117
-14.660 -3.704 3.175 125
-14.642 -4.390 3.162 110
-14.575 -3.595 3.105 136
-14.602 -3.678 3.126 135
-14.646 -3.973 3.164 119
-14.641 -4.356 3.161 109
-14.641 -4.403 3.161 108
-14.647 -3.800 3.164 122
-14.614 -3.553 3.137 134
-14.611 -3.599 3.134 136
-14.606 -4.152 3.130 129
-14.628 -4.333 3.150 113
-14.566 -3.543 3.097 135
-14.623 -3.620 3.144 136
-14.619 -3.876 3.141 134
-14.638 -4.193 3.159 115
-14.608 -4.067 3.132 132
-14.563 -3.565 3.094 138
-14.637 -3.727 3.156 123
-14.574 -3.628 3.103 140
-14.648 -4.053 3.165 117
-14.644 -4.508 3.164 105
-14.630 -4.267 3.152 114
-14.581 -3.895 3.109 135
-14.566 -3.567 3.096 137
-14.636 -3.970 3.155 118
-14.601 -3.825 3.126 135
-14.563 -3.571 3.094 136
-14.643 -3.627 3.161 118
-14.608 -3.719 3.132 137
-14.624 -3.735 3.145 135
-14.645 -4.325 3.165 116
-14.586 -3.847 3.114 134
-14.615 -4.136 3.138 129
-14.646 -3.589 3.163 115
-14.631 -4.172 3.152 118
-14.573 -3.781 3.103 136
-14.654 -3.691 3.170 124
-14.581 -3.800 3.109 136
-14.595 -3.691 3.121 136
-14.640 -3.667 3.158 121
-14.608 -3.930 3.132 132
-14.610 -3.631 3.133 136
-14.585 -3.872 3.113 138
-14.653 -4.311 3.171 121
-14.660 -3.913 3.175 124
-14.638 -4.004 3.157 118
-14.603 -3.658 3.128 137
-14.578 -3.793 3.107 138
-14.606 -3.760 3.130 136
-14.622 -3.720 3.143 137
-14.650 -4.129 3.167 117
-14.643 -4.109 3.161 116
-14.656 -4.230 3.173 122
-14.577 -3.596 3.106 136
-14.640 -3.580 3.158 120
-14.616 -3.709 3.138 139
-14.654 -3.739 3.170 125
-14.662 -3.604 3.177 128
-14.645 -4.171 3.165 120
-14.645 -3.683 3.163 122
-14.617 -4.250 3.141 124
-14.654 -3.669 3.170 126
-14.611 -4.191 3.136 129
-14.634 -4.329 3.155 109
-14.652 -4.044 3.168 115
-14.659 -3.746 3.174 124
-14.583 -3.707 3.111 137
-14.621 -3.860 3.142 135
-14.597 -3.695 3.122 136
-14.637 -4.097 3.156 115
-14.602 -3.938 3.127 131
-14.559 -3.556 3.091 137
-14.625 -3.678 3.146 134
-14.634 -4.061 3.153 121
-14.648 -4.105 3.165 117
-14.635 -4.390 3.156 106
-14.617 -3.554 3.139 136
-14.580 -3.720 3.108 138
-14.587 -3.883 3.115 137
-14.641 -4.438 3.161 108
-14.608 -3.920 3.132 132
-14.644 -3.558 3.161 115
-14.611 -3.958 3.134 134
-14.638 -3.779 3.157 121
-14.623 -4.226 3.146 124
-14.615 -3.871 3.138 136
-14.619 -4.169 3.142 128
-14.650 -4.186 3.169 121
-14.659 -3.805 3.174 125
-14.601 -3.659 3.126 137
-14.586 -3.660 3.113 140
-14.636 -3.986 3.155 120
-14.656 -3.647 3.172 122
-14.650 -3.693 3.167 122
-14.601 -3.960 3.126 134
-14.653 -4.314 3.171 119
-14.551 -3.598 3.084 137
-14.645 -3.936 3.163 121
-14.645 -4.530 3.165 107
-14.605 -3.987 3.129 135
-14.636 -4.385 3.157 107
-14.642 -4.185 3.162 117
-14.634 -4.257 3.156 114
-14.649 -3.611 3.166 121
-14.568 -3.609 3.098 135
-14.636 -3.884 3.155 121
-14.613 -3.746 3.136 135
-14.629 -4.115 3.149 124
-14.654 -4.201 3.172 122
-14.637 -3.778 3.156 124
-14.628 -3.905 3.149 130
-14.624 -3.992 3.145 131
-14.592 -3.853 3.119 136
-14.648 -4.388 3.167 113
-14.611 -4.183 3.136 129
-14.642 -4.167 3.161 115
-14.588 -3.776 3.115 136
-14.616 -3.963 3.139 132
-14.629 -4.190 3.151 124
-14.580 -3.638 3.108 141
-14.649 -3.572 3.166 117
-14.565 -3.561 3.096 138
-14.614 -4.065 3.137 130
-14.652 -3.591 3.168 117
-14.603 -3.840 3.128 134
-14.653 -4.070 3.169 121
-14.644 -4.055 3.162 115
-14.630 -3.723 3.150 132
-14.626 -4.136 3.147 128
-14.619 -3.925 3.141 134
-14.622 -3.932 3.143 132
-14.624 -3.639 3.145 137
-14.652 -3.902 3.168 121
-14.587 -3.934 3.114 134
-14.597 -4.008 3.123 132
-14.606 -3.852 3.130 136
-14.613 -3.736 3.136 136
-14.626 -3.926 3.146 131
-14.635 -3.861 3.154 120
-14.644 -4.009 3.162 120
-14.637 -3.729 3.156 123
-14.564 -3.685 3.095 136
-14.654 -3.772 3.170 122
-14.657 -3.692 3.172 125
-14.658 -3.598 3.173 120
-14.621 -3.930 3.143 132
-14.650 -4.310 3.169 119
-14.571 -3.692 3.101 137
-14.640 -4.309 3.160 114
-14.626 -3.766 3.147 134
-14.620 -3.712 3.142 138
-14.650 -3.845 3.166 121
-14.621 -4.221 3.145 125
-14.616 -3.698 3.138 136
-14.587 -3.724 3.114 135
-14.633 -3.882 3.152 125
-14.562 -3.577 3.094 134
-14.650 -3.847 3.167 121
-14.595 -3.845 3.121 136
-14.578 -3.758 3.106 140
-14.640 -4.164 3.159 115
-14.660 -3.836 3.175 127
-14.661 -3.618 3.176 125
-14.599 -3.604 3.124 139
-14.642 -4.243 3.162 114
-14.636 -3.813 3.155 121
-14.645 -3.813 3.163 119
-14.628 -3.971 3.148 128
-14.642 -3.704 3.160 118
-14.584 -3.838 3.111 138
-14.639 -3.665 3.157 121
-14.618 -4.256 3.142 124
-14.614 -4.224 3.138 128
-14.644 -4.322 3.163 115
-14.625 -4.274 3.148 121
-14.564 -3.559 3.095 139
-14.639 -4.466 3.160 104
-14.610 -3.643 3.134 139
-14.571 -3.764 3.101 135
-14.625 -3.780 3.146 135
-14.601 -3.916 3.126 137
-14.628 -3.814 3.148 133
-14.661 -3.954 3.176 128
-14.606 -3.589 3.130 136
-14.598 -3.910 3.123 136
-14.561 -3.567 3.092 136
-14.644 -4.035 3.162 116
-14.639 -3.812 3.157 118
-14.640 -4.429 3.161 104
-14.658 -3.988 3.174 127
-14.595 -3.741 3.121 138
-14.589 -3.773 3.116 136
-14.627 -4.290 3.150 120
-14.651 -4.256 3.170 119
-14.616 -4.010 3.138 137
-14.594 -3.779 3.120 142
-14.624 -3.844 3.145 133
-14.628 -3.552 3.148 134
-14.630 -4.202 3.152 114
-14.622 -4.107 3.144 126
-14.605 -3.922 3.129 133
-14.582 -3.807 3.110 138
-14.637 -3.940 3.156 118
-14.577 -3.770 3.106 138
-14.577 -3.642 3.106 141
-14.647 -4.226 3.166 117
-14.572 -3.663 3.102 142
-14.634 -4.243 3.156 113
-14.583 -3.908 3.111 136
-14.618 -4.013 3.141 136
-14.653 -3.943 3.169 124
-14.606 -3.768 3.130 135
-14.646 -3.938 3.163 120
-14.620 -3.964 3.142 132
-14.661 -3.952 3.176 127
-14.610 -3.877 3.133 134
-14.630 -3.897 3.150 128
-14.597 -3.816 3.122 135
-14.652 -3.751 3.168 123
-14.602 -3.627 3.127 138
-14.651 -4.047 3.167 117
-14.636 -4.422 3.157 107
-14.606 -3.875 3.130 134
-14.625 -3.855 3.146 133
-14.618 -4.131 3.140 129
-14.619 -3.991 3.141 133
-14.610 -4.154 3.134 129
-14.570 -3.659 3.100 139
-14.664 -3.564 3.178 126
-14.606 -4.093 3.130 131
-14.658 -4.075 3.174 124
-14.620 -4.192 3.143 128
-14.604 -3.980 3.128 136
-14.583 -3.587 3.110 137
-14.628 -4.104 3.149 123
-14.634 -3.685 3.153 132
-14.614 -4.135 3.137 129
-14.662 -3.591 3.176 120
-14.663 -3.671 3.178 128
-14.649 -4.375 3.167 112
-14.640 -4.183 3.160 115
-14.646 -4.161 3.163 119
-14.642 -4.000 3.160 119
-14.615 -4.032 3.138 133
-14.641 -4.383 3.161 108
-14.625 -3.990 3.146 132
-14.579 -3.832 3.107 138
-14.551 -3.558 3.084 137
-14.630 -3.807 3.150 133
-14.591 -3.878 3.117 137
-14.608 -4.025 3.132 133
-14.598 -3.912 3.123 136
-14.629 -3.636 3.149 133
-14.584 -3.809 3.112 137
-14.647 -4.389 3.167 112
-14.626 -4.030 3.147 130
-14.648 -4.031 3.165 118
-14.565 -3.587 3.096 138
-14.611 -3.658 3.134 135
-14.633 -3.727 3.153 128
-14.660 -4.051 3.175 124
-14.594 -3.935 3.121 134
-14.633 -4.381 3.155 107
-14.620 -4.021 3.142 130
-14.614 -3.638 3.136 138
-14.597 -4.015 3.123 131
-14.620 -4.072 3.142 129
-14.611 -4.006 3.134 132
-14.616 -3.876 3.139 135
-14.601 -3.913 3.126 135
-14.650 -4.213 3.169 119
-14.625 -3.558 3.146 136
-14.641 -3.611 3.159 118
-14.647 -4.140 3.164 117
-14.613 -3.951 3.136 132
-14.572 -3.579 3.102 138
-14.625 -3.572 3.146 134
-14.604 -3.843 3.128 136
-14.634 -4.419 3.156 108
-14.551 -3.563 3.084 137
-14.620 -3.706 3.141 139
-14.635 -3.569 3.154 134
-14.661 -3.752 3.176 127
-14.606 -4.042 3.130 132
-14.596 -3.695 3.122 136
-14.642 -4.346 3.162 111
-14.625 -3.848 3.146 133
-14.650 -4.024 3.167 120
-14.573 -3.754 3.103 137
-14.650 -4.007 3.167 121
-14.581 -3.760 3.109 139
-14.628 -3.964 3.148 129
-14.658 -3.986 3.173 127
-14.587 -3.720 3.114 135
-14.638 -4.468 3.159 105
-14.601 -3.944 3.126 135
-14.619 -3.963 3.141 132
-14.597 -3.772 3.122 140
-14.651 -4.242 3.170 120
-14.648 -3.722 3.165 117
-14.628 -4.287 3.150 120
-14.636 -3.918 3.155 118
-14.650 -4.593 3.169 109
-14.653 -4.595 3.172 109
-14.604 -4.102 3.128 130
-14.594 -3.562 3.120 139
-14.594 -3.809 3.120 137
-14.633 -3.727 3.153 128
-14.651 -4.132 3.168 119
-14.630 -4.262 3.152 115
-14.629 -4.343 3.151 110
-14.593 -3.761 3.119 137
-14.565 -3.767 3.096 135
-14.655 -3.613 3.171 121
-14.624 -4.024 3.145 128
-14.563 -3.603 3.094 135
-14.642 -3.566 3.160 114
-14.641 -4.408 3.161 107
-14.645 -3.854 3.163 120
-14.657 -4.187 3.174 123
-14.640 -3.855 3.159 116
-14.590 -3.595 3.117 139
-14.602 -3.983 3.127 136
-14.581 -3.908 3.110 135
-14.654 -4.254 3.172 122
-14.631 -4.081 3.151 123
-14.562 -3.649 3.094 134
-14.596 -3.801 3.122 138
-14.632 -3.553 3.151 134
-14.594 -3.696 3.120 136
-14.650 -3.684 3.167 123
-14.639 -4.256 3.160 116
-14.544 -3.539 3.078 140
-14.583 -3.747 3.111 139
-14.568 -3.545 3.098 135
-14.607 -4.082 3.131 132
-14.627 -4.354 3.149 114
-14.618 -3.932 3.140 134
-14.612 -4.055 3.135 131
-14.649 -4.477 3.168 108
-14.627 -4.363 3.150 112
-14.622 -4.289 3.145 125
-14.613 -4.194 3.138 129
-14.639 -4.159 3.158 115
-14.638 -4.367 3.158 108
-14.638 -4.402 3.159 106
-14.621 -3.763 3.143 134
-14.660 -4.168 3.175 123
-14.647 -4.249 3.166 117
-14.648 -4.006 3.165 121
-14.626 -4.015 3.147 127
-14.630 -4.047 3.150 122
-14.584 -3.814 3.111 138
-14.618 -4.055 3.140 131
-14.628 -3.897 3.148 130
-14.563 -3.740 3.095 133
-14.615 -3.931 3.138 134
-14.614 -3.557 3.136 136
-14.622 -3.658 3.144 135
-14.626 -4.010 3.147 126
-14.602 -3.958 3.127 132
-14.550 -3.540 3.083 138
-14.639 -3.809 3.157 117
-14.598 -3.584 3.124 137
-14.641 -4.172 3.161 119
-14.619 -3.975 3.141 132
-14.656 -3.714 3.171 122
-14.656 -3.638 3.172 121
-14.616 -3.888 3.138 134
-14.578 -3.683 3.107 138
-14.649 -3.846 3.166 121
-14.610 -3.800 3.134 135
-14.647 -3.671 3.164 121
-14.649 -3.792 3.166 122
-14.641 -4.283 3.161 114
-14.652 -4.604 3.171 106
-14.624 -3.606 3.145 140
-14.658 -4.064 3.174 126
-14.633 -4.194 3.155 113
-14.627 -3.760 3.148 133
-14.605 -3.563 3.129 138
-14.596 -3.818 3.122 137
-14.628 -4.329 3.150 114
-14.617 -3.578 3.139 135
-14.632 -3.908 3.152 124
-14.642 -4.498 3.162 104
-14.606 -3.946 3.130 133
-14.629 -4.190 3.151 124
-14.660 -4.004 3.175 125
-14.640 -3.787 3.159 122
-14.611 -3.951 3.134 132
-14.589 -3.771 3.116 136
-14.564 -3.614 3.095 136
-14.595 -4.002 3.121 132
-14.599 -3.863 3.124 135
-14.586 -3.819 3.113 137
-14.629 -3.854 3.149 131
-14.618 -4.159 3.140 129
-14.555 -3.639 3.087 138
-14.657 -4.190 3.175 123
-14.637 -3.846 3.156 120
-14.629 -3.786 3.149 132
-14.662 -3.667 3.177 129
-14.625 -4.198 3.148 124
-14.583 -3.576 3.111 137
-14.655 -3.728 3.171 124
-14.643 -4.148 3.161 114
-14.626 -4.253 3.149 119
-14.596 -4.022 3.122 131
-14.624 -3.958 3.145 133
-14.662 -3.839 3.177 128
-14.590 -3.672 3.116 136
-14.627 -4.326 3.149 114
-14.583 -3.604 3.111 137
-14.662 -3.698 3.177 126
-14.584 -3.677 3.112 138
-14.577 -3.640 3.106 140
-14.621 -3.871 3.143 133
-14.599 -3.799 3.124 136
-14.608 -4.125 3.132 130
-14.629 -3.984 3.150 131
-14.635 -4.387 3.156 108
-14.652 -4.264 3.170 119
-14.604 -3.864 3.128 134
-14.624 -3.947 3.145 129
-14.602 -3.938 3.127 131
-14.627 -4.324 3.149 114
-14.659 -3.604 3.174 125
-14.574 -3.811 3.103 137
-14.644 -4.141 3.162 116
-14.632 -4.118 3.152 118
-14.619 -3.732 3.141 138
-14.653 -4.041 3.169 123
-14.569 -3.774 3.100 136
-14.555 -3.648 3.088 138
-14.660 -3.644 3.175 124
-14.557 -3.588 3.089 140
-14.644 -4.144 3.162 116
-14.601 -3.990 3.126 135
-14.600 -3.989 3.125 134
-14.638 -3.798 3.157 119
-14.647 -4.401 3.166 112
-14.654 -4.306 3.172 121
-14.601 -3.578 3.126 138
-14.642 -4.225 3.162 117
-14.610 -3.735 3.133 137
-14.567 -3.690 3.097 136
-14.634 -3.989 3.153 123
-14.648 -3.637 3.165 122
-14.662 -3.817 3.177 128
-14.628 -3.581 3.148 136
-14.592 -3.768 3.119 138
-14.644 -4.497 3.164 106
-14.583 -3.834 3.111 139
-14.650 -4.226 3.169 118
-14.621 -4.087 3.143 128
-14.599 -3.987 3.124 134
-14.653 -3.598 3.169 118
-14.606 -3.591 3.130 136
-14.627 -4.018 3.148 128
-14.644 -3.572 3.162 114
-14.629 -3.971 3.149 130
-14.641 -3.646 3.159 120
-14.581 -3.556 3.109 140
-14.564 -3.715 3.095 139
-14.605 -3.971 3.129 134
-14.634 -4.225 3.155 112
-14.582 -3.632 3.110 142
-14.613 -3.887 3.136 134
-14.614 -3.598 3.137 137
-14.575 -3.566 3.104 137
-14.651 -3.976 3.168 123
-14.580 -3.772 3.109 135
-14.654 -3.584 3.170 117
-14.655 -4.195 3.173 122
-14.566 -3.524 3.075 166
-14.562 -3.520 3.075 162
-14.577 -3.472 3.075 148
-14.546 -3.483 3.075 148
-14.581 -3.506 3.075 125
-14.562 -3.523 3.075 168
-14.609 -3.500 3.075 119
-14.542 -3.458 3.075 150
-14.559 -3.464 3.075 150
-14.615 -3.511 3.075 171
-14.556 -3.484 3.075 147
-14.585 -3.507 3.075 165
-14.589 -3.515 3.075 160
-14.578 -3.489 3.075 151
-14.563 -3.477 3.075 150
-14.544 -3.526 3.076 158
-14.575 -3.463 3.075 150
-14.547 -3.492 3.075 148
-14.619 -3.496 3.075 131
-14.549 -3.465 3.075 150
-14.606 -3.501 3.075 105
-14.575 -3.504 3.075 129
-14.564 -3.459 3.075 148
-14.582 -3.487 3.075 153
-14.618 -3.516 3.075 150
-14.592 -3.520 3.075 153
-14.581 -3.478 3.075 146
-14.544 -3.478 3.075 145
-14.541 -3.477 3.075 149
-14.543 -3.489 3.075 153
-14.568 -3.504 3.075 133
-14.589 -3.522 3.075 160
-14.584 -3.514 3.075 160
-14.547 -3.460 3.075 150
-14.577 -3.479 3.075 147
-14.556 -3.490 3.075 152
-14.579 -3.478 3.075 146
-14.611 -3.515 3.075 164
-14.596 -3.487 3.075 153
-14.549 -3.460 3.075 149
-14.551 -3.523 3.076 172
-14.548 -3.457 3.075 151
-14.612 -3.484 3.075 150
-14.556 -3.458 3.075 149
-14.604 -3.514 3.075 167
-14.581 -3.494 3.075 142
-14.549 -3.456 3.075 151
-14.546 -3.496 3.075 131
-14.592 -3.480 3.075 151
-14.736 -3.881 3.111 138
-14.737 -3.578 3.116 139
-14.751 -3.892 3.098 138
-14.744 -3.813 3.105 137
-14.762 -3.645 3.093 140
-14.746 -3.925 3.101 138
-14.733 -3.733 3.117 139
-14.675 -3.602 3.171 131
-14.719 -3.783 3.128 140
-14.742 -3.582 3.111 138
-14.726 -3.840 3.120 139
-14.771 -3.759 3.082 138
-14.764 -3.718 3.089 141
-14.776 -3.709 3.079 140
-14.676 -3.582 3.170 131
-14.768 -3.995 3.080 136
-14.726 -3.609 3.125 139
-14.770 -3.827 3.082 139
-14.779 -3.737 3.076 141
-14.682 -3.614 3.164 127
-14.750 -3.605 3.104 143
-14.776 -3.569 3.082 140
-14.765 -3.583 3.091 143
-14.732 -3.760 3.117 140
-14.727 -3.562 3.125 141
-14.704 -3.747 3.142 136
-14.672 -3.588 3.174 129
-14.758 -3.855 3.092 141
-14.733 -3.743 3.116 140
-14.764 -3.840 3.087 142
-14.766 -3.876 3.084 138
-14.780 -3.558 3.078 145
-14.701 -3.546 3.149 136
-14.714 -3.790 3.132 140
-14.766 -3.843 3.085 140
-14.770 -3.712 3.084 140
-14.746 -3.922 3.101 138
-14.759 -3.823 3.092 140
-14.781 -3.510 3.078 146
-14.745 -3.548 3.109 142
-14.766 -3.932 3.083 139
-14.738 -3.759 3.112 140
-14.762 -3.952 3.086 138
-14.758 -3.814 3.093 142
-14.766 -3.671 3.089 141
-14.723 -3.686 3.127 139
-14.766 -3.520 3.091 130
-14.742 -3.675 3.109 140
-14.767 -3.587 3.089 140
-14.751 -3.520 3.105 136
-14.769 -3.952 3.081 138
-14.718 -3.699 3.130 137
-14.682 -3.629 3.164 126
-14.764 -3.802 3.088 144
-14.695 -3.671 3.151 132
-14.683 -3.571 3.164 129
-14.757 -3.762 3.095 141
-14.713 -3.671 3.135 141
-14.723 -3.573 3.128 138
-14.776 -3.825 3.076 146
-14.714 -3.621 3.135 140
-14.732 -3.647 3.119 143
-14.753 -3.731 3.099 142
-14.758 -3.666 3.095 143
-14.732 -3.688 3.118 139
-14.760 -3.770 3.091 142
-14.741 -3.663 3.111 142
-14.711 -3.597 3.139 141
-14.768 -3.754 3.085 138
-14.769 -3.624 3.087 140
-14.776 -3.555 3.082 142
-14.772 -3.896 3.079 141
-14.744 -3.607 3.109 138
-14.733 -3.546 3.120 143
-14.758 -3.536 3.098 139
-14.699 -3.709 3.147 131
-14.758 -3.837 3.092 139
-14.709 -3.669 3.140 140
-14.671 -3.577 3.175 132
-14.708 -3.636 3.141 140
-14.780 -3.616 3.077 144
-14.702 -3.613 3.147 139
-14.762 -3.615 3.093 143
-14.749 -3.832 3.101 139
-14.697 -3.655 3.150 130
-14.749 -3.547 3.106 138
-14.783 -3.516 3.076 152
-14.702 -3.571 3.148 135
-14.747 -3.911 3.100 138
-14.710 -3.578 3.140 138
-14.697 -3.642 3.151 134
-14.702 -3.708 3.145 132
-14.698 -3.590 3.150 135
-14.766 -3.583 3.090 143
-14.761 -3.547 3.095 139
-14.742 -3.522 3.112 139
-14.753 -3.587 3.101 141
-14.734 -3.720 3.116 140
-14.740 -3.703 3.111 139
-14.717 -3.631 3.133 141
-14.781 -3.639 3.076 143
-14.765 -3.721 3.088 140
-14.702 -3.695 3.145 134
-14.762 -4.027 3.085 138
-14.697 -3.612 3.151 137
-14.760 -3.722 3.093 142
-14.775 -3.736 3.079 143
-14.719 -3.580 3.132 141
-14.760 -3.543 3.096 140
-14.706 -3.592 3.143 139
-14.739 -3.930 3.107 139
-14.702 -3.656 3.145 136
-14.688 -3.572 3.159 128
-14.736 -3.629 3.116 140
-14.706 -3.615 3.143 142
-14.725 -3.816 3.122 140
-14.766 -4.000 3.082 138
-14.767 -3.674 3.088 140
-14.771 -3.671 3.084 142
-14.764 -3.698 3.090 142
-14.723 -3.549 3.129 140
-14.697 -3.702 3.149 131
-14.738 -3.622 3.114 140
-14.770 -3.837 3.081 140
-14.770 -3.787 3.083 142
-14.773 -3.925 3.077 141
-14.761 -3.679 3.092 143
-14.748 -3.659 3.104 139
-14.709 -3.767 3.137 138
-14.723 -3.669 3.126 139
-14.751 -3.687 3.101 142
-14.761 -3.624 3.093 142
-14.728 -3.682 3.122 140
-14.754 -3.951 3.093 139
-14.705 -3.606 3.144 140
-14.715 -3.678 3.133 138
-14.725 -3.660 3.125 139
-14.753 -3.852 3.096 138
-14.770 -3.807 3.082 141
-14.701 -3.720 3.145 132
-14.771 -3.722 3.083 140
-14.686 -3.594 3.161 129
-14.739 -3.806 3.110 139
-14.756 -3.686 3.097 144
-14.755 -4.002 3.092 139
-14.769 -3.801 3.083 137
-14.731 -3.791 3.117 140
-14.759 -3.522 3.098 134
-14.756 -3.935 3.092 139
-14.780 -3.683 3.076 141
-14.764 -3.895 3.086 139
-14.762 -3.767 3.090 143
-14.696 -3.676 3.151 131
-14.717 -3.718 3.131 138
-14.770 -3.786 3.083 141
-14.705 -3.652 3.143 140
-14.725 -3.657 3.125 140
-14.731 -3.556 3.122 141
-14.763 -3.543 3.093 141
-14.690 -3.627 3.157 129
-14.698 -3.654 3.149 130
-14.766 -4.051 3.081 139
-14.714 -3.586 3.136 139
-14.729 -3.753 3.120 140
-14.743 -3.644 3.109 140
-14.783 -3.510 3.076 163
-14.685 -3.561 3.163 126
-14.772 -3.692 3.083 143
-14.756 -3.736 3.096 143
-14.714 -3.714 3.133 137
-14.717 -3.729 3.131 138
-14.767 -4.026 3.080 141
-14.776 -3.853 3.076 142
-14.762 -3.761 3.090 142
-14.767 -3.517 3.090 141
-14.737 -3.810 3.112 138
-14.717 -3.752 3.131 137
-14.727 -3.538 3.126 141
-14.757 -4.015 3.090 141
-14.781 -3.536 3.078 178
-14.701 -3.584 3.148 135
-14.756 -3.676 3.098 141
-14.780 -3.520 3.079 157
-14.753 -3.922 3.095 139
-14.764 -3.665 3.091 143
-14.682 -3.629 3.164 126
-14.768 -3.558 3.089 142
-14.770 -3.523 3.088 131
-14.720 -3.709 3.128 138
-14.730 -3.657 3.121 141
-14.775 -3.565 3.082 138
-14.685 -3.639 3.161 128
-14.748 -3.675 3.104 143
-14.731 -3.880 3.115 138
-14.724 -3.602 3.127 139
-14.761 -3.930 3.088 139
-14.746 -3.598 3.108 140
-14.703 -3.648 3.145 137
-14.760 -3.707 3.093 143
-14.718 -3.732 3.130 137
-14.723 -3.652 3.127 140
-14.774 -3.798 3.079 145
-14.739 -3.853 3.109 138
-14.741 -3.581 3.112 137
-14.687 -3.628 3.159 127
-14.742 -3.670 3.109 141
-14.729 -3.794 3.119 138
-14.686 -3.631 3.160 127
-14.745 -3.758 3.105 139
-14.771 -3.513 3.087 176
-14.772 -3.961 3.077 139
-14.735 -3.909 3.111 139
-14.751 -3.634 3.103 140
-14.708 -3.630 3.141 141
-14.768 -3.646 3.087 139
-14.736 -3.781 3.113 140
-14.692 -3.631 3.155 129
-14.716 -3.794 3.130 140
-14.764 -3.731 3.089 142
-14.749 -3.983 3.097 138
-14.761 -3.855 3.089 140
-14.770 -3.534 3.088 138
-14.739 -3.759 3.111 140
-14.740 -3.596 3.113 140
-14.739 -3.574 3.114 139
-14.763 -3.857 3.087 140
-14.753 -3.593 3.102 141
-14.773 -3.569 3.084 140
-14.704 -3.716 3.143 132
-14.753 -3.930 3.094 139
-14.769 -4.050 3.078 140
-14.725 -3.708 3.124 138
-14.722 -3.592 3.129 141
-14.715 -3.662 3.134 140
-14.733 -3.604 3.119 139
-14.774 -3.870 3.077 140
-14.724 -3.749 3.124 138
-14.765 -3.587 3.091 140
-14.754 -3.669 3.099 143
-14.753 -3.671 3.100 142
-14.736 -3.710 3.114 140
-14.758 -3.987 3.090 141
-14.703 -3.639 3.145 137
-14.694 -3.571 3.155 129
-14.756 -3.608 3.099 141
-14.716 -3.711 3.132 137
-14.722 -3.543 3.130 140
-14.754 -3.660 3.099 144
-14.694 -3.672 3.152 129
-14.767 -3.524 3.090 130
-14.767 -3.571 3.089 143
-14.765 -3.717 3.089 141
-14.767 -4.045 3.080 141
-14.773 -3.755 3.081 141
-14.739 -3.644 3.113 141
-14.761 -3.534 3.096 138
-14.745 -3.526 3.110 140
-14.749 -3.898 3.099 140
-14.760 -3.827 3.090 140
-14.765 -3.523 3.092 130
-14.767 -3.794 3.085 141
-14.722 -3.662 3.127 139
-14.760 -3.874 3.090 139
-14.751 -3.654 3.102 139
-14.685 -3.556 3.162 131
-14.730 -3.641 3.121 141
-14.722 -3.843 3.125 139
-14.748 -3.928 3.099 139
-14.770 -4.045 3.078 142
-14.719 -3.637 3.131 140
-14.715 -3.656 3.134 139
-14.762 -3.676 3.092 141
-14.727 -3.721 3.122 138
-14.736 -3.892 3.111 137
-14.723 -3.649 3.127 140
-14.764 -3.832 3.087 140
-14.714 -3.718 3.134 137
-14.728 -3.618 3.124 140
-14.730 -3.829 3.117 139
-14.711 -3.753 3.135 136
-14.755 -3.811 3.095 141
-14.722 -3.600 3.129 140
-14.710 -3.605 3.139 142
-14.696 -3.596 3.152 132
-14.750 -3.866 3.099 139
-14.706 -3.693 3.142 136
-14.761 -3.793 3.091 143
-14.773 -3.981 3.076 141
-14.772 -3.858 3.080 139
-14.765 -3.585 3.091 143
-14.759 -3.814 3.092 143
-14.674 -3.598 3.172 130
-14.680 -3.593 3.166 129
-14.684 -3.641 3.162 128
-14.753 -3.931 3.094 139
-14.676 -3.566 3.171 130
-14.694 -3.589 3.154 127
-14.776 -3.773 3.077 145
-14.731 -3.855 3.116 137
-14.756 -3.539 3.100 138
-14.688 -3.652 3.158 126
-14.760 -3.878 3.090 139
-14.712 -3.642 3.137 140
-14.735 -3.846 3.112 138
-14.751 -3.742 3.100 142
-14.744 -3.723 3.107 140
-14.752 -3.808 3.098 140
-14.770 -3.525 3.087 135
-14.772 -3.633 3.083 146
-14.725 -3.625 3.126 138
-14.751 -3.787 3.100 141
-14.691 -3.555 3.158 131
-14.737 -3.692 3.114 140
-14.769 -4.043 3.079 142
-14.735 -3.816 3.113 138
-14.772 -4.030 3.076 141
-14.773 -3.737 3.081 143
-14.724 -3.572 3.128 140
-14.710 -3.550 3.141 138
-14.775 -3.644 3.081 143
-14.708 -3.737 3.139 138
-14.767 -3.990 3.081 138
-14.730 -3.551 3.123 141
-14.748 -3.520 3.107 133
-14.763 -3.616 3.092 143
-14.718 -3.648 3.131 141
-14.757 -3.515 3.099 137
-14.730 -3.635 3.121 140
-14.733 -3.544 3.120 144
-14.743 -3.880 3.105 141
-14.731 -3.811 3.117 138
-14.768 -3.603 3.088 141
-14.717 -3.691 3.132 138
-14.771 -3.674 3.084 142
-14.755 -3.903 3.093 140
-14.716 -3.681 3.133 138
-14.746 -3.838 3.103 138
-14.748 -3.936 3.099 139
-14.765 -4.012 3.082 139
-14.745 -3.780 3.105 143
-14.765 -3.503 3.092 147
-14.717 -3.794 3.129 140
-14.763 -3.655 3.091 142
-14.712 -3.581 3.139 140
-14.740 -3.788 3.110 141
-14.733 -3.798 3.115 139
-14.762 -3.595 3.093 143
-14.714 -3.662 3.134 140
-14.721 -3.734 3.127 138
-14.769 -3.732 3.085 141
-14.760 -3.830 3.091 139
-14.768 -3.784 3.084 141
-14.747 -3.807 3.102 142
-14.703 -3.661 3.145 136
-14.704 -3.747 3.142 134
-14.760 -3.666 3.094 143
-14.741 -3.621 3.112 140
-14.702 -3.569 3.147 136
-14.751 -3.544 3.104 139
-14.739 -3.638 3.113 138
-14.723 -3.545 3.129 141
-14.762 -3.613 3.093 141
-14.745 -3.653 3.107 140
-14.768 -3.738 3.086 141
-14.685 -3.631 3.161 127
-14.737 -3.544 3.117 144
-14.740 -3.759 3.110 140
-14.680 -3.597 3.166 130
-14.781 -3.652 3.076 145
-14.752 -3.984 3.095 138
-14.698 -3.661 3.149 129
-14.672 -3.587 3.174 130
-14.742 -3.905 3.105 137
-14.707 -3.561 3.143 139
-14.769 -3.517 3.089 145
-14.740 -3.878 3.108 139
-14.765 -3.811 3.086 143
-14.756 -3.821 3.094 138
-14.679 -3.584 3.168 131
-14.762 -3.947 3.087 139
-14.731 -3.551 3.122 141
-14.779 -3.502 3.080 169
-14.768 -3.533 3.089 141
-14.756 -3.612 3.099 140
-14.768 -3.962 3.081 140
-14.770 -3.608 3.086 143
-14.688 -3.659 3.158 126
-14.724 -3.622 3.126 139
-14.751 -3.908 3.097 139
-14.774 -3.931 3.076 143
-14.702 -3.549 3.148 136
-14.762 -3.916 3.087 138
-14.752 -3.653 3.101 140
-14.701 -3.656 3.146 136
-14.733 -3.826 3.114 138
-14.756 -3.790 3.095 141
-14.730 -3.648 3.121 143
-14.765 -3.827 3.086 142
-14.765 -3.991 3.083 137
-14.719 -3.638 3.131 140
-14.729 -3.631 3.122 141
-14.752 -3.712 3.100 141
-14.692 -3.548 3.157 130
-14.764 -3.711 3.089 140
-14.771 -3.930 3.078 143
-14.755 -3.596 3.100 141
-14.760 -3.853 3.090 140
-14.726 -3.848 3.121 139
-14.734 -3.757 3.115 140
-14.758 -3.735 3.094 145
-14.737 -3.542 3.117 144
-14.773 -3.858 3.079 143
-14.765 -3.762 3.087 142
-14.734 -3.775 3.115 141
-14.759 -3.556 3.097 139
-14.735 -3.870 3.112 137
-14.736 -3.765 3.114 139
-14.759 -3.604 3.096 140
-14.720 -3.599 3.131 140
-14.759 -3.790 3.092 143
-14.753 -3.983 3.093 138
-14.728 -3.841 3.118 137
-14.767 -4.042 3.080 142
-14.681 -3.627 3.165 126
-14.740 -3.744 3.110 139
-14.769 -3.625 3.087 140
-14.682 -3.605 3.165 129
-14.735 -3.696 3.116 139
-14.767 -3.990 3.081 138
-14.758 -3.630 3.096 140
-14.752 -3.963 3.095 138
-14.737 -3.727 3.113 140
-14.748 -3.511 3.108 145
-14.739 -3.532 3.115 138
-14.740 -3.568 3.113 142
-14.709 -3.729 3.137 137
-14.756 -3.705 3.097 143
-14.767 -3.543 3.090 140
-14.773 -3.535 3.085 137
-14.776 -3.580 3.081 143
-14.755 -3.581 3.100 137
-14.769 -3.961 3.080 140
-14.771 -3.692 3.084 143
-14.732 -3.730 3.118 140
-14.763 -3.744 3.089 139
-14.714 -3.598 3.136 140
-14.777 -3.705 3.078 141
-14.755 -3.790 3.096 141
-14.777 -3.535 3.081 142
-14.758 -4.003 3.089 141
-14.715 -3.590 3.135 139
-14.756 -3.922 3.092 138
-14.701 -3.551 3.148 136
-14.765 -3.743 3.088 140
-14.770 -3.500 3.088 163
-14.704 -3.580 3.145 137
-14.772 -3.927 3.078 139
-14.767 -3.793 3.085 141
-14.749 -3.704 3.103 142
-14.763 -3.808 3.088 145
-14.726 -3.712 3.123 138
-14.762 -3.756 3.090 142
-14.782 -3.556 3.077 146
-14.758 -3.884 3.092 141
-14.698 -3.611 3.150 136
-14.751 -3.667 3.102 141
-14.757 -3.678 3.096 142
-14.737 -3.593 3.115 140
-14.757 -3.988 3.090 140
-14.763 -3.985 3.085 138
-14.746 -3.570 3.108 138
-14.716 -3.812 3.130 138
-14.732 -3.852 3.115 138
-14.773 -3.680 3.082 143
-14.774 -3.689 3.081 140
-14.756 -3.578 3.099 135
-14.720 -3.719 3.128 138
-14.703 -3.586 3.146 137
-14.762 -3.749 3.090 139
-14.752 -4.148 3.092 137
-14.708 -4.193 3.129 134
-14.726 -4.070 3.117 137
-14.677 -3.909 3.164 131
-14.703 -3.918 3.140 135
-14.729 -4.144 3.113 136
-14.726 -4.148 3.116 136
-14.693 -4.152 3.145 127
-14.761 -4.088 3.085 142
-14.696 -4.324 3.138 132
-14.686 -3.663 3.160 127
-14.684 -4.264 3.150 126
-14.743 -3.962 3.103 137
-14.706 -3.825 3.139 136
-14.677 -4.351 3.155 123
-14.657 -4.563 3.170 111
-14.710 -3.880 3.135 136
-14.681 -4.249 3.153 128
-14.703 -4.279 3.133 134
-14.672 -4.310 3.160 128
-14.669 -4.139 3.168 127
-14.705 -3.944 3.138 135
-14.729 -4.021 3.115 136
-14.746 -3.993 3.100 139
-14.659 -4.311 3.172 123
-14.670 -4.449 3.160 117
-14.699 -3.758 3.147 133
-14.661 -4.586 3.166 104
-14.695 -4.232 3.141 128
-14.679 -4.194 3.156 125
-14.715 -4.167 3.125 134
-14.675 -4.070 3.163 128
-14.671 -4.044 3.167 126
-14.670 -3.916 3.170 131
-14.676 -4.261 3.158 127
-14.704 -3.800 3.142 136
-14.681 -4.257 3.153 126
-14.656 -4.483 3.172 112
-14.659 -4.256 3.173 125
-14.668 -3.631 3.177 128
-14.742 -4.029 3.103 138
-14.742 -4.029 3.103 138
-14.672 -4.115 3.165 129
-14.662 -4.373 3.168 119
-14.671 -3.945 3.169 129
-14.695 -3.864 3.149 130
-14.732 -3.909 3.114 138
-14.698 -4.313 3.137 132
-14.692 -4.316 3.142 131
-14.711 -3.842 3.134 136
-14.742 -4.078 3.102 137
-14.726 -4.287 3.112 133
-14.679 -3.633 3.166 128
-14.723 -4.189 3.116 134
-14.693 -4.029 3.147 128
-14.655 -4.570 3.172 111
-14.671 -4.043 3.168 127
-14.664 -4.565 3.164 106
-14.725 -4.255 3.113 135
-14.659 -4.343 3.172 123
-14.691 -3.871 3.152 127
-14.754 -4.084 3.091 142
-14.722 -3.995 3.122 137
-14.681 -4.242 3.153 126
-14.724 -4.023 3.120 136
-14.675 -3.667 3.170 130
-14.722 -4.048 3.121 136
-14.674 -4.270 3.159 126
-14.743 -4.125 3.101 137
-14.693 -3.785 3.151 129
-14.663 -4.485 3.166 114
-14.742 -4.044 3.103 137
-14.698 -4.325 3.137 132
-14.686 -4.013 3.154 126
-14.703 -3.897 3.141 134
-14.661 -4.388 3.169 117
-14.679 -3.825 3.164 128
-14.679 -4.187 3.156 126
-14.736 -3.985 3.109 137
-14.729 -4.041 3.114 137
-14.677 -4.244 3.157 126
-14.716 -4.286 3.121 133
-14.705 -4.030 3.136 136
-14.665 -3.674 3.179 128
-14.677 -3.710 3.167 130
-14.673 -3.652 3.171 131
-14.727 -4.200 3.112 135
-14.743 -4.023 3.102 138
-14.663 -4.508 3.165 115
-14.681 -3.712 3.163 126
-14.727 -4.161 3.114 134
-14.662 -4.484 3.167 115
-14.764 -4.105 3.082 138
-14.732 -4.065 3.111 137
-14.680 -4.298 3.153 125
-14.682 -4.448 3.149 116
-14.675 -3.666 3.169 130
-14.664 -4.575 3.164 100
-14.674 -3.661 3.170 131
-14.685 -4.250 3.150 126
-14.706 -4.026 3.136 135
-14.717 -3.844 3.129 139
-14.681 -4.256 3.153 125
-14.670 -4.254 3.163 128
-14.665 -4.269 3.167 128
-14.667 -4.069 3.171 127
-14.735 -4.033 3.109 137
-14.676 -4.307 3.156 126
-14.657 -4.324 3.174 122
-14.667 -4.454 3.162 117
-14.720 -4.251 3.118 134
-14.688 -4.157 3.150 123
-14.764 -4.095 3.082 139
-14.736 -4.104 3.108 138
-14.665 -4.371 3.166 120
-14.714 -4.288 3.122 133
-14.729 -4.120 3.113 136
-14.762 -4.107 3.084 138
-14.670 -3.599 3.175 128
-14.712 -4.321 3.124 134
-14.679 -3.942 3.161 129
-14.697 -3.918 3.146 132
-14.671 -4.450 3.159 117
-14.698 -3.872 3.146 132
-14.716 -3.893 3.128 138
-14.738 -3.927 3.109 139
-14.716 -4.062 3.126 136
-14.689 -4.079 3.151 125
-14.748 -4.097 3.096 139
-14.758 -4.031 3.088 142
-14.661 -4.320 3.170 124
-14.671 -3.814 3.171 131
-14.667 -3.949 3.172 129
-14.681 -4.157 3.156 126
-14.742 -4.079 3.103 136
-14.657 -4.596 3.169 104
-14.655 -4.549 3.172 114
-14.712 -4.269 3.125 133
-14.702 -4.044 3.139 134
-14.717 -3.883 3.128 138
-14.692 -4.170 3.145 127
-14.756 -4.086 3.090 141
-14.660 -4.545 3.167 114
-14.697 -4.141 3.142 129
-14.716 -3.872 3.129 139
-14.695 -4.113 3.144 131
-14.694 -3.926 3.148 129
-14.676 -4.334 3.156 126
-14.685 -4.392 3.147 118
-14.698 -4.098 3.142 131
-14.675 -4.257 3.159 128
-14.707 -3.781 3.139 137
-14.740 -4.224 3.100 135
-14.722 -4.084 3.120 138
-14.696 -4.152 3.143 128
-14.659 -4.410 3.170 116
-14.684 -4.010 3.156 127
-14.752 -4.154 3.092 138
-14.725 -3.888 3.121 138
-14.669 -3.813 3.173 131
-14.689 -4.130 3.149 123
-14.664 -4.185 3.170 127
-14.668 -4.480 3.161 115
-14.660 -4.534 3.167 116
-14.716 -4.265 3.121 132
-14.704 -4.201 3.133 134
-14.702 -4.061 3.139 135
-14.748 -4.055 3.097 138
-14.696 -4.154 3.143 128
-14.658 -4.333 3.173 121
-14.713 -3.888 3.131 137
-14.740 -4.169 3.103 135
-14.690 -3.750 3.155 124
-14.749 -4.026 3.097 138
-14.731 -4.070 3.113 138
-14.704 -4.268 3.132 135
-14.673 -4.426 3.158 119
-14.680 -3.901 3.161 128
-14.720 -4.216 3.118 133
-14.714 -4.285 3.123 133
-14.766 -4.084 3.080 138
-14.718 -3.857 3.127 138
-14.675 -3.887 3.166 130
-14.666 -3.985 3.173 129
-14.729 -4.043 3.115 137
-14.666 -4.449 3.163 117
-14.727 -4.159 3.115 134
-14.744 -3.979 3.102 137
-14.727 -4.222 3.112 134
-14.706 -4.244 3.130 135
-14.672 -4.445 3.159 117
-14.667 -4.125 3.169 126
-14.696 -4.134 3.143 129
-14.701 -4.201 3.136 132
-14.704 -3.818 3.141 136
-14.706 -4.308 3.129 135
-14.738 -4.044 3.106 136
-14.736 -4.248 3.104 135
-14.677 -4.100 3.161 125
-14.683 -4.020 3.157 128
-14.720 -4.327 3.117 134
-14.662 -4.384 3.168 120
-14.690 -3.811 3.153 126
-14.704 -4.360 3.130 131
-14.687 -4.160 3.151 123
-14.677 -4.073 3.161 126
-14.695 -3.887 3.148 128
-14.707 -4.184 3.131 134
-14.712 -3.966 3.132 137
-14.711 -4.233 3.127 133
-14.684 -3.777 3.159 127
-14.717 -4.287 3.120 132
-14.734 -3.999 3.111 136
-14.751 -4.139 3.093 139
-14.681 -4.291 3.152 126
-14.697 -3.731 3.149 131
-14.683 -4.063 3.156 127
-14.676 -4.278 3.157 126
-14.663 -3.992 3.175 126
-14.668 -4.078 3.169 126
-14.684 -4.095 3.155 123
-14.686 -4.201 3.149 123
-14.713 -4.200 3.125 135
-14.695 -3.752 3.150 130
-14.683 -3.891 3.159 128
-14.755 -4.164 3.089 135
-14.704 -3.968 3.138 137
-14.660 -4.211 3.173 125
-14.676 -3.953 3.164 130
-14.675 -3.765 3.168 130
-14.750 -4.106 3.095 138
-14.704 -4.171 3.134 132
-14.683 -4.209 3.152 126
-14.692 -3.738 3.153 129
-14.669 -4.103 3.168 127
-14.695 -4.238 3.141 128
-14.733 -4.170 3.108 134
-14.669 -4.052 3.169 129
-14.715 -4.272 3.122 133
-14.692 -4.181 3.144 126
-14.698 -4.364 3.136 129
-14.660 -4.524 3.168 117
-14.696 -4.333 3.138 131
-14.701 -4.311 3.134 134
-14.678 -3.738 3.166 129
-14.736 -4.039 3.108 136
-14.714 -3.830 3.132 138
-14.661 -4.303 3.170 124
-14.679 -4.099 3.159 124
-14.678 -3.809 3.165 128
-14.731 -4.029 3.113 136
-14.742 -4.155 3.101 137
-14.694 -3.756 3.151 127
-14.673 -4.242 3.160 128
-14.698 -4.273 3.138 133
-14.696 -3.915 3.146 132
-14.666 -4.522 3.163 113
-14.680 -3.884 3.162 129
-14.737 -4.031 3.108 137
-14.672 -4.058 3.166 130
-14.674 -3.723 3.170 130
-14.677 -4.107 3.161 128
-14.696 -4.297 3.139 131
-14.679 -4.345 3.154 125
-14.669 -4.357 3.163 123
-14.737 -4.114 3.106 138
-14.668 -4.112 3.169 128
-14.671 -4.374 3.160 121
-14.764 -4.082 3.082 139
-14.679 -3.633 3.167 128
-14.736 -4.051 3.108 138
-14.694 -3.937 3.148 129
-14.726 -4.097 3.116 137
-14.678 -3.936 3.162 130
-14.715 -4.027 3.128 136
-14.670 -3.997 3.169 129
-14.725 -3.892 3.121 139
-14.682 -4.254 3.152 125
-14.694 -4.004 3.147 129
-14.667 -3.795 3.175 129
-14.663 -4.372 3.168 119
-14.680 -4.101 3.159 124
-14.665 -3.834 3.176 129
-14.680 -3.873 3.162 128
-14.657 -4.491 3.171 111
-14.736 -3.975 3.109 136
-14.662 -4.116 3.174 124
-14.699 -3.936 3.143 132
-14.677 -3.989 3.163 129
-14.715 -4.320 3.121 133
-14.733 -4.205 3.107 134
-14.663 -4.187 3.170 127
-14.756 -4.119 3.089 139
-14.669 -4.520 3.160 113
-14.757 -4.124 3.088 139
-14.675 -4.087 3.163 128
-14.657 -4.432 3.172 114
-14.664 -3.919 3.175 124
-14.677 -4.488 3.153 115
-14.707 -4.064 3.134 137
-14.665 -3.739 3.178 130
-14.702 -4.308 3.133 133
-14.686 -3.774 3.158 124
-14.699 -3.974 3.143 133
-14.720 -4.055 3.123 136
-14.712 -4.159 3.128 134
-14.687 -4.086 3.152 125
-14.670 -3.793 3.172 130
-14.718 -4.200 3.120 133
-14.745 -4.173 3.097 135
-14.705 -3.963 3.137 137
-14.665 -4.451 3.165 117
-14.697 -4.029 3.144 130
-14.726 -4.293 3.112 133
-14.689 -4.149 3.149 124
-14.736 -4.026 3.109 136
-14.754 -4.089 3.091 140
-14.691 -3.864 3.152 127
-14.673 -4.069 3.165 130
-14.661 -4.474 3.167 113
-14.689 -4.141 3.150 121
-14.696 -4.034 3.145 129
-14.701 -4.112 3.139 134
-14.732 -4.023 3.113 136
-14.702 -4.286 3.134 135
-14.681 -3.852 3.161 128
-14.742 -4.030 3.103 138
-14.708 -4.000 3.134 136
-14.684 -4.270 3.150 126
-14.688 -3.968 3.153 127
-14.677 -4.139 3.160 127
-14.758 -4.062 3.088 140
-14.709 -4.295 3.127 134
-14.664 -3.759 3.178 128
-14.679 -3.697 3.165 126
-14.680 -4.418 3.152 117
-14.679 -4.320 3.154 126
-14.715 -4.220 3.123 133
-14.663 -4.200 3.170 128
-14.693 -4.412 3.139 124
-14.754 -4.052 3.091 140
-14.723 -3.856 3.123 139
-14.742 -4.042 3.103 139
-14.676 -4.438 3.155 116
-14.696 -4.023 3.145 130
-14.696 -4.384 3.138 125
-14.671 -4.239 3.162 129
-14.754 -4.152 3.090 139
-14.673 -3.765 3.170 130
-14.693 -4.043 3.148 127
-14.664 -4.068 3.173 127
-14.692 -4.412 3.141 124
-14.721 -3.851 3.125 139
-14.732 -4.007 3.112 135
-14.728 -3.924 3.117 138
-14.669 -4.316 3.163 126
-14.659 -4.438 3.170 116
-14.669 -3.974 3.170 131
-14.723 -4.220 3.115 133
-14.664 -4.016 3.174 122
-14.685 -3.924 3.156 128
-14.721 -4.116 3.121 136
-14.686 -4.454 3.145 117
-14.706 -3.961 3.137 138
-14.766 -4.102 3.080 140
-14.711 -4.189 3.127 134
-14.726 -4.183 3.113 134
-14.671 -3.933 3.169 129
-14.704 -4.177 3.134 133
-14.681 -4.479 3.150 114
-14.703 -4.141 3.137 134
-14.727 -4.043 3.117 137
-14.662 -4.007 3.176 126
-14.677 -3.777 3.166 131
-14.697 -3.890 3.146 129
-14.665 -4.513 3.163 113
-14.672 -4.219 3.162 128
-14.728 -4.120 3.114 136
-14.746 -4.127 3.098 138
-14.657 -4.553 3.170 115
-14.657 -4.324 3.174 122
-14.689 -4.465 3.143 118
-14.692 -4.367 3.141 126
-14.673 -4.069 3.165 130
-14.722 -4.010 3.122 136
-14.664 -4.497 3.165 113
-14.661 -4.475 3.168 113
-14.689 -3.961 3.153 126
-14.676 -4.039 3.163 128
-14.674 -3.925 3.166 129
-14.699 -3.954 3.143 134
-14.705 -3.789 3.141 136
-14.666 -3.998 3.173 128
-14.715 -4.283 3.122 133
-14.696 -4.254 3.139 132
-14.715 -4.205 3.123 133
-14.745 -4.040 3.100 139
-14.752 -4.023 3.094 139
-14.700 -4.042 3.141 134
-14.716 -4.040 3.127 137
-14.727 -4.245 3.111 134
-14.735 -4.018 3.110 136
-14.733 -4.170 3.108 134
-14.686 -4.262 3.148 126
-14.675 -4.345 3.157 125
-14.718 -4.243 3.119 132
-14.752 -4.180 3.090 137
-14.733 -4.223 3.107 135
-14.703 -3.760 3.143 134
-14.710 -3.784 3.136 139
-14.676 -4.087 3.162 128
-14.665 -3.796 3.177 127
-14.731 -4.024 3.113 136
-14.665 -4.466 3.164 113
-14.727 -4.065 3.116 137
-14.674 -3.906 3.166 131
-14.695 -4.298 3.140 131
-14.680 -3.810 3.162 128
-14.670 -3.995 3.169 128
-14.689 -4.253 3.146 124
-14.690 -3.843 3.153 127
-14.658 -4.198 3.175 124
-14.692 -4.374 3.141 125
-14.736 -4.210 3.104 134
-14.672 -4.207 3.162 128
-14.693 -3.773 3.152 127
-14.666 -3.947 3.173 129
-14.666 -3.790 3.176 129
-14.757 -4.153 3.087 139
-14.660 -4.552 3.167 112
-14.695 -3.783 3.150 129
-14.717 -4.157 3.123 134
-14.683 -3.854 3.160 128
-14.663 -4.421 3.167 116
-14.659 -4.506 3.169 118
-14.729 -4.078 3.114 138
-14.688 -3.829 3.155 124
-14.659 -4.527 3.168 117
-14.719 -3.874 3.126 138
-14.660 -4.170 3.175 123
-14.704 -4.120 3.136 134
-14.739 -4.173 3.102 135
-14.707 -3.980 3.136 137
-14.704 -4.317 3.131 134
-14.717 -4.003 3.126 137
-14.735 -4.085 3.109 137
-14.669 -3.575 3.176 132
-14.699 -4.393 3.135 126
-14.723 -3.952 3.121 136
-14.676 -4.464 3.154 115
-14.673 -3.732 3.170 130
-14.661 -4.073 3.176 125
-14.666 -3.659 3.178 128
-14.737 -4.196 3.103 135
-14.725 -3.993 3.119 137
-14.657 -4.447 3.172 112
-14.691 -4.254 3.144 127
-14.706 -3.770 3.140 136
-14.656 -4.584 3.171 103
-14.677 -3.747 3.167 128
-14.687 -3.757 3.158 123
-14.669 -4.256 3.164 128
-14.683 -3.771 3.161 128
-14.660 -4.465 3.169 114
-14.716 -4.186 3.122 133
-14.671 -4.454 3.159 116
-14.677 -4.434 3.154 117
-14.683 -4.301 3.151 125
-14.741 -4.110 3.102 139
-14.700 -4.244 3.136 133
-14.701 -4.252 3.134 137
-14.666 -3.930 3.174 127
-14.664 -3.931 3.175 124
-14.699 -3.959 3.143 134
-14.729 -4.215 3.110 134
-14.722 -4.203 3.116 133
-14.676 -4.248 3.158 127
-14.674 -4.041 3.164 128
-14.689 -4.083 3.151 125
-14.719 -4.302 3.118 134
-14.717 -4.335 3.119 132
-14.756 -4.157 3.088 137
-14.681 -4.227 3.153 127
-14.700 -4.003 3.141 133
-14.716 -4.170 3.124 134
-14.657 -4.401 3.173 115
-14.656 -4.576 3.171 110
-14.673 -4.081 3.165 128
-14.701 -4.378 3.133 130
-14.665 -4.081 3.172 124
-14.700 -4.119 3.140 132
-14.704 -3.968 3.138 137
-14.714 -4.022 3.128 136
-14.718 -3.985 3.126 136
-14.714 -3.916 3.130 137
-14.713 -3.922 3.131 138
-14.722 -4.145 3.119 135
-14.685 -3.878 3.157 127
-14.667 -4.118 3.170 126
-14.672 -4.160 3.165 125
-14.667 -4.404 3.163 120
-14.671 -4.394 3.160 120
-14.676 -4.171 3.160 127
-14.659 -4.480 3.169 114
-14.732 -4.259 3.107 135
-14.667 -4.461 3.163 114
-14.751 -4.057 3.095 139
-14.726 -4.188 3.113 134
-14.702 -3.798 3.143 136
-14.660 -4.269 3.172 125
-14.663 -3.917 3.177 124
-14.759 -4.061 3.087 141
-14.762 -4.088 3.084 142
-14.686 -3.730 3.159 126
-14.717 -3.854 3.129 138
-14.659 -4.174 3.174 123
-14.710 -4.185 3.127 134
-14.739 -4.082 3.105 137
-14.660 -4.502 3.168 114
-14.755 -4.139 3.090 140
-14.708 -3.945 3.135 136
-14.697 -4.362 3.136 128
-14.715 -4.125 3.126 136
-14.669 -3.900 3.171 132
-14.670 -4.397 3.161 120
-14.722 -4.103 3.120 139
-14.699 -4.230 3.137 133
-14.665 -4.093 3.172 125
-14.718 -4.294 3.119 133
-14.682 -4.419 3.149 117
-14.672 -3.995 3.168 128
-14.687 -4.013 3.153 126
-14.682 -4.024 3.158 130
-14.694 -3.867 3.149 129
-14.677 -3.822 3.165 129
-14.675 -3.952 3.165 130
-14.666 -3.597 3.179 126
-14.719 -4.298 3.118 133
-14.664 -4.439 3.166 117
-14.679 -3.851 3.163 129
-14.684 -4.315 3.149 126
-14.715 -4.306 3.121 134
-14.712 -3.980 3.131 137
-14.686 -4.287 3.148 126
-14.700 -3.813 3.145 133
-14.723 -4.290 3.114 133
-14.665 -3.755 3.177 129
-14.695 -3.783 3.149 131
-14.713 -4.034 3.130 136
-14.726 -4.086 3.117 138
-14.726 -4.287 3.112 133
-14.669 -4.343 3.162 124
-14.725 -4.232 3.113 134
-14.716 -3.844 3.130 139
-14.732 -4.035 3.112 138
-14.702 -4.295 3.134 134
-14.714 -3.838 3.132 137
-14.685 -3.962 3.156 127
-14.684 -3.895 3.158 128
-14.740 -4.208 3.100 134
-14.703 -4.272 3.133 133
-14.691 -3.945 3.151 126
-14.689 -3.699 3.156 126
-14.670 -4.485 3.160 115
-14.688 -4.184 3.148 124
-14.664 -4.402 3.166 119
-14.679 -4.240 3.155 125
-14.702 -3.832 3.142 134
-14.674 -4.488 3.156 115
-14.738 -4.115 3.105 138
-14.668 -3.623 3.177 129
-14.701 -3.839 3.143 134
-14.691 -3.838 3.152 126
-14.668 -3.893 3.172 131
-14.695 -4.406 3.138 123
-14.699 -3.845 3.145 133
-14.667 -4.103 3.170 127
-14.690 -4.114 3.148 123
-14.699 -4.392 3.134 126
-14.737 -4.214 3.103 134
-14.679 -3.710 3.165 127
-14.733 -4.230 3.106 135
-14.679 -3.638 3.167 128
-14.726 -4.228 3.113 134
-14.700 -4.413 3.133 124
-14.676 -3.719 3.168 129
-14.732 -3.905 3.114 137
-14.676 -3.838 3.166 130
-14.676 -4.502 3.154 112
-14.676 -4.040 3.163 128
-14.656 -4.378 3.174 118
-14.755 -4.051 3.091 140
-14.730 -4.169 3.111 134
-14.656 -4.601 3.170 108
-14.673 -3.989 3.167 131
-14.677 -4.398 3.154 118
-14.706 -3.903 3.138 135
-14.722 -4.245 3.116 134
-14.687 -3.984 3.153 128
-14.723 -3.907 3.122 140
-14.677 -4.368 3.155 120
-14.688 -4.181 3.148 124
-14.753 -4.141 3.091 138
-14.691 -4.108 3.148 128
-14.722 -4.192 3.117 133
-14.676 -4.246 3.158 126
-14.661 -4.383 3.169 118
-14.721 -4.172 3.118 134
-14.674 -3.988 3.165 129
-14.681 -4.004 3.158 128
-14.755 -4.136 3.089 139
-14.693 -3.762 3.151 128
-14.672 -4.195 3.162 127
-14.707 -4.283 3.129 134
-14.665 -4.560 3.163 105
-14.667 -3.894 3.173 128
-14.738 -3.939 3.108 139
-14.705 -3.820 3.140 137
-14.722 -4.105 3.120 138
-14.662 -4.042 3.176 124
-14.716 -4.263 3.122 133
-14.717 -4.012 3.126 136
-14.740 -3.942 3.106 138
-14.690 -4.309 3.144 128
-14.684 -3.793 3.159 128
-14.689 -4.177 3.147 123
-14.764 -4.133 3.082 138
-14.687 -4.019 3.154 125
-14.725 -4.112 3.117 137
-14.711 -4.166 3.129 134
-14.727 -4.072 3.116 138
-14.684 -4.272 3.150 125
-14.763 -4.060 3.083 142
-14.669 -4.356 3.163 123
-14.710 -4.191 3.128 134
-14.733 -3.943 3.112 136
-14.664 -4.479 3.165 115
-14.707 -3.970 3.136 137
-14.664 -3.725 3.178 128
-14.698 -4.311 3.137 132
-14.670 -4.158 3.166 126
-14.722 -4.218 3.116 133
-14.674 -3.820 3.168 130
-14.657 -4.569 3.170 111
-14.720 -3.969 3.124 137
-14.724 -3.968 3.121 137
-14.676 -4.104 3.161 124
-14.658 -4.382 3.172 117
-14.756 -4.129 3.089 139
-14.696 -4.429 3.137 124
-14.665 -3.991 3.174 128
-14.676 -3.914 3.165 131
-14.710 -4.004 3.132 136
-14.667 -3.843 3.174 130
-14.671 -4.140 3.165 127
-14.687 -4.240 3.148 126
-14.714 -3.883 3.131 137
-14.745 -4.054 3.100 136
-14.684 -3.719 3.161 127
-14.667 -3.837 3.174 130
-14.689 -3.934 3.152 127
-14.707 -3.836 3.138 136
-14.726 -4.032 3.117 136
-14.698 -3.997 3.143 131
-14.698 -4.262 3.138 132
-14.664 -4.094 3.173 124
-14.684 -3.886 3.158 127
-14.677 -3.776 3.166 130
-14.714 -4.232 3.123 134
-14.756 -4.161 3.089 135
-14.691 -4.095 3.148 121
-14.662 -4.410 3.168 117
-14.705 -4.290 3.130 134
-14.709 -4.167 3.131 132
-14.737 -4.170 3.104 134
-14.692 -4.408 3.140 124
-14.708 -4.042 3.134 137
-14.692 -3.788 3.152 129
-14.700 -4.325 3.135 133
-14.656 -4.429 3.173 114
-14.683 -3.765 3.161 125
-14.683 -4.415 3.149 117
-14.665 -4.166 3.171 126
-14.673 -4.093 3.165 127
-14.706 -3.810 3.139 137
-14.695 -4.004 3.146 131
-14.666 -4.443 3.164 116
-14.664 -3.888 3.176 124
-14.737 -3.925 3.109 139
-14.698 -3.926 3.144 134
-14.673 -4.412 3.158 118
-14.667 -4.487 3.162 114
-14.697 -4.060 3.143 133
-14.667 -4.032 3.171 125
-14.692 -4.191 3.144 125
-14.685 -4.290 3.149 125
-14.729 -4.131 3.113 137
-14.712 -4.235 3.125 133
-14.682 -3.924 3.159 129
-14.729 -4.215 3.110 134
-14.765 -4.112 3.080 137
-14.682 -4.291 3.152 126
-14.670 -4.282 3.163 129
-14.712 -3.920 3.132 137
-14.683 -4.106 3.155 124
-14.690 -4.246 3.145 126
-14.680 -3.975 3.160 129
-14.678 -3.670 3.167 128
-14.701 -4.369 3.133 130
-14.696 -4.303 3.139 130
-14.690 -4.248 3.145 127
-14.681 -3.852 3.161 128
-14.666 -3.638 3.178 127
-14.663 -4.288 3.169 127
-14.665 -4.216 3.168 128
-14.683 -3.784 3.161 129
-14.698 -4.033 3.143 132
-14.702 -4.009 3.140 135
-14.741 -4.151 3.102 137
-14.751 -4.065 3.095 140
-14.670 -3.790 3.172 130
-14.748 -4.060 3.097 140
-14.714 -3.899 3.131 137
-14.657 -4.335 3.174 121
-14.748 -4.158 3.095 135
-14.698 -3.924 3.144 134
-14.699 -4.358 3.135 129
-14.665 -4.365 3.166 121
-14.697 -3.881 3.146 130
-14.674 -4.473 3.156 114
-14.692 -4.231 3.143 128
-14.668 -3.894 3.173 131
-14.686 -4.166 3.152 124
-14.681 -4.464 3.150 114
-14.687 -4.427 3.145 118
-14.698 -3.861 3.146 132
-14.674 -4.463 3.156 115
-14.748 -4.169 3.094 135
-14.674 -3.948 3.166 130
-14.707 -4.151 3.133 133
-14.677 -4.436 3.154 117
-14.736 -4.155 3.106 134
-14.711 -4.105 3.130 136
-14.751 -4.135 3.093 137
-14.690 -3.949 3.152 126
-14.675 -4.298 3.158 126
-14.703 -4.075 3.137 135
-14.702 -3.938 3.141 134
-14.692 -3.975 3.150 128
-14.669 -4.554 3.159 108
-14.661 -4.537 3.167 116
-14.684 -3.777 3.160 127
-14.699 -3.925 3.144 134
-14.737 -4.193 3.103 135
-14.658 -4.487 3.170 111
-14.744 -4.182 3.097 135
-14.686 -3.750 3.159 124
-14.682 -4.327 3.151 124
-14.692 -4.056 3.148 128
-14.665 -4.489 3.163 113
-14.664 -3.864 3.176 127
-14.698 -4.273 3.137 133
-14.703 -4.186 3.134 133
-14.685 -4.438 3.147 116
-14.701 -4.005 3.140 134
-14.750 -4.169 3.092 136
-14.660 -4.390 3.170 117
-14.667 -3.834 3.174 130
-14.699 -4.390 3.134 126
-14.701 -4.316 3.134 134
-14.679 -4.059 3.160 127
-14.677 -4.409 3.155 119
-14.715 -3.966 3.129 136
-14.693 -4.056 3.147 128
-14.718 -4.065 3.124 136
-14.744 -4.135 3.099 138
-14.662 -3.939 3.177 127
-14.681 -4.014 3.159 130
-14.709 -4.234 3.128 135
-14.695 -4.178 3.141 127
-14.710 -4.014 3.132 136
-14.698 -4.037 3.143 133
-14.666 -4.346 3.165 124
-14.660 -4.510 3.168 117
-14.665 -3.828 3.177 129
-14.664 -4.318 3.167 124
-14.695 -3.941 3.147 131
-14.681 -4.318 3.152 126
-14.662 -4.184 3.172 126
-14.757 -4.160 3.088 136
-14.672 -4.024 3.166 130
-14.690 -4.248 3.145 127
-14.676 -4.289 3.157 127
-14.667 -3.789 3.175 129
-14.676 -4.088 3.162 128
-14.673 -4.379 3.158 121
-14.662 -4.237 3.171 125
-14.726 -4.273 3.112 134
-14.670 -4.313 3.162 127
-14.670 -4.138 3.167 127
-14.738 -4.145 3.105 137
-14.695 -3.913 3.148 133
-14.681 -3.994 3.159 129
-14.666 -4.190 3.168 128
-14.684 -4.389 3.148 119
-14.746 -4.456 3.097 131
-14.765 -4.518 3.083 132
-14.683 -4.519 3.148 114
-14.718 -4.366 3.119 133
-14.751 -4.323 3.092 137
-14.673 -4.589 3.156 98
-14.656 -4.627 3.170 109
-14.669 -4.604 3.160 96
-14.751 -4.372 3.093 134
-14.697 -4.492 3.137 122
-14.753 -4.558 3.094 125
-14.763 -4.486 3.085 131
-14.734 -4.323 3.106 134
-14.764 -4.608 3.085 122
-14.686 -4.545 3.146 114
-14.737 -4.432 3.104 131
-14.703 -4.461 3.131 124
-14.743 -4.225 3.097 135
-14.699 -4.484 3.135 121
-14.754 -4.370 3.090 134
-14.760 -4.268 3.084 138
-14.736 -4.282 3.104 134
-14.761 -4.406 3.085 132
-14.735 -4.504 3.107 130
-14.769 -4.352 3.078 136
-14.729 -4.350 3.110 134
-14.728 -4.469 3.112 131
-14.745 -4.492 3.099 132
-14.755 -4.583 3.092 124
-14.688 -4.569 3.145 111
-14.765 -4.141 3.081 135
-14.773 -4.493 3.077 133
-14.751 -4.515 3.094 131
-14.710 -4.515 3.127 123
-14.715 -4.581 3.123 118
-14.682 -4.543 3.149 109
-14.761 -4.476 3.086 131
-14.747 -4.571 3.098 123
-14.768 -4.448 3.080 133
-14.736 -4.434 3.105 131
-14.720 -4.616 3.119 118
-14.730 -4.511 3.111 127
-14.762 -4.419 3.085 131
-14.685 -4.609 3.147 97
-14.753 -4.315 3.090 136
-14.762 -4.310 3.083 135
-14.741 -4.434 3.101 132
-14.765 -4.420 3.082 133
-14.707 -4.575 3.130 117
-14.731 -4.443 3.109 130
-14.742 -4.571 3.102 124
-14.726 -4.639 3.116 109
-14.697 -4.507 3.137 122
-14.768 -4.212 3.078 137
-14.761 -4.563 3.087 126
-14.744 -4.515 3.100 131
-14.724 -4.441 3.115 129
-14.738 -4.280 3.102 135
-14.726 -4.317 3.112 132
-14.697 -4.611 3.138 107
-14.769 -4.434 3.079 134
-14.750 -4.208 3.091 134
-14.699 -4.463 3.134 122
-14.759 -4.573 3.088 126
-14.739 -4.517 3.103 129
-14.748 -4.513 3.097 131
-14.750 -4.444 3.094 131
-14.737 -4.515 3.105 129
-14.736 -4.453 3.105 131
-14.704 -4.633 3.132 101
-14.744 -4.404 3.099 133
-14.771 -4.376 3.077 134
-14.765 -4.447 3.083 133
-14.741 -4.511 3.102 130
-14.762 -4.422 3.084 132
-14.707 -4.496 3.129 125
-14.701 -4.608 3.135 109
-14.754 -4.417 3.091 133
-14.718 -4.503 3.120 125
-14.706 -4.560 3.130 116
-14.769 -4.119 3.077 136
-14.772 -4.383 3.076 136
-14.756 -4.426 3.089 130
-14.771 -4.313 3.077 134
-14.698 -4.535 3.136 118
-14.681 -4.630 3.151 86
-14.757 -4.520 3.090 131
-14.723 -4.452 3.116 129
-14.759 -4.596 3.089 122
-14.679 -4.557 3.151 107
-14.673 -4.555 3.156 107
-14.745 -4.451 3.098 130
-14.749 -4.617 3.097 122
-14.763 -4.635 3.086 120
-14.753 -4.413 3.091 132
-14.704 -4.452 3.131 126
-14.697 -4.609 3.138 109
-14.746 -4.356 3.096 134
-14.751 -4.543 3.094 127
-14.709 -4.505 3.127 124
-14.762 -4.313 3.084 135
-14.721 -4.570 3.118 118
-14.756 -4.502 3.090 132
-14.731 -4.301 3.108 133
-14.751 -4.194 3.091 134
-14.713 -4.516 3.124 124
-14.744 -4.253 3.096 136
-14.712 -4.491 3.125 125
-14.771 -4.491 3.078 132
-14.751 -4.549 3.095 126
-14.684 -4.623 3.148 92
-14.712 -4.392 3.123 130
-14.753 -4.647 3.094 113
-14.775 -4.618 3.076 119
-14.757 -4.517 3.090 131
-14.751 -4.448 3.094 131
-14.702 -4.516 3.133 123
-14.714 -4.462 3.122 127
-14.769 -4.266 3.077 142
-14.720 -4.396 3.117 130
-14.752 -4.627 3.095 120
-14.769 -4.272 3.077 139
-14.763 -4.412 3.084 131
-14.768 -4.418 3.080 132
-14.749 -4.643 3.097 116
-14.769 -4.210 3.077 137
-14.727 -4.380 3.111 133
-14.713 -4.431 3.123 128
-14.698 -4.431 3.135 124
-14.765 -4.422 3.082 133
-14.717 -4.440 3.120 128
-14.770 -4.322 3.077 136
-14.769 -4.315 3.078 134
-14.733 -4.457 3.108 132
-14.713 -4.589 3.125 115
-14.775 -4.557 3.076 123
-14.714 -4.618 3.125 112
-14.765 -4.301 3.081 134
-14.748 -4.449 3.096 131
-14.727 -4.345 3.111 133
-14.698 -4.435 3.135 124
-14.744 -4.485 3.100 130
-14.756 -4.642 3.092 117
-14.765 -4.318 3.081 135
-14.764 -4.358 3.083 137
-14.761 -4.272 3.084 136
-14.730 -4.367 3.109 133
-14.678 -4.606 3.153 92
-14.724 -4.537 3.116 123
-14.725 -4.483 3.114 129
-14.754 -4.521 3.092 131
-14.720 -4.642 3.120 107
-14.694 -4.512 3.139 120
-14.767 -4.462 3.081 131
-14.745 -4.434 3.098 131
-14.675 -4.574 3.154 101
-14.756 -4.421 3.089 131
-14.758 -4.548 3.090 128
-14.728 -4.425 3.112 130
-14.712 -4.569 3.126 117
-14.772 -4.433 3.077 134
-14.729 -4.531 3.112 124
-14.738 -4.380 3.103 131
-14.689 -4.499 3.143 119
-14.706 -4.542 3.130 117
-14.701 -4.578 3.134 115
-14.739 -4.391 3.102 132
-14.756 -4.387 3.089 134
-14.774 -4.604 3.078 123
-14.756 -4.635 3.092 118
-14.769 -4.260 3.077 137
-14.710 -4.526 3.127 121
-14.719 -4.365 3.117 133
-14.765 -4.617 3.084 122
-14.683 -4.572 3.148 105
-14.765 -4.293 3.081 137
-14.720 -4.631 3.120 110
-14.700 -4.613 3.135 108
-14.767 -4.497 3.082 132
-14.694 -4.590 3.140 111
-14.693 -4.553 3.140 117
-14.759 -4.537 3.088 130
-14.714 -4.468 3.123 127
-14.703 -4.526 3.132 122
-14.672 -4.557 3.157 107
-14.711 -4.373 3.124 132
-14.730 -4.363 3.109 134
-14.733 -4.279 3.106 134
-14.740 -4.477 3.102 130
-14.721 -4.360 3.116 135
-14.740 -4.555 3.104 125
-14.668 -4.618 3.161 96
-14.699 -4.537 3.135 118
-14.767 -4.640 3.083 121
-14.754 -4.413 3.091 132
-14.768 -4.486 3.081 129
-14.691 -4.621 3.142 101
-14.757 -4.352 3.087 135
-14.771 -4.583 3.080 123
-14.769 -4.618 3.081 122
-14.761 -4.158 3.084 137
-14.709 -4.409 3.126 129
-14.738 -4.564 3.105 124
-14.716 -4.371 3.120 131
-14.753 -4.317 3.090 136
-14.723 -4.503 3.116 127
-14.754 -4.449 3.092 131
-14.718 -4.393 3.119 131
-14.756 -4.226 3.087 136
-14.723 -4.360 3.114 134
-14.737 -4.610 3.106 118
-14.771 -4.629 3.080 118
-14.734 -4.394 3.107 132
-14.709 -4.542 3.128 118
-14.733 -4.324 3.106 133
-14.732 -4.483 3.109 131
-14.754 -4.336 3.090 135
-14.727 -4.347 3.111 133
-14.738 -4.476 3.104 132
-14.734 -4.337 3.105 135
-14.739 -4.571 3.105 123
-14.732 -4.612 3.110 116
-14.695 -4.613 3.140 108
-14.764 -4.353 3.082 137
-14.672 -4.625 3.157 95
-14.708 -4.475 3.128 125
-14.763 -4.556 3.085 130
-14.767 -4.632 3.083 121
-14.697 -4.549 3.137 115
-14.764 -4.523 3.085 133
-14.768 -4.329 3.079 136
-14.766 -4.582 3.084 125
-14.768 -4.130 3.078 139
-14.747 -4.241 3.094 138
-14.701 -4.447 3.133 125
-14.749 -4.591 3.097 124
-14.737 -4.473 3.105 132
-14.714 -4.370 3.122 132
-14.682 -4.591 3.149 97
-14.677 -4.538 3.153 109
-14.757 -4.413 3.088 132
-14.733 -4.537 3.109 125
-14.715 -4.437 3.122 128
-14.762 -4.253 3.083 139
-14.678 -4.557 3.152 107
-14.737 -4.319 3.103 134
-14.763 -4.560 3.085 127
-14.702 -4.611 3.134 108
-14.697 -4.506 3.136 122
-14.709 -4.567 3.128 117
-14.738 -4.427 3.104 132
-14.759 -4.249 3.085 136
-14.731 -4.421 3.109 131
-14.747 -4.515 3.098 131
-14.717 -4.374 3.120 131
-14.690 -4.559 3.143 115
-14.691 -4.530 3.141 117
-14.761 -4.261 3.083 136
-14.771 -4.334 3.076 136
-14.737 -4.479 3.105 132
-14.772 -4.536 3.078 129
-14.736 -4.269 3.103 135
-14.774 -4.650 3.078 111
-14.737 -4.581 3.106 120
-14.681 -4.606 3.150 93
-14.725 -4.374 3.113 132
-14.768 -4.520 3.081 130
-14.733 -4.342 3.107 134
-14.728 -4.320 3.110 132
-14.761 -4.151 3.084 136
-14.704 -4.423 3.130 126
-14.763 -4.622 3.086 122
-14.759 -4.465 3.087 131
-14.730 -4.493 3.110 129
-14.749 -4.543 3.097 127
-14.702 -4.502 3.133 125
-14.699 -4.500 3.135 123
-14.754 -4.361 3.090 132
-14.692 -4.551 3.141 117
-14.719 -4.548 3.120 121
-14.701 -4.532 3.133 120
-14.751 -4.455 3.093 131
-14.762 -4.283 3.083 137
-14.731 -4.404 3.109 132
-14.735 -4.615 3.108 118
-14.758 -4.308 3.086 133
-14.747 -4.240 3.094 138
-14.759 -4.600 3.089 122
-14.702 -4.463 3.132 124
-14.761 -4.231 3.083 137
-14.756 -4.255 3.087 137
-14.728 -4.366 3.111 133
-14.769 -4.578 3.081 127
-14.726 -4.571 3.115 119
-14.714 -4.546 3.123 120
-14.769 -4.220 3.077 136
-14.745 -4.306 3.096 134
-14.752 -4.230 3.090 137
-14.773 -4.616 3.078 124
-14.735 -4.600 3.108 119
-14.759 -4.232 3.085 137
-14.700 -4.636 3.136 101
-14.709 -4.442 3.126 126
-14.708 -4.445 3.127 127
-14.748 -4.200 3.093 134
-14.713 -4.552 3.125 118
-14.726 -4.300 3.111 132
-14.750 -4.367 3.093 134
-14.765 -4.399 3.082 134
-14.758 -4.212 3.086 134
-14.709 -4.517 3.127 123
-14.764 -4.626 3.085 122
-14.692 -4.556 3.141 117
-14.711 -4.384 3.124 130
-14.732 -4.581 3.110 118
-14.740 -4.390 3.102 133
-14.700 -4.554 3.134 116
-14.771 -4.566 3.080 130
-14.733 -4.349 3.107 135
-14.679 -4.626 3.152 88
-14.706 -4.415 3.128 129
-14.698 -4.544 3.136 115
-14.757 -4.220 3.086 134
-14.710 -4.535 3.126 120
-14.705 -4.452 3.130 126
-14.770 -4.378 3.078 136
-14.744 -4.399 3.098 134
-14.722 -4.550 3.117 122
-14.755 -4.403 3.090 132
-14.759 -4.164 3.086 135
-14.736 -4.514 3.106 129
-14.754 -4.629 3.093 119
-14.734 -4.332 3.106 135
-14.740 -4.334 3.101 135
-14.738 -4.559 3.105 124
-14.728 -4.429 3.112 130
-14.750 -4.279 3.092 134
-14.683 -4.559 3.148 108
-14.747 -4.424 3.097 132
-14.725 -4.343 3.113 133
-14.752 -4.269 3.090 136
-14.756 -4.252 3.087 137
-14.726 -4.323 3.111 133
-14.770 -4.427 3.078 133
-14.752 -4.341 3.092 134
-14.773 -4.622 3.078 122
-14.762 -4.198 3.082 135
-14.769 -4.325 3.078 136
-14.761 -4.633 3.087 118
-14.712 -4.516 3.125 123
-14.758 -4.590 3.089 124
-14.756 -4.510 3.091 130
-14.716 -4.489 3.121 126
-14.721 -4.461 3.117 128
-14.697 -4.500 3.137 122
-14.723 -4.627 3.118 114
-14.736 -4.295 3.103 133
-14.690 -4.515 3.142 118
-14.682 -4.541 3.148 113
-14.742 -4.286 3.099 135
-14.766 -4.354 3.080 137
-14.751 -4.246 3.092 138
-14.733 -4.401 3.107 132
-14.723 -4.369 3.115 133
-14.763 -4.487 3.085 131
-14.693 -4.538 3.140 118
-14.744 -4.622 3.101 119
-14.732 -4.385 3.107 132
-14.731 -4.287 3.107 133
-14.677 -4.589 3.153 94
-14.775 -4.590 3.077 128
-14.731 -4.293 3.108 133
-14.711 -4.416 3.125 128
-14.756 -4.507 3.091 131
-14.666 -4.576 3.161 103
-14.732 -4.531 3.110 125
-14.690 -4.632 3.144 98
-14.770 -4.365 3.077 134
-14.766 -4.644 3.084 119
-14.688 -4.475 3.143 116
-14.713 -4.546 3.124 120
-14.700 -4.428 3.134 125
-14.756 -4.247 3.088 136
-14.707 -4.584 3.130 115
-14.754 -4.348 3.090 134
-14.707 -4.576 3.129 117
-14.716 -4.454 3.121 128
-14.738 -4.615 3.106 119
-14.738 -4.593 3.106 123
-14.747 -4.345 3.095 135
-14.740 -4.627 3.104 116
-14.712 -4.536 3.125 120
-14.771 -4.434 3.078 135
-14.759 -4.626 3.089 119
-14.760 -4.369 3.085 134
-14.744 -4.388 3.099 132
-14.707 -4.410 3.127 129
-14.772 -4.348 3.076 135
-14.757 -4.196 3.086 136
-14.734 -4.550 3.108 124
-14.714 -4.399 3.122 130
-14.681 -4.608 3.151 94
-14.716 -4.611 3.123 118
-14.748 -4.571 3.097 125
-14.692 -4.486 3.140 120
-14.770 -4.564 3.080 130
-14.715 -4.514 3.123 124
-14.726 -4.493 3.113 128
-14.716 -4.522 3.122 123
-14.760 -4.601 3.088 122
-14.706 -4.446 3.129 127
-14.729 -4.365 3.110 133
-14.737 -4.265 3.102 135
-14.733 -4.421 3.107 131
-14.736 -4.622 3.107 116
-14.719 -4.400 3.118 130
-14.743 -4.288 3.098 134
-14.753 -4.187 3.089 137
-14.770 -4.338 3.077 137
-14.687 -4.483 3.144 115
-14.773 -4.459 3.076 133
-14.767 -4.273 3.079 139
-14.748 -4.280 3.094 135
-14.692 -4.570 3.142 116
-14.707 -4.407 3.127 129
-14.686 -4.498 3.145 117
-14.770 -4.246 3.076 137
-14.677 -4.651 3.110 96
-14.590 -4.668 3.088 100
-14.592 -4.658 3.117 99
-14.741 -4.649 3.097 113
-14.683 -4.651 3.109 95
-14.743 -4.653 3.086 116
-14.658 -4.657 3.100 87
-14.644 -4.652 3.117 103
-14.567 -4.674 3.080 106
-14.609 -4.660 3.107 98
-14.621 -4.667 3.084 102
-14.717 -4.650 3.102 104
-14.597 -4.659 3.113 102
-14.637 -4.648 3.130 104
-14.665 -4.637 3.151 91
-14.682 -4.659 3.086 95
-14.635 -4.643 3.146 97
-14.601 -4.658 3.113 101
-14.605 -4.664 3.095 103
-14.647 -4.638 3.154 101
-14.566 -4.671 3.089 104
-14.541 -4.676 3.083 107
-14.560 -4.669 3.097 106
-14.549 -4.672 3.092 107
-14.628 -4.665 3.088 97
-14.588 -4.664 3.101 100
-14.569 -4.665 3.104 105
-14.673 -4.659 3.090 95
-14.692 -4.643 3.129 96
-14.596 -4.660 3.110 102
-14.600 -4.661 3.106 106
-14.627 -4.649 3.130 102
-14.552 -4.673 3.086 107
-14.548 -4.677 3.076 112
-14.612 -4.660 3.105 103
-14.629 -4.648 3.133 101
-14.624 -4.661 3.099 98
-14.713 -4.648 3.109 102
-14.635 -4.668 3.076 102
-14.660 -4.646 3.128 89
-14.705 -4.646 3.115 96
-14.574 -4.669 3.092 105
-14.671 -4.647 3.123 92
-14.625 -4.652 3.124 101
-14.584 -4.674 3.075 104
-14.635 -4.663 3.090 99
-14.610 -4.654 3.121 99
-14.653 -4.641 3.144 93
-14.575 -4.663 3.107 104
-14.746 -4.651 3.091 114
-14.667 -4.644 3.132 87
-14.709 -4.658 3.081 104
-14.672 -4.656 3.097 96
-14.679 -4.636 3.150 86
-14.613 -4.649 3.136 101
-14.670 -4.650 3.116 96
-14.740 -4.652 3.089 112
-14.619 -4.669 3.079 102
-14.656 -4.641 3.143 91
-14.604 -4.652 3.131 101
-14.580 -4.667 3.095 104
-14.723 -4.651 3.098 105
-14.620 -4.661 3.101 101
-14.603 -4.668 3.086 100
-14.684 -4.658 3.088 95
-14.647 -4.646 3.134 92
-14.635 -4.653 3.118 99
-14.674 -4.640 3.142 86
-14.642 -4.643 3.142 96
-14.693 -4.658 3.087 94
-14.627 -4.668 3.077 101
-14.652 -4.660 3.094 80
-14.586 -4.671 3.084 102
-14.613 -4.663 3.097 100
-14.664 -4.664 3.078 94
-14.608 -4.666 3.089 102
-14.677 -4.659 3.088 96
-14.721 -4.653 3.092 105
-14.647 -4.643 3.141 95
-14.657 -4.643 3.137 91
-14.561 -4.668 3.097 105
-14.723 -4.648 3.105 104
-14.630 -4.652 3.122 98
-14.705 -4.642 3.126 98
-14.603 -4.666 3.091 98
-14.595 -4.671 3.079 100
-14.698 -4.646 3.118 98
-14.691 -4.660 3.082 97
-14.645 -4.646 3.134 93
-14.684 -4.651 3.107 94
-14.665 -4.659 3.091 99
-14.564 -4.673 3.083 107
-14.684 -4.657 3.091 95
-14.654 -4.650 3.120 89
-14.629 -4.649 3.130 96
-14.530 -4.679 3.077 121
-14.753 -4.652 3.086 115
-14.618 -4.669 3.079 102
-14.723 -4.647 3.108 103
-14.595 -4.668 3.087 100
-14.725 -4.647 3.107 104
-14.701 -4.645 3.120 98
-14.727 -4.658 3.076 114
-14.620 -4.664 3.093 102
-14.746 -4.654 3.082 116
-14.769 -4.653 3.078 118
-14.706 -4.655 3.091 101
-14.648 -4.641 3.146 95
-14.704 -4.649 3.109 100
-14.706 -4.650 3.105 102
-14.650 -4.651 3.119 90
-14.644 -4.645 3.136 95
-14.590 -4.672 3.077 102
-14.693 -4.644 3.125 96
-14.613 -4.649 3.135 100
-14.703 -4.642 3.129 98
-14.687 -4.660 3.084 94
-14.630 -4.660 3.098 99
-14.680 -4.640 3.138 92
-14.658 -4.656 3.102 85
-14.661 -4.663 3.082 96
-14.661 -4.659 3.093 98
-14.668 -4.651 3.113 93
-14.662 -4.644 3.135 90
-14.594 -4.657 3.117 100
-14.628 -4.664 3.090 97
-14.706 -4.651 3.103 100
-14.714 -4.660 3.076 108
-14.580 -4.663 3.105 102
-14.715 -3.522 3.122 163
-14.646 -3.533 3.114 169
-14.612 -3.526 3.083 171
-14.598 -3.543 3.117 137
-14.564 -3.535 3.083 139
-14.734 -3.506 3.093 147
-14.692 -3.521 3.109 169
-14.732 -3.511 3.105 171
-14.667 -3.515 3.085 149
-14.731 -3.505 3.089 168
-14.588 -3.536 3.096 136
-14.598 -3.542 3.113 141
-14.724 -3.502 3.081 125
-14.685 -3.514 3.089 165
-14.749 -3.506 3.100 170
-14.683 -3.514 3.090 169
-14.632 -3.530 3.103 168
-14.635 -3.535 3.113 140
-14.676 -3.548 3.162 126
-14.607 -3.536 3.105 137
-14.560 -3.538 3.088 135
-14.734 -3.503 3.088 171
-14.682 -3.540 3.147 145
-14.700 -3.508 3.083 164
-14.662 -3.553 3.165 125
-14.611 -3.538 3.110 136
-14.692 -3.516 3.098 167
-14.625 -3.538 3.117 133
-14.684 -3.546 3.161 130
-14.637 -3.533 3.111 154
-14.685 -3.532 3.129 160
-14.688 -3.526 3.117 163
-14.756 -3.500 3.089 157
-14.654 -3.546 3.147 123
-14.690 -3.516 3.096 167
-14.644 -3.549 3.150 117
-14.671 -3.534 3.127 157
-14.669 -3.532 3.124 160
-14.686 -3.541 3.149 143
-14.685 -3.542 3.152 140
-14.706 -3.518 3.109 169
-14.643 -3.533 3.114 166
-14.668 -3.525 3.107 167
-14.739 -3.500 3.083 104
-14.655 -3.546 3.147 125
-14.723 -3.510 3.097 167
-14.611 -3.536 3.107 137
-14.703 -3.507 3.083 160
-14.635 -3.518 3.076 172
-14.649 -3.542 3.137 125
-14.568 -3.537 3.089 131
-14.622 -3.532 3.103 147
-14.701 -3.526 3.123 162
-14.692 -3.531 3.131 156
-14.745 -3.507 3.101 170
-14.669 -3.538 3.135 150
-14.606 -3.544 3.121 140
-14.736 -3.498 3.077 138
-14.764 -3.495 3.083 122
-14.708 -3.525 3.125 163
-14.659 -3.522 3.097 168
-14.732 -3.504 3.089 152
-14.699 -3.531 3.133 154
-14.729 -3.512 3.105 172
-14.587 -3.538 3.099 137
-14.661 -3.552 3.164 124
-14.625 -3.531 3.102 156
-14.653 -3.550 3.156 118
-14.719 -3.513 3.103 171
-14.631 -3.539 3.122 135
-14.695 -3.519 3.104 168
-14.671 -3.536 3.132 155
-14.644 -3.523 3.091 172
-14.629 -3.547 3.137 134
-14.610 -3.540 3.116 136
-14.623 -3.528 3.095 176
-14.778 -3.491 3.080 152
-14.771 -3.493 3.081 122
-14.617 -3.541 3.120 132
-14.626 -3.524 3.085 172
-14.630 -3.530 3.102 168
-14.657 -3.537 3.128 146
-14.631 -3.527 3.094 176
-14.698 -3.512 3.090 167
-14.700 -3.537 3.147 149
-14.657 -3.553 3.163 118
-14.600 -3.533 3.094 136
-14.693 -3.536 3.143 152
-14.579 -3.535 3.089 136
-14.598 -3.541 3.110 139
-14.624 -3.538 3.117 133
-14.637 -3.550 3.149 131
-14.632 -3.542 3.129 137
-14.708 -3.508 3.087 149
-14.720 -3.509 3.093 162
-14.610 -3.546 3.127 134
-14.557 -3.539 3.088 133
-14.638 -3.523 3.090 172
-14.688 -3.526 3.119 163
-14.683 -3.532 3.129 160
-14.677 -3.546 3.158 125
-14.733 -3.502 3.084 152
-14.570 -3.541 3.099 139
-14.643 -3.553 3.159 116
-14.765 -3.495 3.084 109
-14.662 -3.557 3.176 123
-14.649 -3.544 3.140 126
-14.666 -3.538 3.136 146
-14.617 -3.525 3.085 172
-14.691 -3.515 3.094 169
-14.669 -3.544 3.149 129
-14.698 -3.532 3.135 156
-14.664 -3.531 3.117 163
-14.619 -3.542 3.122 131
-14.760 -3.497 3.085 122
-14.680 -3.528 3.119 162
-14.630 -3.543 3.131 135
-14.674 -3.522 3.102 170
-14.590 -3.542 3.111 139
-14.608 -3.542 3.117 138
-14.625 -3.524 3.087 172
-14.713 -3.510 3.094 160
-14.747 -3.498 3.082 119
-14.682 -3.535 3.135 159
-14.643 -3.530 3.108 168
-14.638 -3.544 3.135 132
-14.613 -3.533 3.100 138
-14.698 -3.516 3.101 169
-14.681 -3.543 3.153 133
-14.675 -3.538 3.140 144
-14.594 -3.542 3.112 138
-14.651 -3.532 3.115 163
-14.596 -3.542 3.112 138
-14.601 -3.544 3.120 138
-14.604 -3.532 3.094 137
-14.664 -3.516 3.085 153
-14.689 -3.523 3.111 169
-14.587 -3.534 3.090 134
-14.656 -3.556 3.170 122
-14.756 -3.503 3.098 160
-14.648 -3.552 3.158 115
-14.567 -3.539 3.093 137
-14.652 -3.527 3.104 167
