-14.288 -2.436 1.827 175
-14.546 -2.438 1.817 162
-14.714 -2.440 1.828 183
-14.287 -2.436 1.832 176
-14.545 -2.438 1.822 181
-14.603 -2.439 1.828 184
-14.384 -2.437 1.824 183
-14.691 -2.439 1.832 182
-14.503 -2.438 1.818 142
-14.287 -2.436 1.829 176
-14.490 -2.438 1.819 165
-14.687 -2.439 1.829 181
-14.468 -2.438 1.828 183
-14.642 -2.439 1.824 180
-14.523 -2.438 1.819 166
-14.557 -2.438 1.830 186
-14.596 -2.439 1.815 144
-14.636 -2.439 1.831 181
-14.639 -2.439 1.819 177
-14.355 -2.437 1.823 185
-14.521 -2.438 1.830 187
-14.636 -2.439 1.831 181
-14.541 -2.438 1.817 161
-14.575 -2.438 1.832 184
-14.702 -2.440 1.826 188
-14.402 -2.437 1.825 183
-14.481 -2.438 1.833 180
-14.731 -2.440 1.830 186
-14.699 -2.440 1.816 162
-14.671 -2.439 1.827 183
-14.652 -2.439 1.827 184
-14.666 -2.439 1.818 182
-14.468 -2.438 1.823 192
-14.591 -2.439 1.820 182
-14.432 -2.437 1.829 185
-14.651 -2.439 1.833 181
-14.560 -2.438 1.829 184
-14.507 -2.438 1.826 191
-14.466 -2.437 1.829 184
-14.521 -2.438 1.826 190
-14.436 -2.437 1.826 190
-14.494 -2.438 1.816 140
-14.588 -2.439 1.823 187
-14.658 -2.439 1.816 187
-14.337 -2.437 1.818 160
-14.310 -2.436 1.826 181
-14.646 -2.439 1.830 181
-14.592 -2.439 1.819 160
-14.302 -2.436 1.823 177
-14.629 -2.439 1.823 184
-14.459 -2.438 1.818 144
-14.386 -2.437 1.830 180
-14.532 -2.438 1.820 168
-14.318 -2.436 1.819 162
-14.604 -2.439 1.816 164
-14.491 -2.438 1.824 198
-14.636 -2.439 1.820 177
-14.646 -2.439 1.821 180
-14.564 -2.439 1.817 162
-14.344 -2.436 1.831 175
-14.643 -2.439 1.831 181
-14.645 -2.439 1.823 182
-14.559 -2.438 1.827 188
-14.696 -2.440 1.819 183
-14.393 -2.437 1.828 189
-14.328 -2.437 1.814 143
-14.476 -2.438 1.818 125
-14.512 -2.438 1.832 180
-14.718 -2.440 1.820 196
-14.515 -2.438 1.827 192
-14.416 -2.437 1.814 149
-14.308 -2.436 1.833 174
-14.593 -2.439 1.822 187
-14.360 -2.437 1.821 169
-14.502 -2.438 1.827 192
-14.704 -2.440 1.817 174
-14.378 -2.437 1.814 137
-14.716 -2.440 1.830 183
-14.736 -2.440 1.819 185
-14.295 -2.436 1.819 177
-14.664 -2.439 1.831 182
-14.645 -2.439 1.496 118
-14.306 -2.439 1.360 152
-14.561 -2.439 1.447 162
-14.644 -2.440 1.620 99
-14.501 -2.439 1.393 187
-14.581 -2.439 1.281 161
-14.421 -2.439 1.422 184
-14.459 -2.439 1.304 183
-14.477 -2.439 1.565 160
-14.489 -2.439 1.507 151
-14.718 -2.440 1.682 183
-14.547 -2.439 1.268 160
-14.352 -2.438 1.282 154
-14.668 -2.440 1.631 183
-14.753 -2.439 1.466 139
-14.750 -2.439 1.327 154
-14.543 -2.439 1.374 180
-14.606 -2.440 1.706 173
-14.440 -2.439 1.312 174
-14.370 -2.439 1.406 179
-14.640 -2.439 1.463 133
-14.453 -2.439 1.526 146
-14.493 -2.439 1.362 183
-14.699 -2.439 1.281 163
-14.299 -2.438 1.294 170
-14.752 -2.440 1.613 135
-14.529 -2.439 1.399 176
-14.578 -2.439 1.345 183
-14.311 -2.439 1.473 156
-14.390 -2.439 1.302 188
-14.433 -2.439 1.300 187
-14.726 -2.439 1.295 208
-14.755 -2.440 1.643 127
-14.356 -2.439 1.377 187
-14.524 -2.439 1.579 152
-14.654 -2.439 1.490 165
-14.381 -2.438 1.267 166
-14.738 -2.439 1.402 163
-14.465 -2.439 1.299 188
-14.538 -2.439 1.391 182
-14.598 -2.439 1.551 159
-14.448 -2.439 1.325 178
-14.632 -2.439 1.383 177
-14.660 -2.440 1.587 181
-14.302 -2.439 1.349 147
-14.633 -2.439 1.288 161
-14.539 -2.440 1.658 101
-14.363 -2.439 1.514 181
-14.585 -2.439 1.580 119
-14.620 -2.439 1.554 163
-14.437 -2.439 1.496 143
-14.340 -2.439 1.384 183
-14.463 -2.439 1.403 182
-14.734 -2.439 1.357 184
-14.432 -2.439 1.568 138
-14.504 -2.439 1.509 132
-14.441 -2.439 1.273 130
-14.504 -2.439 1.316 172
-14.538 -2.439 1.531 105
-14.611 -2.439 1.582 147
-14.746 -2.439 1.325 149
-14.572 -2.439 1.443 164
-14.558 -2.440 1.651 113
-14.697 -2.440 1.684 177
-14.561 -2.439 1.527 126
-14.609 -2.439 1.601 134
-14.429 -2.439 1.563 140
-14.449 -2.439 1.580 119
-14.564 -2.439 1.296 188
-14.575 -2.439 1.368 184
-14.657 -2.440 1.609 164
-14.323 -2.438 1.293 165
-14.628 -2.440 1.665 150
-14.454 -2.439 1.297 189
-14.703 -2.440 1.735 182
-14.413 -2.439 1.520 113
-14.616 -2.439 1.590 132
-14.732 -2.439 1.393 189
-14.307 -2.439 1.339 148
-14.671 -2.440 1.696 179
-14.613 -2.439 1.290 165
-14.565 -2.439 1.329 174
-14.296 -2.439 1.350 181
-14.307 -2.438 1.310 151
-14.750 -2.439 1.500 159
-14.651 -2.439 1.403 176
-14.492 -2.439 1.625 142
-14.730 -2.439 1.303 199
-14.537 -2.439 1.393 179
-14.406 -2.439 1.460 145
-14.720 -2.439 1.290 161
-14.625 -2.439 1.516 149
-14.649 -2.439 1.340 178
-14.600 -2.440 1.672 195
-14.511 -2.439 1.342 181
-14.732 -2.440 1.776 165
-14.500 -2.439 1.587 155
-14.589 -2.439 1.548 131
-14.463 -2.439 1.416 184
-14.646 -2.440 1.650 97
-14.455 -2.439 1.475 132
-14.676 -2.439 1.543 178
-14.295 -2.439 1.360 179
-14.432 -2.439 1.377 183
-14.533 -2.439 1.540 108
-14.386 -2.439 1.541 183
-14.579 -2.440 1.648 120
-14.589 -2.439 1.431 188
-14.594 -2.439 1.593 120
-14.359 -2.439 1.402 176
-14.579 -2.439 1.383 182
-14.636 -2.439 1.517 151
-14.647 -2.439 1.278 152
-14.753 -2.439 1.328 149
-14.515 -2.439 1.403 178
-14.507 -2.439 1.486 144
-14.751 -2.440 1.571 142
-14.720 -2.439 1.520 182
-14.297 -2.439 1.331 167
-14.634 -2.440 1.660 143
-14.556 -2.439 1.545 121
-14.695 -2.439 1.364 183
-14.716 -2.439 1.464 182
-14.298 -2.439 1.337 158
-14.426 -2.439 1.376 184
-14.665 -2.439 1.535 184
-14.585 -2.439 1.421 184
-14.749 -2.440 1.649 154
-14.662 -2.439 1.537 189
-14.627 -2.439 1.358 179
-14.634 -2.440 1.625 109
-14.728 -2.439 1.479 191
-14.751 -2.440 1.812 139
-14.313 -2.438 1.312 148
-14.494 -2.439 1.408 180
-14.428 -2.439 1.536 146
-14.646 -2.440 1.713 178
-14.635 -2.440 1.696 172
-14.352 -2.438 1.260 178
-14.577 -2.439 1.494 134
-14.581 -2.439 1.304 179
-14.735 -2.440 1.610 162
-14.354 -2.439 1.345 191
-14.501 -2.439 1.390 185
-14.387 -2.439 1.486 182
-14.482 -2.439 1.579 160
-14.537 -2.439 1.339 178
-14.630 -2.439 1.366 178
-14.491 -2.439 1.416 187
-14.657 -2.439 1.375 177
-14.670 -2.439 1.429 183
-14.321 -2.439 1.364 143
-14.361 -2.439 1.512 180
-14.705 -2.439 1.451 181
-14.494 -2.439 1.485 160
-14.347 -2.438 1.274 140
-14.442 -2.439 1.452 97
-14.433 -2.439 1.546 140
-14.751 -2.440 1.532 137
-14.670 -2.439 1.391 178
-14.596 -2.440 1.629 114
-14.560 -2.439 1.604 125
-14.455 -2.439 1.309 175
-14.384 -2.439 1.394 184
-14.674 -2.440 1.682 181
-14.547 -2.439 1.400 175
-14.356 -2.439 1.303 183
-14.412 -2.439 1.551 130
-14.459 -2.439 1.288 153
-14.625 -2.439 1.574 155
-14.595 -2.439 1.313 174
-14.308 -2.438 1.288 143
-14.516 -2.439 1.433 186
-14.395 -2.439 1.537 190
-14.342 -2.439 1.345 181
-14.430 -2.439 1.272 153
-14.522 -2.439 1.581 154
-14.432 -2.439 1.530 141
-14.533 -2.439 1.321 173
-14.347 -2.439 1.451 189
-14.715 -2.440 1.688 182
-14.292 -2.439 1.459 181
-14.676 -2.439 1.460 180
-14.613 -2.439 1.560 156
-14.711 -2.440 1.714 183
-14.484 -2.439 1.356 185
-14.540 -2.439 1.531 105
-14.715 -2.439 1.465 182
-14.555 -2.439 1.532 123
-14.538 -2.439 1.503 116
-14.422 -2.439 1.321 176
-14.605 -2.439 1.542 153
-14.733 -2.440 1.564 175
-14.727 -2.440 1.668 188
-14.501 -2.439 1.376 183
-14.497 -2.439 1.532 151
-14.604 -2.439 1.492 146
-14.697 -2.440 1.639 178
-14.383 -2.439 1.321 175
-14.749 -2.439 1.495 159
-14.461 -2.439 1.313 175
-14.343 -2.439 1.362 177
-14.507 -2.439 1.327 173
-14.521 -2.439 1.569 114
-14.393 -2.439 1.449 188
-14.595 -2.439 1.444 155
-14.431 -2.439 1.532 147
-14.656 -2.440 1.704 177
-14.456 -2.439 1.384 180
-14.445 -2.439 1.591 122
-14.428 -2.439 1.347 180
-14.733 -2.440 1.604 167
-14.690 -2.440 1.573 180
-14.694 -2.440 1.651 178
-14.586 -2.439 1.535 122
-14.307 -2.439 1.356 151
-14.758 -2.439 1.284 134
-14.743 -2.440 1.621 162
-14.714 -2.439 1.342 185
-14.346 -2.439 1.377 185
-14.293 -2.439 1.352 178
-14.598 -2.439 1.403 191
-14.741 -2.439 1.363 153
-14.623 -2.440 1.674 187
-14.742 -2.440 1.540 163
-14.756 -2.439 1.384 138
-14.721 -2.439 1.317 182
-14.741 -2.440 1.753 160
-14.619 -2.439 1.263 179
-14.373 -2.439 1.533 178
-14.688 -2.439 1.293 177
-14.734 -2.440 1.674 174
-14.349 -2.439 1.305 184
-14.448 -2.439 1.299 189
-14.674 -2.440 1.736 178
-14.572 -2.439 1.621 108
-14.388 -2.439 1.547 187
-14.673 -2.440 1.615 178
-14.460 -2.439 1.520 152
-14.283 -2.439 1.354 178
-14.454 -2.439 1.490 143
-14.412 -2.439 1.301 190
-14.694 -2.439 1.374 185
-14.715 -2.439 1.463 182
-14.397 -2.439 1.439 187
-14.630 -2.440 1.718 176
-14.293 -2.439 1.369 175
-14.544 -2.439 1.576 108
-14.693 -2.439 1.480 180
-14.618 -2.440 1.704 172
-14.672 -2.439 1.518 178
-14.401 -2.439 1.489 188
-14.594 -2.440 1.662 136
-14.739 -2.440 1.703 163
-14.670 -2.439 1.321 176
-14.535 -2.439 1.621 110
-14.511 -2.439 1.439 184
-14.707 -2.440 1.658 177
-14.718 -2.439 1.528 181
-14.729 -2.439 1.319 190
-14.554 -2.439 1.399 175
-14.728 -2.440 1.760 180
-14.731 -2.440 1.576 178
-14.572 -2.439 1.372 179
-14.674 -2.439 1.291 163
-14.555 -2.439 1.389 177
-14.602 -2.439 1.271 141
-14.669 -2.439 1.398 178
-14.430 -2.439 1.392 181
-14.737 -2.439 1.421 167
-14.504 -2.439 1.296 187
-14.450 -2.439 1.358 175
-14.610 -2.440 1.713 172
-14.729 -2.439 1.465 191
-14.285 -2.439 1.392 178
-14.732 -2.440 1.561 175
-14.744 -2.439 1.478 165
-14.606 -2.439 1.571 145
-14.604 -2.439 1.267 149
-14.738 -2.439 1.276 163
-14.624 -2.439 1.515 147
-14.587 -2.439 1.566 115
-14.710 -2.440 1.777 180
-14.407 -2.439 1.422 186
-14.488 -2.439 1.551 158
-14.411 -2.439 1.442 157
-14.372 -2.439 1.486 184
-14.605 -2.439 1.550 165
-14.656 -2.439 1.351 180
-14.652 -2.439 1.401 174
-14.735 -2.439 1.426 166
-14.698 -2.439 1.459 179
-14.317 -2.439 1.417 154
-14.701 -2.439 1.452 180
-14.478 -2.439 1.337 187
-14.616 -2.440 1.613 113
-14.721 -2.439 1.443 185
-14.633 -2.440 1.680 177
-14.494 -2.439 1.430 189
-14.624 -2.439 1.490 130
-14.473 -2.439 1.404 183
-14.553 -2.439 1.433 186
-14.550 -2.439 1.540 117
-14.596 -2.439 1.539 125
-14.593 -2.439 1.551 144
-14.359 -2.439 1.323 177
-14.745 -2.439 1.441 168
-14.570 -2.439 1.288 159
-14.648 -2.440 1.669 170
-14.514 -2.439 1.615 143
-14.739 -2.440 1.805 161
-14.625 -2.440 1.603 110
-14.543 -2.439 1.351 182
-14.586 -2.439 1.389 183
-14.722 -2.439 1.291 162
-14.364 -2.439 1.487 182
-14.664 -2.439 1.362 179
-14.740 -2.439 1.427 162
-14.710 -2.440 1.582 182
-14.351 -2.439 1.350 189
-14.699 -2.440 1.738 183
-14.602 -2.439 1.287 156
-14.616 -2.439 1.541 131
-14.326 -2.439 1.506 163
-14.545 -2.439 1.416 178
-14.555 -2.439 1.636 119
-14.406 -2.439 1.434 187
-14.531 -2.439 1.515 113
-14.523 -2.439 1.346 182
-14.589 -2.440 1.659 132
-14.694 -2.440 1.712 178
-14.725 -2.440 1.582 181
-14.703 -2.439 1.552 180
-14.540 -2.439 1.609 111
-14.657 -2.439 1.280 159
-14.286 -2.438 1.317 178
-14.388 -2.439 1.279 136
-14.308 -2.439 1.363 149
-14.463 -2.439 1.354 186
-14.512 -2.439 1.308 175
-14.492 -2.439 1.331 184
-14.761 -2.439 1.288 154
-14.559 -2.440 1.667 139
-14.309 -2.439 1.465 156
-14.512 -2.439 1.349 182
-14.715 -2.439 1.311 180
-14.523 -2.439 1.396 179
-14.385 -2.438 1.275 134
-14.619 -2.439 1.374 178
-14.564 -2.439 1.369 181
-14.737 -2.439 1.505 168
-14.575 -2.439 1.466 172
-14.741 -2.440 1.647 164
-14.686 -2.440 1.671 180
-14.715 -2.440 1.661 181
-14.625 -2.439 1.551 162
-14.732 -2.440 1.756 175
-14.575 -2.439 1.503 143
-14.474 -2.439 1.260 181
-14.537 -2.439 1.431 185
-14.715 -2.439 1.392 187
-14.526 -2.439 1.563 113
-14.564 -2.440 1.674 192
-14.322 -2.439 1.446 157
-14.351 -2.438 1.260 180
-14.570 -2.439 1.598 128
-14.638 -2.439 1.309 174
-14.495 -2.439 1.328 181
-14.378 -2.439 1.402 181
-14.638 -2.439 1.295 188
-14.711 -2.440 1.667 181
-14.571 -2.439 1.477 166
-14.520 -2.439 1.566 116
-14.411 -2.439 1.357 183
-14.319 -2.439 1.491 147
-14.671 -2.439 1.298 191
-14.380 -2.439 1.332 181
-14.752 -2.440 1.771 131
-14.545 -2.439 1.409 177
-14.592 -2.440 1.657 133
-14.471 -2.439 1.416 185
-14.417 -2.438 1.259 180
-14.650 -2.440 1.631 109
-14.594 -2.439 1.516 127
-14.337 -2.439 1.428 187
-14.419 -2.439 1.443 164
-14.601 -2.440 1.704 174
-14.700 -2.440 1.682 177
-14.585 -2.439 1.319 176
-14.640 -2.440 1.630 106
-14.680 -2.440 1.583 187
-14.716 -2.439 1.363 190
-14.521 -2.439 1.591 159
-14.746 -2.439 1.274 146
-14.550 -2.440 1.660 100
-14.735 -2.440 1.645 164
-14.353 -2.439 1.352 190
-14.336 -2.439 1.427 191
-14.412 -2.438 1.259 181
-14.521 -2.439 1.450 120
-14.687 -2.439 1.314 174
-14.623 -2.440 1.683 174
-14.528 -2.439 1.422 181
-14.701 -2.440 1.631 179
-14.718 -2.440 1.780 178
-14.724 -2.439 1.521 186
-14.696 -2.439 1.542 179
-14.698 -2.440 1.627 180
-14.620 -2.439 1.485 137
-14.707 -2.440 1.588 180
-14.389 -2.439 1.357 182
-14.689 -2.440 1.736 177
-14.640 -2.439 1.281 159
-14.705 -2.440 1.657 177
-14.648 -2.439 1.289 164
-14.461 -2.439 1.493 153
-14.617 -2.439 1.381 183
-14.714 -2.439 1.291 179
-14.303 -2.438 1.286 141
-14.461 -2.439 1.350 182
-14.384 -2.438 1.263 179
-14.451 -2.439 1.263 180
-14.468 -2.439 1.284 154
-14.531 -2.439 1.326 173
-14.686 -2.440 1.595 183
-14.671 -2.440 1.753 179
-14.427 -2.439 1.524 142
-14.553 -2.439 1.268 158
-14.761 -2.439 1.376 149
-14.445 -2.439 1.344 179
-14.344 -2.439 1.521 190
-14.327 -2.439 1.445 197
-14.679 -2.439 1.521 180
-14.536 -2.439 1.343 180
-14.759 -2.439 1.398 132
-14.446 -2.439 1.316 177
-14.540 -2.439 1.476 123
-14.374 -2.439 1.480 184
-14.503 -2.439 1.593 154
-14.703 -2.439 1.289 157
-14.565 -2.440 1.659 113
-14.511 -2.439 1.588 165
-14.680 -2.440 1.722 177
-14.385 -2.439 1.400 186
-14.551 -2.439 1.492 138
-14.653 -2.439 1.411 174
-14.323 -2.438 1.300 183
-14.365 -2.439 1.310 175
-14.759 -2.440 1.705 147
-14.631 -2.439 1.438 168
-14.645 -2.439 1.487 121
-14.571 -2.439 1.594 124
-14.573 -2.439 1.618 111
-14.434 -2.439 1.291 158
-14.610 -2.439 1.368 198
-14.475 -2.439 1.529 161
-14.744 -2.440 1.609 164
-14.485 -2.439 1.556 159
-14.736 -2.440 1.797 160
-14.314 -2.439 1.442 157
-14.755 -2.439 1.271 128
-14.653 -2.439 1.535 151
-14.516 -2.439 1.336 174
-14.669 -2.439 1.328 175
-14.423 -2.439 1.505 139
-14.728 -2.440 1.589 191
-14.741 -2.440 1.607 161
-14.698 -2.439 1.300 184
-14.512 -2.439 1.542 139
-14.624 -2.439 1.387 179
-14.418 -2.439 1.428 187
-14.627 -2.439 1.528 143
-14.631 -2.439 1.584 143
-14.520 -2.439 1.527 114
-14.730 -2.440 1.619 179
-14.473 -2.439 1.270 151
-14.451 -2.439 1.385 180
-14.539 -2.439 1.297 189
-14.592 -2.440 1.622 111
-14.457 -2.439 1.575 125
-14.595 -2.439 1.571 129
-14.698 -2.439 1.320 176
-14.577 -2.439 1.522 126
-14.599 -2.439 1.534 121
-14.331 -2.439 1.345 197
-14.595 -2.439 1.290 169
-14.449 -2.439 1.305 185
-14.375 -2.439 1.411 185
-14.520 -2.439 1.518 114
-14.324 -2.439 1.456 167
-14.712 -2.439 1.419 189
-14.604 -2.439 1.301 183
-14.578 -2.440 1.634 115
-14.477 -2.439 1.572 162
-14.597 -2.439 1.261 182
-14.296 -2.439 1.442 180
-14.629 -2.440 1.610 111
-14.703 -2.439 1.372 184
-14.605 -2.439 1.264 181
-14.670 -2.439 1.468 186
-14.629 -2.439 1.560 165
-14.656 -2.439 1.382 176
-14.743 -2.439 1.454 165
-14.618 -2.439 1.539 125
-14.522 -2.439 1.417 182
-14.701 -2.439 1.282 164
-14.479 -2.439 1.563 158
-14.485 -2.439 1.309 170
-14.658 -2.440 1.618 193
-14.655 -2.440 1.580 170
-14.470 -2.439 1.574 160
-14.293 -2.438 1.261 175
-14.468 -2.439 1.549 148
-14.347 -2.438 1.280 154
-14.669 -2.439 1.541 179
-14.495 -2.439 1.469 145
-14.657 -2.439 1.304 177
-14.712 -2.439 1.528 179
-14.660 -2.439 1.502 196
-14.367 -2.439 1.508 184
-14.448 -2.439 1.579 119
-14.513 -2.439 1.408 177
-14.619 -2.439 1.263 179
-14.371 -2.438 1.263 177
-14.721 -2.439 1.365 191
-14.544 -2.439 1.513 113
-14.477 -2.439 1.581 156
-14.758 -2.439 1.471 132
-14.438 -2.439 1.490 138
-14.555 -2.440 1.667 142
-14.397 -2.439 1.286 157
-14.583 -2.439 1.448 156
-14.754 -2.439 1.520 126
-14.591 -2.439 1.580 121
-14.711 -2.439 1.336 171
-14.736 -2.440 1.569 156
-14.707 -2.439 1.407 192
-14.471 -2.439 1.332 185
-14.349 -2.439 1.303 184
-14.405 -2.438 1.262 183
-14.646 -2.439 1.565 148
-14.365 -2.438 1.263 179
-14.629 -2.440 1.599 115
-14.297 -2.439 1.463 182
-14.439 -2.439 1.497 145
-14.424 -2.439 1.401 184
-14.606 -2.439 1.554 167
-14.746 -2.439 1.275 146
-14.433 -2.439 1.468 131
-14.337 -2.439 1.353 182
-14.454 -2.439 1.549 133
-14.513 -2.439 1.473 139
-14.499 -2.439 1.337 185
-14.432 -2.439 1.554 139
-14.576 -2.439 1.422 181
-14.416 -2.439 1.570 132
-14.489 -2.439 1.486 163
-14.456 -2.439 1.563 127
-14.318 -2.439 1.464 155
-14.674 -2.439 1.313 174
-14.647 -2.440 1.599 103
-14.745 -2.439 1.283 150
-14.588 -2.440 1.631 112
-14.616 -2.439 1.468 146
-14.752 -2.439 1.267 178
-14.516 -2.439 1.344 182
-14.362 -2.439 1.446 186
-14.327 -2.439 1.471 168
-14.435 -2.439 1.492 143
-14.621 -2.439 1.441 139
-14.637 -2.439 1.511 140
-14.605 -2.440 1.669 194
-14.299 -2.439 1.421 174
-14.525 -2.439 1.643 116
-14.658 -2.439 1.434 187
-14.615 -2.439 1.384 179
-14.445 -2.439 1.590 122
-14.672 -2.440 1.627 186
-14.551 -2.439 1.383 180
-14.471 -2.439 1.419 185
-14.527 -2.439 1.277 154
-14.457 -2.439 1.485 146
-14.674 -2.439 1.352 183
-14.486 -2.439 1.562 162
-14.484 -2.439 1.494 164
-14.752 -2.440 1.566 142
-14.413 -2.439 1.548 128
-14.727 -2.440 1.557 199
-14.646 -2.440 1.726 176
-14.566 -2.439 1.430 187
-14.709 -2.439 1.422 184
-14.421 -2.439 1.304 184
-14.728 -2.440 1.605 187
-14.738 -2.439 1.466 165
-14.568 -2.439 1.499 160
-14.684 -2.440 1.587 185
-14.583 -2.439 1.524 130
-14.532 -2.439 1.523 109
-14.689 -2.439 1.487 183
-14.312 -2.439 1.376 155
-14.722 -2.440 1.782 183
-14.432 -2.439 1.336 176
-14.533 -2.439 1.470 135
-14.538 -2.439 1.344 181
-14.439 -2.439 1.390 177
-14.538 -2.439 1.267 175
-14.659 -2.440 1.580 183
-14.758 -2.439 1.337 142
-14.367 -2.438 1.266 178
-14.483 -2.439 1.577 164
-14.440 -2.439 1.428 179
-14.501 -2.439 1.579 160
-14.424 -2.439 1.274 128
-14.459 -2.439 1.583 123
-14.504 -2.439 1.349 183
-14.641 -2.439 1.569 147
-14.658 -2.439 1.361 177
-14.393 -2.439 1.293 165
-14.756 -2.439 1.510 132
-14.626 -2.439 1.425 174
-14.695 -2.440 1.690 177
-14.344 -2.439 1.454 189
-14.514 -2.439 1.452 102
-14.541 -2.439 1.539 105
-14.650 -2.440 1.627 103
-14.377 -2.439 1.386 180
-14.295 -2.439 1.469 180
-14.440 -2.439 1.528 138
-14.521 -2.439 1.546 112
-14.481 -2.439 1.464 147
-14.655 -2.439 1.422 182
-14.371 -2.439 1.312 173
-14.419 -2.439 1.569 134
-14.418 -2.439 1.392 186
-14.564 -2.440 1.650 114
-14.522 -2.439 1.436 203
-14.544 -2.439 1.337 175
-14.592 -2.439 1.530 123
-14.597 -2.439 1.546 144
-14.642 -2.440 1.713 177
-14.729 -2.439 1.492 195
-14.305 -2.438 1.284 138
-14.625 -2.439 1.392 181
-14.541 -2.439 1.410 178
-14.726 -2.440 1.575 190
-14.578 -2.439 1.546 121
-14.715 -2.440 1.703 185
-14.742 -2.440 1.661 163
-14.290 -2.439 1.467 180
-14.562 -2.439 1.476 170
-14.604 -2.439 1.421 184
-14.737 -2.440 1.572 158
-14.699 -2.440 1.719 178
-14.637 -2.439 1.466 137
-14.426 -2.439 1.371 176
-14.348 -2.438 1.271 152
-14.409 -2.439 1.322 177
-14.420 -2.439 1.346 182
-14.758 -2.439 1.317 145
-14.434 -2.439 1.278 135
-14.656 -2.439 1.478 170
-14.528 -2.439 1.453 105
-14.630 -2.440 1.647 134
-14.683 -2.439 1.460 185
-14.625 -2.439 1.596 114
-14.629 -2.439 1.557 166
-14.714 -2.439 1.498 179
-14.337 -2.438 1.298 194
-14.638 -2.439 1.394 178
-14.655 -2.440 1.645 166
-14.619 -2.439 1.393 177
-14.431 -2.439 1.289 158
-14.479 -2.439 1.296 175
-14.564 -2.439 1.575 120
-14.527 -2.439 1.273 138
-14.672 -2.439 1.554 184
-14.601 -2.439 1.597 136
-14.688 -2.439 1.545 178
-14.690 -2.440 1.606 182
-14.582 -2.439 1.366 187
-14.412 -2.439 1.400 184
-14.680 -2.440 1.569 176
-14.621 -2.439 1.346 183
-14.543 -2.439 1.397 178
-14.478 -2.439 1.594 150
-14.334 -2.438 1.259 177
-14.641 -2.440 1.724 175
-14.328 -2.439 1.454 197
-14.603 -2.439 1.333 175
-14.719 -2.440 1.664 182
-14.523 -2.439 1.307 174
-14.389 -2.439 1.452 183
-14.536 -2.439 1.553 102
-14.710 -2.439 1.324 170
-14.612 -2.439 1.507 149
-14.749 -2.439 1.523 158
-14.517 -2.439 1.257 175
-14.395 -2.439 1.534 193
-14.400 -2.439 1.341 181
-14.561 -2.440 1.664 115
-14.435 -2.439 1.307 179
-14.500 -2.439 1.404 182
-14.675 -2.439 1.419 182
-14.620 -2.439 1.404 177
-14.523 -2.439 1.273 138
-14.347 -2.439 1.419 184
-14.635 -2.439 1.258 179
-14.596 -2.440 1.652 128
-14.325 -2.438 1.278 137
-14.534 -2.439 1.566 111
-14.496 -2.439 1.273 150
-14.708 -2.439 1.483 178
-14.504 -2.439 1.296 187
-14.728 -2.440 1.783 191
-14.601 -2.440 1.692 182
-14.694 -2.440 1.655 179
-14.487 -2.439 1.549 158
-14.376 -2.439 1.401 181
-14.668 -2.439 1.537 180
-14.426 -2.439 1.261 182
-14.648 -2.439 1.516 125
-14.619 -2.440 1.637 138
-14.675 -2.439 1.501 183
-14.656 -2.439 1.374 177
-14.717 -2.439 1.468 182
-14.367 -2.439 1.423 185
-14.723 -2.440 1.728 183
-14.761 -2.440 1.585 151
-14.326 -2.439 1.357 186
-14.319 -2.439 1.332 149
-14.654 -2.440 1.627 168
-14.754 -2.439 1.492 124
-14.303 -2.439 1.338 145
-14.411 -2.439 1.503 117
-14.661 -2.439 1.506 197
-14.714 -2.439 1.345 185
-14.407 -2.439 1.505 143
-14.336 -2.439 1.357 181
-14.571 -2.439 1.614 112
-14.713 -2.440 1.694 182
-14.679 -2.439 1.422 185
-14.498 -2.439 1.599 152
-14.425 -2.439 1.512 140
-14.630 -2.440 1.666 156
-14.399 -2.438 1.265 185
-14.529 -2.439 1.506 118
-14.353 -2.439 1.348 190
-14.741 -2.440 1.769 160
-14.380 -2.439 1.546 179
-14.641 -2.439 1.358 178
-14.708 -2.440 1.583 180
-14.437 -2.439 1.530 136
-14.678 -2.440 1.629 181
-14.295 -2.439 1.407 178
-14.515 -2.439 1.379 182
-14.465 -2.439 1.569 146
-14.512 -2.439 1.463 135
-14.485 -2.439 1.342 186
-14.754 -2.440 1.730 131
-14.727 -2.439 1.353 197
-14.632 -2.440 1.724 177
-14.474 -2.439 1.491 170
-14.758 -2.440 1.561 131
-14.535 -2.439 1.324 174
-14.541 -2.439 1.487 125
-14.742 -2.439 1.452 166
-14.670 -2.440 1.636 178
-14.748 -2.440 1.744 148
-14.446 -2.439 1.505 137
-14.636 -2.439 1.319 176
-14.397 -2.439 1.326 180
-14.402 -2.439 1.460 190
-14.702 -2.439 1.504 178
-14.609 -2.439 1.525 140
-14.632 -2.439 1.349 180
-14.665 -2.440 1.585 183
-14.456 -2.439 1.265 188
-14.432 -2.439 1.582 146
-14.638 -2.440 1.683 175
-14.357 -2.439 1.309 178
-14.613 -2.439 1.400 190
-14.657 -2.439 1.402 177
-14.298 -2.438 1.286 159
-14.680 -2.439 1.562 184
-14.560 -2.439 1.295 187
-14.668 -2.439 1.268 152
-14.631 -2.439 1.407 176
-14.622 -2.439 1.537 143
-14.537 -2.439 1.539 103
-14.631 -2.439 1.466 142
-14.503 -2.439 1.435 190
-14.535 -2.439 1.554 102
-14.755 -2.440 1.619 114
-14.420 -2.439 1.464 130
-14.743 -2.439 1.272 139
-14.437 -2.439 1.335 178
-14.593 -2.439 1.413 184
-14.705 -2.440 1.727 182
-14.729 -2.439 1.489 187
-14.706 -2.439 1.336 171
-14.555 -2.439 1.635 120
-14.747 -2.440 1.574 165
-14.754 -2.440 1.772 134
-14.497 -2.439 1.326 180
-14.755 -2.440 1.759 122
-14.650 -2.440 1.740 174
-14.639 -2.439 1.409 175
-14.598 -2.439 1.527 128
-14.585 -2.439 1.375 186
-14.472 -2.439 1.289 156
-14.677 -2.439 1.524 178
-14.719 -2.439 1.444 185
-14.493 -2.439 1.449 122
-14.745 -2.440 1.693 167
-14.644 -2.439 1.538 146
-14.496 -2.439 1.482 161
-14.497 -2.439 1.560 157
-14.432 -2.439 1.540 142
-14.679 -2.439 1.531 181
-14.741 -2.439 1.504 170
-14.330 -2.439 1.412 201
-14.362 -2.439 1.392 185
-14.715 -2.439 1.408 191
-14.363 -2.439 1.411 181
-14.509 -2.439 1.261 182
-14.546 -2.439 1.267 159
-14.456 -2.439 1.585 124
-14.636 -2.439 1.362 179
-14.664 -2.440 1.685 178
-14.565 -2.439 1.458 177
-14.488 -2.439 1.420 186
-14.572 -2.439 1.373 179
-14.337 -2.439 1.441 187
-14.643 -2.439 1.471 130
-14.594 -2.439 1.571 129
-14.439 -2.439 1.460 118
-14.577 -2.439 1.542 119
-14.565 -2.439 1.476 170
-14.756 -2.440 1.596 137
-14.591 -2.439 1.402 186
-14.452 -2.439 1.508 145
-14.414 -2.439 1.420 187
-14.395 -2.439 1.437 185
-14.735 -2.440 1.707 158
-14.401 -2.439 1.509 179
-14.718 -2.439 1.513 183
-14.370 -2.439 1.414 183
-14.420 -2.439 1.317 175
-14.614 -2.439 1.573 143
-14.669 -2.439 1.377 178
-14.483 -2.439 1.388 186
-14.443 -2.439 1.422 178
-14.492 -2.439 1.365 179
-14.563 -2.439 1.348 184
-14.553 -2.439 1.459 172
-14.350 -2.439 1.344 188
-14.599 -2.439 1.389 187
-14.630 -2.440 1.597 115
-14.348 -2.439 1.338 183
-14.700 -2.439 1.473 179
-14.502 -2.439 1.614 148
-14.441 -2.439 1.337 175
-14.409 -2.439 1.322 177
-14.541 -2.439 1.258 182
-14.454 -2.439 1.453 96
-14.563 -2.439 1.364 180
-14.745 -2.440 1.598 157
-14.555 -2.439 1.470 173
-14.733 -2.440 1.753 157
-14.682 -2.439 1.396 185
-14.493 -2.439 1.326 182
-14.629 -2.439 1.283 160
-14.662 -2.439 1.454 198
-14.645 -2.439 1.359 177
-14.741 -2.440 1.765 160
-14.664 -2.439 1.343 180
-14.448 -2.439 1.458 110
-14.667 -2.439 1.305 177
-14.653 -2.439 1.524 139
-14.371 -2.439 1.417 185
-14.319 -2.438 1.274 146
-14.664 -2.439 1.410 179
-14.553 -2.439 1.358 183
-14.466 -2.439 1.421 185
-14.713 -2.440 1.591 178
-14.614 -2.439 1.378 199
-14.732 -2.439 1.359 192
-14.595 -2.439 1.535 129
-14.534 -2.439 1.570 106
-14.740 -2.440 1.686 164
-14.664 -2.439 1.287 164
-14.730 -2.440 1.614 180
-14.530 -2.439 1.406 176
-14.689 -2.440 1.567 181
-14.564 -2.439 1.454 173
-14.724 -2.439 1.427 183
-14.529 -2.439 1.466 143
-14.647 -2.440 1.686 177
-14.416 -2.439 1.404 182
-14.654 -2.439 1.511 130
-14.695 -2.440 1.621 178
-14.608 -2.439 1.332 175
-14.703 -2.439 1.389 179
-14.560 -2.439 1.374 179
-14.679 -2.439 1.403 185
-14.655 -2.440 1.601 158
-14.432 -2.439 1.430 184
-14.705 -2.439 1.266 178
-14.421 -2.439 1.298 186
-14.284 -2.439 1.365 179
-14.635 -2.440 1.646 131
-14.652 -2.439 1.381 177
-14.504 -2.439 1.295 187
-14.725 -2.439 1.507 187
-14.581 -2.439 1.611 115
-14.678 -2.440 1.727 180
-14.709 -2.440 1.725 181
-14.589 -2.440 1.697 177
-14.522 -2.439 1.578 132
-14.722 -2.439 1.487 189
-14.320 -2.439 1.441 151
-14.726 -2.440 1.636 201
-14.465 -2.439 1.452 129
-14.510 -2.439 1.311 174
-14.621 -2.440 1.614 105
-14.755 -2.440 1.660 129
-14.350 -2.439 1.398 184
-14.546 -2.439 1.425 178
-14.517 -2.439 1.357 177
-14.597 -2.439 1.513 139
-14.556 -2.439 1.559 119
-14.412 -2.439 1.499 121
-14.616 -2.439 1.528 120
-14.730 -2.440 1.613 180
-14.499 -2.439 1.440 181
-14.310 -2.439 1.442 153
-14.395 -2.439 1.435 185
-14.593 -2.439 1.379 191
-14.694 -2.439 1.484 179
-14.459 -2.439 1.476 149
-14.758 -2.439 1.485 130
-14.725 -2.439 1.301 203
-14.616 -2.440 1.641 145
-14.603 -2.439 1.402 191
-14.506 -2.439 1.377 182
-14.533 -2.439 1.316 174
-14.612 -2.439 1.504 158
-14.598 -2.439 1.464 174
-14.475 -2.439 1.471 166
-14.562 -2.439 1.335 173
-14.363 -2.439 1.416 182
-14.597 -2.439 1.360 194
-14.421 -2.439 1.509 136
-14.645 -2.439 1.377 176
-14.430 -2.439 1.480 144
-14.446 -2.439 1.415 179
-14.721 -2.440 1.566 187
-14.621 -2.439 1.568 152
-14.497 -2.439 1.484 157
-14.554 -2.439 1.311 173
-14.647 -2.439 1.516 120
-14.700 -2.439 1.463 178
-14.647 -2.439 1.527 139
-14.330 -2.438 1.282 159
-14.330 -2.438 1.297 176
-14.406 -2.439 1.335 183
-14.656 -2.440 1.730 176
-14.485 -2.439 1.343 186
-14.502 -2.439 1.548 158
-14.521 -2.439 1.377 180
-14.384 -2.439 1.413 183
-14.556 -2.439 1.520 129
-14.733 -2.440 1.790 174
-14.379 -2.439 1.359 179
-14.623 -2.439 1.413 178
-14.434 -2.439 1.259 180
-14.543 -2.439 1.544 104
-14.539 -2.439 1.324 174
-14.650 -2.439 1.569 141
-14.515 -2.439 1.423 180
-14.620 -2.439 1.553 163
-14.479 -2.439 1.472 164
-14.617 -2.440 1.689 178
-14.721 -2.439 1.463 183
-14.626 -2.439 1.314 174
-14.571 -2.439 1.480 161
-14.398 -2.439 1.520 192
-14.512 -2.439 1.301 180
-14.577 -2.439 1.338 175
-14.509 -2.439 1.476 148
-14.450 -2.439 1.474 129
-14.452 -2.439 1.475 129
-14.484 -2.439 1.557 159
-14.681 -2.439 1.372 187
-14.346 -2.439 1.412 182
-14.549 -2.439 1.615 115
-14.611 -2.439 1.441 193
-14.740 -2.440 1.803 167
-14.721 -2.440 1.726 182
-14.425 -2.439 1.389 183
-14.588 -2.439 1.410 183
-14.320 -2.439 1.329 145
-14.283 -2.439 1.448 182
-14.754 -2.439 1.493 124
-14.674 -2.440 1.739 179
-14.545 -2.440 1.646 103
-14.327 -2.439 1.384 183
-14.482 -2.439 1.347 187
-14.566 -2.440 1.664 119
-14.561 -2.439 1.396 178
-14.544 -2.439 1.269 159
-14.754 -2.439 1.332 136
-14.703 -2.439 1.423 179
-14.474 -2.439 1.281 152
-14.642 -2.439 1.536 149
-14.338 -2.439 1.513 194
-14.726 -2.439 1.434 183
-14.741 -2.439 1.425 163
-14.546 -2.439 1.537 109
-14.555 -2.440 1.667 141
-14.433 -2.439 1.463 128
-14.704 -2.440 1.660 179
-14.325 -2.439 1.430 171
-14.469 -2.439 1.326 178
-14.301 -2.439 1.391 157
-14.715 -2.439 1.531 178
-14.583 -2.440 1.678 186
-14.396 -2.439 1.445 186
-14.679 -2.439 1.266 179
-14.590 -2.439 1.567 121
-14.572 -2.439 1.268 155
-14.425 -2.439 1.400 184
-14.747 -2.439 1.379 158
-14.400 -2.439 1.413 181
-14.569 -2.439 1.447 141
-14.348 -2.439 1.302 190
-14.688 -2.439 1.357 185
-14.516 -2.439 1.542 130
-14.293 -2.438 1.304 185
-14.743 -2.440 1.539 163
-14.573 -2.440 1.667 142
-14.621 -2.440 1.604 109
-14.697 -2.440 1.593 181
-14.575 -2.439 1.587 117
-14.725 -2.439 1.336 179
-14.647 -2.439 1.314 175
-14.752 -2.439 1.435 142
-14.701 -2.439 1.483 179
-14.713 -2.439 1.293 179
-14.346 -2.439 1.312 171
-14.520 -2.439 1.308 174
-14.557 -2.439 1.359 183
-14.415 -2.439 1.535 132
-14.387 -2.439 1.465 181
-14.335 -2.438 1.274 142
-14.634 -2.439 1.525 157
-14.536 -2.439 1.625 108
-14.720 -2.439 1.450 184
-14.706 -2.439 1.391 184
-14.727 -2.439 1.373 200
-14.371 -2.439 1.507 183
-14.728 -2.440 1.636 201
-14.755 -2.439 1.314 136
-14.364 -2.439 1.365 178
-14.522 -2.439 1.531 114
-14.490 -2.439 1.518 155
-14.691 -2.440 1.668 179
-14.564 -2.439 1.273 143
-14.733 -2.439 1.447 177
-14.367 -2.439 1.422 185
-14.726 -2.439 1.493 191
-14.600 -2.440 1.667 152
-14.610 -2.439 1.512 145
-14.454 -2.439 1.390 181
-14.663 -2.439 1.370 178
-14.451 -2.439 1.340 177
-14.641 -2.440 1.644 117
-14.417 -2.439 1.544 136
-14.454 -2.439 1.305 185
-14.643 -2.440 1.733 176
-14.428 -2.439 1.529 144
-14.359 -2.439 1.425 186
-14.672 -2.440 1.724 180
-14.506 -2.439 1.491 142
-14.541 -2.439 1.524 103
-14.531 -2.439 1.343 182
-14.390 -2.439 1.497 182
-14.753 -2.439 1.330 149
-14.302 -2.439 1.365 153
-14.419 -2.439 1.510 131
-14.541 -2.439 1.404 177
-14.758 -2.440 1.660 131
-14.693 -2.439 1.387 179
-14.533 -2.439 1.265 175
-14.643 -2.440 1.617 99
-14.312 -2.438 1.306 149
-14.560 -2.439 1.480 171
-14.425 -2.439 1.470 137
-14.600 -2.439 1.579 135
-14.618 -2.440 1.653 145
-14.738 -2.440 1.635 164
-14.713 -2.439 1.389 186
-14.741 -2.440 1.585 170
-14.399 -2.439 1.319 176
-14.749 -2.440 1.768 158
-14.480 -2.439 1.521 165
-14.695 -2.439 1.374 185
-14.330 -2.439 1.315 182
-14.410 -2.439 1.438 179
-14.582 -2.439 1.527 122
-14.376 -2.439 1.459 184
-14.426 -2.439 1.326 177
-14.377 -2.439 1.512 183
-14.674 -2.439 1.418 182
-14.742 -2.439 1.317 148
-14.622 -2.439 1.516 144
-14.638 -2.439 1.477 135
-14.639 -2.439 1.442 136
-14.572 -2.439 1.569 123
-14.757 -2.439 1.318 145
-14.617 -2.439 1.271 142
-14.332 -2.439 1.468 197
-14.352 -2.439 1.465 189
-14.726 -2.440 1.676 188
-14.654 -2.439 1.356 179
-14.561 -2.439 1.437 195
-14.507 -2.439 1.387 185
-14.591 -2.439 1.371 188
-14.295 -2.439 1.441 180
-14.746 -2.440 1.606 160
-14.746 -2.439 1.512 164
-14.694 -2.439 1.325 176
-14.583 -2.440 1.691 178
-14.717 -2.440 1.606 185
-14.631 -2.439 1.502 136
-14.446 -2.439 1.331 178
-14.510 -2.439 1.478 144
-14.453 -2.439 1.509 145
-14.501 -2.439 1.288 171
-14.761 -2.440 1.706 147
-14.402 -2.439 1.339 182
-14.669 -2.439 1.357 179
-14.603 -2.439 1.540 144
-14.746 -2.440 1.617 160
-14.524 -2.439 1.458 131
-14.569 -2.439 1.559 124
-14.628 -2.439 1.423 175
-14.360 -2.438 1.289 160
-14.636 -2.439 1.355 179
-14.685 -2.439 1.429 184
-14.685 -2.440 1.759 179
-14.318 -2.439 1.419 154
-14.576 -2.439 1.516 128
-14.463 -2.439 1.330 184
-14.492 -2.439 1.495 157
-14.359 -2.439 1.460 186
-14.642 -2.439 1.325 175
-14.523 -2.439 1.522 118
-14.691 -2.439 1.514 182
-14.318 -2.439 1.326 147
-14.401 -2.439 1.467 189
-14.512 -2.439 1.476 141
-14.358 -2.439 1.332 183
-14.695 -2.439 1.333 177
-14.629 -2.439 1.421 175
-14.646 -2.440 1.714 178
-14.648 -2.439 1.362 176
-14.547 -2.439 1.567 111
-14.540 -2.439 1.331 173
-14.450 -2.439 1.324 178
-14.735 -2.439 1.263 183
-14.515 -2.439 1.625 147
-14.410 -2.439 1.486 120
-14.719 -2.440 1.554 184
-14.645 -2.439 1.450 104
-14.492 -2.439 1.504 146
-14.407 -2.439 1.471 144
-14.581 -2.439 1.368 187
-14.710 -2.439 1.338 169
-14.412 -2.439 1.393 185
-14.317 -2.438 1.317 145
-14.553 -2.440 1.665 110
-14.598 -2.439 1.411 189
-14.328 -2.439 1.438 199
-14.656 -2.439 1.263 185
-14.691 -2.440 1.578 177
-14.589 -2.439 1.483 138
-14.729 -2.439 1.428 191
-14.399 -2.439 1.394 186
-14.724 -2.440 1.762 177
-14.695 -2.439 1.339 181
-14.747 -2.440 1.767 155
-14.760 -2.439 1.272 155
-14.743 -2.440 1.596 167
-14.506 -2.439 1.293 172
-14.483 -2.439 1.504 166
-14.716 -2.440 1.550 182
-14.407 -2.439 1.309 178
-14.671 -2.439 1.485 183
-14.657 -2.440 1.645 163
-14.445 -2.439 1.261 179
-14.476 -2.439 1.459 143
-14.699 -2.440 1.741 182
-14.648 -2.440 1.684 177
-14.727 -2.439 1.318 190
-14.511 -2.439 1.371 178
-14.571 -2.439 1.469 171
-14.430 -2.439 1.564 142
-14.512 -2.439 1.311 172
-14.713 -2.440 1.737 185
-14.688 -2.440 1.742 178
-14.754 -2.439 1.429 128
-14.645 -2.440 1.714 177
-14.527 -2.439 1.402 176
-14.619 -2.439 1.314 174
-14.505 -2.439 1.519 139
-14.552 -2.439 1.587 127
-14.673 -2.440 1.593 182
-14.630 -2.439 1.480 141
-14.580 -2.439 1.589 115
-14.745 -2.439 1.290 150
-14.625 -2.439 1.326 174
-14.456 -2.439 1.519 143
-14.421 -2.439 1.283 159
-14.501 -2.439 1.582 155
-14.567 -2.439 1.287 160
-14.679 -2.439 1.265 179
-14.323 -2.439 1.372 147
-14.583 -2.440 1.636 118
-14.426 -2.439 1.560 138
-14.503 -2.439 1.402 183
-14.554 -2.439 1.440 192
-14.350 -2.439 1.344 188
-14.723 -2.440 1.673 185
-14.542 -2.439 1.346 183
-14.526 -2.439 1.526 120
-14.752 -2.440 1.558 135
-14.677 -2.439 1.562 179
-14.686 -2.440 1.734 178
-14.397 -2.439 1.395 186
-14.670 -2.440 1.745 179
-14.544 -2.439 1.342 181
-14.456 -2.439 1.312 176
-14.665 -2.440 1.639 176
-14.752 -2.440 1.795 131
-14.615 -2.440 1.689 178
-14.581 -2.440 1.665 120
-14.726 -2.440 1.588 182
-14.708 -2.439 1.330 171
-14.467 -2.439 1.467 161
-14.509 -2.439 1.431 182
-14.646 -2.440 1.736 175
-14.411 -2.439 1.469 122
-14.603 -2.439 1.422 184
-14.606 -2.440 1.623 131
-14.622 -2.440 1.648 143
-14.578 -2.439 1.584 116
-14.487 -2.439 1.295 188
-14.369 -2.439 1.482 184
-14.488 -2.439 1.369 177
-14.501 -2.439 1.569 159
-14.428 -2.439 1.372 180
-14.379 -2.439 1.411 184
-14.745 -2.439 1.378 158
-14.402 -2.439 1.501 187
-14.713 -2.440 1.716 180
-14.433 -2.439 1.340 176
-14.446 -2.439 1.508 134
-14.639 -2.439 1.569 147
-14.319 -2.439 1.438 150
-14.743 -2.440 1.747 162
-14.740 -2.439 1.261 181
-14.684 -2.440 1.614 181
-14.697 -2.440 1.771 178
-14.656 -2.439 1.464 167
-14.651 -2.439 1.393 174
-14.537 -2.439 1.347 183
-14.361 -2.439 1.367 181
-14.658 -2.440 1.669 178
-14.725 -2.439 1.459 184
-14.400 -2.439 1.460 190
-14.608 -2.439 1.444 155
-14.492 -2.439 1.446 131
-14.655 -2.439 1.449 160
-14.520 -2.439 1.347 182
-14.564 -2.440 1.665 119
-14.543 -2.439 1.521 108
-14.470 -2.439 1.468 169
-14.403 -2.439 1.449 168
-14.433 -2.439 1.397 181
-14.566 -2.439 1.518 139
-14.294 -2.439 1.365 176
-14.506 -2.439 1.470 147
-14.654 -2.439 1.396 173
-14.446 -2.439 1.459 109
-14.360 -2.439 1.400 180
-14.625 -2.439 1.267 178
-14.701 -2.439 1.552 180
-14.560 -2.439 1.529 126
-14.722 -2.439 1.261 182
-14.350 -2.439 1.402 175
-14.349 -2.439 1.435 189
-14.475 -2.439 1.555 156
-14.608 -2.440 1.643 153
-14.571 -2.439 1.627 106
-14.758 -2.440 1.584 133
-14.407 -2.439 1.548 139
-14.324 -2.439 1.412 156
-14.376 -2.439 1.503 182
-14.480 -2.439 1.483 170
-14.584 -2.440 1.649 118
-14.472 -2.439 1.414 185
-14.672 -2.439 1.381 178
-14.460 -2.439 1.414 182
-14.471 -2.439 1.383 186
-14.440 -2.439 1.301 188
-14.462 -2.439 1.488 152
-14.675 -2.439 1.338 177
-14.569 -2.439 1.378 182
-14.487 -2.439 1.401 183
-14.701 -2.439 1.484 177
-14.574 -2.439 1.348 185
-14.622 -2.440 1.662 146
-14.391 -2.439 1.535 188
-14.694 -2.439 1.516 182
-14.666 -2.439 1.524 183
-14.564 -2.439 1.465 177
-14.467 -2.439 1.424 185
-14.417 -2.439 1.334 183
-14.612 -2.439 1.357 188
-14.529 -2.439 1.451 105
-14.451 -2.439 1.415 179
-14.494 -2.439 1.387 186
-14.700 -2.439 1.347 181
-14.355 -2.439 1.465 189
-14.680 -2.439 1.293 173
-14.708 -2.440 1.701 183
-14.607 -2.440 1.625 134
-14.716 -2.440 1.717 183
-14.454 -2.439 1.296 180
-14.750 -2.440 1.695 158
-14.753 -2.440 1.698 113
-14.754 -2.439 1.373 132
-14.633 -2.439 1.399 176
-14.761 -2.439 1.438 146
-14.522 -2.439 1.434 189
-14.751 -2.439 1.336 145
-14.670 -2.439 1.360 180
-14.690 -2.440 1.655 179
-14.423 -2.439 1.453 128
-14.712 -2.440 1.692 181
-14.755 -2.439 1.401 129
-14.599 -2.439 1.595 130
-14.731 -2.439 1.504 188
-14.738 -2.440 1.736 159
-14.744 -2.440 1.725 169
-14.711 -2.439 1.426 181
-14.538 -2.439 1.469 137
-14.681 -2.440 1.597 182
-14.528 -2.439 1.449 116
-14.669 -2.440 1.619 175
-14.540 -2.439 1.369 179
-14.446 -2.439 1.341 177
-14.410 -2.439 1.342 183
-14.487 -2.439 1.495 161
-14.662 -2.440 1.680 177
-14.464 -2.439 1.306 183
-14.734 -2.439 1.310 182
-14.663 -2.439 1.353 182
-14.513 -2.439 1.586 163
-14.715 -2.439 1.486 182
-14.656 -2.440 1.704 177
-14.695 -2.440 1.668 179
-14.730 -2.439 1.294 179
-14.667 -2.440 1.606 176
-14.601 -2.439 1.277 152
-14.600 -2.440 1.670 192
-14.406 -2.439 1.533 139
-14.711 -2.440 1.678 182
-14.303 -2.439 1.343 138
-14.286 -2.439 1.461 182
-14.300 -2.439 1.451 175
-14.453 -2.439 1.260 177
-14.494 -2.439 1.610 149
-14.612 -2.440 1.672 193
-14.319 -2.439 1.337 142
-14.625 -2.439 1.485 134
-14.712 -2.440 1.668 181
-14.434 -2.439 1.521 137
-14.550 -2.439 1.353 183
-14.597 -2.439 1.398 192
-14.406 -2.439 1.321 178
-14.589 -2.439 1.370 188
-14.673 -2.440 1.592 182
-14.633 -2.439 1.289 162
-14.381 -2.439 1.357 180
-14.669 -2.440 1.731 178
-14.327 -2.439 1.500 167
-14.756 -2.439 1.514 126
-14.666 -2.439 1.417 182
-14.698 -2.439 1.364 183
-14.429 -2.439 1.449 129
-14.599 -2.439 1.283 158
-14.666 -2.439 1.458 180
-14.756 -2.439 1.378 128
-14.621 -2.439 1.371 175
-14.747 -2.439 1.345 156
-14.715 -2.440 1.692 182
-14.566 -2.439 1.268 155
-14.636 -2.439 1.520 153
-14.386 -2.439 1.484 183
-14.748 -2.440 1.637 145
-14.389 -2.439 1.543 185
-14.617 -2.439 1.563 154
-14.616 -2.440 1.656 150
-14.370 -2.439 1.352 182
-14.395 -2.439 1.386 186
-14.724 -2.439 1.330 182
-14.741 -2.440 1.604 154
-14.342 -2.439 1.406 178
-14.621 -2.439 1.328 174
-14.389 -2.439 1.520 181
-14.613 -2.440 1.622 123
-14.649 -2.439 1.335 174
-14.602 -2.439 1.309 174
-14.752 -2.439 1.392 139
-14.427 -2.439 1.272 153
-14.719 -2.440 1.777 183
-14.709 -2.439 1.257 178
-14.584 -2.439 1.554 135
-14.624 -2.439 1.334 174
-14.757 -2.439 1.307 146
-14.676 -2.439 1.450 179
-14.325 -2.438 1.281 152
-14.717 -2.440 1.650 179
-14.432 -2.439 1.380 183
-14.686 -2.439 1.388 182
-14.494 -2.439 1.508 143
-14.309 -2.439 1.356 151
-14.652 -2.439 1.444 142
-14.314 -2.439 1.351 154
-14.348 -2.439 1.375 185
-14.368 -2.439 1.467 184
-14.518 -2.439 1.525 121
-14.312 -2.439 1.359 157
-14.712 -2.440 1.700 181
-14.726 -2.440 1.544 185
-14.580 -2.439 1.283 159
-14.291 -2.439 1.362 179
-14.634 -2.439 1.416 177
-14.618 -2.439 1.456 154
-14.516 -2.439 1.280 160
-14.725 -2.440 1.758 183
-14.349 -2.439 1.438 189
-14.294 -2.438 1.261 175
-14.512 -2.439 1.551 140
-14.669 -2.439 1.562 179
-14.579 -2.439 1.287 158
-14.702 -2.439 1.430 178
-14.401 -2.439 1.359 183
-14.736 -2.440 1.582 168
-14.733 -2.440 1.688 167
-14.595 -2.439 1.290 169
-14.332 -2.439 1.414 198
-14.741 -2.440 1.710 166
-14.612 -2.440 1.610 131
-14.545 -2.439 1.579 115
-14.685 -2.439 1.345 183
-14.461 -2.439 1.440 178
-14.566 -2.440 1.654 116
-14.705 -2.439 1.476 179
-14.580 -2.439 1.585 115
-14.353 -2.439 1.323 175
-14.562 -2.439 1.405 175
-14.618 -2.439 1.552 163
-14.630 -2.439 1.277 149
-14.693 -2.439 1.451 180
-14.429 -2.439 1.564 142
-14.554 -2.439 1.374 180
-14.412 -2.439 1.377 185
-14.732 -2.440 1.730 168
-14.470 -2.439 1.606 150
-14.428 -2.439 1.498 143
-14.510 -2.439 1.469 146
-14.583 -2.439 1.606 112
-14.613 -2.439 1.400 190
-14.647 -2.439 1.533 139
-14.353 -2.439 1.473 189
-14.687 -2.439 1.466 184
-14.499 -2.439 1.596 153
-14.661 -2.440 1.600 187
-14.324 -2.438 1.294 168
-14.410 -2.439 1.336 182
-14.718 -2.440 1.782 178
-14.487 -2.439 1.405 179
-14.379 -2.439 1.489 182
-14.512 -2.439 1.263 181
-14.721 -2.439 1.515 186
-14.662 -2.440 1.750 177
-14.298 -2.439 1.392 173
-14.315 -2.439 1.334 152
-14.461 -2.439 1.599 121
-14.556 -2.439 1.406 174
-14.585 -2.439 1.347 183
-14.619 -2.439 1.326 175
-14.754 -2.440 1.649 133
-14.592 -2.440 1.674 193
-14.411 -2.439 1.368 175
-14.580 -2.439 1.423 181
-14.745 -2.440 1.675 165
-14.722 -2.440 1.548 184
-14.738 -2.440 1.724 158
-14.335 -2.439 1.514 193
-14.536 -2.439 1.315 172
-14.575 -2.439 1.575 114
-14.749 -2.439 1.287 148
-14.310 -2.439 1.326 150
-14.424 -2.439 1.488 143
-14.694 -2.439 1.404 183
-14.714 -2.439 1.355 188
-14.742 -2.439 1.417 166
-14.673 -2.439 1.367 181
-14.378 -2.439 1.545 180
-14.680 -2.439 1.479 185
-14.354 -2.439 1.363 182
-14.731 -2.439 1.414 189
-14.752 -2.440 1.535 129
-14.760 -2.440 1.529 147
-14.538 -2.439 1.520 107
-14.737 -2.439 1.268 170
-14.588 -2.439 1.492 144
-14.567 -2.439 1.357 184
-14.757 -2.439 1.344 130
-14.525 -2.439 1.453 123
-14.447 -2.439 1.498 139
-14.641 -2.439 1.547 153
-14.556 -2.439 1.559 119
-14.357 -2.438 1.269 166
-14.577 -2.440 1.639 116
-14.693 -2.440 1.587 182
-14.424 -2.439 1.566 136
-14.403 -2.439 1.481 173
-14.665 -2.440 1.740 177
-14.727 -2.439 1.322 190
-14.308 -2.439 1.494 157
-14.580 -2.440 1.675 179
-14.566 -2.439 1.390 180
-14.633 -2.439 1.528 161
-14.759 -2.439 1.364 122
-14.481 -2.439 1.502 166
-14.558 -2.439 1.560 120
-14.303 -2.438 1.263 176
-14.582 -2.439 1.322 174
-14.695 -2.439 1.268 158
-14.348 -2.439 1.516 187
-14.716 -2.439 1.485 182
-14.583 -2.439 1.268 153
-14.713 -2.439 1.388 186
-14.423 -2.439 1.508 139
-14.642 -2.439 1.360 178
-14.369 -2.439 1.373 179
-14.666 -2.440 1.629 181
-14.423 -2.439 1.298 186
-14.411 -2.439 1.547 129
-14.284 -2.438 1.334 175
-14.297 -2.439 1.420 181
-14.324 -2.438 1.313 173
-14.702 -2.439 1.541 178
-14.743 -2.439 1.522 167
-14.536 -2.439 1.415 179
-14.707 -2.439 1.289 158
-14.453 -2.439 1.300 189
-14.612 -2.440 1.708 172
-14.287 -2.438 1.335 179
-14.454 -2.439 1.265 188
-14.583 -2.439 1.290 166
-14.431 -2.439 1.334 179
-14.748 -2.439 1.260 182
-14.675 -2.440 1.758 180
-14.350 -2.439 1.401 179
-14.757 -2.440 1.667 133
-14.525 -2.439 1.489 128
-14.606 -2.439 1.294 195
-14.596 -2.439 1.293 185
-14.408 -2.439 1.394 185
-14.500 -2.439 1.594 155
-14.587 -2.440 1.659 127
-14.517 -2.439 1.631 135
-14.522 -2.439 1.456 121
-14.680 -2.439 1.447 184
-14.284 -2.439 1.369 181
-14.646 -2.440 1.674 183
-14.532 -2.439 1.553 105
-14.535 -2.439 1.602 123
-14.597 -2.439 1.528 118
-14.601 -2.439 1.591 139
-14.402 -2.439 1.420 186
-14.603 -2.439 1.402 191
-14.684 -2.439 1.548 180
-14.374 -2.439 1.503 183
-14.389 -2.439 1.413 185
-14.627 -2.440 1.610 111
-14.566 -2.439 1.315 173
-14.651 -2.439 1.565 146
-14.461 -2.439 1.370 177
-14.716 -2.439 1.354 190
-14.632 -2.440 1.688 172
-14.703 -2.440 1.643 178
-14.744 -2.439 1.427 167
-14.674 -2.439 1.475 184
-14.426 -2.439 1.353 182
-14.562 -2.439 1.394 177
-14.538 -2.439 1.358 180
-14.456 -2.439 1.381 180
-14.502 -2.439 1.304 178
-14.615 -2.439 1.350 186
-14.597 -2.440 1.650 131
-14.571 -2.440 1.659 115
-14.687 -2.439 1.480 183
-14.680 -2.440 1.677 180
-14.457 -2.439 1.353 181
-14.726 -2.440 1.612 186
-14.651 -2.439 1.543 156
-14.639 -2.439 1.567 147
-14.579 -2.439 1.524 121
-14.711 -2.440 1.648 175
-14.648 -2.439 1.266 187
-14.595 -2.439 1.293 185
-14.757 -2.440 1.731 131
-14.445 -2.439 1.357 175
-14.435 -2.439 1.439 181
-14.313 -2.439 1.361 153
-14.755 -2.439 1.315 136
-14.711 -2.439 1.303 187
-14.635 -2.439 1.472 139
-14.585 -2.439 1.300 186
-14.724 -2.440 1.606 187
-14.508 -2.439 1.435 189
-14.702 -2.440 1.701 179
-14.722 -2.439 1.309 184
-14.722 -2.440 1.580 183
-14.681 -2.439 1.436 185
-14.542 -2.439 1.352 181
-14.463 -2.439 1.361 180
-14.527 -2.439 1.402 176
-14.606 -2.439 1.430 185
-14.393 -2.438 1.269 169
-14.574 -2.439 1.576 114
-14.587 -2.439 1.552 139
-14.691 -2.439 1.443 180
-14.714 -2.439 1.313 175
-14.476 -2.439 1.499 169
-14.450 -2.439 1.330 178
-14.710 -2.439 1.423 184
-14.587 -2.439 1.278 152
-14.542 -2.439 1.478 125
-14.501 -2.439 1.407 181
-14.749 -2.439 1.380 154
-14.376 -2.439 1.308 178
-14.672 -2.440 1.702 179
-14.635 -2.440 1.677 182
-14.621 -2.439 1.440 175
-14.747 -2.439 1.484 164
-14.705 -2.439 1.535 181
-14.609 -2.439 1.447 155
-14.682 -2.439 1.381 184
-14.538 -2.439 1.395 179
-14.604 -2.440 1.626 129
-14.654 -2.439 1.265 186
-14.441 -2.439 1.392 177
-14.441 -2.439 1.410 178
-14.535 -2.439 1.441 164
-14.622 -2.439 1.436 193
-14.518 -2.439 1.322 175
-14.486 -2.439 1.542 155
-14.658 -2.439 1.262 183
-14.324 -2.438 1.274 146
-14.755 -2.440 1.590 129
-14.639 -2.440 1.682 175
-14.385 -2.439 1.491 183
-14.373 -2.439 1.422 184
-14.394 -2.439 1.545 189
-14.616 -2.439 1.560 155
-14.727 -2.439 1.367 196
-14.403 -2.439 1.339 182
-14.410 -2.439 1.482 117
-14.738 -2.440 1.656 159
-14.643 -2.440 1.723 176
-14.759 -2.440 1.627 128
-14.732 -2.439 1.354 196
-14.332 -2.438 1.305 194
-14.457 -2.439 1.456 115
-14.548 -2.439 1.354 182
-14.544 -2.439 1.603 114
-14.688 -2.439 1.308 173
-14.501 -2.439 1.311 174
-14.587 -2.439 1.328 176
-14.587 -2.440 1.672 191
-14.517 -2.439 1.366 178
-14.472 -2.439 1.576 154
-14.534 -2.439 1.530 107
-14.672 -2.439 1.378 178
-14.303 -2.439 1.348 147
-14.756 -2.439 1.492 124
-14.738 -2.439 1.336 163
-14.610 -2.440 1.698 178
-14.584 -2.439 1.307 178
-14.745 -2.440 1.722 165
-14.602 -2.439 1.388 184
-14.691 -2.440 1.666 179
-14.515 -2.439 1.304 177
-14.535 -2.439 1.557 103
-14.300 -2.438 1.303 172
-14.709 -2.439 1.497 178
-14.373 -2.439 1.530 184
-14.490 -2.439 1.614 145
-14.689 -2.439 1.551 178
-14.632 -2.440 1.673 190
-14.759 -2.439 1.374 123
-14.389 -2.439 1.370 184
-14.492 -2.439 1.421 188
-14.482 -2.439 1.551 154
-14.563 -2.439 1.506 156
-14.514 -2.439 1.631 142
-14.580 -2.439 1.385 180
-14.613 -2.439 1.438 200
-14.608 -2.439 1.369 206
-14.357 -2.439 1.437 189
-14.311 -2.438 1.303 151
-14.637 -2.439 1.317 175
-14.707 -2.440 1.727 182
-14.493 -2.439 1.572 162
-14.399 -2.439 1.380 185
-14.479 -2.439 1.546 146
-14.697 -2.439 1.383 180
-14.341 -2.439 1.439 187
-14.671 -2.440 1.596 178
-14.632 -2.439 1.526 159
-14.716 -2.439 1.287 161
-14.478 -2.439 1.260 183
-14.525 -2.439 1.445 131
-14.395 -2.439 1.512 191
-14.675 -2.440 1.696 179
-14.331 -2.439 1.313 184
-14.508 -2.439 1.438 185
-14.511 -2.439 1.556 142
-14.737 -2.440 1.607 160
-14.567 -2.440 1.675 192
-14.561 -2.439 1.333 173
-14.644 -2.439 1.401 175
-14.644 -2.439 1.437 195
-14.414 -2.439 1.411 185
-14.440 -2.439 1.270 153
-14.668 -2.439 1.438 181
-14.679 -2.439 1.557 179
-14.599 -2.440 1.675 189
-14.717 -2.440 1.709 189
-14.613 -2.439 1.276 140
-14.612 -2.440 1.617 130
-14.630 -2.440 1.627 115
-14.488 -2.439 1.291 175
-14.645 -2.439 1.279 152
-14.713 -2.439 1.541 181
-14.352 -2.439 1.519 184
-14.650 -2.439 1.265 186
-14.418 -2.439 1.545 136
-14.659 -2.440 1.647 171
-14.472 -2.439 1.544 144
-14.548 -2.439 1.571 114
-14.584 -2.439 1.294 180
-14.380 -2.439 1.391 182
-14.633 -2.439 1.585 143
-14.680 -2.439 1.474 184
-14.307 -2.439 1.481 155
-14.396 -2.439 1.491 194
-14.607 -2.439 1.578 147
-14.471 -2.439 1.454 148
-14.471 -2.439 1.506 172
-14.289 -2.439 1.452 181
-14.475 -2.439 1.418 185
-14.542 -2.439 1.443 172
-14.690 -2.440 1.757 179
-14.578 -2.439 1.376 183
-14.623 -2.439 1.543 151
-14.563 -2.439 1.315 173
-14.592 -2.440 1.621 111
-14.607 -2.439 1.559 165
-14.320 -2.439 1.382 153
-14.736 -2.440 1.635 164
-14.529 -2.439 1.519 112
-14.430 -2.439 1.279 151
-14.525 -2.439 1.263 185
-14.294 -2.439 1.408 177
-14.650 -2.440 1.741 174
-14.516 -2.439 1.419 182
-14.487 -2.439 1.521 158
-14.404 -2.439 1.284 158
-14.627 -2.439 1.533 157
-14.632 -2.440 1.670 176
-14.557 -2.439 1.448 170
-14.521 -2.439 1.507 117
-14.554 -2.439 1.356 184
-14.758 -2.439 1.505 132
-14.563 -2.439 1.538 125
-14.643 -2.439 1.270 160
-14.603 -2.440 1.677 189
-14.715 -2.439 1.472 181
-14.535 -2.439 1.474 123
-14.518 -2.439 1.275 147
-14.371 -2.439 1.501 182
-14.743 -2.440 1.548 162
-14.553 -2.439 1.369 179
-14.570 -2.439 1.380 182
-14.515 -2.439 1.621 145
-14.325 -2.439 1.421 173
-14.650 -2.439 1.332 173
-14.624 -2.439 1.294 188
-14.692 -2.439 1.440 180
-14.609 -2.439 1.367 204
-14.515 -2.439 1.607 143
-14.646 -2.439 1.441 165
-14.633 -2.439 1.404 176
-14.419 -2.439 1.316 175
-14.543 -2.439 1.357 180
-14.440 -2.439 1.380 179
-14.707 -2.440 1.719 182
-14.709 -2.439 1.356 185
-14.593 -2.439 1.324 177
-14.466 -2.439 1.371 177
-14.684 -2.440 1.601 181
-14.740 -2.440 1.686 164
-14.635 -2.439 1.461 136
-14.517 -2.439 1.384 183
-14.442 -2.439 1.352 177
-14.363 -2.439 1.506 179
-14.548 -2.439 1.620 110
-14.555 -2.440 1.666 113
-14.465 -2.439 1.601 144
-14.531 -2.439 1.491 122
-14.522 -2.439 1.434 189
-14.396 -2.439 1.497 191
-14.417 -2.439 1.522 125
-14.449 -2.439 1.574 123
-14.402 -2.439 1.537 194
-14.486 -2.439 1.593 153
-14.416 -2.439 1.279 153
-14.529 -2.439 1.583 148
-14.615 -2.439 1.274 140
-14.384 -2.439 1.307 176
-14.736 -2.440 1.615 160
-14.638 -2.440 1.690 172
-14.674 -2.439 1.526 178
-14.544 -2.439 1.433 190
-14.532 -2.439 1.435 203
-14.636 -2.439 1.478 136
-14.569 -2.439 1.282 160
-14.654 -2.439 1.399 174
-14.451 -2.439 1.520 143
-14.350 -2.439 1.377 186
-14.365 -2.438 1.286 158
-14.671 -2.440 1.640 177
-14.443 -2.439 1.342 176
-14.740 -2.440 1.568 160
-14.604 -2.439 1.370 204
-14.628 -2.439 1.478 144
-14.459 -2.439 1.294 179
-14.687 -2.440 1.706 177
-14.518 -2.439 1.552 121
-14.696 -2.440 1.697 178
-14.586 -2.439 1.447 145
-14.742 -2.439 1.528 165
-14.541 -2.439 1.682 188
-14.365 -2.438 1.728 186
-14.305 -2.437 1.760 131
-14.335 -2.437 1.709 188
-14.515 -2.438 1.780 184
-14.475 -2.438 1.732 185
-14.355 -2.438 1.704 188
-14.506 -2.439 1.728 170
-14.318 -2.437 1.752 146
-14.345 -2.439 1.548 189
-14.350 -2.437 1.804 139
-14.539 -2.439 1.683 187
-14.288 -2.438 1.537 179
-14.504 -2.439 1.655 124
-14.412 -2.438 1.786 186
-14.506 -2.439 1.662 119
-14.545 -2.439 1.798 172
-14.621 -2.440 1.735 175
-14.316 -2.437 1.811 137
-14.477 -2.439 1.703 183
-14.455 -2.438 1.777 175
-14.359 -2.438 1.689 187
-14.628 -2.439 1.770 173
-14.601 -2.439 1.775 175
-14.429 -2.438 1.681 184
-14.337 -2.437 1.747 187
-14.569 -2.439 1.793 202
-14.356 -2.439 1.557 190
-14.479 -2.439 1.636 141
-14.599 -2.439 1.789 180
-14.392 -2.437 1.787 181
-14.426 -2.439 1.619 166
-14.535 -2.439 1.698 175
-14.514 -2.439 1.768 182
-14.463 -2.439 1.689 179
-14.340 -2.438 1.628 177
-14.612 -2.439 1.789 184
-14.447 -2.438 1.761 175
-14.460 -2.438 1.743 175
-14.424 -2.439 1.664 154
-14.666 -2.440 1.799 151
-14.305 -2.438 1.659 144
-14.522 -2.438 1.788 185
-14.542 -2.439 1.719 177
-14.413 -2.439 1.623 145
-14.617 -2.440 1.730 178
-14.369 -2.439 1.584 188
-14.475 -2.439 1.644 140
-14.458 -2.438 1.811 142
-14.611 -2.439 1.779 172
-14.344 -2.438 1.630 187
-14.461 -2.439 1.668 90
-14.480 -2.438 1.764 184
-14.324 -2.437 1.800 159
-14.406 -2.438 1.731 187
-14.339 -2.438 1.600 190
-14.456 -2.438 1.775 179
-14.520 -2.438 1.783 181
-14.320 -2.438 1.586 155
-14.342 -2.437 1.725 188
-14.346 -2.438 1.608 183
-14.499 -2.439 1.690 173
-14.375 -2.437 1.800 166
-14.527 -2.439 1.705 172
-14.640 -2.439 1.815 161
-14.374 -2.437 1.780 179
-14.330 -2.438 1.663 186
-14.340 -2.438 1.629 177
-14.547 -2.438 1.814 134
-14.310 -2.437 1.736 146
-14.490 -2.439 1.650 124
-14.615 -2.439 1.778 171
-14.413 -2.438 1.780 180
-14.480 -2.439 1.664 114
-14.420 -2.438 1.796 194
-14.398 -2.438 1.748 181
-14.374 -2.437 1.791 185
-14.398 -2.438 1.665 199
-14.390 -2.438 1.675 180
-14.503 -2.438 1.811 142
-14.307 -2.437 1.799 134
-14.305 -2.438 1.604 147
-14.489 -2.439 1.691 172
-14.499 -2.439 1.696 171
-14.452 -2.438 1.711 179
-14.413 -2.439 1.601 130
-14.584 -2.439 1.717 170
-14.283 -2.438 1.635 173
-14.397 -2.438 1.723 184
-14.374 -2.438 1.743 182
-14.431 -2.438 1.778 182
-14.423 -2.438 1.694 183
-14.641 -2.439 1.810 157
-14.335 -2.439 1.544 184
-14.294 -2.438 1.532 175
-14.500 -2.439 1.717 171
-14.736 -2.440 1.815 160
-14.404 -2.437 1.807 147
-14.428 -2.438 1.747 183
-14.683 -2.440 1.791 196
-14.304 -2.437 1.750 133
-14.345 -2.437 1.812 145
-14.590 -2.439 1.780 173
-14.325 -2.439 1.511 165
-14.396 -2.438 1.650 192
-14.496 -2.439 1.741 172
-14.317 -2.437 1.752 146
-14.436 -2.438 1.693 176
-14.397 -2.438 1.693 180
-14.324 -2.438 1.627 138
-14.390 -2.437 1.771 183
-14.476 -2.439 1.639 144
-14.629 -2.439 1.815 157
-14.457 -2.439 1.612 130
-14.519 -2.439 1.728 172
-14.401 -2.438 1.664 200
-14.380 -2.438 1.735 183
-14.307 -2.438 1.600 152
-14.353 -2.438 1.638 180
-14.334 -2.439 1.525 191
-14.393 -2.438 1.761 182
-14.631 -2.440 1.748 176
-14.503 -2.439 1.673 201
-14.421 -2.439 1.646 174
-14.507 -2.438 1.803 130
-14.570 -2.439 1.811 146
-14.353 -2.439 1.580 184
-14.321 -2.437 1.811 142
-14.481 -2.439 1.644 131
-14.627 -2.440 1.728 177
-14.494 -2.438 1.766 182
-14.330 -2.438 1.670 187
-14.486 -2.439 1.730 175
-14.589 -2.439 1.792 184
-14.290 -2.437 1.708 171
-14.299 -2.438 1.596 161
-14.589 -2.439 1.758 176
-14.304 -2.438 1.542 149
-14.283 -2.438 1.567 177
-14.294 -2.438 1.597 170
-14.562 -2.439 1.763 184
-14.443 -2.438 1.782 182
-14.585 -2.439 1.762 176
-14.520 -2.439 1.675 194
-14.293 -2.438 1.628 166
-14.577 -2.439 1.718 173
-14.340 -2.439 1.573 188
-14.305 -2.437 1.775 139
-14.407 -2.438 1.744 185
-14.544 -2.439 1.754 175
-14.650 -2.440 1.751 176
-14.317 -2.438 1.584 163
-14.326 -2.438 1.581 174
-14.287 -2.437 1.677 169
-14.313 -2.437 1.723 151
-14.571 -2.439 1.716 176
-14.476 -2.438 1.773 184
-14.379 -2.438 1.634 185
-14.438 -2.439 1.621 155
-14.417 -2.438 1.779 184
-14.524 -2.439 1.763 180
-14.369 -2.438 1.736 184
-14.304 -2.439 1.527 149
-14.458 -2.438 1.783 173
-14.632 -2.439 1.810 154
-14.285 -2.437 1.669 174
-14.377 -2.438 1.659 184
-14.335 -2.437 1.792 210
-14.289 -2.436 1.802 171
-14.353 -2.438 1.657 180
-14.465 -2.439 1.707 185
-14.500 -2.439 1.728 170
-14.680 -2.440 1.813 160
-14.383 -2.437 1.804 140
-14.373 -2.439 1.581 185
-14.420 -2.437 1.808 145
-14.502 -2.439 1.744 176
-14.287 -2.437 1.684 170
-14.420 -2.439 1.628 165
-14.413 -2.439 1.572 127
-14.597 -2.439 1.786 175
-14.562 -2.439 1.703 175
-14.508 -2.439 1.704 171
-14.557 -2.439 1.745 179
-14.385 -2.438 1.681 178
-14.374 -2.438 1.652 184
-14.350 -2.438 1.633 180
-14.374 -2.438 1.669 182
-14.435 -2.439 1.646 168
-14.309 -2.437 1.790 138
-14.550 -2.439 1.765 181
-14.590 -2.439 1.762 177
-14.512 -2.439 1.671 143
-14.342 -2.439 1.524 189
-14.349 -2.437 1.751 185
-14.445 -2.438 1.803 144
-14.736 -2.440 1.815 160
-14.283 -2.437 1.677 171
-14.330 -2.437 1.732 193
-14.684 -2.440 1.789 199
-14.745 -2.440 1.814 154
-14.543 -2.439 1.766 175
-14.439 -2.439 1.643 163
-14.578 -2.439 1.733 175
-14.402 -2.438 1.746 184
-14.307 -2.438 1.566 153
-14.296 -2.437 1.698 171
-14.493 -2.439 1.702 172
-14.549 -2.439 1.704 176
-14.362 -2.437 1.763 187
-14.553 -2.439 1.721 177
-14.311 -2.437 1.698 157
-14.366 -2.437 1.799 173
-14.532 -2.439 1.662 99
-14.548 -2.438 1.808 147
-14.371 -2.439 1.545 181
-14.630 -2.440 1.759 173
-14.520 -2.439 1.732 172
-14.317 -2.438 1.668 153
-14.562 -2.439 1.692 175
-14.331 -2.437 1.755 198
-14.293 -2.438 1.535 177
-14.354 -2.438 1.690 186
-14.430 -2.438 1.692 181
-14.440 -2.439 1.628 159
-14.322 -2.439 1.541 143
-14.378 -2.438 1.713 181
-14.382 -2.438 1.711 181
-14.442 -2.438 1.763 179
-14.406 -2.439 1.568 130
-14.537 -2.439 1.679 200
-14.466 -2.438 1.732 178
-14.330 -2.437 1.734 190
-14.435 -2.438 1.756 178
-14.662 -2.440 1.775 178
-14.629 -2.440 1.747 176
-14.540 -2.439 1.719 177
-14.532 -2.439 1.703 172
-14.323 -2.437 1.781 143
-14.299 -2.438 1.637 170
-14.301 -2.438 1.621 159
-14.284 -2.438 1.548 176
-14.503 -2.439 1.665 115
-14.357 -2.437 1.751 185
-14.370 -2.438 1.659 183
-14.422 -2.438 1.757 181
-14.384 -2.438 1.689 180
-14.408 -2.438 1.674 167
-14.389 -2.437 1.785 178
-14.314 -2.438 1.601 157
-14.356 -2.438 1.679 185
-14.306 -2.437 1.703 149
-14.479 -2.439 1.699 181
-14.516 -2.439 1.766 182
-14.397 -2.438 1.668 192
-14.382 -2.437 1.803 152
-14.495 -2.439 1.676 196
-14.441 -2.439 1.593 127
-14.410 -2.438 1.788 185
-14.329 -2.437 1.809 148
-14.451 -2.438 1.726 173
-14.458 -2.439 1.675 173
-14.295 -2.437 1.733 172
-14.378 -2.438 1.659 184
-14.663 -2.440 1.800 151
-14.527 -2.439 1.703 172
-14.525 -2.439 1.668 100
-14.285 -2.437 1.655 175
-14.307 -2.436 1.810 133
-14.408 -2.437 1.798 173
-14.514 -2.439 1.759 183
-14.477 -2.439 1.624 150
-14.437 -2.439 1.677 187
-14.367 -2.438 1.710 185
-14.285 -2.437 1.665 174
-14.369 -2.437 1.777 179
-14.437 -2.439 1.610 150
-14.360 -2.438 1.641 184
-14.410 -2.438 1.770 186
-14.422 -2.438 1.768 187
-14.319 -2.438 1.612 150
-14.353 -2.437 1.786 182
-14.490 -2.438 1.757 181
-14.380 -2.439 1.579 182
-14.588 -2.439 1.814 138
-14.298 -2.436 1.801 156
-14.748 -2.440 1.815 151
-14.289 -2.438 1.545 178
-14.294 -2.436 1.809 172
-14.362 -2.439 1.565 189
-14.510 -2.439 1.656 126
-14.524 -2.439 1.753 176
-14.536 -2.439 1.707 174
-14.358 -2.439 1.549 189
-14.367 -2.439 1.544 182
-14.376 -2.439 1.600 183
-14.398 -2.439 1.612 190
-14.520 -2.438 1.802 141
-14.716 -2.440 1.805 158
-14.300 -2.437 1.730 167
-14.330 -2.437 1.770 197
-14.347 -2.437 1.795 183
-14.377 -2.438 1.689 181
-14.671 -2.440 1.809 154
-14.301 -2.437 1.767 140
-14.367 -2.437 1.807 144
-14.392 -2.437 1.783 176
-14.569 -2.439 1.712 174
-14.320 -2.437 1.703 147
-14.456 -2.438 1.716 180
-14.380 -2.438 1.687 181
-14.487 -2.438 1.786 180
-14.295 -2.437 1.717 160
-14.571 -2.439 1.797 185
-14.620 -2.440 1.745 176
-14.465 -2.438 1.741 180
-14.415 -2.439 1.655 158
-14.480 -2.439 1.675 192
-14.441 -2.438 1.720 178
-14.425 -2.439 1.590 144
-14.327 -2.437 1.769 197
-14.503 -2.439 1.730 171
-14.386 -2.438 1.700 181
-14.583 -2.439 1.788 177
-14.333 -2.437 1.746 194
-14.498 -2.439 1.689 173
-14.465 -2.438 1.758 180
-14.411 -2.439 1.604 133
-14.561 -2.439 1.768 184
-14.493 -2.439 1.736 174
-14.328 -2.437 1.742 171
-14.439 -2.438 1.800 167
-14.364 -2.438 1.703 187
-14.414 -2.438 1.728 184
-14.359 -2.438 1.704 188
-14.410 -2.438 1.698 180
-14.375 -2.438 1.734 185
-14.318 -2.437 1.756 147
-14.591 -2.439 1.804 140
-14.622 -2.439 1.808 153
-14.408 -2.438 1.666 142
-14.294 -2.438 1.613 171
-14.512 -2.439 1.745 173
-14.518 -2.438 1.801 164
-14.286 -2.437 1.669 174
-14.357 -2.438 1.692 189
-14.707 -2.440 1.784 181
-14.551 -2.438 1.812 142
-14.377 -2.439 1.609 185
-14.361 -2.437 1.765 187
-14.326 -2.437 1.738 161
-14.465 -2.438 1.733 176
-14.422 -2.438 1.710 182
-14.499 -2.439 1.639 133
-14.290 -2.437 1.761 166
-14.388 -2.438 1.670 184
-14.284 -2.438 1.550 176
-14.334 -2.439 1.550 190
-14.343 -2.437 1.766 190
-14.647 -2.440 1.744 175
-14.352 -2.438 1.616 182
-14.377 -2.438 1.651 181
-14.496 -2.439 1.673 200
-14.436 -2.438 1.812 144
-14.449 -2.438 1.712 178
-14.669 -2.440 1.805 155
-14.318 -2.438 1.608 156
-14.684 -2.440 1.793 178
-14.339 -2.438 1.691 189
-14.602 -2.439 1.788 182
-14.410 -2.439 1.591 138
-14.464 -2.439 1.652 122
-14.409 -2.438 1.656 152
-14.444 -2.438 1.781 179
-14.420 -2.438 1.699 182
-14.341 -2.438 1.645 178
-14.394 -2.439 1.574 186
-14.458 -2.438 1.750 173
-14.521 -2.439 1.667 103
-14.524 -2.439 1.747 174
-14.581 -2.439 1.735 174
-14.469 -2.439 1.672 146
-14.386 -2.438 1.707 181
-14.339 -2.438 1.625 189
-14.624 -2.439 1.798 164
-14.395 -2.438 1.761 182
-14.544 -2.439 1.702 176
-14.539 -2.438 1.807 146
-14.515 -2.439 1.771 181
-14.414 -2.439 1.609 142
-14.444 -2.439 1.675 175
-14.584 -2.439 1.811 146
-14.492 -2.439 1.654 120
-14.317 -2.439 1.533 158
-14.573 -2.440 1.687 175
-14.468 -2.439 1.708 189
-14.433 -2.438 1.779 182
-14.308 -2.437 1.770 139
-14.312 -2.438 1.562 160
-14.397 -2.438 1.682 185
-14.446 -2.439 1.670 146
-14.312 -2.438 1.658 156
-14.474 -2.439 1.708 188
-14.345 -2.437 1.725 187
-14.423 -2.439 1.650 173
-14.542 -2.439 1.737 175
-14.640 -2.440 1.740 175
-14.352 -2.437 1.790 190
-14.298 -2.439 1.518 175
-14.483 -2.439 1.644 131
-14.383 -2.438 1.720 180
-14.599 -2.439 1.743 178
-14.615 -2.439 1.752 177
-14.318 -2.439 1.534 154
-14.313 -2.437 1.719 155
-14.293 -2.439 1.526 172
-14.538 -2.439 1.726 172
-14.495 -2.439 1.692 172
-14.287 -2.438 1.546 178
-14.410 -2.438 1.781 181
-14.321 -2.437 1.698 145
-14.295 -2.438 1.542 178
-14.448 -2.439 1.599 130
-14.555 -2.439 1.795 176
-14.344 -2.439 1.555 185
-14.289 -2.439 1.481 178
-14.650 -2.439 1.798 153
-14.339 -2.438 1.689 184
-14.450 -2.438 1.812 144
-14.383 -2.439 1.571 181
-14.316 -2.438 1.641 150
-14.309 -2.438 1.671 147
-14.456 -2.438 1.760 176
-14.301 -2.438 1.625 159
-14.580 -2.439 1.791 185
-14.574 -2.439 1.760 182
-14.315 -2.437 1.704 161
-14.503 -2.439 1.725 171
-14.586 -2.439 1.796 179
-14.520 -2.438 1.811 138
-14.527 -2.439 1.756 178
-14.468 -2.439 1.699 184
-14.577 -2.440 1.704 174
-14.617 -2.440 1.724 179
-14.365 -2.438 1.672 185
-14.513 -2.439 1.736 173
-14.355 -2.438 1.628 180
-14.512 -2.439 1.735 171
-14.513 -2.439 1.732 171
-14.440 -2.438 1.778 181
-14.305 -2.437 1.773 139
-14.343 -2.437 1.769 189
-14.649 -2.440 1.743 174
-14.588 -2.439 1.810 146
-14.373 -2.439 1.607 184
-14.377 -2.439 1.611 185
-14.423 -2.439 1.634 169
-14.639 -2.440 1.775 173
-14.324 -2.437 1.772 167
-14.553 -2.439 1.723 175
-14.401 -2.438 1.714 183
-14.533 -2.439 1.755 176
-14.283 -2.437 1.677 171
-14.306 -2.436 1.809 133
-14.492 -2.439 1.642 127
-14.382 -2.438 1.648 180
-14.391 -2.437 1.794 188
-14.402 -2.438 1.681 185
-14.340 -2.438 1.702 179
-14.431 -2.438 1.685 182
-14.423 -2.439 1.658 170
-14.290 -2.437 1.722 168
-14.441 -2.438 1.769 181
-14.362 -2.437 1.771 182
-14.653 -2.439 1.809 153
-14.399 -2.438 1.767 187
-14.491 -2.439 1.724 174
-14.310 -2.437 1.729 150
-14.502 -2.438 1.801 127
-14.396 -2.439 1.598 189
-14.390 -2.438 1.666 183
-14.474 -2.439 1.639 142
-14.390 -2.439 1.575 179
-14.311 -2.438 1.665 157
-14.620 -2.440 1.752 176
-14.508 -2.439 1.732 171
-14.582 -2.440 1.699 175
-14.420 -2.438 1.673 178
-14.316 -2.438 1.624 153
-14.290 -2.437 1.779 170
-14.525 -2.439 1.726 173
-14.503 -2.439 1.694 172
-14.664 -2.440 1.781 174
-14.519 -2.438 1.791 193
-14.500 -2.439 1.668 100
-14.305 -2.439 1.537 148
-14.333 -2.438 1.587 196
-14.471 -2.439 1.680 192
-14.476 -2.438 1.782 184
-14.456 -2.439 1.679 186
-14.285 -2.438 1.634 173
-14.290 -2.438 1.547 178
-14.342 -2.437 1.808 143
-14.563 -2.439 1.734 179
-14.410 -2.439 1.632 147
-14.469 -2.439 1.702 186
-14.561 -2.439 1.749 177
-14.504 -2.439 1.655 124
-14.467 -2.438 1.798 161
-14.592 -2.439 1.798 142
-14.571 -2.440 1.694 175
-14.330 -2.438 1.677 197
-14.700 -2.440 1.785 184
-14.284 -2.438 1.539 177
-14.493 -2.439 1.702 172
-14.510 -2.439 1.750 177
-14.741 -2.440 1.816 157
-14.320 -2.439 1.519 143
-14.460 -2.439 1.700 180
-14.393 -2.438 1.687 180
-14.321 -2.438 1.665 150
-14.380 -2.439 1.582 183
-14.451 -2.438 1.807 145
-14.450 -2.438 1.718 178
-14.320 -2.438 1.651 148
-14.477 -2.439 1.637 144
-14.373 -2.437 1.756 181
-14.361 -2.438 1.672 183
-14.502 -2.439 1.667 100
-14.628 -2.440 1.743 176
-14.575 -2.439 1.717 176
-14.484 -2.439 1.698 175
-14.367 -2.437 1.801 155
-14.539 -2.438 1.812 142
-14.316 -2.438 1.634 155
-14.571 -2.439 1.726 177
-14.482 -2.439 1.728 179
-14.496 -2.438 1.751 177
-14.369 -2.438 1.718 185
-14.346 -2.437 1.798 150
-14.352 -2.439 1.556 189
-14.467 -2.439 1.704 185
-14.654 -2.440 1.752 176
-14.487 -2.438 1.787 181
-14.741 -2.440 1.809 155
-14.722 -2.440 1.804 160
-14.600 -2.439 1.751 179
-14.626 -2.439 1.767 173
-14.595 -2.439 1.747 178
-14.423 -2.438 1.800 175
-14.422 -2.439 1.634 169
-14.415 -2.437 1.808 147
-14.441 -2.439 1.594 130
-14.493 -2.439 1.642 127
-14.351 -2.438 1.657 180
-14.304 -2.437 1.798 138
-14.390 -2.438 1.663 183
-14.404 -2.437 1.784 180
-14.459 -2.438 1.717 181
-14.416 -2.439 1.611 142
-14.387 -2.439 1.555 184
-14.454 -2.438 1.762 175
-14.484 -2.439 1.715 178
-14.317 -2.437 1.720 154
-14.295 -2.438 1.590 168
-14.305 -2.437 1.679 143
-14.305 -2.439 1.508 148
-14.390 -2.438 1.728 182
-14.533 -2.439 1.756 176
-14.299 -2.438 1.559 165
-14.344 -2.439 1.533 186
-14.309 -2.437 1.747 135
-14.575 -2.439 1.804 145
-14.308 -2.437 1.742 135
-14.391 -2.438 1.642 186
-14.433 -2.439 1.600 145
-14.487 -2.439 1.636 129
-14.330 -2.437 1.770 197
-14.432 -2.439 1.601 145
-14.315 -2.438 1.674 152
-14.632 -2.440 1.765 171
-14.324 -2.439 1.548 143
-14.328 -2.437 1.706 182
-14.316 -2.438 1.676 153
-14.353 -2.437 1.795 198
-14.468 -2.439 1.704 186
-14.384 -2.438 1.663 183
-14.404 -2.439 1.615 191
-14.655 -2.440 1.783 176
-14.380 -2.439 1.548 179
-14.481 -2.438 1.763 184
-14.344 -2.437 1.756 182
-14.547 -2.439 1.796 170
-14.522 -2.438 1.786 184
-14.314 -2.438 1.623 155
-14.417 -2.438 1.676 193
-14.413 -2.438 1.685 186
-14.524 -2.439 1.751 176
-14.364 -2.437 1.779 180
-14.294 -2.437 1.694 169
-14.637 -2.439 1.805 156
-14.348 -2.438 1.624 185
-14.392 -2.439 1.570 182
-14.678 -2.440 1.797 138
-14.307 -2.439 1.515 154
-14.307 -2.437 1.763 133
-14.566 -2.440 1.686 177
-14.682 -2.440 1.802 154
-14.399 -2.438 1.739 187
-14.360 -2.438 1.705 190
-14.369 -2.439 1.575 187
-14.382 -2.437 1.805 140
-14.314 -2.439 1.502 158
-14.499 -2.439 1.663 114
-14.362 -2.438 1.665 183
-14.370 -2.438 1.623 185
-14.552 -2.439 1.784 178
-14.319 -2.437 1.728 145
-14.463 -2.438 1.800 159
-14.317 -2.438 1.625 154
-14.291 -2.438 1.595 172
-14.430 -2.438 1.746 181
-14.557 -2.440 1.685 181
-14.689 -2.440 1.789 201
-14.378 -2.439 1.588 183
-14.462 -2.438 1.792 181
-14.655 -2.440 1.783 176
-14.386 -2.438 1.722 178
-14.494 -2.439 1.651 124
-14.332 -2.438 1.604 197
-14.287 -2.437 1.741 170
-14.623 -2.439 1.804 160
-14.330 -2.438 1.615 196
-14.680 -2.440 1.776 176
-14.595 -2.439 1.808 141
-14.294 -2.437 1.759 163
-14.537 -2.439 1.771 177
-14.393 -2.439 1.615 186
-14.466 -2.438 1.796 197
-14.380 -2.438 1.697 182
-14.373 -2.437 1.761 184
-14.314 -2.438 1.649 156
-14.343 -2.438 1.635 186
-14.377 -2.438 1.643 182
-14.294 -2.437 1.698 171
-14.420 -2.437 1.803 156
-14.475 -2.439 1.692 177
-14.606 -2.439 1.804 161
-14.499 -2.438 1.754 180
-14.374 -2.438 1.672 182
-14.680 -2.440 1.810 155
-14.418 -2.439 1.614 148
-14.385 -2.438 1.741 183
-14.557 -2.439 1.788 180
-14.307 -2.439 1.524 151
-14.585 -2.440 1.700 171
-14.658 -2.440 1.784 175
-14.448 -2.439 1.602 131
-14.402 -2.438 1.735 186
-14.322 -2.437 1.718 136
-14.631 -2.440 1.754 173
-14.390 -2.438 1.681 180
-14.489 -2.438 1.752 179
-14.521 -2.439 1.719 175
-14.634 -2.439 1.797 159
-14.299 -2.438 1.578 161
-14.593 -2.439 1.786 178
-14.442 -2.438 1.694 174
-14.400 -2.439 1.595 193
-14.510 -2.439 1.765 183
-14.508 -2.439 1.699 172
-14.410 -2.438 1.786 181
-14.607 -2.439 1.790 186
-14.412 -2.438 1.755 180
-14.595 -2.439 1.784 176
-14.312 -2.437 1.765 137
-14.313 -2.437 1.718 155
-14.365 -2.438 1.737 185
-14.598 -2.439 1.778 175
-14.359 -2.439 1.559 190
-14.561 -2.439 1.740 179
-14.326 -2.437 1.733 159
-14.468 -2.439 1.620 147
-14.633 -2.439 1.801 152
-14.502 -2.439 1.680 191
-14.312 -2.437 1.734 150
-14.428 -2.438 1.696 182
-14.576 -2.439 1.719 173
-14.611 -2.439 1.751 178
-14.301 -2.438 1.661 155
-14.365 -2.439 1.586 188
-14.397 -2.439 1.598 189
-14.581 -2.439 1.768 183
-14.311 -2.438 1.617 154
-14.434 -2.439 1.674 185
-14.303 -2.438 1.648 149
-14.394 -2.439 1.589 191
-14.458 -2.438 1.715 181
-14.534 -2.439 1.723 173
-14.410 -2.438 1.719 183
-14.407 -2.438 1.684 184
-14.611 -2.439 1.752 178
-14.391 -2.437 1.807 146
-14.326 -2.438 1.648 167
-14.362 -2.439 1.584 188
-14.591 -2.439 1.724 178
-14.451 -2.438 1.760 175
-14.461 -2.438 1.749 176
-14.349 -2.439 1.588 183
-14.427 -2.439 1.592 143
-14.378 -2.438 1.710 181
-14.388 -2.439 1.563 184
-14.444 -2.439 1.624 152
-14.306 -2.438 1.556 151
-14.316 -2.438 1.634 155
-14.293 -2.436 1.801 170
-14.395 -2.438 1.691 180
-14.543 -2.439 1.739 175
-14.331 -2.439 1.542 190
-14.537 -2.439 1.695 174
-14.320 -2.438 1.595 151
-14.318 -2.438 1.659 155
-14.287 -2.438 1.533 178
-14.600 -2.440 1.717 176
-14.540 -2.439 1.794 195
-14.353 -2.439 1.574 187
-14.548 -2.439 1.742 177
-14.335 -2.437 1.707 187
-14.375 -2.437 1.796 182
-14.393 -2.438 1.691 182
-14.382 -2.438 1.634 184
-14.302 -2.438 1.575 156
-14.381 -2.439 1.566 183
-14.352 -2.437 1.765 188
-14.563 -2.439 1.797 181
-14.563 -2.440 1.691 175
-14.362 -2.439 1.547 187
-14.481 -2.438 1.779 182
-14.455 -2.438 1.740 173
-14.565 -2.440 1.688 177
-14.306 -2.437 1.701 148
-14.606 -2.440 1.712 173
-14.370 -2.438 1.713 185
-14.320 -2.437 1.715 146
-14.315 -2.439 1.551 157
-14.337 -2.438 1.583 187
-14.497 -2.439 1.658 123
-14.381 -2.438 1.729 180
-14.591 -2.439 1.736 177
-14.407 -2.439 1.588 155
-14.495 -2.438 1.761 182
-14.407 -2.438 1.758 182
-14.472 -2.438 1.725 183
-14.517 -2.439 1.693 171
-14.601 -2.440 1.714 176
-14.608 -2.439 1.775 174
-14.413 -2.439 1.575 124
-14.607 -2.440 1.725 180
-14.436 -2.438 1.694 176
-14.295 -2.438 1.655 169
-14.372 -2.437 1.754 180
-14.394 -2.439 1.587 187
-14.295 -2.437 1.766 166
-14.462 -2.438 1.792 184
-14.464 -2.439 1.630 135
-14.557 -2.439 1.794 200
-14.596 -2.440 1.704 172
-14.743 -2.440 1.812 153
-14.490 -2.439 1.743 174
-14.390 -2.439 1.583 186
-14.614 -2.439 1.752 177
-14.586 -2.439 1.750 176
-14.346 -2.439 1.580 185
-14.752 -2.440 1.829 180
-14.753 -2.440 1.815 157
-14.758 -2.440 1.815 165
