-0.138 -19.431 0.741 97
-0.142 -19.412 0.741 92
-0.141 -19.429 0.741 80
-0.144 -19.418 0.741 78
-0.139 -19.414 0.741 104
-0.141 -19.412 0.741 92
-0.141 -19.533 0.740 39
-0.140 -19.582 0.740 49
-0.144 -19.926 0.732 55
-0.149 -19.883 0.733 35
-0.145 -19.891 0.733 27
-0.137 -19.816 0.736 45
-0.140 -19.893 0.734 57
-0.148 -19.854 0.734 28
-0.118 -19.916 0.734 154
-0.140 -19.894 0.734 57
-0.151 -19.890 0.733 35
-0.146 -19.873 0.734 30
-0.122 -19.925 0.734 56
-0.125 -19.937 0.733 55
-0.129 -19.928 0.733 55
-0.145 -19.904 0.733 57
-0.149 -19.895 0.733 48
-0.146 -19.891 0.733 39
-0.136 -19.938 0.732 52
-0.135 -19.865 0.735 82
-0.141 -19.841 0.735 30
-0.151 -19.894 0.733 48
-0.142 -19.856 0.735 27
-0.136 -19.904 0.733 68
-0.127 -19.918 0.734 64
-0.142 -19.806 0.736 24
-0.132 -19.845 0.736 137
-0.137 -19.830 0.736 46
-0.147 -19.931 0.732 56
-0.135 -19.894 0.734 74
-0.139 -19.937 0.732 64
-0.133 -19.930 0.733 58
-0.143 -19.779 0.737 24
-0.142 -19.930 0.732 63
-0.148 -19.874 0.734 37
-0.154 -19.930 0.731 59
-0.132 -19.897 0.734 113
-0.134 -19.874 0.735 86
-0.138 -19.931 0.733 59
-0.124 -19.919 0.734 60
-0.133 -19.902 0.734 119
-0.140 -19.806 0.736 25
-0.128 -19.888 0.735 153
-0.134 -19.851 0.735 89
-0.124 -19.916 0.734 74
-0.139 -19.866 0.735 44
-0.133 -19.876 0.735 86
-0.133 -19.864 0.735 130
-0.135 -19.826 0.736 86
-0.144 -19.793 0.737 20
-0.153 -19.915 0.732 54
-0.130 -19.896 0.734 155
-0.190 -19.459 0.799 29
-0.164 -19.455 0.766 26
-0.177 -19.457 0.797 28
-0.177 -19.456 0.808 28
-0.188 -19.455 0.860 32
-0.169 -19.454 0.803 29
-0.184 -19.460 0.757 30
-0.145 -19.452 0.748 28
-0.170 -19.456 0.772 27
-0.177 -19.458 0.778 25
-0.192 -19.461 0.769 31
-0.183 -19.460 0.757 30
-0.190 -19.457 0.832 34
-0.172 -19.458 0.742 25
-0.168 -19.454 0.805 29
-0.186 -19.458 0.810 30
-0.181 -19.459 0.768 28
-0.191 -19.458 0.835 33
-0.178 -19.460 0.741 23
-0.160 -19.455 0.761 28
-0.185 -19.461 0.758 28
-0.182 -19.461 0.739 24
-0.177 -19.457 0.798 28
-0.141 -19.451 0.746 35
-0.156 -19.455 0.749 29
-0.168 -19.455 0.786 26
-0.164 -19.454 0.795 30
-0.171 -19.456 0.781 26
-0.189 -19.459 0.803 30
-0.191 -19.458 0.822 31
-0.166 -19.455 0.787 26
-0.174 -19.454 0.820 29
-0.164 -19.456 0.756 27
-0.192 -19.458 0.833 32
-0.184 -19.458 0.805 30
-0.191 -19.463 0.745 26
-0.183 -19.461 0.748 27
-0.167 -19.454 0.799 28
-0.184 -19.460 0.762 27
-0.168 -19.454 0.806 26
-0.146 -19.460 0.759 28
-0.158 -19.558 0.788 27
-0.181 -19.486 0.845 33
-0.169 -19.474 0.816 31
-0.172 -19.498 0.823 26
-0.140 -19.606 0.744 32
-0.148 -19.666 0.763 25
-0.150 -19.532 0.769 27
-0.154 -19.631 0.777 26
-0.151 -19.521 0.772 30
-0.156 -19.513 0.785 29
-0.152 -19.570 0.772 32
-0.160 -19.499 0.793 27
-0.169 -19.487 0.816 29
-0.168 -19.480 0.813 28
-0.146 -19.459 0.759 28
-0.157 -19.606 0.784 26
-0.147 -19.466 0.761 29
-0.166 -19.473 0.810 29
-0.166 -19.526 0.807 28
-0.141 -19.531 0.745 26
-0.151 -19.654 0.769 27
-0.153 -19.625 0.776 26
-0.154 -19.477 0.780 26
-0.187 -19.475 0.862 31
-0.180 -19.465 0.844 31
-0.149 -19.533 0.765 28
-0.146 -19.673 0.758 26
-0.155 -19.624 0.780 28
-0.168 -19.462 0.813 29
-0.155 -19.475 0.781 26
-0.163 -19.509 0.802 29
-0.152 -19.536 0.774 28
-0.146 -19.517 0.759 24
-0.144 -19.528 0.753 26
-0.147 -19.475 0.762 27
-0.169 -19.551 0.816 29
-0.145 -19.594 0.757 23
-0.162 -19.544 0.798 28
-0.179 -19.484 0.840 34
-0.153 -19.466 0.775 25
-0.151 -19.599 0.770 29
-0.167 -19.485 0.812 28
-0.188 -19.457 0.863 34
-0.161 -19.511 0.796 29
-0.150 -19.489 0.768 29
-0.191 -19.457 0.870 39
-0.151 -19.527 0.772 29
-0.168 -19.503 0.813 26
-0.163 -19.577 0.802 31
-0.164 -19.524 0.802 28
-0.155 -19.583 0.781 24
-0.170 -19.482 0.820 29
-0.179 -19.472 0.840 37
-0.151 -19.630 0.769 25
-0.168 -19.558 0.814 30
-0.176 -19.521 0.832 29
-0.146 -19.629 0.758 24
-0.144 -19.619 0.753 25
-0.142 -19.594 0.748 23
-0.146 -19.457 0.759 28
-0.162 -19.469 0.799 29
-0.154 -19.635 0.778 29
-0.147 -19.561 0.760 22
-0.155 -19.488 0.782 29
-0.150 -19.557 0.768 29
-0.143 -19.622 0.750 27
-0.161 -19.454 0.796 28
-0.151 -19.579 0.770 30
-0.152 -19.562 0.772 31
-0.188 -19.469 0.863 34
-0.155 -19.580 0.780 26
-0.158 -19.536 0.788 28
-0.170 -19.509 0.818 26
-0.159 -19.533 0.791 28
-0.175 -19.529 0.830 30
-0.171 -19.524 0.821 26
-0.153 -19.571 0.776 31
-0.168 -19.548 0.813 28
-0.156 -19.541 0.783 30
-0.149 -19.538 0.766 28
-0.159 -19.570 0.790 26
-0.150 -19.654 0.768 24
-0.149 -19.632 0.766 24
-0.155 -19.536 0.782 29
-0.163 -19.474 0.802 30
-0.159 -19.540 0.790 28
-0.178 -19.522 0.837 29
-0.174 -19.459 0.829 37
-0.184 -19.471 0.853 27
-0.157 -19.524 0.787 28
-0.161 -19.544 0.796 27
-0.171 -19.475 0.822 31
-0.153 -19.619 0.775 26
-0.159 -19.512 0.790 30
-0.150 -19.656 0.767 24
-0.172 -19.487 0.824 27
-0.157 -19.470 0.787 29
-0.159 -19.459 0.791 29
-0.141 -19.552 0.746 25
-0.164 -19.501 0.803 27
-0.168 -19.471 0.814 30
-0.148 -19.537 0.765 27
-0.158 -19.503 0.788 29
-0.162 -19.491 0.799 27
-0.170 -19.467 0.818 30
-0.168 -19.459 0.814 28
-0.147 -19.522 0.761 27
-0.162 -19.517 0.799 30
-0.158 -19.465 0.789 29
-0.172 -19.498 0.823 26
-0.156 -19.614 0.783 26
-0.147 -19.654 0.760 24
-0.156 -19.520 0.782 30
-0.162 -19.533 0.797 29
-0.150 -19.482 0.769 29
-0.182 -19.489 0.849 33
-0.146 -19.577 0.759 24
-0.149 -19.563 0.767 29
-0.153 -19.609 0.775 26
-0.157 -19.563 0.787 24
-0.147 -19.465 0.760 28
-0.149 -19.561 0.765 30
-0.152 -19.646 0.772 28
-0.149 -19.601 0.767 29
-0.141 -19.613 0.744 30
-0.160 -19.587 0.794 27
-0.151 -19.458 0.771 28
-0.157 -19.459 0.787 28
-0.146 -19.593 0.759 27
-0.147 -19.481 0.760 27
-0.148 -19.612 0.763 27
-0.169 -19.481 0.815 28
-0.150 -19.515 0.768 29
-0.164 -19.571 0.802 31
-0.161 -19.529 0.795 29
-0.165 -19.568 0.806 28
-0.152 -19.561 0.773 30
-0.167 -19.516 0.810 28
-0.139 -19.546 0.742 32
-0.154 -19.526 0.779 25
-0.152 -19.510 0.773 29
-0.151 -19.533 0.770 28
-0.164 -19.503 0.804 28
-0.149 -19.541 0.766 28
-0.174 -19.511 0.827 30
-0.158 -19.575 0.789 25
-0.158 -19.594 0.787 26
-0.148 -19.508 0.765 28
-0.142 -19.536 0.749 23
-0.143 -19.562 0.750 23
-0.146 -19.521 0.758 26
-0.144 -19.550 0.752 25
-0.170 -19.563 0.817 30
-0.177 -19.508 0.837 30
-0.159 -19.476 0.791 29
-0.170 -19.462 0.818 28
-0.165 -19.580 0.805 29
-0.143 -19.541 0.751 28
-0.160 -19.651 0.798 28
-0.186 -19.554 0.868 32
-0.163 -19.716 0.817 28
-0.170 -19.881 0.865 33
-0.170 -19.749 0.845 29
-0.162 -19.646 0.803 28
-0.163 -19.619 0.805 28
-0.151 -19.674 0.773 30
-0.162 -19.825 0.830 27
-0.174 -19.750 0.857 31
-0.180 -19.536 0.847 29
-0.163 -19.735 0.819 27
-0.185 -19.583 0.868 31
-0.170 -19.819 0.854 30
-0.177 -19.745 0.866 31
-0.187 -19.545 0.870 32
-0.179 -19.560 0.847 30
-0.184 -19.514 0.855 31
-0.179 -19.755 0.874 28
-0.159 -19.783 0.815 29
-0.181 -19.667 0.868 31
-0.174 -19.635 0.843 30
-0.161 -19.810 0.823 29
-0.175 -19.782 0.866 31
-0.171 -19.646 0.833 29
-0.151 -19.744 0.783 28
-0.178 -19.615 0.852 30
-0.165 -19.863 0.845 33
-0.169 -19.742 0.840 29
-0.157 -19.688 0.796 28
-0.169 -19.736 0.840 28
-0.166 -19.626 0.814 29
-0.156 -19.775 0.802 27
-0.168 -19.754 0.840 29
-0.178 -19.574 0.846 30
-0.185 -19.590 0.870 31
-0.178 -19.732 0.868 32
-0.152 -19.776 0.789 27
-0.183 -19.571 0.862 30
-0.165 -19.655 0.816 28
-0.186 -19.529 0.865 31
-0.176 -19.570 0.838 31
-0.177 -19.618 0.850 30
-0.178 -19.625 0.853 30
-0.170 -19.563 0.820 30
-0.170 -19.794 0.851 29
-0.166 -19.607 0.811 28
-0.158 -19.828 0.818 26
-0.174 -19.836 0.870 28
-0.149 -19.686 0.769 29
-0.178 -19.631 0.855 30
-0.182 -19.643 0.867 31
-0.169 -19.753 0.844 29
-0.166 -19.721 0.827 28
-0.160 -19.682 0.802 28
-0.156 -19.630 0.783 28
-0.164 -19.613 0.807 28
-0.180 -19.680 0.868 32
-0.153 -19.800 0.796 29
-0.182 -19.531 0.853 31
-0.179 -19.523 0.842 28
-0.166 -19.669 0.821 27
-0.174 -19.705 0.850 30
-0.161 -19.725 0.812 27
-0.167 -19.673 0.823 27
-0.179 -19.709 0.869 29
-0.184 -19.588 0.866 31
-0.164 -19.733 0.824 27
-0.171 -19.770 0.850 29
-0.151 -19.771 0.785 27
-0.169 -19.865 0.859 30
-0.170 -19.670 0.834 28
-0.190 -19.467 0.870 39
-0.169 -19.607 0.820 29
-0.177 -19.569 0.842 30
-0.163 -19.682 0.812 28
-0.155 -19.794 0.802 29
-0.172 -19.805 0.858 31
-0.169 -19.866 0.859 30
-0.172 -19.836 0.863 29
-0.154 -19.642 0.777 29
-0.163 -19.811 0.831 26
-0.167 -19.716 0.832 28
-0.152 -19.730 0.785 28
-0.176 -19.563 0.838 31
-0.147 -19.687 0.762 26
-0.153 -19.684 0.779 31
-0.161 -19.691 0.808 28
-0.171 -19.567 0.823 30
-0.153 -19.710 0.785 28
-0.181 -19.562 0.855 30
-0.188 -19.513 0.868 32
-0.169 -19.655 0.828 28
-0.177 -19.792 0.872 30
-0.166 -19.610 0.811 28
-0.165 -19.831 0.841 29
-0.179 -19.681 0.864 32
-0.157 -19.648 0.787 29
-0.162 -19.764 0.822 28
-0.175 -19.583 0.836 30
-0.147 -19.728 0.767 25
-0.156 -19.708 0.794 28
-0.151 -19.687 0.774 31
-0.151 -19.755 0.783 28
-0.173 -19.546 0.827 28
-0.180 -19.570 0.851 29
-0.184 -19.596 0.869 31
-0.180 -19.615 0.859 30
-0.181 -19.569 0.855 30
-0.150 -19.760 0.782 28
-0.160 -19.630 0.796 29
-0.170 -19.705 0.840 27
-0.179 -19.535 0.844 29
-0.161 -19.715 0.809 29
-0.178 -19.579 0.846 30
-0.161 -19.718 0.813 27
-0.179 -19.713 0.870 27
-0.161 -19.707 0.809 29
-0.174 -19.834 0.869 29
-0.174 -19.683 0.850 30
-0.146 -19.735 0.765 25
-0.172 -19.583 0.828 29
-0.162 -19.842 0.833 29
-0.171 -19.597 0.826 29
-0.149 -19.708 0.771 29
-0.183 -19.596 0.864 31
-0.165 -19.701 0.823 28
-0.146 -19.709 0.761 25
-0.174 -19.564 0.832 28
-0.162 -19.649 0.806 28
-0.162 -19.852 0.834 30
-0.169 -19.617 0.824 29
-0.172 -19.772 0.856 30
-0.171 -19.831 0.861 30
-0.161 -19.786 0.822 27
-0.161 -19.708 0.811 28
-0.179 -19.720 0.871 30
-0.158 -19.714 0.801 28
-0.165 -19.854 0.845 29
-0.163 -19.811 0.832 26
-0.162 -19.688 0.812 28
-0.171 -19.803 0.857 31
-0.169 -19.610 0.822 29
-0.179 -19.561 0.848 30
-0.146 -19.708 0.760 25
-0.183 -19.572 0.863 30
-0.164 -19.678 0.816 28
-0.179 -19.759 0.874 33
-0.154 -19.788 0.800 29
-0.169 -19.674 0.830 27
-0.177 -19.783 0.872 32
-0.171 -19.685 0.839 28
-0.168 -19.780 0.841 29
-0.144 -19.740 0.759 26
-0.168 -19.683 0.830 26
-0.188 -19.482 0.865 31
-0.170 -19.801 0.851 30
-0.159 -19.685 0.801 27
-0.172 -19.680 0.843 28
-0.153 -19.802 0.799 29
-0.187 -19.543 0.869 32
-0.158 -19.824 0.817 26
-0.168 -19.863 0.856 29
-0.171 -19.903 0.871 129
-0.181 -19.608 0.859 30
-0.171 -19.716 0.844 28
-0.176 -19.580 0.841 30
-0.164 -19.649 0.812 28
-0.170 -19.675 0.835 28
-0.171 -19.598 0.826 29
-0.162 -19.735 0.817 27
-0.161 -19.799 0.823 28
-0.169 -19.648 0.829 29
-0.185 -19.542 0.863 31
-0.156 -19.701 0.793 28
-0.164 -19.646 0.810 28
-0.174 -19.807 0.865 32
-0.173 -19.849 0.869 29
-0.151 -19.701 0.777 30
-0.178 -19.742 0.870 31
-0.151 -19.764 0.784 28
-0.184 -19.629 0.873 33
-0.156 -19.767 0.804 27
-0.183 -19.640 0.872 33
-0.181 -19.599 0.859 30
-0.152 -19.765 0.788 28
-0.176 -19.572 0.838 30
-0.149 -19.721 0.773 30
-0.149 -19.681 0.767 28
-0.164 -19.705 0.821 28
-0.167 -19.882 0.855 32
-0.179 -19.580 0.851 30
-0.163 -19.829 0.835 30
-0.160 -19.844 0.825 26
-0.145 -19.725 0.761 26
-0.167 -19.823 0.845 29
-0.169 -19.843 0.856 30
-0.167 -19.659 0.822 28
-0.164 -19.646 0.810 28
-0.149 -19.696 0.769 28
-0.176 -19.774 0.868 30
-0.172 -19.744 0.850 30
-0.173 -19.736 0.852 30
-0.181 -19.561 0.853 30
-0.168 -19.579 0.815 29
-0.176 -19.624 0.848 30
-0.175 -19.646 0.847 30
-0.169 -19.820 0.852 29
-0.154 -19.710 0.786 28
-0.157 -19.824 0.815 26
-0.149 -19.766 0.778 28
-0.166 -19.720 0.828 28
-0.184 -19.583 0.867 31
-0.174 -19.703 0.852 31
-0.173 -19.787 0.860 32
-0.164 -19.670 0.813 28
-0.152 -19.793 0.792 29
-0.179 -19.561 0.848 30
-0.156 -19.682 0.790 28
-0.168 -19.824 0.851 29
-0.175 -19.554 0.832 28
-0.164 -19.862 0.842 31
-0.175 -19.746 0.862 31
-0.172 -19.787 0.858 32
-0.161 -19.831 0.828 29
-0.160 -19.829 0.824 26
-0.176 -19.676 0.853 29
-0.158 -19.688 0.796 28
-0.175 -19.583 0.838 30
-0.169 -19.624 0.823 28
-0.181 -19.624 0.864 30
-0.151 -19.732 0.782 28
-0.173 -19.873 0.872 30
-0.171 -19.616 0.828 28
-0.177 -19.608 0.847 30
-0.168 -19.881 0.857 33
-0.173 -19.808 0.864 32
-0.180 -19.680 0.867 32
-0.158 -19.714 0.801 28
-0.164 -19.728 0.823 27
-0.169 -19.726 0.837 29
-0.180 -19.711 0.872 31
-0.169 -19.628 0.823 28
-0.171 -19.871 0.864 32
-0.172 -19.671 0.840 28
-0.172 -19.738 0.851 30
-0.169 -19.688 0.833 27
-0.166 -19.789 0.837 29
-0.167 -19.828 0.848 29
-0.168 -19.719 0.833 28
-0.181 -19.675 0.870 31
-0.162 -19.783 0.825 29
-0.165 -19.712 0.825 27
-0.162 -19.680 0.810 28
-0.165 -19.800 0.837 27
-0.190 -19.481 0.873 33
-0.149 -19.726 0.775 28
-0.163 -19.630 0.806 29
-0.171 -19.697 0.841 27
-0.174 -19.833 0.868 29
-0.157 -19.736 0.802 27
-0.170 -19.808 0.854 30
-0.183 -19.640 0.872 33
-0.175 -19.692 0.852 32
-0.144 -19.743 0.761 24
-0.167 -19.730 0.834 27
-0.178 -19.695 0.862 32
-0.176 -19.610 0.844 29
-0.174 -19.681 0.850 30
-0.148 -19.722 0.768 30
-0.159 -19.806 0.817 28
-0.181 -19.576 0.856 30
-0.187 -19.487 0.862 33
-0.167 -19.813 0.844 29
-0.163 -19.777 0.827 29
-0.150 -19.686 0.771 29
-0.171 -19.766 0.851 29
-0.145 -19.702 0.757 24
-0.175 -19.755 0.863 31
-0.157 -19.668 0.791 29
-0.171 -19.733 0.845 28
-0.175 -19.819 0.870 31
-0.174 -19.814 0.868 31
-0.165 -19.691 0.819 28
-0.166 -19.677 0.820 27
-0.147 -19.752 0.771 24
-0.161 -19.802 0.824 29
-0.177 -19.651 0.855 29
-0.176 -19.697 0.858 32
-0.164 -19.645 0.812 28
-0.159 -19.747 0.810 28
-0.167 -19.667 0.823 28
-0.148 -19.743 0.773 25
-0.183 -19.624 0.870 31
-0.154 -19.768 0.796 27
-0.160 -19.641 0.796 28
-0.167 -19.875 0.853 34
-0.159 -19.823 0.821 25
-0.174 -19.860 0.874 30
-0.173 -19.631 0.837 29
-0.160 -19.786 0.817 29
-0.181 -19.674 0.869 31
-0.169 -19.776 0.844 29
-0.182 -19.666 0.871 32
-0.169 -19.733 0.839 28
-0.166 -19.757 0.834 29
-0.173 -19.714 0.850 28
-0.178 -19.551 0.841 30
-0.172 -19.836 0.864 29
-0.164 -19.704 0.819 27
-0.161 -19.792 0.822 28
-0.179 -19.676 0.864 31
-0.155 -19.812 0.806 27
-0.175 -19.588 0.837 30
-0.158 -19.666 0.793 29
-0.180 -19.590 0.853 30
-0.176 -19.680 0.856 31
-0.172 -19.777 0.854 30
-0.176 -19.680 0.855 31
-0.163 -19.810 0.831 26
-0.160 -19.742 0.811 28
-0.163 -19.656 0.810 28
-0.149 -19.742 0.774 27
-0.161 -19.823 0.826 26
-0.162 -19.924 0.791 47
-0.153 -19.902 0.737 61
-0.165 -19.918 0.824 66
-0.156 -19.916 0.753 54
-0.151 -19.816 0.771 29
-0.167 -19.903 0.853 155
-0.146 -19.763 0.764 26
-0.153 -19.863 0.759 30
-0.144 -19.752 0.758 25
-0.161 -19.876 0.813 33
-0.149 -19.783 0.780 27
-0.144 -19.767 0.748 30
-0.159 -19.902 0.783 58
-0.159 -19.857 0.816 29
-0.168 -19.929 0.844 87
-0.168 -19.918 0.850 71
-0.159 -19.913 0.775 56
-0.167 -19.911 0.846 76
-0.152 -19.832 0.770 29
-0.162 -19.923 0.793 53
-0.159 -19.927 0.767 60
-0.168 -19.906 0.854 165
-0.162 -19.869 0.831 32
-0.149 -19.799 0.767 24
-0.153 -19.899 0.737 67
-0.156 -19.824 0.810 28
-0.154 -19.835 0.782 30
-0.149 -19.795 0.769 27
-0.159 -19.879 0.803 33
-0.153 -19.854 0.768 30
-0.153 -19.820 0.788 29
-0.164 -19.909 0.821 58
-0.161 -19.924 0.790 44
-0.156 -19.873 0.781 29
-0.147 -19.812 0.746 29
-0.156 -19.887 0.767 22
-0.158 -19.912 0.772 58
-0.147 -19.802 0.749 29
-0.154 -19.822 0.792 29
-0.163 -19.889 0.825 46
-0.152 -19.869 0.746 31
-0.148 -19.787 0.768 28
-0.149 -19.834 0.750 26
-0.147 -19.828 0.736 50
-0.153 -19.840 0.777 28
-0.167 -19.924 0.836 95
-0.170 -19.927 0.858 120
-0.154 -19.814 0.802 29
-0.152 -19.871 0.748 31
-0.153 -19.832 0.780 30
-0.160 -19.913 0.789 59
-0.147 -19.827 0.737 35
-0.154 -19.888 0.751 24
-0.144 -19.767 0.747 30
-0.147 -19.784 0.758 24
-0.150 -19.824 0.764 30
-0.163 -19.890 0.822 51
-0.165 -19.883 0.842 33
-0.161 -19.922 0.789 54
-0.156 -19.853 0.794 32
-0.152 -19.870 0.752 31
-0.157 -19.836 0.810 29
-0.151 -19.884 0.734 34
-0.151 -19.817 0.769 30
-0.165 -19.906 0.830 78
-0.151 -19.809 0.781 29
-0.149 -19.824 0.754 29
-0.161 -19.867 0.823 30
-0.167 -19.907 0.845 169
-0.163 -19.919 0.805 59
-0.164 -19.880 0.835 34
-0.159 -19.909 0.784 57
-0.162 -19.879 0.823 39
-0.162 -19.931 0.789 62
-0.152 -19.882 0.740 36
-0.160 -19.910 0.791 60
-0.157 -19.889 0.776 26
-0.145 -19.784 0.745 27
-0.165 -19.888 0.839 44
-0.146 -19.811 0.738 33
-0.164 -19.880 0.838 34
-0.169 -19.906 0.861 163
-0.157 -19.907 0.767 62
-0.149 -19.790 0.771 27
-0.159 -19.891 0.793 30
-0.154 -19.821 0.792 29
-0.151 -19.798 0.785 29
-0.148 -19.826 0.746 30
-0.160 -19.888 0.802 44
-0.169 -19.904 0.860 147
-0.155 -19.835 0.798 30
-0.169 -19.924 0.855 84
-0.151 -19.832 0.762 30
-0.152 -19.874 0.744 34
-0.147 -19.768 0.771 28
-0.150 -19.855 0.740 35
-0.157 -19.867 0.791 33
-0.151 -19.854 0.747 28
-0.155 -19.897 0.751 57
-0.167 -19.897 0.854 105
-0.158 -19.885 0.789 32
-0.151 -19.880 0.734 39
-0.144 -19.774 0.748 29
-0.159 -19.856 0.811 30
-0.147 -19.782 0.766 25
-0.164 -19.894 0.829 73
-0.155 -19.895 0.754 54
-0.163 -19.932 0.800 49
-0.145 -19.764 0.755 26
-0.146 -19.779 0.758 23
-0.145 -19.784 0.744 27
-0.150 -19.843 0.746 31
-0.157 -19.906 0.765 52
-0.162 -19.890 0.818 38
-0.147 -19.825 0.738 35
-0.163 -19.925 0.801 61
-0.150 -19.796 0.780 29
-0.168 -19.930 0.837 72
-0.150 -19.795 0.777 28
-0.165 -19.906 0.832 78
-0.162 -19.929 0.790 57
-0.147 -19.822 0.740 34
-0.157 -19.834 0.812 28
-0.152 -19.877 0.741 38
-0.150 -19.868 0.734 41
-0.156 -19.924 0.743 60
-0.148 -19.814 0.753 24
-0.152 -19.881 0.743 36
-0.156 -19.896 0.760 60
-0.158 -19.907 0.776 60
-0.154 -19.911 0.741 60
-0.161 -19.876 0.821 36
-0.163 -19.926 0.798 49
-0.159 -19.871 0.804 29
-0.154 -19.889 0.754 24
-0.150 -19.836 0.755 29
-0.167 -19.928 0.829 63
-0.157 -19.877 0.784 30
-0.158 -19.931 0.755 54
-0.149 -19.790 0.772 27
-0.154 -19.839 0.785 30
-0.166 -19.923 0.831 67
-0.167 -19.929 0.834 65
-0.147 -19.823 0.736 50
-0.162 -19.920 0.800 59
-0.147 -19.791 0.755 24
-0.158 -19.886 0.789 32
-0.146 -19.797 0.749 28
-0.157 -19.923 0.754 55
-0.148 -19.801 0.760 25
-0.167 -19.894 0.854 84
-0.144 -19.787 0.738 40
-0.155 -19.830 0.801 29
-0.148 -19.810 0.752 27
-0.169 -19.910 0.863 179
-0.144 -19.760 0.755 26
-0.169 -19.917 0.852 65
-0.171 -19.927 0.863 171
-0.183 -19.927 0.849 80
-0.174 -19.932 0.861 176
-0.177 -19.925 0.863 82
-0.190 -19.926 0.838 63
-0.175 -19.877 0.872 92
-0.192 -19.517 0.866 32
-0.189 -19.580 0.868 31
-0.205 -19.714 0.826 67
-0.218 -19.910 0.784 53
-0.182 -19.881 0.859 68
-0.203 -19.911 0.815 52
-0.212 -19.855 0.800 51
-0.182 -19.912 0.856 84
-0.196 -19.727 0.842 33
-0.200 -19.591 0.844 30
-0.193 -19.663 0.853 30
-0.181 -19.735 0.873 32
-0.196 -19.919 0.828 56
-0.192 -19.504 0.869 33
-0.219 -19.825 0.789 49
-0.207 -19.691 0.822 62
-0.188 -19.655 0.863 30
-0.202 -19.923 0.816 56
-0.216 -19.879 0.791 51
-0.190 -19.807 0.848 77
-0.200 -19.725 0.835 22
-0.175 -19.891 0.871 170
-0.192 -19.517 0.866 32
-0.181 -19.852 0.863 76
-0.182 -19.715 0.872 30
-0.181 -19.784 0.868 32
-0.190 -19.824 0.847 71
-0.187 -19.593 0.872 31
-0.192 -19.729 0.851 30
-0.191 -19.643 0.859 31
-0.192 -19.885 0.838 62
-0.187 -19.782 0.855 25
-0.192 -19.806 0.844 66
-0.197 -19.920 0.825 58
-0.207 -19.813 0.814 59
-0.200 -19.723 0.835 23
-0.196 -19.553 0.855 30
-0.197 -19.699 0.843 36
-0.214 -19.888 0.794 39
-0.199 -19.709 0.838 33
-0.210 -19.902 0.801 59
-0.175 -19.908 0.871 175
-0.209 -19.796 0.810 61
-0.181 -19.909 0.858 76
-0.200 -19.880 0.823 58
-0.218 -19.902 0.785 54
-0.202 -19.799 0.824 60
-0.186 -19.683 0.865 33
-0.180 -19.858 0.864 70
-0.198 -19.706 0.841 31
-0.179 -19.848 0.867 28
-0.192 -19.574 0.861 31
-0.201 -19.895 0.819 63
-0.186 -19.670 0.867 32
-0.186 -19.702 0.865 30
-0.201 -19.592 0.843 30
-0.200 -19.726 0.834 65
-0.208 -19.866 0.808 59
-0.188 -19.851 0.849 71
-0.199 -19.639 0.843 30
-0.203 -19.656 0.834 28
-0.192 -19.524 0.866 32
-0.182 -19.718 0.872 30
-0.176 -19.916 0.867 117
-0.194 -19.915 0.831 55
-0.219 -19.881 0.785 49
-0.186 -19.604 0.872 31
-0.186 -19.728 0.863 29
-0.198 -19.840 0.830 63
-0.194 -19.811 0.840 58
-0.188 -19.850 0.848 72
-0.197 -19.538 0.854 31
-0.184 -19.701 0.869 31
-0.202 -19.642 0.838 30
-0.217 -19.799 0.795 41
-0.220 -19.917 0.780 59
-0.174 -19.871 0.875 26
-0.209 -19.785 0.813 57
-0.202 -19.678 0.833 30
-0.191 -19.648 0.858 28
-0.192 -19.795 0.845 64
-0.191 -19.872 0.842 63
-0.197 -19.739 0.839 79
-0.200 -19.663 0.839 30
-0.205 -19.659 0.829 29
-0.195 -19.854 0.834 63
-0.196 -19.539 0.857 30
-0.200 -19.742 0.834 67
-0.197 -19.535 0.856 30
-0.206 -19.842 0.813 57
-0.198 -19.922 0.824 58
-0.183 -19.729 0.869 32
-0.196 -19.692 0.845 37
-0.200 -19.821 0.827 62
-0.223 -19.890 0.775 50
-0.200 -19.847 0.824 60
-0.213 -19.900 0.795 57
-0.223 -19.907 0.775 56
-0.215 -19.886 0.792 43
-0.214 -19.838 0.798 37
-0.191 -19.595 0.863 30
-0.207 -19.889 0.807 62
-0.202 -19.761 0.828 59
-0.205 -19.921 0.810 57
-0.189 -19.673 0.860 30
-0.205 -19.801 0.819 58
-0.213 -19.877 0.797 51
-0.213 -19.902 0.795 57
-0.190 -19.818 0.848 74
-0.201 -19.582 0.844 30
-0.197 -19.723 0.840 28
-0.180 -19.802 0.869 31
-0.184 -19.853 0.856 77
-0.209 -19.907 0.802 58
-0.196 -19.567 0.854 30
-0.189 -19.569 0.869 32
-0.199 -19.856 0.827 62
-0.196 -19.715 0.843 26
-0.181 -19.752 0.871 31
-0.196 -19.664 0.847 30
-0.201 -19.613 0.840 30
-0.202 -19.736 0.830 63
-0.190 -19.760 0.852 30
-0.211 -19.768 0.810 60
-0.190 -19.611 0.864 31
-0.197 -19.636 0.848 30
-0.206 -19.674 0.827 31
-0.219 -19.918 0.781 54
-0.202 -19.657 0.836 30
-0.184 -19.909 0.852 70
-0.202 -19.645 0.837 30
-0.195 -19.595 0.855 31
-0.209 -19.857 0.806 60
-0.195 -19.531 0.859 31
-0.197 -19.582 0.851 31
-0.191 -19.832 0.844 68
-0.220 -19.832 0.787 48
-0.183 -19.922 0.853 96
-0.180 -19.814 0.867 30
-0.190 -19.789 0.850 81
-0.203 -19.742 0.827 64
-0.206 -19.667 0.827 25
-0.195 -19.662 0.850 30
-0.192 -19.730 0.849 30
-0.202 -19.691 0.833 24
-0.188 -19.671 0.863 29
-0.180 -19.859 0.864 69
-0.180 -19.921 0.860 64
-0.202 -19.863 0.819 62
-0.217 -19.809 0.794 43
-0.195 -19.875 0.833 61
-0.221 -19.902 0.778 53
-0.188 -19.741 0.858 31
-0.192 -19.730 0.851 30
-0.192 -19.807 0.844 60
-0.176 -19.847 0.873 24
-0.185 -19.755 0.862 31
-0.190 -19.852 0.844 67
-0.172 -19.918 0.876 187
-0.180 -19.838 0.867 23
-0.194 -19.657 0.851 30
-0.181 -19.867 0.863 62
-0.202 -19.811 0.824 58
-0.174 -19.901 0.873 194
-0.191 -19.715 0.854 30
-0.174 -19.896 0.873 171
-0.193 -19.703 0.850 37
-0.211 -19.771 0.809 60
-0.204 -19.628 0.834 27
-0.185 -19.619 0.873 32
-0.217 -19.888 0.787 28
-0.185 -19.708 0.866 30
-0.224 -19.891 0.774 50
-0.183 -19.725 0.868 30
-0.189 -19.711 0.857 30
-0.187 -19.591 0.871 31
-0.198 -19.704 0.839 27
-0.210 -19.747 0.813 64
-0.205 -19.678 0.827 31
-0.195 -19.826 0.838 61
-0.205 -19.767 0.821 66
-0.205 -19.636 0.832 27
-0.199 -19.823 0.830 63
-0.176 -19.874 0.870 20
-0.184 -19.836 0.859 76
-0.215 -19.799 0.799 49
-0.180 -19.823 0.867 28
-0.195 -19.590 0.856 31
-0.206 -19.691 0.824 62
-0.199 -19.733 0.836 63
-0.205 -19.695 0.827 67
-0.198 -19.819 0.832 64
-0.193 -19.510 0.865 32
-0.205 -19.871 0.814 59
-0.187 -19.715 0.862 27
-0.189 -19.591 0.867 31
-0.194 -19.894 0.833 63
-0.193 -19.921 0.834 61
-0.204 -19.736 0.826 59
-0.214 -19.768 0.804 64
-0.207 -19.797 0.815 62
-0.212 -19.747 0.809 62
-0.214 -19.882 0.794 45
-0.190 -19.703 0.856 31
-0.205 -19.696 0.826 67
-0.208 -19.837 0.810 58
-0.184 -19.783 0.862 32
-0.180 -19.775 0.871 32
-0.193 -19.636 0.856 30
-0.174 -19.902 0.872 184
-0.181 -19.879 0.861 76
-0.201 -19.607 0.841 30
-0.210 -19.800 0.809 59
-0.182 -19.847 0.861 72
-0.197 -19.892 0.827 63
-0.193 -19.756 0.845 29
-0.200 -19.851 0.824 61
-0.197 -19.537 0.854 31
-0.199 -19.624 0.844 30
-0.203 -19.771 0.826 64
-0.178 -19.816 0.872 31
-0.197 -19.650 0.847 30
-0.201 -19.762 0.829 63
-0.212 -19.863 0.800 50
-0.179 -19.859 0.867 60
-0.206 -19.922 0.808 55
-0.199 -19.865 0.825 62
-0.208 -19.699 0.821 59
-0.194 -19.541 0.860 31
-0.192 -19.488 0.869 31
-0.200 -19.636 0.842 30
-0.185 -19.872 0.853 74
-0.190 -19.818 0.847 66
-0.214 -19.808 0.801 67
-0.176 -19.863 0.872 32
-0.191 -19.792 0.848 67
-0.183 -19.819 0.860 25
-0.207 -19.887 0.808 62
-0.206 -19.832 0.815 60
-0.182 -19.893 0.857 73
-0.184 -19.755 0.864 31
-0.221 -19.906 0.779 54
-0.189 -19.669 0.860 30
-0.188 -19.830 0.851 74
-0.214 -19.773 0.804 64
-0.191 -19.484 0.872 32
-0.219 -19.883 0.784 49
-0.195 -19.575 0.856 31
-0.183 -19.921 0.852 75
-0.187 -19.773 0.857 35
-0.181 -19.824 0.865 30
-0.215 -19.848 0.796 40
-0.191 -19.639 0.859 31
-0.198 -19.742 0.838 73
-0.189 -19.694 0.859 32
-0.184 -19.879 0.854 73
-0.178 -19.919 0.864 77
-0.196 -19.690 0.845 30
-0.188 -19.794 0.852 30
-0.194 -19.857 0.835 61
-0.198 -19.812 0.832 63
-0.189 -19.702 0.859 30
-0.209 -19.883 0.804 62
-0.190 -19.654 0.861 29
-0.189 -19.792 0.852 18
-0.194 -19.600 0.856 30
-0.191 -19.587 0.862 31
-0.178 -19.788 0.874 32
-0.188 -19.626 0.866 30
-0.188 -19.556 0.871 33
-0.202 -19.823 0.822 59
-0.188 -19.548 0.872 33
-0.188 -19.531 0.873 32
-0.194 -19.623 0.854 31
-0.205 -19.786 0.821 60
-0.188 -19.850 0.850 72
-0.212 -19.813 0.803 59
-0.186 -19.825 0.856 73
-0.187 -19.600 0.871 32
-0.194 -19.520 0.863 32
-0.190 -19.662 0.859 29
-0.192 -19.493 0.869 31
-0.233 -19.559 0.839 29
-0.243 -19.662 0.815 51
-0.210 -19.482 0.862 32
-0.238 -19.538 0.842 34
-0.214 -19.479 0.861 31
-0.237 -19.682 0.813 53
-0.236 -19.573 0.836 29
-0.228 -19.833 0.784 51
-0.224 -19.705 0.812 63
-0.218 -19.796 0.795 48
-0.215 -19.630 0.830 30
-0.235 -19.707 0.808 44
-0.222 -19.614 0.831 30
-0.224 -19.861 0.780 53
-0.216 -19.528 0.851 32
-0.223 -19.618 0.830 29
-0.236 -19.596 0.831 18
-0.232 -19.648 0.821 69
-0.206 -19.641 0.830 27
-0.216 -19.587 0.838 31
-0.225 -19.529 0.848 32
-0.235 -19.774 0.794 49
-0.230 -19.867 0.777 54
-0.226 -19.720 0.808 68
-0.197 -19.514 0.859 31
-0.236 -19.528 0.845 33
-0.235 -19.791 0.791 53
-0.228 -19.756 0.800 50
-0.221 -19.747 0.804 76
-0.232 -19.521 0.848 32
-0.249 -19.494 0.848 37
-0.235 -19.729 0.804 47
-0.239 -19.651 0.819 39
-0.215 -19.633 0.829 30
-0.230 -19.788 0.793 53
-0.197 -19.494 0.863 30
-0.240 -19.663 0.816 38
-0.219 -19.542 0.847 31
-0.242 -19.710 0.806 56
-0.243 -19.567 0.835 28
-0.227 -19.879 0.775 54
-0.220 -19.677 0.819 25
-0.210 -19.621 0.833 29
-0.201 -19.545 0.851 31
-0.246 -19.561 0.835 28
-0.248 -19.608 0.825 50
-0.218 -19.496 0.857 33
-0.231 -19.811 0.788 51
-0.200 -19.497 0.861 30
-0.244 -19.683 0.811 51
-0.225 -19.701 0.812 62
-0.224 -19.851 0.782 47
-0.241 -19.524 0.844 31
-0.225 -19.610 0.831 30
-0.215 -19.478 0.861 32
-0.234 -19.695 0.811 48
-0.226 -19.544 0.844 31
-0.215 -19.545 0.847 30
-0.233 -19.536 0.844 32
-0.196 -19.465 0.869 36
-0.252 -19.492 0.848 39
-0.211 -19.644 0.828 30
-0.224 -19.672 0.819 31
-0.237 -19.762 0.797 52
-0.244 -19.564 0.835 27
-0.214 -19.471 0.863 34
-0.252 -19.499 0.846 35
-0.217 -19.753 0.804 68
-0.239 -19.701 0.808 49
-0.253 -19.532 0.839 32
-0.204 -19.554 0.848 31
-0.208 -19.500 0.859 33
-0.228 -19.573 0.838 30
-0.245 -19.617 0.824 43
-0.233 -19.702 0.810 48
-0.231 -19.713 0.808 65
-0.206 -19.549 0.849 29
-0.227 -19.785 0.795 51
-0.246 -19.490 0.850 38
-0.226 -19.480 0.858 35
-0.239 -19.678 0.813 47
-0.220 -19.672 0.820 19
-0.222 -19.719 0.809 65
-0.238 -19.660 0.817 79
-0.236 -19.516 0.847 33
-0.237 -19.728 0.804 47
-0.242 -19.693 0.809 54
-0.211 -19.685 0.820 24
-0.211 -19.584 0.840 30
-0.222 -19.485 0.858 34
-0.223 -19.638 0.826 27
-0.245 -19.491 0.850 37
-0.210 -19.610 0.835 30
-0.219 -19.471 0.861 33
-0.224 -19.579 0.838 30
-0.253 -19.534 0.839 32
-0.244 -19.696 0.808 54
-0.220 -19.469 0.862 33
-0.232 -19.768 0.797 49
-0.227 -19.846 0.782 51
-0.236 -19.754 0.798 48
-0.255 -19.535 0.838 33
-0.215 -19.628 0.830 30
-0.223 -19.498 0.855 33
-0.245 -19.648 0.818 51
-0.224 -19.799 0.792 50
-0.242 -19.542 0.840 29
-0.207 -19.612 0.836 28
-0.246 -19.594 0.828 79
-0.221 -19.720 0.810 65
-0.232 -19.608 0.830 27
-0.238 -19.574 0.835 29
-0.221 -19.538 0.847 31
-0.237 -19.529 0.845 32
-0.229 -19.504 0.852 33
-0.241 -19.712 0.805 52
-0.250 -19.500 0.847 33
-0.213 -19.580 0.841 31
-0.222 -19.547 0.845 29
-0.208 -19.613 0.835 30
-0.244 -19.683 0.811 51
-0.238 -19.543 0.841 35
-0.256 -19.510 0.843 34
-0.218 -19.501 0.856 34
-0.234 -19.569 0.837 30
-0.220 -19.671 0.820 19
-0.205 -19.510 0.858 32
-0.216 -19.677 0.820 25
-0.229 -19.470 0.859 35
-0.238 -19.764 0.796 46
-0.246 -19.488 0.850 38
-0.223 -19.703 0.813 63
-0.210 -19.638 0.830 30
-0.238 -19.725 0.804 50
-0.218 -19.517 0.852 32
-0.205 -19.583 0.842 30
-0.247 -19.612 0.825 46
-0.222 -19.509 0.853 32
-0.226 -19.843 0.783 51
-0.238 -19.740 0.801 54
-0.242 -19.613 0.825 65
-0.216 -19.648 0.826 31
-0.220 -19.745 0.805 73
-0.244 -19.496 0.849 36
-0.246 -19.615 0.824 43
-0.223 -19.701 0.813 62
-0.201 -19.491 0.863 31
-0.199 -19.495 0.862 30
-0.231 -19.670 0.817 65
-0.200 -19.494 0.862 30
-0.218 -19.513 0.853 32
-0.214 -19.544 0.848 30
-0.230 -19.631 0.826 24
-0.232 -19.589 0.833 31
-0.242 -19.577 0.833 33
-0.252 -19.555 0.835 44
-0.225 -19.866 0.778 51
-0.204 -19.554 0.849 31
-0.247 -19.591 0.829 62
-0.227 -19.470 0.859 35
-0.209 -19.467 0.865 34
-0.245 -19.652 0.817 53
-0.231 -19.744 0.802 53
-0.202 -19.476 0.865 32
-0.234 -19.592 0.832 28
-0.220 -19.609 0.833 31
-0.211 -19.640 0.829 30
-0.225 -19.789 0.794 50
-0.140 -19.446 0.741 82
-0.150 -19.876 0.668 46
-0.161 -19.855 0.617 59
-0.181 -19.800 0.582 79
-0.150 -19.881 0.652 34
-0.163 -19.890 0.452 17
-0.173 -19.849 0.487 60
-0.165 -19.879 0.471 55
-0.185 -19.783 0.605 69
-0.175 -19.801 0.667 58
-0.173 -19.808 0.657 58
-0.182 -19.796 0.586 78
-0.173 -19.812 0.644 54
-0.155 -19.876 0.614 69
-0.173 -19.804 0.674 53
-0.170 -19.857 0.492 62
-0.148 -19.881 0.681 44
-0.161 -19.844 0.658 97
-0.175 -19.830 0.543 76
-0.159 -19.881 0.538 76
-0.186 -19.784 0.584 77
-0.171 -19.816 0.646 44
-0.169 -19.855 0.517 64
-0.150 -19.879 0.656 42
-0.151 -19.902 0.551 80
-0.163 -19.883 0.476 57
-0.157 -19.883 0.556 67
-0.169 -19.824 0.647 55
-0.162 -19.869 0.548 85
-0.160 -19.889 0.491 78
-0.198 -19.730 0.653 55
-0.168 -19.856 0.520 62
-0.151 -19.884 0.630 26
-0.156 -19.881 0.575 71
-0.165 -19.886 0.444 99
-0.166 -19.850 0.577 91
-0.162 -19.857 0.597 82
-0.177 -19.814 0.582 80
-0.168 -19.861 0.509 64
-0.174 -19.806 0.646 53
-0.169 -19.852 0.529 72
-0.167 -19.847 0.569 87
-0.188 -19.775 0.599 68
-0.170 -19.851 0.517 72
-0.196 -19.745 0.626 60
-0.157 -19.855 0.675 55
-0.172 -19.844 0.528 75
-0.186 -19.777 0.616 65
-0.168 -19.830 0.629 61
-0.179 -19.795 0.636 53
-0.162 -19.883 0.489 55
-0.190 -19.762 0.632 56
-0.169 -19.836 0.592 82
-0.151 -19.879 0.642 26
-0.178 -19.815 0.558 79
-0.171 -19.847 0.526 72
-0.156 -19.859 0.663 68
-0.152 -19.889 0.593 48
-0.150 -19.894 0.603 47
-0.157 -19.899 0.493 74
-0.161 -19.850 0.639 132
-0.148 -19.893 0.630 8
-0.158 -19.856 0.653 70
-0.167 -19.839 0.606 72
-0.156 -19.899 0.500 72
-0.170 -19.831 0.598 78
-0.179 -19.786 0.669 51
-0.159 -19.898 0.469 76
-0.174 -19.841 0.509 69
-0.159 -19.882 0.529 70
-0.168 -19.858 0.510 64
-0.158 -19.904 0.451 84
-0.179 -19.819 0.534 75
-0.180 -19.786 0.664 51
-0.169 -19.817 0.666 65
-0.145 -19.894 0.666 73
-0.158 -19.854 0.667 60
-0.155 -19.900 0.510 74
-0.170 -19.816 0.669 70
-0.164 -19.876 0.488 62
-0.186 -19.774 0.633 57
-0.153 -19.899 0.535 79
-0.140 -19.904 0.689 62
-0.176 -19.829 0.536 77
-0.166 -19.850 0.573 92
-0.161 -19.860 0.601 82
-0.196 -19.745 0.625 60
-0.145 -19.906 0.608 30
-0.157 -19.888 0.537 67
-0.158 -19.851 0.676 54
-0.162 -19.840 0.672 51
-0.159 -19.892 0.494 79
-0.175 -19.804 0.643 58
-0.178 -19.814 0.568 81
-0.173 -19.829 0.570 82
-0.147 -19.905 0.596 82
-0.171 -19.853 0.496 64
-0.150 -19.894 0.599 67
-0.164 -19.878 0.485 61
-0.175 -19.817 0.590 81
-0.170 -19.842 0.551 80
-0.160 -19.908 0.413 82
-0.147 -19.889 0.657 40
-0.150 -19.889 0.620 125
-0.156 -19.893 0.527 75
-0.164 -19.832 0.675 59
-0.162 -19.853 0.612 58
-0.170 -19.853 0.509 61
-0.176 -19.823 0.563 82
-0.188 -19.780 0.581 75
-0.180 -19.817 0.533 77
-0.169 -19.822 0.645 58
-0.146 -19.887 0.686 39
-0.152 -19.873 0.661 46
-0.171 -19.839 0.557 81
-0.163 -19.855 0.593 79
-0.155 -19.885 0.576 57
-0.163 -19.892 0.433 45
-0.156 -19.901 0.493 73
-0.165 -19.881 0.459 58
-0.183 -19.804 0.548 74
-0.174 -19.842 0.505 69
-0.147 -19.894 0.633 11
-0.196 -19.735 0.654 54
-0.172 -19.820 0.624 54
-0.177 -19.799 0.644 57
-0.180 -19.789 0.642 52
-0.156 -19.906 0.468 73
-0.167 -19.848 0.569 90
-0.181 -19.812 0.539 77
-0.159 -19.882 0.528 71
-0.160 -19.865 0.585 76
-0.170 -19.855 0.501 63
-0.175 -19.834 0.521 64
-0.178 -19.823 0.528 75
-0.163 -19.861 0.569 76
-0.156 -19.902 0.492 73
-0.182 -19.790 0.618 61
-0.170 -19.835 0.590 82
-0.160 -19.871 0.571 79
-0.159 -19.858 0.631 74
-0.186 -19.784 0.580 77
-0.155 -19.867 0.642 107
-0.173 -19.844 0.503 67
-0.152 -19.901 0.546 78
-0.149 -19.892 0.618 147
-0.187 -19.784 0.573 75
-0.158 -19.864 0.627 62
-0.167 -19.866 0.495 64
-0.163 -19.891 0.441 49
-0.197 -19.740 0.629 58
-0.182 -19.780 0.656 51
-0.168 -19.862 0.500 59
-0.159 -19.883 0.531 70
-0.187 -19.775 0.606 67
-0.166 -19.840 0.611 73
-0.163 -19.863 0.553 82
-0.158 -19.878 0.562 75
-0.158 -19.858 0.650 111
-0.188 -19.777 0.591 72
-0.155 -19.884 0.576 67
-0.164 -19.841 0.636 59
-0.161 -19.866 0.574 76
-0.156 -19.876 0.597 73
-0.161 -19.894 0.460 86
-0.182 -19.805 0.558 76
-0.183 -19.802 0.555 74
-0.161 -19.881 0.507 62
-0.161 -19.862 0.589 74
-0.156 -19.891 0.531 75
-0.165 -19.843 0.618 55
-0.184 -19.795 0.572 74
-0.176 -19.822 0.558 80
-0.178 -19.815 0.563 81
-0.167 -19.869 0.477 58
-0.148 -19.902 0.595 79
-0.167 -19.840 0.604 76
-0.162 -19.890 0.455 68
-0.165 -19.873 0.493 62
-0.186 -19.787 0.570 73
-0.171 -19.852 0.499 64
-0.150 -19.902 0.564 75
-0.165 -19.882 0.454 47
-0.181 -19.811 0.537 77
-0.193 -19.746 0.650 53
-0.177 -19.809 0.595 76
-0.148 -19.896 0.621 67
-0.150 -19.887 0.628 53
-0.165 -19.840 0.632 58
-0.163 -19.858 0.574 76
-0.143 -19.901 0.659 62
-0.182 -19.777 0.665 52
-0.175 -19.830 0.539 75
-0.154 -19.867 0.658 50
-0.154 -19.895 0.539 75
-0.185 -19.794 0.564 74
-0.158 -19.863 0.631 101
-0.187 -19.773 0.622 61
-0.144 -19.897 0.668 63
-0.171 -19.830 0.596 81
-0.178 -19.826 0.520 64
-0.155 -19.870 0.637 115
-0.179 -19.812 0.561 80
-0.187 -19.768 0.637 55
-0.189 -19.772 0.601 67
-0.163 -19.845 0.629 59
-0.151 -19.906 0.544 74
-0.161 -19.849 0.638 138
-0.179 -19.812 0.561 80
-0.180 -19.802 0.593 76
-0.159 -19.903 0.447 73
-0.173 -19.810 0.655 57
-0.185 -19.793 0.569 74
-0.179 -19.808 0.585 79
-0.170 -19.834 0.592 82
-0.179 -19.794 0.640 49
-0.172 -19.841 0.529 76
-0.159 -19.881 0.540 76
-0.187 -19.762 0.661 54
-0.183 -19.774 0.666 52
-0.178 -19.811 0.579 81
-0.159 -19.882 0.533 68
-0.168 -19.859 0.511 64
-0.167 -19.855 0.536 76
-0.182 -19.790 0.621 58
-0.165 -19.853 0.581 89
-0.185 -19.780 0.620 64
-0.158 -19.900 0.478 74
-0.190 -19.770 0.599 67
-0.195 -19.741 0.655 53
-0.181 -19.787 0.635 53
-0.186 -19.767 0.658 52
-0.153 -19.902 0.535 79
-0.166 -19.849 0.582 89
-0.166 -19.867 0.499 66
-0.163 -19.893 0.443 87
-0.151 -19.891 0.603 61
-0.170 -19.860 0.485 59
-0.154 -19.877 0.609 65
-0.179 -19.800 0.615 65
-0.155 -19.877 0.606 52
-0.160 -19.878 0.530 72
-0.198 -19.734 0.643 59
-0.168 -19.830 0.635 59
-0.160 -19.845 0.674 57
-0.190 -19.756 0.649 53
-0.148 -19.884 0.662 36
-0.161 -19.880 0.511 66
-0.147 -19.886 0.673 37
-0.171 -19.822 0.626 51
-0.152 -19.906 0.526 75
-0.171 -19.828 0.594 81
-0.171 -19.819 0.634 51
-0.148 -19.904 0.583 74
-0.175 -19.800 0.659 55
-0.193 -19.747 0.643 59
-0.148 -19.894 0.625 33
-0.178 -19.815 0.560 80
-0.167 -19.850 0.560 83
-0.162 -19.888 0.468 66
-0.148 -19.894 0.619 147
-0.154 -19.887 0.575 57
-0.177 -19.816 0.572 83
-0.153 -19.892 0.561 78
-0.166 -19.846 0.595 82
-0.157 -19.880 0.569 69
-0.196 -19.736 0.652 54
-0.157 -19.868 0.614 61
-0.160 -19.892 0.484 81
-0.153 -19.869 0.657 47
-0.155 -19.874 0.611 65
-0.188 -19.761 0.654 50
-0.149 -19.896 0.606 36
-0.162 -19.866 0.565 79
-0.148 -19.883 0.664 43
-0.149 -19.884 0.650 32
-0.181 -19.808 0.555 76
-0.159 -19.904 0.437 58
-0.179 -19.790 0.660 55
-0.160 -19.859 0.621 67
-0.175 -19.825 0.555 79
-0.166 -19.865 0.512 61
-0.167 -19.835 0.629 61
-0.180 -19.796 0.610 67
-0.171 -19.823 0.618 62
-0.184 -19.918 0.729 58
-0.153 -19.927 0.706 50
-0.157 -19.930 0.709 56
-0.177 -19.925 0.724 56
-0.142 -19.908 0.695 59
-0.169 -19.924 0.718 51
-0.155 -19.917 0.706 52
-0.166 -19.924 0.715 54
-0.178 -19.921 0.725 57
-0.175 -19.924 0.723 58
-0.192 -19.922 0.736 57
-0.186 -19.922 0.731 54
-0.132 -19.938 0.690 15
-0.139 -19.919 0.694 57
-0.136 -19.931 0.693 53
-0.128 -19.938 0.687 4
-0.132 -19.928 0.689 56
-0.140 -19.928 0.695 53
-0.138 -19.936 0.695 28
-0.196 -19.562 0.673 49
-0.190 -19.488 0.633 67
-0.188 -19.508 0.588 70
-0.197 -19.567 0.678 60
-0.197 -19.537 0.700 78
-0.195 -19.630 0.615 67
-0.196 -19.481 0.726 67
-0.195 -19.635 0.613 67
-0.195 -19.504 0.697 32
-0.189 -19.554 0.565 86
-0.199 -19.604 0.688 68
-0.193 -19.497 0.672 158
-0.190 -19.562 0.574 86
-0.198 -19.601 0.678 66
-0.188 -19.497 0.594 88
-0.187 -19.503 0.583 81
-0.199 -19.591 0.689 61
-0.193 -19.511 0.665 58
-0.194 -19.538 0.653 72
-0.197 -19.588 0.667 58
-0.191 -19.570 0.586 83
-0.192 -19.562 0.612 86
-0.194 -19.513 0.675 142
-0.194 -19.560 0.643 74
-0.186 -19.517 0.557 65
-0.189 -19.554 0.572 86
-0.191 -19.535 0.616 92
-0.198 -19.599 0.682 65
-0.199 -19.641 0.659 57
-0.200 -19.643 0.672 57
-0.199 -19.657 0.643 60
-0.195 -19.576 0.653 65
-0.199 -19.599 0.684 65
-0.200 -19.629 0.686 59
-0.189 -19.539 0.576 88
-0.191 -19.516 0.622 64
-0.190 -19.522 0.605 73
-0.189 -19.507 0.612 75
-0.195 -19.475 0.711 70
-0.193 -19.559 0.631 79
-0.196 -19.616 0.628 66
-0.186 -19.532 0.549 79
-0.188 -19.531 0.569 89
-0.195 -19.477 0.710 70
-0.196 -19.496 0.719 44
-0.193 -19.590 0.602 79
-0.198 -19.571 0.691 52
-0.192 -19.587 0.600 81
-0.198 -19.568 0.702 60
-0.199 -19.663 0.649 60
-0.196 -19.536 0.686 146
-0.193 -19.497 0.674 150
-0.196 -19.512 0.706 43
-0.196 -19.531 0.698 106
-0.197 -19.532 0.702 62
-0.196 -19.601 0.651 65
-0.195 -19.513 0.684 101
-0.195 -19.506 0.701 39
-0.191 -19.568 0.598 88
-0.193 -19.597 0.604 78
-0.200 -19.633 0.675 58
-0.190 -19.567 0.573 84
-0.195 -19.535 0.667 57
-0.197 -19.563 0.682 45
-0.192 -19.478 0.663 39
-0.194 -19.479 0.695 98
-0.197 -19.598 0.661 63
-0.192 -19.569 0.600 84
-0.198 -19.560 0.698 45
-0.190 -19.491 0.623 61
-0.188 -19.544 0.564 85
-0.188 -19.543 0.570 91
-0.197 -19.643 0.625 64
-0.196 -19.548 0.679 60
-0.193 -19.600 0.605 77
-0.187 -19.536 0.554 84
-0.193 -19.601 0.606 76
-0.192 -19.507 0.656 49
-0.194 -19.506 0.677 158
-0.189 -19.540 0.583 90
-0.198 -19.648 0.642 62
-0.196 -19.627 0.626 64
-0.185 -19.509 0.549 63
-0.197 -19.651 0.624 62
-0.187 -19.501 0.572 78
-0.199 -19.633 0.661 57
-0.190 -19.505 0.621 80
-0.198 -19.612 0.660 61
-0.189 -19.526 0.590 93
-0.195 -19.499 0.704 38
-0.187 -19.511 0.578 73
-0.187 -19.528 0.559 82
-0.196 -19.582 0.661 62
-0.196 -19.545 0.676 62
-0.194 -19.527 0.669 58
-0.190 -19.555 0.586 91
-0.193 -19.595 0.604 78
-0.198 -19.576 0.690 60
-0.193 -19.536 0.651 62
-0.193 -19.525 0.658 55
-0.195 -19.621 0.619 69
-0.196 -19.521 0.706 50
-0.194 -19.537 0.660 56
-0.188 -19.496 0.600 82
-0.198 -19.593 0.678 61
-0.195 -19.478 0.718 72
-0.187 -19.497 0.581 84
-0.197 -19.549 0.690 163
-0.199 -19.607 0.681 67
-0.192 -19.496 0.663 68
-0.200 -19.613 0.690 65
-0.194 -19.611 0.606 73
-0.194 -19.529 0.659 57
-0.194 -19.584 0.632 71
-0.202 -19.682 0.671 58
-0.199 -19.655 0.652 59
-0.190 -19.554 0.592 92
-0.197 -19.602 0.664 62
-0.195 -19.531 0.672 61
-0.190 -19.549 0.585 91
-0.194 -19.501 0.687 7
-0.195 -19.527 0.686 121
-0.196 -19.635 0.627 64
-0.197 -19.624 0.649 64
-0.191 -19.533 0.619 89
-0.200 -19.648 0.676 58
-0.189 -19.523 0.597 84
-0.201 -19.663 0.676 63
-0.198 -19.665 0.630 63
-0.187 -19.520 0.566 81
-0.199 -19.644 0.654 60
-0.194 -19.508 0.683 106
-0.200 -19.657 0.669 59
-0.191 -19.532 0.613 93
-0.196 -19.522 0.700 30
-0.196 -19.543 0.682 92
-0.196 -19.584 0.651 64
-0.194 -19.505 0.682 110
-0.189 -19.552 0.578 94
-0.190 -19.548 0.590 91
-0.199 -19.676 0.642 60
-0.189 -19.507 0.602 76
-0.195 -19.563 0.651 72
-0.199 -19.636 0.667 56
-0.196 -19.471 0.726 68
-0.195 -19.631 0.611 68
-0.189 -19.507 0.600 67
-0.188 -19.526 0.582 88
-0.195 -19.619 0.614 70
-0.190 -19.533 0.603 94
-0.187 -19.505 0.569 66
-0.199 -19.667 0.649 59
-0.199 -19.586 0.693 60
-0.190 -19.531 0.607 91
-0.194 -19.473 0.702 78
-0.197 -19.610 0.651 64
-0.195 -19.477 0.718 72
-0.189 -19.559 0.573 85
-0.185 -19.511 0.540 53
-0.191 -19.531 0.616 90
-0.193 -19.566 0.623 82
-0.199 -19.590 0.693 62
-0.196 -19.488 0.716 56
-0.191 -19.579 0.582 83
-0.191 -19.568 0.593 84
-0.197 -19.566 0.689 46
-0.200 -19.645 0.675 57
-0.187 -19.493 0.578 76
-0.188 -19.524 0.581 96
-0.193 -19.559 0.633 79
-0.198 -19.632 0.648 61
-0.194 -19.545 0.646 77
-0.192 -19.575 0.604 84
-0.192 -19.578 0.607 82
-0.197 -19.571 0.678 55
-0.199 -19.649 0.654 58
-0.200 -19.630 0.681 56
-0.190 -19.557 0.582 88
-0.194 -19.489 0.692 87
-0.198 -19.633 0.645 65
-0.198 -19.571 0.694 57
-0.196 -19.533 0.697 103
-0.195 -19.496 0.708 46
-0.186 -19.508 0.557 64
-0.193 -19.578 0.613 80
-0.188 -19.500 0.599 88
-0.196 -19.638 0.623 65
-0.194 -19.544 0.655 54
-0.198 -19.602 0.675 65
-0.193 -19.609 0.596 75
-0.186 -19.509 0.561 68
-0.193 -19.530 0.642 81
-0.186 -19.512 0.563 68
-0.197 -19.556 0.684 32
-0.191 -19.508 0.632 80
-0.198 -19.580 0.681 59
-0.191 -19.572 0.584 83
-0.195 -19.503 0.696 32
-0.194 -19.507 0.681 110
-0.198 -19.553 0.700 59
-0.194 -19.487 0.687 19
-0.195 -19.483 0.707 70
-0.195 -19.499 0.693 31
-0.191 -19.533 0.611 93
-0.194 -19.516 0.673 65
-0.194 -19.568 0.632 78
-0.198 -19.598 0.680 62
-0.199 -19.585 0.693 60
-0.197 -19.508 0.719 50
-0.186 -19.511 0.550 60
-0.189 -19.551 0.568 86
-0.193 -19.556 0.635 81
-0.189 -19.552 0.574 88
-0.196 -19.485 0.726 68
-0.196 -19.631 0.616 67
-0.186 -19.497 0.570 81
-0.191 -19.524 0.626 75
-0.191 -19.526 0.618 86
-0.201 -19.663 0.676 63
-0.185 -19.500 0.545 65
-0.194 -19.534 0.664 58
-0.200 -19.656 0.672 60
-0.193 -19.568 0.616 86
-0.185 -19.500 0.554 70
-0.196 -19.556 0.673 44
-0.191 -19.506 0.639 81
-0.193 -19.485 0.678 36
-0.190 -19.512 0.615 67
-0.194 -19.608 0.610 72
-0.198 -19.546 0.705 60
-0.192 -19.539 0.631 83
-0.194 -19.536 0.660 56
-0.188 -19.544 0.563 85
-0.193 -19.537 0.650 62
-0.191 -19.505 0.640 81
-0.191 -19.571 0.583 82
-0.193 -19.547 0.631 78
-0.192 -19.487 0.662 77
-0.192 -19.486 0.658 67
-0.194 -19.499 0.690 20
-0.194 -19.517 0.676 116
-0.193 -19.577 0.612 80
-0.191 -19.492 0.649 51
-0.195 -19.588 0.645 67
-0.198 -19.600 0.673 61
-0.194 -19.572 0.636 75
-0.196 -19.574 0.665 61
-0.185 -19.770 0.521 68
-0.186 -19.769 0.539 69
-0.188 -19.754 0.537 66
-0.177 -19.792 0.462 68
-0.187 -19.747 0.520 68
-0.184 -19.768 0.509 67
-0.172 -19.848 0.477 61
-0.172 -19.854 0.479 63
-0.184 -19.771 0.519 68
-0.176 -19.798 0.451 94
-0.177 -19.794 0.466 66
-0.182 -19.790 0.510 66
-0.169 -19.854 0.440 32
-0.180 -19.764 0.452 72
-0.196 -19.738 0.618 60
-0.168 -19.851 0.433 23
-0.184 -19.770 0.507 66
-0.176 -19.795 0.451 95
-0.186 -19.781 0.549 71
-0.188 -19.762 0.547 66
-0.177 -19.785 0.445 101
-0.171 -19.849 0.462 74
-0.170 -19.840 0.438 44
-0.184 -19.792 0.541 71
-0.179 -19.813 0.509 66
-0.184 -19.748 0.486 62
-0.175 -19.799 0.442 90
-0.182 -19.755 0.469 62
-0.174 -19.838 0.485 59
-0.178 -19.795 0.479 55
-0.172 -19.849 0.478 60
-0.195 -19.728 0.594 61
-0.176 -19.805 0.468 59
-0.179 -19.801 0.488 60
-0.173 -19.835 0.468 57
-0.177 -19.818 0.488 58
-0.191 -19.768 0.591 68
-0.175 -19.828 0.479 57
-0.195 -19.748 0.618 62
-0.185 -19.748 0.500 65
-0.177 -19.797 0.469 55
-0.193 -19.732 0.576 66
-0.187 -19.767 0.544 68
-0.184 -19.793 0.549 73
-0.195 -19.739 0.598 63
-0.191 -19.734 0.547 66
-0.183 -19.773 0.509 66
-0.194 -19.750 0.608 63
-0.180 -19.787 0.486 62
-0.186 -19.766 0.535 71
-0.174 -19.814 0.450 87
-0.194 -19.753 0.609 62
-0.161 -19.905 0.413 88
-0.184 -19.792 0.542 71
-0.169 -19.857 0.451 31
-0.190 -19.761 0.573 66
-0.181 -19.793 0.511 66
-0.183 -19.799 0.543 73
-0.192 -19.749 0.587 66
-0.173 -19.828 0.454 85
-0.182 -19.800 0.529 68
-0.185 -19.758 0.513 69
-0.191 -19.749 0.573 67
-0.172 -19.850 0.473 61
-0.177 -19.816 0.488 58
-0.174 -19.828 0.474 57
-0.174 -19.813 0.452 81
-0.189 -19.739 0.531 67
-0.167 -19.869 0.435 29
-0.184 -19.746 0.484 62
-0.197 -19.725 0.608 61
-0.177 -19.809 0.484 57
-0.178 -19.819 0.505 62
-0.198 -19.731 0.628 60
-0.167 -19.866 0.433 23
-0.161 -19.905 0.413 88
-0.174 -19.830 0.476 58
-0.184 -19.777 0.520 67
-0.181 -19.780 0.486 61
-0.177 -19.829 0.508 63
-0.195 -19.744 0.607 62
-0.182 -19.779 0.497 63
-0.190 -19.742 0.550 67
-0.172 -19.837 0.462 60
-0.178 -19.814 0.499 63
-0.189 -19.753 0.556 67
-0.179 -19.784 0.466 62
-0.181 -19.802 0.516 68
-0.172 -19.836 0.461 72
-0.180 -19.785 0.488 62
-0.175 -19.838 0.490 59
-0.190 -19.747 0.556 68
-0.179 -19.784 0.467 62
-0.185 -19.781 0.545 70
-0.162 -19.899 0.421 48
-0.173 -19.832 0.458 83
-0.174 -19.834 0.480 54
-0.200 -19.720 0.635 60
-0.180 -19.778 0.476 61
-0.182 -19.767 0.488 65
-0.179 -19.789 0.477 57
-0.168 -19.862 0.444 27
-0.191 -19.764 0.593 68
-0.184 -19.757 0.493 63
-0.193 -19.743 0.587 65
-0.181 -19.781 0.492 62
-0.168 -19.852 0.429 25
-0.195 -19.744 0.613 61
-0.201 -19.721 0.647 58
-0.183 -19.758 0.482 62
-0.187 -19.773 0.550 70
-0.180 -19.804 0.507 67
-0.181 -19.796 0.513 67
-0.171 -19.838 0.448 88
-0.178 -19.781 0.459 69
-0.177 -19.796 0.460 72
-0.174 -19.827 0.466 50
-0.187 -19.758 0.537 66
-0.199 -19.731 0.637 59
-0.181 -19.778 0.493 64
-0.177 -19.824 0.496 61
-0.174 -19.839 0.487 58
-0.184 -19.751 0.484 62
-0.182 -19.763 0.484 63
-0.168 -19.867 0.455 20
-0.183 -19.789 0.530 70
-0.188 -19.741 0.521 68
-0.173 -19.847 0.482 59
-0.168 -19.871 0.453 9
-0.177 -19.812 0.486 58
-0.180 -19.780 0.483 59
-0.169 -19.861 0.450 29
-0.176 -19.795 0.452 95
-0.185 -19.760 0.510 67
-0.197 -19.729 0.616 61
-0.173 -19.823 0.447 104
-0.179 -19.773 0.460 64
-0.187 -19.782 0.568 72
-0.179 -19.822 0.520 67
-0.179 -19.798 0.494 63
-0.182 -19.802 0.536 73
-0.198 -19.733 0.636 59
-0.186 -19.790 0.560 73
-0.189 -19.749 0.551 67
-0.191 -19.736 0.557 66
-0.186 -19.772 0.537 69
-0.177 -19.822 0.501 63
-0.187 -19.773 0.551 69
-0.175 -19.826 0.479 57
-0.182 -19.804 0.535 72
-0.176 -19.794 0.451 95
-0.179 -19.802 0.497 64
-0.177 -19.788 0.456 89
-0.180 -19.771 0.466 64
-0.180 -19.808 0.521 67
-0.193 -19.739 0.575 65
-0.177 -19.821 0.500 61
-0.231 -19.598 0.754 66
-0.213 -19.533 0.742 58
-0.225 -19.574 0.750 70
-0.220 -19.635 0.721 62
-0.236 -19.533 0.785 51
-0.237 -19.480 0.804 66
-0.227 -19.497 0.781 41
-0.232 -19.501 0.788 51
-0.258 -19.482 0.843 56
-0.226 -19.544 0.762 62
-0.226 -19.582 0.750 69
-0.230 -19.517 0.780 46
-0.226 -19.510 0.775 47
-0.199 -19.541 0.714 68
-0.206 -19.634 0.695 60
-0.231 -19.536 0.775 51
-0.231 -19.594 0.756 67
-0.216 -19.640 0.711 64
-0.207 -19.564 0.720 58
-0.244 -19.508 0.808 51
-0.242 -19.502 0.806 46
-0.204 -19.626 0.695 60
-0.250 -19.506 0.821 49
-0.209 -19.571 0.722 68
-0.216 -19.535 0.747 54
-0.223 -19.631 0.728 60
-0.215 -19.593 0.726 63
-0.244 -19.509 0.809 51
-0.241 -19.495 0.807 62
-0.211 -19.492 0.752 54
-0.217 -19.609 0.724 59
-0.251 -19.505 0.823 48
-0.236 -19.546 0.781 55
-0.252 -19.498 0.827 61
-0.235 -19.577 0.769 56
-0.236 -19.503 0.795 46
-0.202 -19.531 0.722 66
-0.233 -19.518 0.785 48
-0.198 -19.529 0.717 65
-0.233 -19.536 0.779 51
-0.239 -19.505 0.801 49
-0.202 -19.560 0.713 73
-0.200 -19.482 0.735 66
-0.201 -19.566 0.710 64
-0.214 -19.646 0.705 64
-0.203 -19.588 0.705 60
-0.233 -19.481 0.798 61
-0.224 -19.481 0.780 65
-0.200 -19.580 0.703 62
-0.221 -19.517 0.762 50
-0.218 -19.594 0.731 61
-0.222 -19.549 0.755 63
-0.219 -19.520 0.758 49
-0.257 -19.483 0.840 72
-0.221 -19.581 0.741 65
-0.203 -19.702 0.666 56
-0.235 -19.573 0.770 59
-0.210 -19.494 0.750 45
-0.202 -19.573 0.709 64
-0.219 -19.637 0.718 66
-0.234 -19.486 0.798 69
-0.208 -19.536 0.732 65
-0.203 -19.697 0.669 57
-0.212 -19.623 0.710 63
-0.206 -19.696 0.675 57
-0.209 -19.600 0.712 59
-0.201 -19.539 0.718 67
-0.214 -19.538 0.743 62
-0.226 -19.480 0.785 68
-0.207 -19.533 0.732 63
-0.213 -19.533 0.743 58
-0.201 -19.597 0.699 66
-0.206 -19.630 0.697 60
-0.218 -19.497 0.763 39
-0.224 -19.558 0.755 59
-0.219 -19.566 0.742 61
-0.237 -19.513 0.794 48
-0.200 -19.570 0.706 63
-0.210 -19.599 0.715 57
-0.219 -19.532 0.753 58
-0.206 -19.487 0.745 64
-0.213 -19.485 0.759 67
-0.215 -19.531 0.747 59
-0.209 -19.675 0.688 63
-0.227 -19.489 0.783 65
-0.200 -19.527 0.720 59
-0.216 -19.610 0.723 59
-0.232 -19.540 0.776 57
-0.210 -19.521 0.740 55
-0.214 -19.625 0.713 62
-0.248 -19.512 0.815 50
-0.211 -19.564 0.729 64
-0.199 -19.534 0.715 64
-0.212 -19.643 0.703 65
-0.249 -19.529 0.810 46
-0.208 -19.623 0.702 63
-0.210 -19.533 0.737 62
-0.237 -19.527 0.789 42
-0.217 -19.604 0.725 58
-0.232 -19.565 0.766 64
-0.230 -19.522 0.778 51
-0.196 -19.473 0.732 63
-0.234 -19.479 0.799 66
-0.209 -19.585 0.718 62
-0.212 -19.593 0.720 60
-0.212 -19.577 0.726 60
-0.256 -19.485 0.839 68
-0.227 -19.538 0.767 58
-0.244 -19.495 0.813 61
-0.201 -19.607 0.695 68
-0.213 -19.508 0.751 53
-0.235 -19.537 0.783 52
-0.229 -19.599 0.749 65
-0.211 -19.676 0.691 64
-0.204 -19.512 0.732 50
-0.215 -19.537 0.744 57
-0.214 -19.483 0.761 70
-0.243 -19.501 0.809 46
-0.227 -19.481 0.785 68
-0.220 -19.489 0.771 64
-0.238 -19.551 0.783 56
-0.221 -19.482 0.775 67
-0.201 -19.591 0.700 61
-0.211 -19.652 0.699 65
-0.253 -19.506 0.826 48
-0.212 -19.519 0.745 56
-0.227 -19.565 0.758 62
-0.255 -19.491 0.835 64
-0.234 -19.524 0.783 51
-0.206 -19.561 0.720 71
-0.225 -19.480 0.783 65
-0.202 -19.628 0.691 59
-0.230 -19.561 0.764 61
-0.225 -19.473 0.785 86
-0.212 -19.573 0.727 64
-0.202 -19.504 0.732 48
-0.226 -19.603 0.742 60
-0.230 -19.513 0.781 50
-0.229 -19.485 0.789 64
-0.213 -19.482 0.759 64
-0.227 -19.506 0.777 48
-0.212 -19.590 0.722 60
-0.213 -19.483 0.760 69
-0.220 -19.566 0.744 57
-0.197 -19.499 0.724 48
-0.232 -19.555 0.770 61
-0.198 -19.497 0.727 46
-0.259 -19.485 0.843 70
-0.209 -19.489 0.750 53
-0.220 -19.533 0.755 59
-0.230 -19.514 0.780 49
-0.201 -19.628 0.688 59
-0.219 -19.641 0.716 65
-0.210 -19.544 0.734 65
-0.220 -19.480 0.774 66
-0.212 -19.516 0.747 55
-0.247 -19.527 0.806 48
-0.253 -19.485 0.833 73
-0.234 -19.486 0.797 69
-0.199 -19.582 0.700 62
-0.244 -19.543 0.797 53
-0.214 -19.611 0.719 64
-0.217 -19.484 0.767 65
-0.210 -19.669 0.691 64
-0.221 -19.571 0.745 65
-0.221 -19.492 0.772 59
-0.208 -19.599 0.711 57
-0.210 -19.570 0.724 68
-0.220 -19.567 0.744 61
-0.257 -19.488 0.840 63
-0.207 -19.538 0.730 72
-0.176 -19.527 0.514 71
-0.172 -19.645 0.478 66
-0.170 -19.690 0.464 65
-0.166 -19.613 0.483 65
-0.182 -19.602 0.497 68
-0.171 -19.611 0.487 69
-0.167 -19.595 0.489 73
-0.176 -19.720 0.460 58
-0.181 -19.530 0.517 70
-0.171 -19.640 0.479 67
-0.165 -19.648 0.472 67
-0.172 -19.691 0.465 65
-0.180 -19.557 0.508 70
-0.175 -19.586 0.496 74
-0.179 -19.672 0.475 66
-0.176 -19.664 0.475 69
-0.166 -19.665 0.469 69
-0.182 -19.665 0.479 64
-0.174 -19.565 0.502 71
-0.177 -19.701 0.465 64
-0.183 -19.576 0.505 71
-0.176 -19.552 0.507 67
-0.170 -19.681 0.467 66
-0.177 -19.606 0.492 68
-0.164 -19.657 0.470 67
-0.170 -19.665 0.471 69
-0.179 -19.720 0.461 61
-0.165 -19.643 0.474 67
-0.176 -19.614 0.490 67
-0.168 -19.678 0.466 68
-0.174 -19.582 0.498 74
-0.174 -19.687 0.468 63
-0.168 -19.610 0.486 70
-0.151 -19.588 0.480 70
-0.174 -19.594 0.494 68
-0.158 -19.575 0.489 75
-0.180 -19.535 0.514 71
-0.178 -19.625 0.488 66
-0.175 -19.614 0.489 68
-0.171 -19.659 0.474 67
-0.147 -19.612 0.471 73
-0.176 -19.729 0.457 62
-0.148 -19.602 0.474 72
-0.173 -19.553 0.504 68
-0.180 -19.704 0.466 64
-0.156 -19.573 0.488 75
-0.155 -19.618 0.475 66
-0.163 -19.659 0.468 67
-0.180 -19.577 0.502 74
-0.162 -19.562 0.495 73
-0.164 -19.655 0.470 67
-0.159 -19.651 0.468 67
-0.159 -19.584 0.487 72
-0.172 -19.692 0.465 65
-0.177 -19.702 0.465 64
-0.160 -19.557 0.495 72
-0.166 -19.654 0.471 67
-0.182 -19.666 0.479 66
-0.172 -19.672 0.471 67
-0.175 -19.544 0.509 72
-0.172 -19.577 0.497 70
-0.162 -19.646 0.471 68
-0.191 -19.607 0.571 74
-0.188 -19.578 0.557 83
-0.188 -19.713 0.526 67
-0.189 -19.687 0.542 66
-0.197 -19.668 0.618 61
-0.193 -19.684 0.579 64
-0.184 -19.620 0.510 71
-0.182 -19.709 0.469 62
-0.192 -19.623 0.580 71
-0.199 -19.714 0.628 60
-0.184 -19.625 0.503 66
-0.189 -19.623 0.555 70
-0.196 -19.663 0.609 61
-0.187 -19.724 0.516 68
-0.197 -19.688 0.611 60
-0.186 -19.529 0.541 73
-0.184 -19.625 0.508 67
-0.191 -19.705 0.552 67
-0.185 -19.618 0.514 70
-0.197 -19.666 0.619 62
-0.194 -19.651 0.599 65
-0.195 -19.721 0.589 64
-0.188 -19.608 0.546 75
-0.187 -19.721 0.511 67
-0.199 -19.680 0.635 62
-0.187 -19.698 0.521 68
-0.191 -19.684 0.562 67
-0.194 -19.712 0.583 64
-0.187 -19.561 0.542 82
-0.189 -19.668 0.544 69
-0.187 -19.665 0.522 68
-0.188 -19.728 0.519 68
-0.201 -19.699 0.647 58
-0.183 -19.672 0.484 67
-0.196 -19.660 0.613 61
-0.194 -19.720 0.577 67
-0.188 -19.639 0.538 68
-0.200 -19.716 0.642 60
-0.184 -19.715 0.486 64
-0.192 -19.679 0.568 66
-0.192 -19.648 0.574 66
-0.189 -19.568 0.563 84
-0.190 -19.729 0.539 68
-0.190 -19.693 0.545 64
-0.196 -19.653 0.615 62
-0.188 -19.656 0.533 70
-0.186 -19.646 0.519 67
-0.184 -19.522 0.527 68
-0.183 -19.747 0.467 63
-0.189 -19.709 0.536 67
-0.182 -19.706 0.470 64
-0.194 -19.663 0.595 64
-0.186 -19.535 0.538 76
-0.186 -19.549 0.541 80
-0.195 -19.671 0.595 62
-0.188 -19.691 0.528 71
-0.192 -19.690 0.569 65
-0.190 -19.706 0.544 66
-0.191 -19.681 0.562 68
-0.183 -19.598 0.502 70
-0.189 -19.700 0.541 65
-0.192 -19.635 0.578 69
-0.186 -19.570 0.533 76
-0.188 -19.696 0.531 67
-0.190 -19.580 0.573 80
-0.186 -19.660 0.512 67
-0.199 -19.683 0.638 61
-0.185 -19.556 0.530 77
-0.189 -19.641 0.545 69
-0.201 -19.713 0.645 58
-0.197 -19.697 0.610 60
-0.188 -19.693 0.533 67
-0.191 -19.637 0.567 67
-0.195 -19.697 0.591 61
-0.192 -19.660 0.570 70
-0.187 -19.665 0.526 69
-0.188 -19.560 0.553 82
-0.190 -19.627 0.561 69
-0.184 -19.704 0.485 64
-0.194 -19.705 0.582 64
-0.192 -19.596 0.585 79
-0.184 -19.687 0.496 68
-0.195 -19.647 0.602 66
-0.187 -19.602 0.536 75
-0.197 -19.707 0.615 60
-0.187 -19.546 0.549 81
-0.192 -19.649 0.573 66
-0.185 -19.633 0.510 67
-0.185 -19.626 0.519 71
-0.192 -19.644 0.574 66
-0.194 -19.696 0.588 61
-0.192 -19.635 0.581 70
-0.196 -19.682 0.609 61
-0.196 -19.657 0.617 62
-0.183 -19.743 0.471 61
-0.190 -19.677 0.552 68
-0.188 -19.566 0.557 84
-0.185 -19.730 0.490 62
-0.189 -19.635 0.548 70
-0.188 -19.712 0.529 67
-0.194 -19.683 0.588 63
-0.188 -19.577 0.557 83
-0.184 -19.698 0.493 65
-0.196 -19.691 0.603 60
-0.185 -19.610 0.521 73
-0.186 -19.730 0.498 65
-0.192 -19.605 0.588 78
-0.186 -19.543 0.537 78
-0.196 -19.657 0.613 61
-0.187 -19.650 0.531 68
-0.186 -19.551 0.540 80
-0.191 -19.721 0.551 67
-0.194 -19.628 0.602 71
-0.194 -19.639 0.594 69
-0.185 -19.553 0.531 79
-0.183 -19.713 0.475 62
-0.195 -19.700 0.593 62
-0.191 -19.604 0.579 76
-0.184 -19.571 0.517 73
-0.185 -19.726 0.497 66
-0.188 -19.634 0.538 69
-0.190 -19.587 0.568 80
-0.188 -19.735 0.521 67
-0.189 -19.696 0.539 66
-0.192 -19.620 0.579 71
-0.184 -19.545 0.523 73
-0.190 -19.655 0.558 65
-0.195 -19.650 0.602 65
-0.185 -19.689 0.502 68
-0.187 -19.570 0.543 79
-0.196 -19.681 0.609 61
-0.191 -19.712 0.552 68
-0.188 -19.616 0.549 73
-0.188 -19.555 0.558 85
-0.185 -19.606 0.514 72
-0.187 -19.587 0.537 76
-0.185 -19.656 0.506 69
-0.190 -19.646 0.561 66
-0.185 -19.584 0.519 76
-0.191 -19.725 0.551 68
-0.186 -19.709 0.505 66
-0.183 -19.590 0.505 69
-0.183 -19.704 0.481 65
-0.183 -19.708 0.480 64
-0.184 -19.624 0.507 68
-0.190 -19.675 0.554 69
-0.191 -19.663 0.568 69
-0.199 -19.714 0.631 60
-0.192 -19.654 0.573 69
-0.191 -19.711 0.557 67
-0.184 -19.697 0.495 65
-0.184 -19.601 0.511 71
-0.187 -19.586 0.538 76
-0.183 -19.729 0.469 59
-0.190 -19.651 0.557 69
-0.192 -19.651 0.578 68
-0.184 -19.734 0.478 58
-0.189 -19.675 0.538 67
-0.183 -19.685 0.486 66
-0.196 -19.681 0.605 61
-0.185 -19.568 0.522 74
-0.188 -19.589 0.554 81
-0.183 -19.656 0.490 66
-0.193 -19.655 0.582 68
-0.190 -19.702 0.546 65
-0.195 -19.701 0.589 62
-0.196 -19.661 0.613 61
-0.190 -19.697 0.551 65
-0.190 -19.612 0.569 72
-0.194 -19.622 0.596 74
-0.197 -19.661 0.624 63
-0.194 -19.700 0.582 61
-0.194 -19.615 0.597 74
-0.190 -19.577 0.569 82
-0.191 -19.708 0.551 68
-0.195 -19.677 0.599 60
-0.197 -19.653 0.621 62
-0.183 -19.674 0.485 67
-0.197 -19.716 0.607 61
-0.182 -19.732 0.463 63
-0.188 -19.671 0.537 68
-0.184 -19.550 0.516 67
-0.184 -19.657 0.502 69
-0.196 -19.685 0.609 60
-0.190 -19.584 0.566 81
-0.189 -19.581 0.558 83
-0.184 -19.601 0.512 71
-0.195 -19.640 0.610 65
-0.185 -19.714 0.496 66
-0.188 -19.591 0.552 79
-0.184 -19.658 0.495 67
-0.195 -19.717 0.586 64
-0.183 -19.737 0.472 59
-0.201 -19.701 0.652 57
-0.199 -19.692 0.630 60
-0.187 -19.642 0.529 69
-0.198 -19.678 0.624 61
-0.190 -19.625 0.559 69
-0.184 -19.584 0.515 73
-0.184 -19.603 0.507 71
-0.184 -19.742 0.480 60
-0.184 -19.740 0.481 57
-0.193 -19.683 0.575 64
-0.195 -19.649 0.607 65
-0.189 -19.656 0.544 69
-0.185 -19.567 0.523 74
-0.189 -19.635 0.554 70
-0.187 -19.579 0.543 80
-0.194 -19.636 0.598 72
-0.187 -19.730 0.513 67
-0.184 -19.646 0.501 67
-0.190 -19.593 0.571 76
-0.188 -19.651 0.539 68
-0.192 -19.691 0.569 65
-0.185 -19.528 0.537 76
-0.187 -19.676 0.523 70
-0.187 -19.628 0.537 69
-0.191 -19.728 0.551 67
-0.186 -19.687 0.512 70
-0.186 -19.704 0.511 67
-0.198 -19.668 0.628 63
-0.194 -19.625 0.597 73
-0.195 -19.658 0.607 61
-0.185 -19.561 0.524 74
-0.183 -19.661 0.488 66
-0.183 -19.539 0.518 68
-0.183 -19.642 0.495 66
-0.185 -19.681 0.500 69
-0.194 -19.702 0.588 64
-0.200 -19.690 0.640 60
-0.189 -19.569 0.561 84
-0.197 -19.674 0.615 61
-0.200 -19.701 0.641 59
-0.184 -19.515 0.529 56
-0.188 -19.705 0.528 67
-0.192 -19.722 0.563 65
-0.192 -19.674 0.575 66
-0.199 -19.705 0.630 60
-0.189 -19.616 0.553 73
-0.188 -19.699 0.524 68
-0.188 -19.652 0.535 69
-0.185 -19.641 0.512 67
-0.198 -19.708 0.622 61
-0.192 -19.726 0.565 66
-0.187 -19.779 0.676 53
-0.198 -19.916 0.739 57
-0.207 -19.913 0.744 58
-0.180 -19.870 0.708 49
-0.171 -19.834 0.687 50
-0.209 -19.891 0.736 65
-0.163 -19.902 0.708 63
-0.222 -19.902 0.750 58
-0.184 -19.832 0.695 54
-0.194 -19.858 0.713 55
-0.191 -19.920 0.735 57
-0.190 -19.830 0.699 55
-0.179 -19.836 0.693 53
-0.207 -19.879 0.730 46
-0.162 -19.907 0.709 60
-0.204 -19.884 0.730 32
-0.188 -19.868 0.713 53
-0.205 -19.790 0.693 54
-0.200 -19.829 0.705 55
-0.192 -19.886 0.723 31
-0.204 -19.852 0.717 57
-0.192 -19.802 0.689 55
-0.206 -19.787 0.693 52
-0.208 -19.915 0.745 54
-0.221 -19.907 0.751 55
-0.196 -19.919 0.739 60
-0.204 -19.903 0.737 65
-0.163 -19.863 0.693 51
-0.208 -19.910 0.744 59
-0.189 -19.877 0.716 45
-0.197 -19.815 0.697 60
-0.208 -19.859 0.723 55
-0.175 -19.875 0.706 47
-0.202 -19.739 0.671 58
-0.206 -19.886 0.732 32
-0.187 -19.889 0.720 58
-0.200 -19.899 0.734 62
-0.215 -19.825 0.714 62
-0.169 -19.829 0.683 50
-0.201 -19.777 0.686 53
-0.191 -19.894 0.725 67
-0.155 -19.870 0.690 48
-0.191 -19.919 0.735 60
-0.199 -19.751 0.674 57
-0.185 -19.818 0.690 56
-0.191 -19.759 0.671 57
-0.180 -19.909 0.723 62
-0.191 -19.832 0.700 54
-0.177 -19.817 0.684 54
-0.181 -19.903 0.721 60
-0.169 -19.822 0.680 55
-0.204 -19.742 0.673 58
-0.172 -19.855 0.696 55
-0.141 -19.903 0.693 60
-0.209 -19.841 0.717 58
-0.190 -19.852 0.708 54
-0.161 -19.875 0.696 50
-0.213 -19.823 0.712 66
-0.189 -19.887 0.721 27
-0.194 -19.795 0.688 56
-0.194 -19.885 0.724 31
-0.171 -19.829 0.684 51
-0.211 -19.839 0.717 56
-0.214 -19.848 0.723 58
-0.223 -19.901 0.750 58
-0.171 -19.867 0.700 54
-0.144 -19.899 0.693 64
-0.208 -19.813 0.705 61
-0.166 -19.900 0.710 63
-0.184 -19.915 0.728 54
-0.197 -19.804 0.693 57
-0.188 -19.778 0.677 53
-0.188 -19.767 0.672 52
-0.183 -19.841 0.698 54
-0.156 -19.907 0.706 58
-0.178 -19.858 0.701 51
-0.159 -19.885 0.698 40
-0.206 -19.846 0.716 55
-0.173 -19.811 0.679 51
-0.174 -19.850 0.695 56
-0.198 -19.839 0.708 56
-0.176 -19.800 0.677 51
-0.147 -19.889 0.692 24
-0.156 -19.891 0.699 52
-0.198 -19.753 0.673 57
-0.163 -19.881 0.700 46
-0.192 -19.853 0.709 54
-0.179 -19.815 0.685 54
-0.222 -19.906 0.751 55
-0.176 -19.900 0.717 64
-0.192 -19.749 0.668 57
-0.180 -19.896 0.718 64
-0.181 -19.858 0.703 53
-0.196 -19.748 0.670 56
-0.193 -19.848 0.708 57
-0.210 -19.843 0.718 59
-0.213 -19.816 0.709 70
-0.198 -19.761 0.677 56
-0.166 -19.836 0.684 49
-0.167 -19.887 0.705 35
-0.183 -19.884 0.716 41
-0.211 -19.859 0.725 59
-0.153 -19.882 0.693 45
-0.180 -19.910 0.723 66
-0.195 -19.812 0.695 58
-0.214 -19.900 0.744 61
-0.184 -19.816 0.689 56
-0.201 -19.775 0.684 53
-0.206 -19.872 0.727 49
-0.180 -19.847 0.698 55
-0.191 -19.900 0.727 67
-0.200 -19.802 0.695 55
-0.174 -19.830 0.687 53
-0.155 -19.908 0.705 58
-0.203 -19.858 0.719 56
-0.202 -19.758 0.678 57
-0.217 -19.682 0.710 68
-0.222 -19.788 0.735 52
-0.210 -19.774 0.691 51
-0.231 -19.811 0.771 50
-0.211 -19.682 0.690 59
-0.226 -19.814 0.751 52
-0.240 -19.693 0.793 53
-0.219 -19.833 0.730 54
-0.213 -19.698 0.696 57
-0.251 -19.550 0.821 55
-0.224 -19.864 0.748 51
-0.237 -19.662 0.778 59
-0.239 -19.655 0.787 54
-0.225 -19.646 0.735 62
-0.236 -19.797 0.786 49
-0.241 -19.718 0.797 48
-0.236 -19.684 0.778 60
-0.234 -19.817 0.780 50
-0.237 -19.733 0.786 52
-0.221 -19.675 0.723 62
-0.229 -19.716 0.754 51
-0.218 -19.670 0.711 63
-0.240 -19.668 0.791 56
-0.244 -19.587 0.798 53
-0.219 -19.740 0.721 63
-0.215 -19.783 0.710 53
-0.252 -19.560 0.825 48
-0.237 -19.686 0.780 58
-0.217 -19.777 0.717 55
-0.227 -19.740 0.749 55
-0.227 -19.773 0.753 55
-0.240 -19.733 0.794 48
-0.234 -19.676 0.769 61
-0.217 -19.731 0.715 63
-0.213 -19.751 0.701 53
-0.224 -19.770 0.741 54
-0.246 -19.600 0.807 55
-0.229 -19.627 0.748 57
-0.224 -19.640 0.731 60
-0.217 -19.730 0.713 65
-0.252 -19.548 0.824 54
-0.231 -19.636 0.755 61
-0.222 -19.713 0.731 58
-0.244 -19.650 0.802 53
-0.238 -19.721 0.788 50
-0.226 -19.717 0.744 54
-0.235 -19.643 0.770 60
-0.230 -19.747 0.762 52
-0.221 -19.842 0.735 51
-0.215 -19.820 0.714 60
-0.223 -19.843 0.743 51
-0.232 -19.746 0.769 53
-0.229 -19.787 0.761 51
-0.222 -19.733 0.731 66
-0.246 -19.586 0.804 54
-0.241 -19.727 0.799 51
-0.228 -19.634 0.744 59
-0.251 -19.544 0.818 50
-0.214 -19.747 0.704 59
-0.229 -19.798 0.762 51
-0.243 -19.652 0.800 53
-0.247 -19.631 0.811 51
-0.226 -19.899 0.759 64
-0.230 -19.756 0.761 53
-0.209 -19.765 0.689 57
-0.231 -19.614 0.753 55
-0.211 -19.769 0.696 54
-0.224 -19.684 0.734 66
-0.243 -19.590 0.796 55
-0.234 -19.734 0.774 52
-0.240 -19.569 0.782 57
-0.222 -19.851 0.742 54
-0.212 -19.772 0.701 52
-0.222 -19.696 0.730 63
-0.226 -19.630 0.737 64
-0.215 -19.766 0.709 52
-0.219 -19.668 0.715 64
-0.241 -19.714 0.798 51
-0.241 -19.690 0.796 53
-0.231 -19.809 0.768 53
-0.221 -19.699 0.727 62
-0.217 -19.666 0.710 65
-0.246 -19.649 0.811 51
-0.213 -19.796 0.706 56
-0.241 -19.686 0.796 55
-0.223 -19.867 0.745 51
-0.245 -19.662 0.807 50
-0.221 -19.818 0.736 50
-0.221 -19.844 0.735 55
-0.239 -19.766 0.794 49
-0.240 -19.629 0.785 56
-0.234 -19.730 0.774 52
-0.254 -19.532 0.827 42
-0.232 -19.726 0.765 54
-0.222 -19.681 0.728 63
-0.244 -19.639 0.803 53
-0.237 -19.621 0.775 61
-0.221 -19.670 0.725 62
-0.222 -19.798 0.735 52
-0.236 -19.697 0.778 55
-0.234 -19.785 0.778 50
-0.241 -19.695 0.794 50
-0.230 -19.868 0.769 49
-0.211 -19.754 0.694 58
-0.227 -19.770 0.754 55
-0.240 -19.717 0.792 49
-0.217 -19.788 0.717 53
-0.232 -19.675 0.763 66
-0.224 -19.741 0.739 58
-0.210 -19.750 0.692 58
-0.239 -19.747 0.792 46
-0.249 -19.576 0.813 55
-0.219 -19.781 0.726 55
-0.243 -19.703 0.802 48
-0.223 -19.773 0.738 54
-0.228 -19.859 0.764 50
-0.228 -19.864 0.762 51
-0.231 -19.679 0.758 63
-0.254 -19.541 0.830 46
-0.244 -19.597 0.798 55
-0.225 -19.686 0.740 64
-0.227 -19.817 0.757 54
-0.222 -19.711 0.730 59
-0.229 -19.721 0.755 52
-0.235 -19.654 0.771 62
-0.210 -19.777 0.693 51
-0.224 -19.882 0.749 38
-0.241 -19.632 0.789 56
-0.238 -19.689 0.783 55
-0.244 -19.668 0.804 50
-0.238 -19.709 0.785 49
-0.241 -19.617 0.790 55
-0.251 -19.535 0.818 49
-0.228 -19.626 0.746 56
-0.232 -19.800 0.772 51
-0.251 -19.585 0.822 51
-0.208 -19.730 0.684 59
-0.222 -19.695 0.729 63
-0.240 -19.587 0.785 55
-0.225 -19.633 0.734 62
-0.222 -19.765 0.733 55
-0.217 -19.750 0.715 57
-0.223 -19.733 0.734 59
-0.231 -19.791 0.768 52
-0.229 -19.632 0.748 60
-0.250 -19.625 0.820 53
-0.223 -19.634 0.726 61
-0.222 -19.661 0.727 62
-0.229 -19.636 0.749 60
-0.221 -19.686 0.726 65
-0.217 -19.783 0.716 54
-0.248 -19.616 0.815 51
-0.251 -19.554 0.820 57
-0.230 -19.727 0.758 53
-0.232 -19.637 0.758 61
-0.225 -19.706 0.742 56
-0.234 -19.736 0.774 52
-0.245 -19.565 0.799 55
-0.226 -19.864 0.755 50
-0.222 -19.647 0.725 63
-0.228 -19.652 0.746 58
-0.259 -19.498 0.842 63
-0.232 -19.726 0.767 53
-0.240 -19.662 0.789 56
-0.217 -19.740 0.714 66
-0.216 -19.680 0.707 69
-0.240 -19.564 0.783 57
-0.213 -19.752 0.700 53
-0.219 -19.699 0.719 62
-0.217 -19.810 0.719 53
-0.246 -19.555 0.802 55
-0.213 -19.769 0.703 51
-0.225 -19.730 0.740 56
-0.222 -19.737 0.731 64
-0.229 -19.711 0.755 51
-0.236 -19.605 0.771 61
-0.232 -19.667 0.762 64
-0.232 -19.823 0.775 48
-0.211 -19.715 0.691 59
-0.226 -19.686 0.741 61
-0.242 -19.680 0.797 53
-0.220 -19.863 0.735 52
-0.252 -19.575 0.824 54
-0.211 -19.709 0.690 59
-0.241 -19.716 0.796 48
-0.235 -19.654 0.772 62
-0.230 -19.726 0.759 52
-0.239 -19.604 0.782 57
-0.239 -19.740 0.793 47
-0.226 -19.784 0.751 54
-0.226 -19.699 0.742 59
-0.259 -19.496 0.841 63
-0.233 -19.762 0.771 54
-0.211 -19.719 0.693 59
-0.243 -19.612 0.797 54
-0.219 -19.753 0.722 55
-0.225 -19.767 0.744 55
-0.217 -19.718 0.712 63
-0.258 -19.511 0.839 50
-0.207 -19.699 0.678 57
-0.229 -19.633 0.747 59
-0.225 -19.806 0.747 55
-0.217 -19.826 0.720 56
-0.228 -19.868 0.762 47
-0.246 -19.578 0.805 54
-0.236 -19.771 0.785 47
-0.235 -19.722 0.778 51
-0.224 -19.713 0.738 52
-0.221 -19.817 0.735 50
-0.236 -19.783 0.786 49
-0.240 -19.724 0.793 47
-0.221 -19.770 0.732 54
-0.239 -19.690 0.787 52
-0.218 -19.788 0.723 55
-0.232 -19.656 0.761 62
-0.233 -19.818 0.778 47
-0.218 -19.755 0.721 55
-0.240 -19.635 0.788 57
-0.235 -19.595 0.767 65
-0.218 -19.810 0.725 49
-0.215 -19.800 0.714 53
-0.237 -19.763 0.786 48
-0.229 -19.630 0.749 60
-0.214 -19.722 0.702 60
-0.229 -19.850 0.767 49
-0.234 -19.732 0.776 52
-0.232 -19.747 0.768 53
-0.219 -19.669 0.717 63
-0.238 -19.599 0.777 59
-0.221 -19.771 0.733 54
-0.206 -19.722 0.674 56
-0.251 -19.553 0.820 57
-0.245 -19.602 0.803 53
-0.250 -19.562 0.818 53
-0.215 -19.725 0.705 58
-0.230 -19.786 0.764 52
-0.248 -19.612 0.812 55
-0.235 -19.755 0.780 51
-0.244 -19.571 0.797 55
-0.211 -19.787 0.697 52
-0.212 -19.795 0.702 58
-0.248 -19.601 0.814 55
-0.226 -19.841 0.754 52
-0.243 -19.599 0.795 55
-0.214 -19.811 0.709 64
-0.228 -19.859 0.763 50
-0.218 -19.705 0.717 59
-0.232 -19.653 0.759 62
-0.251 -19.568 0.822 53
-0.225 -19.834 0.749 51
-0.249 -19.552 0.811 55
-0.219 -19.723 0.719 60
-0.236 -19.647 0.774 61
-0.230 -19.653 0.754 56
-0.217 -19.658 0.707 61
-0.207 -19.746 0.681 58
-0.250 -19.605 0.820 51
-0.247 -19.585 0.809 55
-0.215 -19.728 0.706 58
-0.226 -19.666 0.742 65
-0.219 -19.785 0.725 55
-0.247 -19.621 0.812 49
-0.226 -19.801 0.750 54
-0.231 -19.711 0.761 52
-0.225 -19.672 0.736 66
-0.219 -19.740 0.722 60
-0.230 -19.829 0.766 54
-0.228 -19.898 0.765 61
-0.223 -19.635 0.728 60
-0.239 -19.763 0.794 48
-0.216 -19.814 0.717 54
-0.213 -19.808 0.706 67
-0.248 -19.592 0.811 55
-0.234 -19.677 0.771 62
-0.249 -19.565 0.812 55
-0.232 -19.697 0.765 59
-0.243 -19.564 0.791 57
-0.237 -19.789 0.788 50
-0.245 -19.685 0.809 52
-0.215 -19.710 0.704 62
-0.226 -19.705 0.742 56
-0.221 -19.800 0.734 51
-0.235 -19.656 0.773 62
-0.247 -19.662 0.813 52
-0.247 -19.548 0.807 55
-0.223 -19.865 0.744 50
-0.249 -19.579 0.813 56
-0.235 -19.657 0.772 63
-0.239 -19.612 0.782 57
-0.232 -19.740 0.766 54
-0.221 -19.753 0.730 63
-0.220 -19.796 0.730 52
-0.226 -19.686 0.741 63
-0.248 -19.623 0.815 49
-0.224 -19.814 0.746 52
-0.251 -19.598 0.824 50
-0.213 -19.719 0.701 60
-0.235 -19.660 0.773 62
-0.209 -19.703 0.685 56
-0.230 -19.649 0.753 57
-0.238 -19.605 0.779 59
-0.246 -19.660 0.809 48
-0.242 -19.615 0.794 55
-0.225 -19.626 0.735 62
-0.210 -19.702 0.686 56
-0.212 -19.788 0.702 52
-0.218 -19.672 0.714 63
-0.249 -19.539 0.813 56
-0.219 -19.800 0.726 51
-0.247 -19.546 0.805 55
-0.238 -19.673 0.783 55
-0.206 -19.714 0.673 56
-0.240 -19.701 0.794 47
-0.232 -19.715 0.765 53
-0.231 -19.843 0.771 46
-0.224 -19.757 0.742 56
-0.229 -19.700 0.754 57
-0.225 -19.825 0.750 51
-0.238 -19.758 0.791 47
-0.224 -19.668 0.734 65
-0.220 -19.670 0.721 62
-0.240 -19.684 0.791 53
-0.222 -19.837 0.740 50
-0.233 -19.690 0.766 62
-0.224 -19.785 0.742 55
-0.231 -19.766 0.765 54
-0.240 -19.678 0.790 53
-0.215 -19.675 0.703 64
-0.228 -19.668 0.747 66
-0.225 -19.833 0.751 51
-0.215 -19.757 0.709 50
-0.248 -19.625 0.813 51
-0.140 -19.408 0.734 149
-0.139 -19.405 0.716 121
-0.140 -19.423 0.741 94
-0.139 -19.420 0.711 132
-0.139 -19.431 0.724 144
-0.139 -19.404 0.708 125
-0.139 -19.405 0.719 125
-0.139 -19.441 0.740 75
-0.139 -19.409 0.699 125
-0.139 -19.430 0.727 144
-0.189 -19.425 0.810 106
-0.190 -19.429 0.794 95
-0.190 -19.433 0.831 52
-0.191 -19.436 0.798 57
-0.189 -19.420 0.815 105
-0.189 -19.428 0.852 63
-0.190 -19.432 0.816 76
-0.192 -19.444 0.770 54
-0.188 -19.425 0.869 60
-0.187 -19.415 0.838 132
-0.192 -19.451 0.850 28
-0.187 -19.413 0.836 127
-0.186 -19.404 0.832 134
-0.193 -19.455 0.790 31
-0.190 -19.435 0.842 51
-0.187 -19.411 0.832 126
-0.193 -19.444 0.768 58
-0.188 -19.420 0.830 127
-0.193 -19.455 0.795 30
-0.190 -19.439 0.836 46
-0.192 -19.449 0.821 36
-0.194 -19.457 0.784 33
-0.192 -19.449 0.824 33
-0.193 -19.455 0.781 33
-0.188 -19.417 0.810 109
-0.188 -19.416 0.821 119
-0.188 -19.418 0.835 130
-0.191 -19.445 0.840 35
-0.187 -19.413 0.867 180
-0.193 -19.458 0.810 31
-0.188 -19.426 0.869 60
-0.193 -19.456 0.812 33
-0.189 -19.430 0.833 64
-0.194 -19.455 0.772 33
-0.188 -19.428 0.862 56
-0.192 -19.443 0.764 65
-0.192 -19.440 0.772 70
-0.189 -19.432 0.868 50
-0.193 -19.457 0.814 31
-0.191 -19.445 0.841 35
-0.189 -19.425 0.817 100
-0.187 -19.415 0.847 133
-0.193 -19.448 0.761 50
-0.193 -19.447 0.779 42
-0.190 -19.431 0.809 77
-0.193 -19.458 0.819 35
-0.193 -19.450 0.763 43
-0.191 -19.443 0.834 42
-0.188 -19.416 0.804 105
-0.189 -19.428 0.823 77
-0.191 -19.450 0.855 32
-0.190 -19.440 0.838 39
-0.186 -19.403 0.856 97
-0.193 -19.457 0.824 33
-0.187 -19.411 0.820 135
-0.193 -19.451 0.801 34
-0.188 -19.427 0.861 56
-0.187 -19.415 0.848 132
-0.191 -19.451 0.865 39
-0.211 -19.464 0.843 28
-0.222 -19.469 0.827 34
-0.224 -19.469 0.835 26
-0.201 -19.461 0.832 34
-0.201 -19.464 0.769 32
-0.205 -19.461 0.866 32
-0.200 -19.461 0.829 42
-0.208 -19.465 0.810 31
-0.228 -19.473 0.801 32
-0.199 -19.461 0.815 34
-0.233 -19.472 0.840 27
-0.224 -19.469 0.844 29
-0.220 -19.470 0.789 31
-0.211 -19.464 0.844 28
-0.208 -19.467 0.780 35
-0.206 -19.463 0.838 30
-0.208 -19.466 0.778 31
-0.224 -19.472 0.785 33
-0.244 -19.477 0.835 26
-0.207 -19.464 0.824 39
-0.213 -19.466 0.834 30
-0.216 -19.467 0.815 32
-0.203 -19.466 0.754 30
-0.207 -19.465 0.807 29
-0.198 -19.464 0.751 31
-0.201 -19.465 0.764 33
-0.194 -19.460 0.814 35
-0.204 -19.464 0.788 30
-0.209 -19.467 0.770 30
-0.207 -19.467 0.770 31
-0.216 -19.468 0.806 29
-0.233 -19.472 0.844 29
-0.247 -19.479 0.825 33
-0.203 -19.462 0.840 28
-0.199 -19.459 0.866 35
-0.221 -19.469 0.828 37
-0.195 -19.459 0.827 40
-0.198 -19.461 0.805 33
-0.228 -19.472 0.821 38
-0.195 -19.459 0.821 34
-0.224 -19.471 0.802 29
-0.200 -19.459 0.860 39
-0.197 -19.461 0.797 32
-0.205 -19.463 0.820 34
-0.224 -19.472 0.787 33
-0.234 -19.473 0.845 30
-0.205 -19.462 0.842 26
-0.203 -19.461 0.857 38
-0.210 -19.466 0.803 30
-0.219 -19.467 0.846 30
-0.009 -19.722 0.076 85
-0.082 -19.776 0.048 64
-0.036 -19.740 0.074 45
-0.010 -19.711 0.112 69
-0.039 -19.747 0.056 56
-0.043 -19.753 0.045 97
-0.029 -19.745 0.044 45
-0.055 -19.753 0.068 67
-0.022 -19.719 0.112 68
-0.090 -19.783 0.042 56
-0.024 -19.728 0.089 84
-0.029 -19.714 0.142 67
-0.061 -19.748 0.097 34
-0.054 -19.754 0.062 86
-0.008 -19.692 0.171 59
-0.038 -19.721 0.138 70
-0.024 -19.725 0.096 88
-0.012 -19.714 0.109 68
-0.047 -19.755 0.046 112
-0.038 -19.748 0.051 60
-0.042 -19.739 0.089 35
-0.072 -19.759 0.081 100
-0.014 -19.715 0.110 67
-0.014 -19.699 0.161 52
-0.024 -19.714 0.131 67
-0.031 -19.721 0.124 65
-0.027 -19.740 0.054 42
-0.078 -19.766 0.073 145
-0.030 -19.713 0.148 63
-0.013 -19.715 0.108 65
-0.022 -19.735 0.060 40
-0.063 -19.757 0.072 87
-0.021 -19.723 0.097 81
-0.047 -19.751 0.060 65
-0.048 -19.750 0.064 56
-0.093 -19.784 0.044 54
-0.007 -19.712 0.105 71
-0.021 -19.724 0.094 86
-0.041 -19.727 0.123 92
-0.021 -19.732 0.069 36
-0.016 -19.701 0.157 50
-0.026 -19.725 0.102 86
-0.004 -19.726 0.053 33
-0.016 -19.731 0.061 33
-0.031 -19.719 0.129 70
-0.035 -19.728 0.109 95
-0.031 -19.718 0.133 65
-0.055 -19.745 0.095 43
-0.093 -19.783 0.047 58
-0.059 -19.761 0.051 153
-0.041 -19.730 0.114 99
-0.060 -19.749 0.092 50
-0.030 -19.739 0.064 45
-0.019 -19.732 0.066 32
-0.060 -19.760 0.057 141
-0.048 -19.732 0.122 100
-0.023 -19.711 0.140 67
-0.027 -19.725 0.101 86
0.003 -19.725 0.043 32
-0.009 -19.707 0.127 53
-0.066 -19.758 0.075 91
-0.050 -19.739 0.103 40
-0.020 -19.711 0.135 62
-0.042 -19.747 0.063 48
-0.012 -19.713 0.112 69
-0.041 -19.743 0.074 42
-0.001 -19.717 0.077 59
-0.047 -19.736 0.108 57
-0.016 -19.706 0.143 47
-0.091 -19.783 0.045 56
-0.030 -19.731 0.090 54
-0.022 -19.735 0.060 40
-0.075 -19.773 0.044 67
-0.040 -19.750 0.048 82
-0.039 -19.727 0.120 88
-0.020 -19.730 0.074 41
-0.060 -19.746 0.103 32
-0.045 -19.731 0.120 102
-0.024 -19.734 0.068 32
-0.016 -19.698 0.168 47
-0.028 -19.726 0.101 91
-0.017 -19.701 0.161 45
-0.022 -19.738 0.053 45
-0.052 -19.755 0.058 97
-0.011 -19.720 0.086 72
-0.064 -19.753 0.088 56
-0.033 -19.746 0.049 44
-0.040 -19.736 0.093 43
-0.002 -19.721 0.066 77
-0.060 -19.761 0.054 141
-0.011 -19.704 0.139 51
-0.060 -19.763 0.048 142
-0.041 -19.729 0.119 90
0.101 -19.802 0.048 106
0.107 -19.821 0.054 98
0.064 -19.764 0.068 122
0.070 -19.759 0.056 128
0.073 -19.749 0.045 127
0.033 -19.725 0.078 106
0.079 -19.792 0.069 123
0.043 -19.738 0.075 123
0.065 -19.742 0.051 130
0.067 -19.742 0.048 133
0.093 -19.809 0.062 105
0.085 -19.784 0.055 112
0.081 -19.787 0.063 132
0.057 -19.754 0.069 112
0.034 -19.726 0.077 113
0.071 -19.749 0.048 126
0.102 -19.827 0.065 98
0.125 -19.850 0.053 60
0.117 -19.828 0.048 86
0.053 -19.755 0.074 110
0.060 -19.755 0.066 104
0.107 -19.806 0.044 91
0.088 -19.778 0.048 124
0.044 -19.735 0.072 120
0.071 -19.751 0.049 120
0.054 -19.743 0.064 131
0.099 -19.788 0.042 137
0.088 -19.805 0.066 102
0.037 -19.735 0.079 123
0.104 -19.810 0.051 113
0.047 -19.732 0.066 113
0.093 -19.789 0.048 135
0.084 -19.795 0.065 112
0.106 -19.801 0.042 97
0.096 -19.810 0.061 111
0.067 -19.760 0.061 129
0.034 -19.729 0.080 113
0.083 -19.766 0.046 142
0.037 -19.728 0.075 117
0.071 -19.760 0.056 118
0.087 -19.794 0.060 110
0.082 -19.780 0.056 130
0.035 -19.731 0.079 110
0.081 -19.764 0.046 132
0.018 -19.522 0.059 55
0.028 -19.529 0.049 105
0.020 -19.524 0.056 108
0.019 -19.500 0.051 107
0.019 -19.492 0.048 149
0.021 -19.504 0.049 78
0.032 -19.528 0.045 110
0.018 -19.523 0.058 62
0.019 -19.515 0.055 58
0.027 -19.516 0.047 54
-0.003 -19.597 0.046 135
0.015 -19.549 0.056 45
0.011 -19.554 0.057 49
0.011 -19.564 0.050 115
0.013 -19.548 0.058 40
-0.005 -19.606 0.043 112
0.008 -19.566 0.053 139
0.025 -19.534 0.052 70
0.022 -19.546 0.049 48
0.027 -19.540 0.046 67
0.027 -19.540 0.046 67
-0.025 -19.702 0.151 50
-0.034 -19.708 0.130 83
-0.053 -19.708 0.058 143
-0.058 -19.718 0.057 170
-0.037 -19.685 0.072 82
-0.028 -19.688 0.112 96
-0.035 -19.694 0.098 115
-0.068 -19.733 0.048 139
-0.016 -19.678 0.138 60
-0.071 -19.740 0.051 170
-0.035 -19.686 0.083 48
-0.069 -19.748 0.076 92
-0.019 -19.639 0.053 55
-0.061 -19.723 0.055 147
-0.033 -19.670 0.061 36
-0.024 -19.690 0.132 50
-0.069 -19.754 0.086 114
-0.065 -19.734 0.061 98
-0.077 -19.759 0.068 69
-0.069 -19.737 0.055 158
-0.014 -19.654 0.099 119
-0.043 -19.693 0.065 47
-0.026 -19.678 0.100 125
-0.011 -19.658 0.120 54
-0.058 -19.729 0.080 67
-0.021 -19.687 0.137 60
-0.013 -19.661 0.115 62
-0.018 -19.674 0.123 49
-0.022 -19.641 0.045 50
-0.025 -19.689 0.126 46
-0.015 -19.684 0.152 54
-0.057 -19.740 0.106 45
-0.018 -19.672 0.117 56
-0.055 -19.716 0.066 132
-0.071 -19.747 0.064 48
-0.024 -19.682 0.116 42
-0.028 -19.687 0.112 102
-0.022 -19.680 0.118 43
-0.046 -19.720 0.105 86
-0.049 -19.693 0.044 138
-0.026 -19.680 0.104 108
-0.034 -19.664 0.046 73
-0.056 -19.713 0.056 138
-0.035 -19.680 0.070 70
-0.063 -19.737 0.075 68
-0.039 -19.684 0.063 57
-0.051 -19.716 0.082 73
-0.028 -19.702 0.139 49
-0.095 -19.781 0.042 111
-0.015 -19.673 0.134 70
-0.016 -19.680 0.142 61
-0.055 -19.723 0.081 71
-0.050 -19.734 0.117 47
-0.030 -19.654 0.042 67
-0.041 -19.706 0.098 92
-0.023 -19.670 0.097 114
-0.047 -19.690 0.048 150
-0.046 -19.695 0.061 73
-0.023 -19.662 0.080 90
-0.015 -19.679 0.143 59
-0.033 -19.692 0.101 156
-0.040 -19.720 0.132 59
-0.027 -19.705 0.150 47
-0.018 -19.677 0.130 56
-0.064 -19.748 0.092 48
-0.055 -19.726 0.083 69
-0.017 -19.670 0.120 69
-0.018 -19.688 0.152 56
-0.047 -19.705 0.074 116
-0.019 -19.688 0.148 62
-0.028 -19.679 0.096 149
-0.023 -19.685 0.126 47
-0.077 -19.752 0.055 90
-0.054 -19.705 0.047 150
-0.011 -19.665 0.131 79
-0.015 -19.626 0.042 167
-0.026 -19.702 0.144 52
-0.031 -19.663 0.055 60
-0.063 -19.728 0.057 166
-0.054 -19.712 0.062 140
-0.066 -19.751 0.090 84
-0.043 -19.701 0.081 57
-0.069 -19.748 0.075 74
-0.038 -19.690 0.078 55
-0.015 -19.643 0.076 83
-0.051 -19.696 0.043 158
-0.038 -19.679 0.058 48
-0.033 -19.713 0.143 74
-0.030 -19.709 0.146 58
-0.088 -19.768 0.044 157
-0.048 -19.706 0.075 84
-0.029 -19.674 0.083 102
-0.038 -19.680 0.058 48
-0.045 -19.703 0.077 91
-0.025 -19.704 0.152 48
-0.025 -19.646 0.042 59
-0.026 -19.680 0.105 105
-0.017 -19.686 0.150 55
-0.035 -19.690 0.091 76
-0.061 -19.740 0.090 145
-0.055 -19.719 0.071 81
-0.032 -19.663 0.050 66
-0.031 -19.662 0.053 63
-0.010 -19.680 0.164 56
-0.015 -19.689 0.160 51
-0.035 -19.693 0.095 97
-0.069 -19.737 0.054 164
-0.043 -19.687 0.054 136
-0.036 -19.674 0.058 49
-0.075 -19.746 0.048 144
-0.008 -19.683 0.176 60
-0.009 -19.686 0.181 57
-0.043 -19.692 0.066 39
-0.079 -19.762 0.064 67
-0.043 -19.707 0.092 56
-0.038 -19.693 0.083 60
-0.019 -19.674 0.118 46
-0.081 -19.760 0.052 88
-0.043 -19.726 0.129 86
-0.051 -19.718 0.084 65
-0.027 -19.692 0.124 47
-0.022 -19.691 0.140 72
-0.018 -19.665 0.105 106
-0.069 -19.738 0.054 164
-0.055 -19.727 0.085 69
-0.041 -19.688 0.064 54
-0.050 -19.706 0.066 152
-0.034 -19.683 0.081 58
-0.052 -19.709 0.062 130
-0.057 -19.712 0.052 132
-0.092 -19.779 0.050 61
-0.026 -19.697 0.136 60
-0.033 -19.694 0.106 149
-0.023 -19.678 0.114 39
-0.052 -19.697 0.042 154
-0.028 -19.668 0.073 72
-0.073 -19.756 0.076 151
-0.010 -19.672 0.147 59
-0.023 -19.664 0.083 167
-0.032 -19.683 0.087 87
