-0.136 -20.169 0.048 135
-0.126 -20.161 0.047 32
-0.135 -20.167 0.047 135
-0.128 -20.160 0.046 44
-0.127 -20.157 0.045 44
-0.113 -20.153 0.047 122
-0.115 -20.163 0.051 138
-0.119 -20.156 0.047 55
-0.116 -20.155 0.047 101
-0.120 -20.150 0.044 34
-0.134 -20.158 0.044 147
-0.122 -20.158 0.047 40
-0.132 -20.160 0.045 134
-0.126 -20.148 0.041 105
-0.115 -20.176 0.056 27
-0.138 -20.154 0.041 145
-0.113 -20.161 0.051 90
-0.132 -20.166 0.047 91
-0.119 -20.169 0.052 144
-0.151 -20.196 0.040 151
-0.123 -20.205 0.064 19
-0.132 -20.210 0.058 90
-0.132 -20.203 0.056 59
-0.123 -20.197 0.063 46
-0.141 -20.192 0.047 113
-0.123 -20.202 0.064 16
-0.154 -20.256 0.047 122
-0.143 -20.201 0.048 120
-0.150 -20.231 0.046 117
-0.147 -20.190 0.042 114
-0.139 -20.219 0.053 40
-0.145 -20.184 0.043 141
-0.132 -20.187 0.054 41
-0.143 -20.200 0.048 107
-0.132 -20.195 0.055 36
-0.133 -20.203 0.056 59
-0.139 -20.195 0.050 83
-0.156 -20.221 0.040 105
-0.144 -20.195 0.046 113
-0.138 -20.201 0.052 41
-0.160 -20.246 0.040 126
-0.146 -20.178 0.041 141
-0.151 -20.237 0.046 125
-0.149 -20.205 0.043 151
-0.167 -20.278 0.041 87
-0.374 -20.438 0.906 28
-0.374 -20.411 0.910 32
-0.373 -20.324 0.923 35
-0.400 -20.497 0.905 22
-0.373 -20.491 0.898 21
-0.370 -20.448 0.904 27
-0.384 -20.402 0.914 33
-0.353 -20.359 0.912 37
-0.368 -20.319 0.922 34
-0.359 -20.471 0.897 24
-0.365 -20.506 0.894 20
-0.388 -20.542 0.895 39
-0.350 -20.353 0.912 37
-0.409 -20.487 0.908 23
-0.353 -20.392 0.908 35
-0.378 -20.440 0.907 28
-0.362 -20.301 0.923 34
-0.344 -20.248 0.926 30
-0.384 -20.524 0.896 26
-0.376 -20.453 0.905 26
-0.363 -20.357 0.916 34
-0.355 -20.417 0.904 31
-0.380 -20.415 0.911 32
-0.370 -20.409 0.909 32
-0.406 -20.458 0.912 24
-0.392 -20.474 0.906 23
-0.352 -20.394 0.907 34
-0.362 -20.364 0.914 36
-0.324 -20.145 0.936 32
-0.385 -20.406 0.914 33
-0.364 -20.406 0.908 32
-0.380 -20.507 0.898 19
-0.393 -20.396 0.917 35
-0.362 -20.451 0.901 27
-0.406 -20.477 0.909 22
-0.366 -20.450 0.902 27
-0.338 -20.272 0.921 33
-0.358 -20.356 0.914 37
-0.398 -20.511 0.902 20
-0.401 -20.535 0.899 48
-0.342 -20.283 0.921 33
-0.408 -20.455 0.913 25
-0.371 -20.454 0.903 25
-0.381 -20.437 0.908 29
-0.403 -20.494 0.906 22
-0.369 -20.536 0.891 40
-0.344 -20.233 0.928 30
-0.382 -20.528 0.895 37
-0.326 -20.204 0.928 32
-0.349 -20.290 0.921 32
-0.401 -20.529 0.900 27
-0.374 -20.421 0.909 32
-0.325 -20.124 0.940 34
-0.378 -20.370 0.917 35
-0.365 -20.370 0.914 33
-0.344 -20.291 0.920 34
-0.383 -20.474 0.903 22
-0.406 -20.495 0.906 23
-0.402 -20.506 0.904 21
-0.344 -20.325 0.915 35
-0.359 -20.305 0.922 34
-0.382 -20.548 0.892 45
-0.352 -20.236 0.930 32
-0.396 -20.417 0.915 31
-0.383 -20.360 0.920 36
-0.382 -20.383 0.917 36
-0.349 -20.244 0.928 29
-0.388 -20.546 0.894 40
-0.372 -20.553 0.889 40
-0.361 -20.469 0.898 23
-0.401 -20.513 0.902 21
-0.389 -20.505 0.900 20
-0.345 -20.256 0.926 31
-0.386 -20.381 0.918 36
-0.378 -20.405 0.912 33
-0.381 -20.499 0.899 21
-0.347 -20.225 0.930 31
-0.340 -20.269 0.922 33
-0.319 -20.138 0.936 32
-0.367 -20.347 0.918 33
-0.384 -20.405 0.914 33
-0.416 -20.510 0.907 21
-0.375 -20.497 0.898 21
-0.359 -20.474 0.897 23
-0.370 -20.397 0.911 34
-0.360 -20.448 0.901 27
-0.394 -20.489 0.904 22
-0.334 -20.225 0.927 32
-0.377 -20.344 0.921 35
-0.379 -20.499 0.899 20
-0.386 -20.380 0.918 36
-0.371 -20.311 0.924 34
-0.321 -20.152 0.935 32
-0.359 -20.292 0.924 32
-0.404 -20.444 0.913 28
-0.360 -20.288 0.925 31
-0.412 -20.486 0.909 23
-0.397 -20.476 0.907 23
-0.363 -20.333 0.919 33
-0.320 -20.138 0.936 32
-0.359 -20.370 0.912 37
-0.324 -20.160 0.934 32
-0.313 -20.097 0.941 30
-0.388 -20.417 0.913 32
-0.396 -20.518 0.901 22
-0.318 -20.137 0.936 32
-0.357 -20.345 0.916 35
-0.336 -20.174 0.935 30
-0.328 -20.203 0.929 32
-0.342 -20.225 0.929 30
-0.396 -20.467 0.908 24
-0.351 -20.230 0.931 30
-0.402 -20.492 0.906 22
-0.353 -20.389 0.908 35
-0.391 -20.475 0.905 23
-0.371 -20.442 0.905 27
-0.369 -20.356 0.917 36
-0.389 -20.394 0.917 34
-0.363 -20.293 0.925 33
-0.346 -20.251 0.926 31
-0.362 -20.352 0.916 36
-0.328 -20.210 0.928 32
-0.395 -20.400 0.917 35
-0.340 -20.289 0.919 33
-0.372 -20.350 0.919 36
-0.356 -20.278 0.925 30
-0.348 -20.239 0.929 29
-0.367 -20.484 0.898 22
-0.377 -20.474 0.902 22
-0.343 -20.284 0.921 31
-0.363 -20.423 0.906 32
-0.372 -20.367 0.916 35
-0.352 -20.267 0.926 31
-0.385 -20.467 0.905 24
-0.385 -20.384 0.917 36
-0.311 -20.075 0.943 31
-0.360 -20.346 0.916 35
-0.382 -20.378 0.917 36
-0.377 -20.496 0.899 21
-0.362 -20.451 0.901 25
-0.363 -20.459 0.900 25
-0.357 -20.432 0.903 29
-0.356 -20.352 0.914 36
-0.340 -20.279 0.921 33
-0.364 -20.385 0.912 36
-0.382 -20.484 0.902 22
-0.328 -20.153 0.936 32
-0.396 -20.478 0.906 23
-0.350 -20.276 0.924 32
-0.373 -20.407 0.911 33
-0.345 -20.217 0.931 31
-0.363 -20.427 0.905 31
-0.394 -20.446 0.911 27
-0.350 -20.250 0.928 30
-0.337 -20.269 0.921 33
-0.339 -20.235 0.927 32
-0.391 -20.450 0.909 27
-0.366 -20.307 0.924 34
-0.357 -20.377 0.911 36
-0.345 -20.326 0.915 35
-0.365 -20.500 0.895 21
-0.366 -20.525 0.892 31
-0.410 -20.502 0.906 23
-0.383 -20.407 0.913 33
-0.414 -20.513 0.906 21
-0.404 -20.522 0.902 23
-0.319 -20.119 0.737 80
-0.234 -20.098 0.544 68
-0.260 -20.094 0.617 64
-0.300 -20.109 0.700 110
-0.258 -20.081 0.629 67
-0.250 -20.080 0.610 66
-0.267 -20.097 0.630 44
-0.255 -20.056 0.652 43
-0.332 -20.118 0.769 44
-0.258 -20.053 0.665 33
-0.332 -20.129 0.755 34
-0.335 -20.130 0.764 46
-0.303 -20.102 0.717 0
-0.257 -20.073 0.635 64
-0.258 -20.066 0.648 59
-0.252 -20.096 0.594 67
-0.299 -20.112 0.693 52
-0.288 -20.094 0.689 41
-0.309 -20.096 0.740 28
-0.262 -20.092 0.625 67
-0.316 -20.118 0.730 81
-0.324 -20.119 0.749 32
-0.264 -20.062 0.668 45
-0.285 -20.111 0.657 53
-0.311 -20.098 0.744 31
-0.290 -20.113 0.668 48
-0.245 -20.101 0.568 66
-0.312 -20.096 0.749 35
-0.252 -20.061 0.638 67
-0.260 -20.056 0.667 43
-0.282 -20.103 0.662 53
-0.250 -20.101 0.583 61
-0.247 -20.078 0.604 65
-0.277 -20.078 0.681 114
-0.266 -20.107 0.615 61
-0.261 -20.076 0.643 67
-0.264 -20.053 0.680 81
-0.278 -20.086 0.673 104
-0.325 -20.123 0.747 78
-0.283 -20.104 0.663 53
-0.300 -20.095 0.717 20
-0.264 -20.058 0.675 99
-0.285 -20.103 0.670 55
-0.257 -20.091 0.611 62
-0.257 -20.105 0.594 66
-0.236 -20.094 0.554 62
-0.276 -20.084 0.672 130
-0.311 -20.106 0.733 15
-0.257 -20.066 0.645 67
-0.287 -20.084 0.699 11
-0.298 -20.095 0.713 20
-0.322 -20.119 0.744 75
-0.264 -20.056 0.675 106
-0.265 -20.074 0.656 31
-0.273 -20.073 0.677 202
-0.271 -20.091 0.648 54
-0.333 -20.123 0.767 48
-0.280 -20.100 0.660 48
-0.285 -20.075 0.705 33
-0.316 -20.100 0.752 38
-0.241 -20.095 0.566 63
-0.321 -20.112 0.748 50
-0.305 -20.110 0.711 78
-0.273 -20.059 0.695 36
-0.304 -20.107 0.713 95
-0.284 -20.103 0.667 57
-0.254 -20.059 0.648 57
-0.289 -20.075 0.717 63
-0.293 -20.089 0.706 15
-0.277 -20.089 0.667 16
-0.319 -20.120 0.734 80
-0.322 -20.108 0.756 48
-0.308 -20.107 0.722 67
-0.260 -20.076 0.640 71
-0.266 -20.097 0.628 43
-0.328 -20.119 0.759 47
-0.272 -20.110 0.626 69
-0.312 -20.102 0.741 35
-0.241 -20.104 0.554 59
-0.287 -20.073 0.714 67
-0.249 -20.084 0.601 67
-0.268 -20.074 0.663 25
-0.245 -20.108 0.559 46
-0.284 -20.118 0.648 66
-0.336 -20.118 0.782 46
-0.293 -20.086 0.712 36
-0.308 -20.119 0.708 120
-0.309 -20.098 0.737 30
-0.353 -20.135 0.802 43
-0.314 -20.101 0.745 38
-0.234 -20.091 0.554 64
-0.341 -20.123 0.787 42
-0.282 -20.115 0.645 67
-0.270 -20.098 0.638 41
-0.309 -20.107 0.725 56
-0.269 -20.086 0.651 34
-0.334 -20.120 0.772 46
-0.309 -20.098 0.739 32
-0.238 -20.087 0.568 66
-0.281 -20.088 0.678 141
-0.240 -20.088 0.572 64
-0.314 -20.113 0.730 89
-0.261 -20.078 0.641 71
-0.290 -20.088 0.702 11
-0.340 -20.132 0.774 46
-0.257 -20.043 0.676 57
-0.298 -20.104 0.700 103
-0.347 -20.128 0.795 45
-0.268 -20.089 0.644 72
-0.270 -20.109 0.622 64
-0.298 -20.091 0.718 23
-0.319 -20.122 0.730 83
-0.263 -20.103 0.611 63
-0.278 -20.094 0.664 38
-0.289 -20.117 0.660 49
-0.324 -20.125 0.740 90
-0.306 -20.098 0.730 22
-0.260 -20.076 0.641 69
-0.256 -20.107 0.588 73
-0.274 -20.066 0.689 38
-0.253 -20.081 0.616 67
-0.269 -20.087 0.648 50
-0.249 -20.092 0.591 69
-0.286 -20.098 0.677 86
-0.309 -20.120 0.708 120
-0.253 -20.105 0.583 61
-0.248 -20.091 0.590 68
-0.352 -20.134 0.800 44
-0.256 -20.085 0.618 66
-0.279 -20.114 0.638 71
-0.344 -20.132 0.783 47
-0.258 -20.108 0.593 75
-0.298 -20.117 0.685 52
-0.320 -20.124 0.731 84
-0.327 -20.111 0.766 48
-0.296 -20.104 0.696 118
-0.300 -20.096 0.716 18
-0.275 -20.101 0.645 46
-0.259 -20.101 0.604 49
-0.329 -20.093 0.868 58
-0.282 -20.064 0.718 47
-0.311 -20.089 0.771 31
-0.283 -20.061 0.745 47
-0.313 -20.073 0.877 51
-0.333 -20.101 0.843 40
-0.280 -20.049 0.795 19
-0.324 -20.093 0.833 40
-0.300 -20.061 0.863 58
-0.309 -20.069 0.873 38
-0.352 -20.127 0.830 44
-0.298 -20.074 0.765 57
-0.268 -20.047 0.724 29
-0.294 -20.067 0.780 48
-0.283 -20.053 0.785 46
-0.322 -20.086 0.865 55
-0.347 -20.119 0.838 45
-0.299 -20.074 0.778 53
-0.329 -20.099 0.835 43
-0.294 -20.067 0.782 50
-0.319 -20.075 0.908 62
-0.292 -20.064 0.788 46
-0.292 -20.062 0.799 47
-0.331 -20.106 0.805 43
-0.276 -20.054 0.740 42
-0.275 -20.052 0.742 43
-0.352 -20.129 0.812 43
-0.306 -20.063 0.892 44
-0.280 -20.052 0.779 49
-0.307 -20.068 0.865 35
-0.273 -20.054 0.722 50
-0.342 -20.111 0.850 50
-0.324 -20.096 0.817 43
-0.313 -20.087 0.793 47
-0.305 -20.076 0.801 57
-0.315 -20.087 0.809 44
-0.279 -20.052 0.769 44
-0.300 -20.078 0.758 52
-0.299 -20.080 0.742 56
-0.331 -20.097 0.856 63
-0.315 -20.074 0.885 55
-0.312 -20.061 0.936 65
-0.325 -20.093 0.838 40
-0.296 -20.063 0.819 45
-0.349 -20.126 0.806 38
-0.341 -20.116 0.818 45
-0.304 -20.082 0.765 58
-0.307 -20.059 0.919 82
-0.293 -20.072 0.748 52
-0.286 -20.067 0.732 46
-0.329 -20.090 0.886 56
-0.277 -20.052 0.755 52
-0.299 -20.058 0.870 64
-0.295 -20.058 0.845 49
-0.304 -20.082 0.758 54
-0.303 -20.082 0.755 57
-0.313 -20.084 0.815 56
-0.265 -20.050 0.690 48
-0.309 -20.081 0.801 52
-0.298 -20.074 0.765 55
-0.329 -20.104 0.804 45
-0.328 -20.099 0.827 42
-0.312 -20.086 0.796 55
-0.291 -20.053 0.841 54
-0.340 -20.110 0.840 47
-0.299 -20.054 0.893 89
-0.308 -20.087 0.759 38
-0.302 -20.076 0.788 54
-0.317 -20.076 0.886 57
-0.306 -20.063 0.886 47
-0.312 -20.068 0.899 59
-0.334 -20.105 0.832 47
-0.318 -20.079 0.877 53
-0.314 -20.091 0.779 39
-0.303 -20.065 0.853 47
-0.336 -20.111 0.809 45
-0.290 -20.053 0.837 70
-0.332 -20.098 0.860 50
-0.310 -20.061 0.922 77
-0.317 -20.080 0.861 55
-0.326 -20.086 0.889 56
-0.288 -20.069 0.730 56
-0.294 -20.059 0.831 36
-0.297 -20.071 0.782 51
-0.294 -20.058 0.838 40
-0.327 -20.096 0.834 41
-0.327 -20.088 0.885 55
-0.291 -20.058 0.812 43
-0.286 -20.068 0.722 49
-0.329 -20.102 0.814 45
-0.280 -20.054 0.765 38
-0.268 -20.047 0.729 26
-0.332 -20.098 0.863 51
-0.299 -20.076 0.764 55
-0.300 -20.081 0.742 56
-0.313 -20.066 0.916 81
-0.287 -20.063 0.758 45
-0.297 -20.056 0.871 64
-0.348 -20.121 0.835 46
-0.332 -20.096 0.868 54
-0.313 -20.090 0.775 31
-0.348 -20.121 0.827 42
-0.343 -20.113 0.846 50
-0.315 -20.085 0.823 53
-0.302 -20.083 0.743 62
-0.298 -20.080 0.733 63
-0.291 -20.065 0.771 55
-0.304 -20.066 0.851 47
-0.301 -20.080 0.757 57
-0.302 -20.081 0.753 54
-0.317 -20.097 0.763 43
-0.283 -20.066 0.712 73
-0.316 -20.090 0.797 29
-0.314 -20.070 0.900 57
-0.331 -20.103 0.824 47
-0.314 -20.085 0.810 52
-0.317 -20.075 0.890 56
-0.282 -20.064 0.716 53
-0.310 -20.090 0.752 36
-0.316 -20.082 0.849 51
-0.284 -20.052 0.804 51
-0.325 -20.100 0.800 38
-0.276 -20.056 0.730 42
-0.335 -20.100 0.865 60
-0.318 -20.088 0.824 53
-0.302 -20.055 0.910 66
-0.351 -20.129 0.805 42
-0.339 -20.116 0.799 43
-0.302 -20.061 0.875 58
-0.316 -20.086 0.820 52
-0.305 -20.070 0.838 53
-0.307 -20.074 0.832 50
-0.282 -20.050 0.803 51
-0.290 -20.056 0.822 41
-0.313 -20.068 0.905 59
-0.335 -20.101 0.858 51
-0.284 -20.067 0.716 52
-0.324 -20.100 0.789 39
-0.343 -20.114 0.841 50
-0.316 -20.076 0.878 53
-0.310 -20.080 0.813 55
-0.273 -20.053 0.723 50
-0.319 -20.074 0.913 67
-0.292 -20.054 0.848 98
-0.287 -20.058 0.789 46
-0.300 -20.076 0.770 56
-0.345 -20.120 0.816 43
-0.331 -20.099 0.844 41
-0.307 -20.088 0.748 33
-0.302 -20.055 0.905 83
-0.273 -20.054 0.714 44
-0.310 -20.086 0.779 40
-0.311 -20.078 0.832 51
-0.325 -20.100 0.804 41
-0.277 -20.058 0.725 46
-0.316 -20.075 0.883 53
-0.354 -20.129 0.826 42
-0.328 -20.227 0.599 46
-0.313 -20.157 0.664 57
-0.334 -20.239 0.597 46
-0.333 -20.253 0.574 46
-0.290 -20.135 0.637 70
-0.256 -20.156 0.516 60
-0.278 -20.128 0.617 69
-0.304 -20.202 0.572 59
-0.291 -20.121 0.659 61
-0.304 -20.247 0.506 43
-0.305 -20.150 0.652 63
-0.350 -20.146 0.778 50
-0.332 -20.199 0.653 48
-0.311 -20.204 0.589 58
-0.333 -20.166 0.703 39
-0.306 -20.147 0.662 59
-0.301 -20.187 0.588 64
-0.249 -20.129 0.538 60
-0.245 -20.139 0.514 50
-0.260 -20.166 0.513 55
-0.282 -20.209 0.506 48
-0.322 -20.260 0.535 50
-0.318 -20.184 0.637 55
-0.321 -20.176 0.658 54
-0.252 -20.152 0.512 63
-0.281 -20.159 0.579 63
-0.343 -20.196 0.683 40
-0.312 -20.198 0.601 56
-0.299 -20.234 0.514 44
-0.298 -20.203 0.556 56
-0.340 -20.198 0.673 43
-0.283 -20.128 0.629 67
-0.272 -20.137 0.587 77
-0.263 -20.152 0.542 68
-0.272 -20.137 0.588 78
-0.320 -20.222 0.586 49
-0.282 -20.200 0.518 50
-0.328 -20.271 0.534 49
-0.238 -20.125 0.516 58
-0.263 -20.156 0.535 67
-0.275 -20.157 0.565 67
-0.301 -20.193 0.580 60
-0.341 -20.223 0.639 48
-0.293 -20.140 0.636 70
-0.303 -20.182 0.603 63
-0.313 -20.223 0.566 51
-0.321 -20.177 0.655 55
-0.313 -20.181 0.628 59
-0.308 -20.207 0.579 59
-0.268 -20.181 0.510 51
-0.330 -20.150 0.719 40
-0.321 -20.194 0.631 54
-0.338 -20.147 0.744 23
-0.343 -20.148 0.757 25
-0.355 -20.146 0.792 53
-0.318 -20.251 0.537 48
-0.262 -20.152 0.539 69
-0.331 -20.174 0.686 42
-0.288 -20.143 0.620 68
-0.308 -20.139 0.678 51
-0.277 -20.184 0.530 55
-0.323 -20.130 0.733 92
-0.276 -20.191 0.516 51
-0.308 -20.218 0.559 52
-0.348 -20.154 0.759 35
-0.300 -20.241 0.505 43
-0.264 -20.149 0.550 70
-0.310 -20.241 0.532 44
-0.286 -20.158 0.593 66
-0.284 -20.193 0.533 51
-0.327 -20.138 0.728 68
-0.336 -20.153 0.730 38
-0.335 -20.149 0.734 34
-0.327 -20.154 0.705 42
-0.315 -20.185 0.629 57
-0.309 -20.133 0.688 47
-0.296 -20.180 0.585 65
-0.291 -20.193 0.555 57
-0.285 -20.124 0.641 67
-0.327 -20.240 0.576 45
-0.291 -20.161 0.601 65
-0.351 -20.156 0.767 40
-0.329 -20.131 0.745 85
-0.230 -20.105 0.525 69
-0.341 -20.214 0.653 49
-0.336 -20.158 0.723 40
-0.267 -20.118 0.604 74
-0.266 -20.137 0.571 72
-0.303 -20.131 0.678 37
-0.291 -20.130 0.648 65
-0.298 -20.158 0.625 68
-0.305 -20.148 0.659 57
-0.319 -20.273 0.509 47
-0.306 -20.234 0.530 43
-0.296 -20.195 0.563 56
-0.288 -20.216 0.510 46
-0.251 -20.127 0.547 63
-0.311 -20.219 0.567 53
-0.250 -20.125 0.549 61
-0.298 -20.140 0.650 65
-0.287 -20.164 0.586 67
-0.318 -20.230 0.567 48
-0.303 -20.151 0.647 66
-0.303 -20.189 0.591 62
-0.285 -20.190 0.543 59
-0.302 -20.233 0.523 44
-0.272 -20.159 0.553 68
-0.267 -20.127 0.589 71
-0.277 -20.154 0.574 63
-0.332 -20.152 0.721 40
-0.292 -20.168 0.592 63
-0.321 -20.249 0.549 48
-0.329 -20.269 0.539 49
-0.294 -20.145 0.633 70
-0.290 -20.216 0.517 47
-0.329 -20.134 0.742 98
-0.297 -20.209 0.547 51
-0.282 -20.173 0.560 63
-0.309 -20.170 0.636 60
-0.317 -20.260 0.523 47
-0.300 -20.235 0.513 44
-0.319 -20.233 0.566 47
-0.325 -20.223 0.598 48
-0.281 -20.139 0.609 74
-0.324 -20.232 0.581 46
-0.335 -20.233 0.610 44
-0.298 -20.222 0.527 47
-0.264 -20.151 0.544 68
-0.334 -20.212 0.638 53
-0.306 -20.186 0.603 62
-0.255 -20.150 0.523 64
-0.316 -20.145 0.690 42
-0.317 -20.132 0.713 49
-0.331 -20.241 0.586 46
-0.348 -20.160 0.752 40
-0.325 -20.157 0.696 44
-0.330 -20.227 0.604 46
-0.324 -20.138 0.723 51
-0.307 -20.230 0.539 45
-0.340 -20.193 0.683 40
-0.311 -20.239 0.536 44
-0.315 -20.193 0.616 58
-0.281 -20.144 0.601 69
-0.286 -20.135 0.625 71
-0.234 -20.110 0.526 63
-0.319 -20.271 0.510 47
-0.347 -20.141 0.779 50
-0.295 -20.173 0.595 65
-0.269 -20.162 0.542 66
-0.294 -20.228 0.510 45
-0.257 -20.154 0.521 63
-0.338 -20.164 0.720 42
-0.330 -20.179 0.676 45
-0.316 -20.187 0.627 57
-0.240 -20.121 0.526 62
-0.320 -20.138 0.712 52
-0.317 -20.172 0.654 55
-0.303 -20.190 0.589 62
-0.293 -20.141 0.636 70
-0.298 -20.176 0.597 68
-0.296 -20.229 0.512 45
-0.300 -20.173 0.607 65
-0.343 -20.166 0.730 38
-0.320 -20.282 0.496 49
-0.326 -20.218 0.606 51
-0.342 -20.144 0.761 29
-0.294 -20.189 0.568 58
-0.321 -20.251 0.547 48
-0.330 -20.136 0.740 102
-0.333 -20.193 0.664 45
-0.290 -20.224 0.505 45
-0.257 -20.161 0.512 57
-0.315 -20.268 0.506 47
-0.355 -20.137 0.805 43
-0.246 -20.109 0.561 54
-0.323 -20.206 0.617 55
-0.259 -20.128 0.567 68
-0.268 -20.120 0.601 75
-0.250 -20.132 0.538 57
-0.326 -20.219 0.606 51
-0.318 -20.211 0.597 55
-0.328 -20.210 0.623 54
-0.309 -20.255 0.508 46
-0.298 -20.157 0.623 67
-0.340 -20.185 0.693 39
-0.348 -20.169 0.739 37
-0.310 -20.167 0.642 60
-0.312 -20.131 0.700 51
-0.318 -20.257 0.528 48
-0.338 -20.157 0.730 39
-0.353 -20.151 0.777 53
-0.342 -20.154 0.747 45
-0.337 -20.224 0.627 47
-0.304 -20.225 0.540 48
-0.312 -20.215 0.574 50
-0.319 -20.245 0.548 47
-0.351 -20.139 0.792 49
-0.266 -20.144 0.560 71
-0.283 -20.205 0.515 50
-0.339 -20.150 0.742 41
-0.300 -20.199 0.569 58
-0.301 -20.198 0.573 59
-0.304 -20.196 0.582 60
-0.322 -20.158 0.685 50
-0.324 -20.292 0.493 64
-0.246 -20.125 0.537 55
-0.328 -20.219 0.610 51
-0.296 -20.205 0.548 53
-0.340 -20.169 0.718 39
-0.285 -20.175 0.565 64
-0.324 -20.285 0.501 49
-0.325 -20.201 0.631 52
-0.288 -20.183 0.561 62
-0.265 -20.154 0.542 67
-0.301 -20.153 0.640 67
-0.283 -20.210 0.507 47
-0.305 -20.160 0.639 63
-0.291 -20.191 0.557 60
-0.301 -20.200 0.568 57
-0.339 -20.152 0.739 39
-0.270 -20.146 0.568 70
-0.332 -20.203 0.646 52
-0.346 -20.137 0.781 49
-0.313 -20.228 0.557 48
-0.322 -20.221 0.592 50
-0.292 -20.226 0.506 45
-0.257 -20.113 0.583 69
-0.298 -20.201 0.561 56
-0.313 -20.187 0.621 59
-0.298 -20.219 0.535 49
-0.324 -20.279 0.512 50
-0.301 -20.190 0.585 62
-0.280 -20.190 0.530 52
-0.264 -20.128 0.580 72
-0.323 -20.240 0.567 45
-0.340 -20.141 0.760 31
-0.304 -20.134 0.677 40
-0.325 -20.248 0.561 48
-0.339 -20.177 0.704 38
-0.310 -20.222 0.560 52
-0.334 -20.240 0.595 47
-0.323 -20.238 0.569 45
-0.335 -20.229 0.615 45
-0.314 -20.240 0.543 46
-0.317 -20.195 0.618 57
-0.316 -20.221 0.577 51
-0.345 -20.183 0.711 37
-0.305 -20.137 0.674 53
-0.311 -20.253 0.517 46
-0.304 -20.235 0.524 44
-0.295 -20.184 0.577 65
-0.348 -20.170 0.737 37
-0.291 -20.218 0.516 45
-0.301 -20.179 0.602 66
-0.332 -20.255 0.567 48
-0.271 -20.148 0.569 70
-0.343 -20.196 0.684 40
-0.352 -20.165 0.756 41
-0.345 -20.184 0.709 37
-0.248 -20.118 0.551 66
-0.327 -20.170 0.683 51
-0.242 -20.131 0.518 53
-0.344 -20.209 0.667 45
-0.330 -20.239 0.588 46
-0.331 -20.260 0.557 49
-0.318 -20.230 0.570 48
-0.261 -20.158 0.526 67
-0.333 -20.174 0.691 40
-0.347 -20.177 0.723 38
-0.291 -20.164 0.596 64
-0.328 -20.195 0.649 50
-0.344 -20.168 0.730 36
-0.284 -20.212 0.506 47
-0.292 -20.142 0.631 68
-0.286 -20.137 0.624 71
-0.320 -20.263 0.526 47
-0.273 -20.175 0.533 58
-0.349 -20.178 0.728 37
-0.311 -20.216 0.570 49
-0.355 -20.157 0.776 50
-0.322 -20.243 0.560 46
-0.304 -20.146 0.657 61
-0.313 -20.149 0.676 54
-0.348 -20.156 0.758 38
-0.332 -20.241 0.590 46
-0.263 -20.152 0.541 68
-0.264 -20.139 0.563 71
-0.285 -20.155 0.594 67
-0.305 -20.204 0.574 58
-0.255 -20.153 0.519 63
-0.284 -20.171 0.566 64
-0.341 -20.195 0.681 40
-0.326 -20.183 0.660 49
-0.308 -20.187 0.606 61
-0.318 -20.228 0.572 48
-0.263 -20.168 0.517 56
-0.313 -20.148 0.678 50
-0.325 -20.196 0.639 54
-0.252 -20.147 0.521 61
-0.283 -20.153 0.591 64
-0.278 -20.189 0.525 53
-0.327 -20.287 0.508 50
-0.267 -20.150 0.553 70
-0.305 -20.169 0.625 62
-0.324 -20.187 0.647 52
-0.331 -20.262 0.553 48
-0.311 -20.171 0.640 59
-0.304 -20.200 0.578 60
-0.321 -20.185 0.644 54
-0.288 -20.197 0.541 55
-0.307 -20.211 0.568 52
-0.294 -20.143 0.635 70
-0.344 -20.158 0.743 41
-0.308 -20.153 0.658 60
-0.310 -20.192 0.604 59
-0.334 -20.171 0.698 38
-0.259 -20.128 0.565 68
-0.251 -20.113 0.568 68
-0.258 -20.155 0.524 65
-0.339 -20.141 0.758 34
-0.337 -20.132 0.763 44
-0.303 -20.201 0.574 60
-0.327 -20.218 0.611 51
-0.285 -20.196 0.532 53
-0.311 -20.162 0.653 57
-0.262 -20.163 0.521 58
-0.308 -20.167 0.635 61
-0.344 -20.205 0.675 43
-0.309 -20.224 0.554 49
-0.317 -20.274 0.501 47
-0.320 -20.207 0.607 55
-0.323 -20.212 0.610 53
-0.286 -20.136 0.625 71
-0.277 -20.185 0.528 55
-0.319 -20.246 0.546 47
-0.282 -20.208 0.508 48
-0.289 -20.222 0.505 45
-0.315 -20.265 0.509 46
-0.324 -20.181 0.657 51
-0.302 -20.196 0.577 60
-0.324 -20.255 0.548 48
-0.289 -20.156 0.603 67
-0.250 -20.144 0.520 55
-0.314 -20.270 0.498 48
-0.296 -20.229 0.513 45
-0.281 -20.192 0.527 52
-0.313 -20.177 0.635 58
-0.280 -20.177 0.547 62
-0.335 -20.164 0.712 41
-0.284 -20.131 0.627 71
-0.330 -20.202 0.643 52
-0.320 -20.268 0.516 47
-0.290 -20.174 0.578 64
-0.330 -20.316 0.602 48
-0.350 -20.189 0.737 38
-0.329 -20.322 0.603 48
-0.348 -20.200 0.711 38
-0.333 -20.309 0.641 47
-0.329 -20.294 0.549 50
-0.325 -20.322 0.512 50
-0.330 -20.301 0.580 47
-0.331 -20.292 0.574 49
-0.339 -20.241 0.618 43
-0.348 -20.213 0.737 38
-0.321 -20.358 0.519 50
-0.328 -20.318 0.567 48
-0.338 -20.275 0.672 42
-0.334 -20.289 0.629 45
-0.346 -20.206 0.686 41
-0.330 -20.283 0.535 50
-0.330 -20.305 0.585 49
-0.340 -20.259 0.682 40
-0.328 -20.310 0.550 50
-0.329 -20.324 0.596 48
-0.343 -20.228 0.676 42
-0.318 -20.387 0.518 50
-0.316 -20.411 0.533 51
-0.348 -20.203 0.724 36
-0.344 -20.231 0.705 40
-0.334 -20.262 0.576 45
-0.325 -20.326 0.537 50
-0.325 -20.326 0.518 50
-0.329 -20.307 0.567 48
-0.320 -20.382 0.551 50
-0.321 -20.359 0.518 49
-0.326 -20.304 0.497 51
-0.344 -20.216 0.673 46
-0.335 -20.260 0.587 44
-0.336 -20.277 0.637 42
-0.318 -20.391 0.520 50
-0.350 -20.202 0.751 37
-0.322 -20.357 0.534 46
-0.326 -20.301 0.495 54
-0.330 -20.310 0.597 50
-0.330 -20.287 0.551 50
-0.324 -20.337 0.525 50
-0.324 -20.344 0.549 48
-0.320 -20.386 0.556 52
-0.340 -20.249 0.651 39
-0.333 -20.277 0.588 46
-0.325 -20.325 0.535 50
-0.324 -20.331 0.522 50
-0.330 -20.289 0.545 50
-0.327 -20.293 0.505 50
-0.352 -20.184 0.759 39
-0.324 -20.326 0.510 50
-0.328 -20.297 0.519 49
-0.347 -20.210 0.714 34
-0.328 -20.291 0.515 49
-0.347 -20.200 0.707 39
-0.332 -20.281 0.575 49
-0.320 -20.382 0.542 50
-0.349 -20.204 0.736 38
-0.328 -20.293 0.511 50
-0.324 -20.351 0.554 47
-0.352 -20.178 0.756 40
-0.342 -20.224 0.641 50
-0.346 -20.226 0.723 37
-0.320 -20.372 0.519 49
-0.323 -20.349 0.547 48
-0.337 -20.278 0.660 40
-0.333 -20.279 0.595 47
-0.325 -20.312 0.503 50
-0.329 -20.307 0.571 49
-0.348 -20.203 0.727 37
-0.329 -20.293 0.534 49
-0.340 -20.259 0.680 41
-0.325 -20.319 0.517 50
-0.336 -20.264 0.620 45
-0.331 -20.299 0.598 48
-0.339 -20.240 0.615 43
-0.351 -20.190 0.758 39
-0.330 -20.310 0.598 50
-0.339 -20.260 0.657 39
-0.324 -20.330 0.512 49
-0.349 -20.186 0.717 38
-0.357 -20.152 0.794 53
-0.324 -20.351 0.564 48
-0.339 -20.242 0.633 46
-0.336 -20.257 0.609 42
-0.339 -20.244 0.631 46
-0.342 -20.224 0.642 50
-0.323 -20.343 0.526 50
-0.345 -20.219 0.699 34
-0.322 -20.373 0.559 51
-0.348 -20.208 0.738 38
-0.336 -20.275 0.637 41
-0.320 -20.378 0.539 50
-0.328 -20.300 0.526 49
-0.325 -20.349 0.580 51
-0.340 -20.256 0.680 41
-0.319 -20.374 0.513 49
-0.326 -20.306 0.504 49
-0.332 -20.305 0.613 47
-0.331 -20.298 0.595 48
-0.325 -20.351 0.572 49
-0.342 -20.229 0.657 45
-0.329 -20.320 0.594 48
-0.351 -20.185 0.753 39
-0.344 -20.230 0.707 40
-0.338 -20.268 0.656 41
-0.317 -20.403 0.536 50
-0.336 -20.256 0.593 44
-0.323 -20.356 0.558 48
-0.328 -20.322 0.573 49
-0.346 -20.218 0.721 38
-0.332 -20.278 0.566 49
-0.337 -20.273 0.645 41
-0.338 -20.243 0.607 44
-0.323 -20.343 0.516 51
-0.337 -20.279 0.671 42
-0.323 -20.343 0.529 50
-0.343 -20.228 0.679 40
-0.327 -20.296 0.501 49
-0.346 -20.207 0.693 41
-0.340 -20.246 0.660 39
-0.339 -20.250 0.651 39
-0.319 -20.388 0.544 50
-0.322 -20.352 0.520 48
-0.345 -20.217 0.700 33
-0.336 -20.280 0.650 40
-0.325 -20.337 0.542 48
-0.327 -20.305 0.527 49
-0.330 -20.314 0.597 48
-0.350 -20.186 0.732 37
-0.333 -20.303 0.638 45
-0.334 -20.260 0.568 48
-0.349 -20.194 0.722 37
-0.336 -20.285 0.664 43
-0.322 -20.369 0.560 50
-0.328 -20.305 0.545 49
-0.327 -20.338 0.601 49
-0.345 -20.214 0.695 35
-0.326 -20.305 0.496 51
-0.337 -20.258 0.627 45
-0.336 -20.262 0.603 44
-0.325 -20.356 0.593 49
-0.341 -20.254 0.690 38
-0.340 -20.253 0.675 41
-0.331 -20.303 0.605 49
-0.340 -20.235 0.628 46
-0.347 -20.208 0.715 34
-0.327 -20.329 0.566 49
-0.341 -20.247 0.679 40
-0.319 -20.387 0.533 49
-0.341 -20.239 0.663 40
-0.326 -20.307 0.499 49
-0.330 -20.298 0.574 48
-0.338 -20.257 0.631 45
-0.325 -20.308 0.501 49
-0.356 -20.158 0.783 49
-0.349 -20.201 0.737 38
-0.340 -20.244 0.652 40
-0.346 -20.208 0.687 41
-0.328 -20.328 0.592 49
-0.333 -20.271 0.578 45
-0.326 -20.302 0.501 49
-0.330 -20.297 0.558 50
-0.345 -20.219 0.704 33
-0.322 -20.379 0.574 50
-0.335 -20.294 0.650 44
-0.330 -20.318 0.605 47
-0.332 -20.314 0.634 47
-0.324 -20.332 0.530 50
-0.350 -20.195 0.748 36
-0.323 -20.336 0.512 48
-0.328 -20.330 0.592 49
-0.339 -20.270 0.682 40
-0.323 -20.369 0.571 49
-0.331 -20.280 0.554 51
-0.335 -20.262 0.592 44
-0.342 -20.240 0.691 40
-0.354 -20.166 0.762 37
-0.332 -20.288 0.584 47
-0.344 -20.230 0.693 39
-0.328 -20.315 0.570 48
-0.350 -20.183 0.724 36
-0.321 -20.386 0.566 51
-0.349 -20.202 0.742 36
-0.329 -20.286 0.531 49
-0.329 -20.324 0.607 47
-0.331 -20.301 0.588 50
-0.332 -20.308 0.632 46
-0.336 -20.265 0.610 46
-0.329 -20.292 0.543 50
-0.334 -20.281 0.613 48
-0.324 -20.339 0.534 50
-0.350 -20.190 0.729 37
-0.338 -20.253 0.634 44
-0.343 -20.236 0.684 40
-0.330 -20.319 0.608 47
-0.341 -20.252 0.693 38
-0.344 -20.231 0.712 39
-0.348 -20.207 0.730 37
-0.330 -20.297 0.562 50
-0.348 -20.209 0.743 36
-0.343 -20.240 0.701 41
-0.323 -20.352 0.550 47
-0.334 -20.265 0.586 44
-0.316 -20.404 0.523 49
-0.344 -20.225 0.694 38
-0.323 -20.360 0.566 49
-0.335 -20.268 0.612 46
-0.324 -20.329 0.511 49
-0.318 -20.393 0.532 49
-0.340 -20.255 0.681 40
-0.328 -20.330 0.592 49
-0.346 -20.217 0.713 34
-0.340 -20.265 0.687 40
-0.344 -20.217 0.680 43
-0.324 -20.347 0.547 48
-0.329 -20.327 0.602 48
-0.354 -20.170 0.775 46
-0.340 -20.257 0.686 39
-0.338 -20.246 0.609 43
-0.325 -20.338 0.549 47
-0.335 -20.291 0.658 44
-0.324 -20.341 0.534 49
-0.328 -20.309 0.561 49
-0.318 -20.388 0.528 50
-0.322 -20.371 0.556 50
-0.327 -20.333 0.575 48
-0.353 -20.173 0.760 40
-0.327 -20.315 0.548 50
-0.319 -20.386 0.538 50
-0.345 -20.222 0.707 37
-0.335 -20.259 0.581 45
-0.349 -20.200 0.727 37
-0.336 -20.275 0.644 41
-0.329 -20.290 0.538 50
-0.327 -20.322 0.563 49
-0.338 -20.267 0.656 41
-0.324 -20.358 0.571 51
-0.326 -20.334 0.564 48
-0.316 -20.407 0.526 49
-0.334 -20.321 0.681 47
-0.330 -20.359 0.664 48
-0.331 -20.350 0.667 47
-0.315 -20.484 0.603 63
-0.313 -20.484 0.577 56
-0.323 -20.411 0.631 54
-0.332 -20.339 0.663 47
-0.349 -20.204 0.752 38
-0.347 -20.228 0.740 36
-0.317 -20.442 0.579 64
-0.324 -20.398 0.628 54
-0.325 -20.365 0.604 52
-0.342 -20.270 0.732 43
-0.318 -20.457 0.611 64
-0.346 -20.237 0.742 40
-0.341 -20.269 0.712 40
-0.311 -20.510 0.579 63
-0.324 -20.412 0.645 53
-0.331 -20.356 0.669 48
-0.327 -20.362 0.626 50
-0.342 -20.271 0.731 42
-0.343 -20.266 0.735 43
-0.342 -20.274 0.727 42
-0.313 -20.500 0.592 60
-0.315 -20.468 0.587 62
-0.328 -20.368 0.647 53
-0.342 -20.252 0.711 41
-0.337 -20.295 0.689 44
-0.320 -20.435 0.613 59
-0.316 -20.446 0.571 62
-0.315 -20.450 0.559 58
-0.315 -20.482 0.598 51
-0.321 -20.404 0.597 54
-0.351 -20.196 0.759 42
-0.340 -20.278 0.701 43
-0.329 -20.345 0.629 48
-0.311 -20.500 0.570 57
-0.348 -20.220 0.750 36
-0.331 -20.332 0.647 48
-0.313 -20.489 0.586 54
-0.311 -20.514 0.579 61
-0.327 -20.355 0.621 49
-0.321 -20.444 0.632 55
-0.317 -20.434 0.568 59
-0.349 -20.210 0.748 36
-0.315 -20.436 0.545 53
-0.317 -20.440 0.582 64
-0.314 -20.467 0.572 62
-0.331 -20.319 0.637 46
-0.329 -20.377 0.673 47
-0.333 -20.319 0.656 48
-0.320 -20.438 0.618 59
-0.347 -20.227 0.746 39
-0.321 -20.400 0.591 55
-0.316 -20.423 0.552 53
-0.338 -20.279 0.680 42
-0.323 -20.381 0.600 54
-0.316 -20.445 0.574 65
-0.348 -20.222 0.755 39
-0.312 -20.495 0.569 53
-0.318 -20.403 0.555 51
-0.317 -20.424 0.559 54
-0.355 -20.172 0.787 45
-0.313 -20.498 0.584 61
-0.317 -20.427 0.570 57
-0.314 -20.450 0.553 55
-0.348 -20.221 0.748 36
-0.356 -20.161 0.796 44
-0.332 -20.314 0.646 48
-0.312 -20.505 0.583 64
-0.313 -20.498 0.595 63
-0.326 -20.374 0.631 53
-0.337 -20.297 0.684 45
-0.324 -20.387 0.617 55
-0.323 -20.423 0.641 50
-0.322 -20.421 0.626 53
-0.340 -20.289 0.722 44
-0.334 -20.330 0.679 47
-0.321 -20.435 0.623 58
-0.326 -20.368 0.615 52
-0.333 -20.342 0.682 48
-0.349 -20.214 0.753 38
-0.331 -20.323 0.634 47
-0.318 -20.408 0.551 52
-0.338 -20.282 0.681 43
-0.329 -20.373 0.670 48
-0.321 -20.405 0.597 55
-0.316 -20.444 0.576 67
-0.347 -20.229 0.747 40
-0.316 -20.462 0.594 62
-0.338 -20.295 0.702 45
-0.333 -20.338 0.675 46
-0.354 -20.179 0.788 44
-0.312 -20.510 0.592 62
-0.326 -20.374 0.625 52
-0.341 -20.267 0.712 40
-0.329 -20.348 0.643 48
-0.324 -20.378 0.601 53
-0.321 -20.415 0.599 59
-0.330 -20.337 0.636 47
-0.336 -20.301 0.684 46
-0.326 -20.358 0.613 49
-0.328 -20.355 0.630 49
-0.313 -20.499 0.590 60
-0.314 -20.478 0.579 63
-0.323 -20.407 0.628 54
-0.348 -20.222 0.750 36
-0.344 -20.260 0.737 43
-0.355 -20.171 0.787 45
-0.341 -20.277 0.719 43
-0.323 -20.411 0.629 55
-0.317 -20.467 0.614 65
-0.325 -20.395 0.641 54
-0.320 -20.420 0.590 58
-0.326 -20.360 0.612 49
-0.332 -20.324 0.651 48
-0.330 -20.330 0.637 47
-0.325 -20.396 0.631 54
-0.323 -20.383 0.591 54
-0.324 -20.416 0.640 53
-0.320 -20.444 0.620 57
-0.341 -20.273 0.720 42
-0.315 -20.475 0.589 64
-0.334 -20.303 0.656 46
-0.353 -20.179 0.776 46
-0.323 -20.419 0.632 52
-0.342 -20.273 0.724 42
-0.326 -20.360 0.607 50
-0.324 -20.379 0.608 53
-0.322 -20.395 0.599 55
-0.334 -20.315 0.663 49
-0.315 -20.463 0.573 61
-0.322 -20.385 0.580 52
-0.318 -20.413 0.556 52
-0.331 -20.332 0.647 48
-0.317 -20.415 0.552 52
-0.326 -20.405 0.655 50
-0.315 -20.481 0.599 53
-0.335 -20.325 0.699 47
-0.312 -20.501 0.582 62
-0.315 -20.485 0.605 62
-0.355 -20.172 0.795 42
-0.330 -20.350 0.653 49
-0.344 -20.260 0.738 43
-0.312 -20.507 0.589 62
-0.330 -20.365 0.663 49
-0.329 -20.342 0.630 48
-0.334 -20.337 0.686 47
-0.350 -20.201 0.757 41
-0.345 -20.241 0.732 40
-0.321 -20.413 0.607 57
-0.318 -20.422 0.578 56
-0.327 -20.388 0.653 51
-0.344 -20.243 0.722 41
-0.339 -20.298 0.716 45
-0.353 -20.184 0.777 44
-0.316 -20.439 0.567 60
-0.341 -20.269 0.712 40
-0.320 -20.410 0.591 56
-0.351 -20.204 0.776 43
-0.319 -20.405 0.567 52
-0.328 -20.355 0.633 50
-0.320 -20.398 0.568 52
-0.352 -20.188 0.768 44
-0.320 -20.435 0.619 58
-0.325 -20.359 0.596 51
-0.321 -20.416 0.609 58
-0.318 -20.410 0.566 52
-0.337 -20.295 0.688 44
-0.315 -20.478 0.593 62
-0.316 -20.448 0.581 62
-0.348 -20.217 0.747 35
-0.326 -20.368 0.614 52
-0.344 -20.253 0.730 40
-0.325 -20.365 0.610 52
-0.333 -20.316 0.653 48
-0.328 -20.344 0.623 48
-0.324 -20.368 0.588 50
-0.339 -20.294 0.715 46
-0.320 -20.391 0.570 51
-0.354 -20.179 0.780 46
-0.342 -20.262 0.716 41
-0.321 -20.383 0.572 51
-0.336 -20.300 0.682 46
-0.326 -20.383 0.634 54
-0.316 -20.428 0.550 54
-0.342 -20.273 0.735 42
-0.350 -20.202 0.763 43
-0.327 -20.355 0.618 49
-0.327 -20.345 0.611 48
-0.345 -20.250 0.739 41
-0.314 -20.443 0.543 54
-0.312 -20.515 0.590 58
-0.324 -20.396 0.630 54
-0.317 -20.434 0.570 60
-0.311 -20.517 0.587 60
-0.347 -20.240 0.753 43
-0.324 -20.378 0.605 53
-0.331 -20.341 0.656 47
-0.324 -20.409 0.641 53
-0.324 -20.383 0.605 54
-0.313 -20.465 0.554 57
-0.324 -20.382 0.608 54
-0.320 -20.434 0.611 60
-0.320 -20.400 0.580 54
-0.343 -20.245 0.712 38
-0.315 -20.452 0.563 62
-0.333 -20.323 0.668 47
-0.326 -20.378 0.632 54
-0.350 -20.203 0.758 42
-0.334 -20.301 0.658 45
-0.319 -20.450 0.616 57
-0.323 -20.417 0.637 51
-0.333 -20.312 0.646 47
-0.313 -20.493 0.586 59
-0.313 -20.473 0.566 63
-0.342 -20.270 0.722 41
-0.328 -20.363 0.640 51
-0.347 -20.226 0.743 38
-0.347 -20.237 0.753 43
-0.326 -20.354 0.603 50
-0.312 -20.505 0.587 62
-0.312 -20.501 0.581 61
-0.313 -20.477 0.566 64
-0.341 -20.273 0.709 42
-0.335 -20.327 0.698 48
-0.321 -20.410 0.596 56
-0.314 -20.441 0.543 54
-0.316 -20.435 0.558 58
-0.318 -20.440 0.591 65
-0.327 -20.384 0.649 52
-0.378 -20.467 0.757 57
-0.331 -20.389 0.674 49
-0.355 -20.453 0.707 62
-0.332 -20.472 0.651 45
-0.380 -20.434 0.772 41
-0.355 -20.483 0.700 89
-0.367 -20.403 0.751 53
-0.361 -20.381 0.744 49
-0.342 -20.467 0.675 45
-0.354 -20.451 0.708 57
-0.360 -20.159 0.811 47
-0.338 -20.457 0.668 41
-0.316 -20.484 0.611 55
-0.371 -20.325 0.785 45
-0.376 -20.373 0.781 51
-0.357 -20.184 0.795 45
-0.337 -20.324 0.708 48
-0.370 -20.329 0.781 46
-0.374 -20.376 0.774 52
-0.371 -20.345 0.779 48
-0.369 -20.425 0.750 46
-0.361 -20.179 0.807 44
-0.386 -20.447 0.780 47
-0.341 -20.381 0.699 48
-0.350 -20.344 0.730 45
-0.359 -20.168 0.805 44
-0.361 -20.365 0.749 51
-0.354 -20.273 0.762 44
-0.324 -20.418 0.649 50
-0.326 -20.479 0.635 46
-0.373 -20.465 0.747 59
-0.379 -20.400 0.779 53
-0.360 -20.315 0.761 48
-0.349 -20.419 0.705 21
-0.328 -20.490 0.636 52
-0.357 -20.412 0.725 10
-0.355 -20.488 0.698 107
-0.377 -20.431 0.766 34
-0.336 -20.361 0.693 47
-0.370 -20.323 0.782 46
-0.359 -20.272 0.772 47
-0.347 -20.276 0.746 44
-0.361 -20.476 0.716 32
-0.360 -20.382 0.741 50
-0.354 -20.336 0.743 48
-0.360 -20.347 0.752 50
-0.339 -20.332 0.710 47
-0.360 -20.435 0.725 90
-0.357 -20.330 0.751 49
-0.368 -20.432 0.745 62
-0.346 -20.414 0.701 23
-0.331 -20.421 0.664 50
-0.343 -20.494 0.669 52
-0.378 -20.372 0.785 52
-0.345 -20.396 0.703 47
-0.371 -20.444 0.749 22
-0.343 -20.303 0.728 46
-0.362 -20.334 0.761 48
-0.336 -20.498 0.652 52
-0.342 -20.304 0.724 46
-0.358 -20.334 0.752 49
-0.352 -20.491 0.689 37
-0.368 -20.308 0.782 45
-0.351 -20.471 0.693 45
-0.348 -20.398 0.710 48
-0.369 -20.461 0.739 16
-0.367 -20.243 0.801 47
-0.376 -20.365 0.783 52
-0.374 -20.342 0.786 48
-0.374 -20.422 0.762 50
-0.344 -20.425 0.693 23
-0.344 -20.410 0.697 36
-0.360 -20.259 0.779 46
-0.383 -20.438 0.777 42
-0.342 -20.423 0.689 24
-0.367 -20.273 0.791 47
-0.363 -20.225 0.797 44
-0.325 -20.423 0.650 49
-0.346 -20.362 0.716 45
-0.338 -20.490 0.658 59
-0.326 -20.437 0.648 49
-0.339 -20.503 0.656 65
-0.361 -20.411 0.734 81
-0.333 -20.507 0.641 61
-0.340 -20.398 0.692 47
-0.323 -20.517 0.616 59
-0.324 -20.432 0.645 49
-0.338 -20.496 0.658 47
-0.313 -20.515 0.593 53
-0.319 -20.473 0.620 55
-0.365 -20.336 0.766 48
-0.372 -20.333 0.785 47
-0.369 -20.365 0.767 54
-0.361 -20.279 0.776 47
-0.359 -20.373 0.742 49
-0.382 -20.456 0.768 45
-0.366 -20.430 0.741 61
-0.361 -20.315 0.765 47
-0.372 -20.342 0.781 48
-0.342 -20.406 0.693 45
-0.341 -20.366 0.704 49
-0.372 -20.362 0.774 53
-0.340 -20.367 0.700 49
-0.361 -20.368 0.749 51
-0.349 -20.261 0.755 44
-0.351 -20.382 0.721 48
-0.356 -20.260 0.771 45
-0.349 -20.311 0.738 46
-0.363 -20.444 0.729 68
-0.380 -20.426 0.773 47
-0.348 -20.449 0.693 44
-0.341 -20.304 0.722 46
-0.354 -20.295 0.755 46
-0.377 -20.458 0.757 39
-0.358 -20.350 0.748 49
-0.364 -20.443 0.732 67
-0.379 -20.419 0.774 52
-0.372 -20.344 0.781 48
-0.349 -20.357 0.725 47
-0.354 -20.270 0.763 43
-0.357 -20.374 0.738 50
-0.358 -20.254 0.776 48
-0.362 -20.371 0.749 49
-0.365 -20.457 0.731 9
-0.371 -20.461 0.742 32
-0.368 -20.238 0.803 47
-0.358 -20.299 0.764 47
-0.363 -20.434 0.734 68
-0.362 -20.243 0.789 47
-0.331 -20.411 0.667 48
-0.340 -20.441 0.677 47
-0.349 -20.251 0.757 44
-0.335 -20.364 0.690 48
-0.357 -20.196 0.791 45
-0.333 -20.424 0.668 47
-0.365 -20.357 0.760 49
-0.333 -20.432 0.666 29
-0.365 -20.420 0.741 70
-0.372 -20.462 0.744 32
-0.370 -20.288 0.793 45
-0.338 -20.389 0.690 49
-0.331 -20.503 0.639 55
-0.368 -20.352 0.769 49
-0.366 -20.293 0.784 46
-0.362 -20.316 0.766 47
-0.379 -20.458 0.762 44
-0.356 -20.433 0.717 98
-0.376 -20.399 0.773 53
-0.363 -20.369 0.753 51
-0.370 -20.361 0.770 53
-0.365 -20.426 0.740 76
-0.345 -20.373 0.711 47
-0.347 -20.353 0.722 47
-0.357 -20.286 0.765 48
-0.322 -20.513 0.615 47
-0.346 -20.472 0.681 46
-0.353 -20.478 0.695 46
-0.359 -20.353 0.748 49
-0.321 -20.508 0.615 58
-0.328 -20.454 0.647 61
-0.340 -20.413 0.686 39
-0.354 -20.469 0.701 40
-0.380 -20.400 0.782 52
-0.359 -20.239 0.784 45
-0.337 -20.436 0.672 33
-0.365 -20.447 0.733 79
-0.335 -20.483 0.654 49
-0.382 -20.447 0.772 42
-0.378 -20.444 0.764 31
-0.355 -20.391 0.728 51
-0.376 -20.463 0.754 53
-0.353 -20.275 0.758 44
-0.355 -20.319 0.749 45
-0.379 -20.430 0.771 36
-0.357 -20.262 0.773 46
-0.368 -20.460 0.735 12
-0.343 -20.474 0.674 46
-0.340 -20.441 0.678 48
-0.367 -20.363 0.763 51
-0.355 -20.249 0.771 46
-0.321 -20.506 0.615 56
-0.363 -20.204 0.804 43
-0.358 -20.244 0.780 46
-0.348 -20.445 0.696 42
-0.324 -20.500 0.624 57
-0.358 -20.200 0.794 44
-0.345 -20.332 0.723 47
-0.336 -20.330 0.703 48
-0.324 -20.491 0.627 52
-0.362 -20.470 0.718 99
-0.329 -20.468 0.646 46
-0.362 -20.239 0.790 46
-0.320 -20.503 0.613 55
-0.337 -20.334 0.704 47
-0.346 -20.379 0.712 47
-0.351 -20.482 0.691 45
-0.371 -20.434 0.750 11
-0.356 -20.243 0.776 45
-0.374 -20.416 0.762 56
-0.329 -20.429 0.657 48
-0.315 -20.522 0.596 57
-0.365 -20.477 0.724 4
-0.362 -20.428 0.731 79
-0.335 -20.439 0.667 39
-0.350 -20.405 0.713 36
-0.360 -20.162 0.809 46
-0.364 -20.233 0.797 46
-0.359 -20.221 0.790 42
-0.351 -20.225 0.771 46
-0.331 -20.432 0.661 51
-0.368 -20.304 0.783 45
-0.351 -20.454 0.700 42
-0.347 -20.291 0.741 46
-0.345 -20.408 0.699 33
-0.372 -20.291 0.796 45
-0.338 -20.416 0.681 42
-0.356 -20.263 0.769 45
-0.330 -20.408 0.665 49
-0.368 -20.256 0.798 47
-0.334 -20.416 0.672 45
-0.370 -20.318 0.784 45
-0.340 -20.429 0.681 25
-0.322 -20.443 0.637 52
-0.345 -20.265 0.743 43
-0.348 -20.303 0.740 46
-0.354 -20.242 0.771 44
-0.333 -20.464 0.656 42
-0.365 -20.334 0.768 48
-0.314 -20.517 0.596 60
-0.363 -20.290 0.777 47
-0.320 -20.455 0.627 60
-0.358 -20.273 0.771 46
-0.337 -20.412 0.681 43
-0.381 -20.417 0.779 55
-0.372 -20.376 0.770 53
-0.342 -20.478 0.671 46
-0.364 -20.316 0.770 47
-0.378 -20.423 0.769 51
-0.356 -20.272 0.766 46
-0.329 -20.444 0.653 59
-0.358 -20.468 0.710 122
-0.343 -20.471 0.677 46
-0.348 -20.230 0.762 44
-0.326 -20.435 0.648 49
-0.344 -20.466 0.679 45
-0.362 -20.192 0.805 46
-0.360 -20.161 0.809 46
-0.334 -20.393 0.680 50
-0.371 -20.384 0.767 51
-0.325 -20.416 0.652 50
-0.361 -20.211 0.796 43
-0.339 -20.431 0.680 25
-0.356 -20.198 0.789 44
-0.346 -20.310 0.733 46
-0.342 -20.476 0.673 46
-0.328 -20.398 0.664 46
-0.332 -20.431 0.663 53
-0.335 -20.480 0.656 49
-0.363 -20.295 0.775 46
-0.340 -20.366 0.702 49
-0.341 -20.291 0.726 45
-0.373 -20.358 0.778 50
-0.366 -20.408 0.747 50
-0.340 -20.330 0.713 47
-0.338 -20.480 0.662 53
-0.345 -20.438 0.691 45
-0.371 -20.468 0.741 50
-0.359 -20.328 0.756 49
-0.371 -20.411 0.757 50
-0.363 -20.291 0.778 47
-0.362 -20.421 0.735 83
-0.341 -20.481 0.668 48
-0.341 -20.432 0.683 30
-0.338 -20.432 0.676 29
-0.355 -20.331 0.746 48
-0.335 -20.445 0.666 52
-0.358 -20.372 0.740 49
-0.328 -20.446 0.649 61
-0.351 -20.217 0.772 44
-0.356 -20.400 0.727 42
-0.342 -20.325 0.719 48
-0.363 -20.209 0.803 42
-0.324 -20.491 0.627 52
-0.342 -20.312 0.723 47
-0.368 -20.249 0.801 46
-0.367 -20.241 0.802 47
-0.359 -20.324 0.757 49
-0.349 -20.383 0.715 49
-0.367 -20.279 0.788 47
-0.360 -20.339 0.754 51
-0.342 -20.431 0.685 30
-0.338 -20.395 0.687 46
-0.338 -20.494 0.657 52
-0.350 -20.303 0.743 46
-0.332 -20.486 0.645 55
-0.335 -20.416 0.674 44
-0.336 -20.438 0.670 37
-0.330 -20.447 0.654 57
-0.356 -20.282 0.764 46
-0.335 -20.497 0.650 54
-0.370 -20.428 0.751 53
-0.329 -20.432 0.657 49
-0.348 -20.379 0.716 47
-0.320 -20.499 0.615 53
-0.344 -20.499 0.669 53
-0.342 -20.304 0.726 46
-0.326 -20.430 0.649 50
-0.329 -20.381 0.671 49
-0.349 -20.446 0.697 42
-0.348 -20.262 0.753 44
-0.340 -20.380 0.697 47
-0.352 -20.438 0.706 51
-0.355 -20.185 0.791 44
-0.349 -20.320 0.735 47
-0.349 -20.473 0.689 44
-0.376 -20.449 0.757 30
-0.354 -20.304 0.753 46
-0.357 -20.368 0.738 49
-0.350 -20.298 0.746 46
-0.351 -20.468 0.695 36
-0.359 -20.466 0.713 106
-0.344 -20.306 0.729 46
-0.359 -20.421 0.727 94
-0.343 -20.394 0.699 48
-0.341 -20.312 0.719 47
-0.329 -20.407 0.663 49
-0.358 -20.484 0.706 101
-0.346 -20.424 0.697 24
-0.348 -20.265 0.750 43
-0.370 -20.384 0.764 51
-0.359 -20.208 0.794 44
-0.337 -20.373 0.691 47
-0.350 -20.400 0.713 46
-0.323 -20.437 0.640 55
-0.346 -20.281 0.741 45
-0.347 -20.470 0.684 46
-0.360 -20.239 0.785 45
-0.360 -20.288 0.771 48
-0.395 -20.389 0.907 47
-0.384 -20.289 0.859 41
-0.361 -20.250 0.915 53
-0.359 -20.168 0.850 41
-0.381 -20.302 0.885 50
-0.333 -20.098 0.884 55
-0.369 -20.199 0.836 42
-0.366 -20.273 0.916 52
-0.339 -20.106 0.870 56
-0.367 -20.193 0.841 43
-0.392 -20.355 0.889 51
-0.325 -20.108 0.927 80
-0.327 -20.093 0.903 58
-0.354 -20.151 0.851 38
-0.334 -20.143 0.924 70
-0.382 -20.272 0.851 42
-0.383 -20.318 0.891 49
-0.369 -20.241 0.874 50
-0.377 -20.285 0.882 50
-0.359 -20.192 0.867 48
-0.404 -20.429 0.907 48
-0.353 -20.151 0.855 38
-0.387 -20.306 0.864 46
-0.390 -20.337 0.879 48
-0.400 -20.410 0.908 48
-0.381 -20.339 0.917 50
-0.380 -20.314 0.897 45
-0.380 -20.278 0.865 47
-0.356 -20.171 0.863 57
-0.361 -20.179 0.850 40
-0.320 -20.097 0.936 65
-0.388 -20.307 0.862 42
-0.357 -20.170 0.858 56
-0.327 -20.106 0.917 67
-0.330 -20.110 0.909 59
-0.367 -20.185 0.833 46
-0.331 -20.141 0.934 72
-0.397 -20.356 0.870 53
-0.360 -20.243 0.912 53
-0.359 -20.186 0.863 50
-0.354 -20.205 0.900 46
-0.358 -20.248 0.924 58
-0.351 -20.156 0.870 55
-0.350 -20.152 0.868 57
-0.378 -20.246 0.843 39
-0.380 -20.281 0.870 45
-0.397 -20.373 0.884 51
-0.323 -20.085 0.913 65
-0.414 -20.453 0.891 50
-0.355 -20.148 0.845 42
-0.405 -20.424 0.899 49
-0.341 -20.174 0.925 64
-0.326 -20.111 0.925 71
-0.387 -20.326 0.884 48
-0.322 -20.104 0.934 59
-0.343 -20.149 0.891 56
-0.392 -20.369 0.903 47
-0.368 -20.252 0.888 51
-0.364 -20.235 0.888 49
-0.381 -20.287 0.871 49
-0.359 -20.235 0.909 52
-0.398 -20.399 0.904 50
-0.397 -20.384 0.895 49
-0.352 -20.157 0.865 52
-0.332 -20.132 0.922 66
-0.333 -20.106 0.894 58
-0.355 -20.238 0.928 64
-0.406 -20.413 0.888 52
-0.410 -20.460 0.913 55
-0.333 -20.119 0.904 58
-0.385 -20.328 0.890 50
-0.406 -20.417 0.889 54
-0.351 -20.144 0.856 38
-0.363 -20.213 0.872 49
-0.389 -20.309 0.857 44
-0.319 -20.089 0.931 78
-0.361 -20.209 0.878 49
-0.375 -20.304 0.909 51
-0.362 -20.189 0.856 46
-0.350 -20.123 0.844 42
-0.359 -20.240 0.912 53
-0.371 -20.241 0.869 51
-0.401 -20.413 0.905 48
-0.411 -20.446 0.897 50
-0.373 -20.237 0.856 43
-0.382 -20.304 0.879 49
-0.343 -20.162 0.904 58
-0.396 -20.350 0.869 53
-0.367 -20.257 0.897 48
-0.367 -20.285 0.923 59
-0.403 -20.414 0.901 53
-0.381 -20.261 0.847 41
-0.363 -20.226 0.887 47
-0.403 -20.415 0.899 53
-0.319 -20.084 0.929 79
-0.405 -20.412 0.890 52
-0.350 -20.192 0.906 51
-0.356 -20.206 0.892 52
-0.348 -20.204 0.925 63
-0.338 -20.118 0.884 57
-0.419 -20.478 0.896 55
-0.374 -20.278 0.888 49
-0.359 -20.177 0.857 34
-0.361 -20.225 0.894 49
-0.342 -20.149 0.895 59
-0.356 -20.160 0.852 37
-0.330 -20.102 0.901 58
-0.368 -20.193 0.835 44
-0.340 -20.116 0.875 55
-0.336 -20.104 0.878 56
-0.348 -20.128 0.854 36
-0.357 -20.164 0.851 40
-0.352 -20.156 0.864 52
-0.356 -20.195 0.884 53
-0.356 -20.180 0.870 51
-0.378 -20.249 0.847 40
-0.369 -20.280 0.910 52
-0.371 -20.267 0.890 52
-0.328 -20.100 0.907 58
-0.385 -20.295 0.862 56
-0.365 -20.187 0.841 43
-0.358 -20.195 0.876 50
-0.368 -20.275 0.911 51
-0.366 -20.279 0.921 54
-0.400 -20.387 0.885 49
-0.381 -20.267 0.853 42
-0.355 -20.179 0.875 54
-0.351 -20.190 0.899 53
-0.374 -20.268 0.880 51
-0.365 -20.262 0.909 52
-0.341 -20.151 0.903 58
-0.338 -20.136 0.900 57
-0.394 -20.339 0.865 47
-0.390 -20.349 0.890 51
-0.400 -20.412 0.907 48
-0.360 -20.178 0.854 34
-0.346 -20.134 0.869 57
-0.339 -20.143 0.904 58
-0.357 -20.149 0.839 46
-0.365 -20.225 0.877 47
-0.375 -20.297 0.901 48
-0.386 -20.315 0.875 47
-0.369 -20.275 0.907 50
-0.314 -20.076 0.942 92
-0.391 -20.329 0.867 48
-0.354 -20.187 0.884 53
-0.345 -20.202 0.932 55
-0.368 -20.191 0.833 44
-0.329 -20.112 0.915 66
-0.332 -20.146 0.932 57
-0.330 -20.113 0.910 63
-0.346 -20.127 0.862 57
-0.343 -20.115 0.864 59
-0.404 -20.410 0.890 53
-0.313 -20.074 0.942 204
-0.408 -20.448 0.910 52
-0.352 -20.218 0.923 62
-0.358 -20.239 0.915 54
-0.342 -20.188 0.933 58
-0.417 -20.468 0.894 52
-0.383 -20.302 0.876 48
-0.370 -20.236 0.865 49
-0.328 -20.116 0.922 65
-0.385 -20.312 0.875 49
-0.349 -20.144 0.866 55
-0.396 -20.392 0.908 48
-0.387 -20.346 0.902 49
-0.391 -20.326 0.866 48
-0.335 -20.131 0.909 60
-0.378 -20.264 0.862 47
-0.344 -20.152 0.891 57
-0.347 -20.150 0.877 54
-0.350 -20.171 0.887 55
-0.389 -20.352 0.896 50
-0.333 -20.132 0.917 65
-0.368 -20.217 0.855 36
-0.361 -20.248 0.912 53
-0.393 -20.376 0.904 49
-0.341 -20.123 0.878 56
-0.364 -20.233 0.885 50
-0.384 -20.343 0.910 48
-0.345 -20.128 0.864 55
-0.356 -20.141 0.836 45
-0.323 -20.080 0.908 61
-0.365 -20.209 0.861 48
-0.345 -20.116 0.855 43
-0.328 -20.106 0.912 62
-0.372 -20.210 0.835 43
-0.410 -20.444 0.900 54
-0.355 -20.207 0.901 46
-0.392 -20.375 0.906 48
-0.369 -20.208 0.846 37
-0.399 -20.376 0.879 51
-0.358 -20.243 0.921 58
-0.422 -20.499 0.901 33
-0.374 -20.307 0.917 55
-0.347 -20.156 0.882 56
-0.372 -20.274 0.892 49
-0.314 -20.077 0.943 194
-0.339 -20.163 0.921 64
-0.405 -20.421 0.899 49
-0.347 -20.181 0.905 55
-0.394 -20.358 0.885 49
-0.376 -20.308 0.908 50
-0.319 -20.088 0.933 59
-0.317 -20.086 0.938 68
-0.335 -20.152 0.929 66
-0.387 -20.352 0.906 48
-0.366 -20.277 0.918 53
-0.351 -20.147 0.858 43
-0.380 -20.289 0.876 46
-0.365 -20.262 0.911 52
-0.335 -20.158 0.934 55
-0.338 -20.136 0.901 57
-0.392 -20.363 0.897 53
-0.389 -20.335 0.881 48
-0.353 -20.184 0.884 53
-0.420 -20.492 0.903 52
-0.378 -20.296 0.888 50
-0.372 -20.308 0.922 58
-0.345 -20.200 0.930 59
-0.364 -20.221 0.876 46
-0.317 -20.079 0.932 74
-0.381 -20.293 0.876 45
-0.381 -20.291 0.871 50
-0.354 -20.234 0.926 64
-0.366 -20.197 0.848 41
-0.360 -20.215 0.886 49
-0.414 -20.463 0.902 49
-0.366 -20.182 0.834 46
-0.330 -20.122 0.920 65
-0.356 -20.225 0.910 48
-0.354 -20.171 0.872 52
-0.372 -20.226 0.851 38
-0.332 -20.146 0.933 55
-0.395 -20.395 0.913 51
-0.363 -20.201 0.862 48
-0.337 -20.139 0.906 59
-0.377 -20.241 0.843 40
-0.365 -20.214 0.865 48
-0.383 -20.276 0.851 42
-0.360 -20.230 0.899 46
-0.351 -20.189 0.899 53
-0.358 -20.235 0.912 54
-0.397 -20.394 0.905 50
-0.367 -20.281 0.918 51
-0.321 -20.103 0.937 115
-0.403 -20.408 0.895 53
-0.356 -20.200 0.890 51
-0.344 -20.132 0.873 56
-0.353 -20.228 0.926 62
-0.363 -20.184 0.848 41
-0.378 -20.270 0.868 46
-0.404 -20.422 0.902 49
-0.358 -20.240 0.917 56
-0.391 -20.350 0.888 51
-0.374 -20.310 0.916 51
-0.370 -20.277 0.903 49
-0.355 -20.213 0.905 48
-0.358 -20.194 0.875 50
-0.374 -20.226 0.841 41
-0.333 -20.153 0.935 48
-0.399 -20.390 0.891 51
-0.372 -20.248 0.870 50
-0.348 -20.211 0.931 59
-0.342 -20.134 0.883 57
-0.346 -20.173 0.901 54
-0.332 -20.105 0.896 56
-0.376 -20.255 0.861 47
-0.411 -20.439 0.891 52
-0.331 -20.126 0.920 64
-0.356 -20.233 0.920 56
-0.343 -20.153 0.898 58
-0.372 -20.256 0.876 51
-0.382 -20.330 0.905 50
-0.368 -20.210 0.850 39
-0.379 -20.296 0.888 50
-0.388 -20.343 0.893 50
-0.365 -20.180 0.835 46
-0.370 -20.260 0.890 49
-0.375 -20.249 0.858 46
-0.386 -20.330 0.890 50
-0.380 -20.286 0.873 48
-0.338 -20.105 0.873 55
-0.377 -20.291 0.889 49
-0.328 -20.107 0.914 67
-0.387 -20.356 0.908 47
-0.322 -20.094 0.926 76
-0.374 -20.295 0.904 47
-0.391 -20.373 0.910 47
-0.377 -20.268 0.869 49
-0.394 -20.359 0.886 49
-0.387 -20.297 0.855 43
-0.348 -20.176 0.900 54
-0.353 -20.162 0.866 54
-0.384 -20.291 0.862 56
-0.378 -20.270 0.868 46
-0.401 -20.402 0.897 52
-0.360 -20.178 0.854 40
-0.355 -20.142 0.840 46
-0.377 -20.318 0.914 50
-0.384 -20.317 0.886 51
-0.380 -20.300 0.884 50
-0.321 -20.102 0.937 63
-0.391 -20.465 0.791 59
-0.405 -20.402 0.877 53
-0.389 -20.410 0.811 57
-0.393 -20.385 0.835 52
-0.389 -20.318 0.850 47
-0.401 -20.469 0.831 55
-0.377 -20.305 0.810 44
-0.388 -20.371 0.822 54
-0.367 -20.185 0.822 46
-0.388 -20.431 0.796 49
-0.394 -20.360 0.853 50
-0.399 -20.477 0.817 70
-0.390 -20.356 0.836 50
-0.392 -20.371 0.841 50
-0.365 -20.166 0.822 41
-0.389 -20.379 0.822 54
-0.394 -20.468 0.801 65
-0.367 -20.193 0.818 43
-0.409 -20.490 0.851 22
-0.406 -20.415 0.874 54
-0.406 -20.484 0.843 68
-0.392 -20.336 0.856 47
-0.395 -20.468 0.805 58
-0.399 -20.451 0.828 51
-0.390 -20.426 0.806 57
-0.396 -20.443 0.822 53
-0.387 -20.449 0.784 55
-0.401 -20.407 0.856 56
-0.374 -20.262 0.818 44
-0.396 -20.449 0.819 53
-0.385 -20.393 0.800 53
-0.386 -20.354 0.822 51
-0.397 -20.471 0.812 68
-0.378 -20.281 0.825 45
-0.383 -20.395 0.793 53
-0.386 -20.422 0.791 53
-0.405 -20.447 0.857 49
-0.412 -20.440 0.886 51
-0.372 -20.233 0.823 44
-0.394 -20.444 0.815 54
-0.399 -20.448 0.831 50
-0.412 -20.495 0.862 12
-0.401 -20.429 0.849 61
-0.417 -20.469 0.892 52
-0.398 -20.361 0.868 53
-0.392 -20.428 0.814 57
-0.381 -20.319 0.821 46
-0.395 -20.383 0.843 52
-0.385 -20.321 0.833 47
-0.380 -20.366 0.793 54
-0.381 -20.306 0.825 46
-0.396 -20.447 0.821 53
-0.384 -20.396 0.797 54
-0.389 -20.403 0.812 57
-0.414 -20.498 0.870 20
-0.404 -20.398 0.873 52
-0.390 -20.410 0.814 57
-0.379 -20.272 0.830 45
-0.376 -20.243 0.835 40
-0.387 -20.383 0.815 56
-0.365 -20.170 0.823 42
-0.377 -20.336 0.796 49
-0.416 -20.481 0.884 56
-0.381 -20.274 0.841 42
-0.411 -20.448 0.879 57
-0.375 -20.237 0.834 42
-0.408 -20.491 0.849 16
-0.404 -20.455 0.849 56
-0.400 -20.402 0.854 55
-0.378 -20.338 0.797 47
-0.383 -20.359 0.808 51
-0.388 -20.299 0.853 46
-0.389 -20.394 0.817 56
-0.372 -20.217 0.830 43
-0.362 -20.160 0.815 46
-0.383 -20.356 0.812 51
-0.386 -20.402 0.801 56
-0.383 -20.337 0.817 49
-0.376 -20.273 0.818 46
-0.386 -20.390 0.807 56
-0.393 -20.378 0.839 51
-0.398 -20.391 0.852 56
-0.374 -20.238 0.826 42
-0.375 -20.279 0.812 47
-0.390 -20.346 0.840 49
-0.392 -20.366 0.839 49
-0.383 -20.405 0.789 52
-0.397 -20.382 0.854 53
-0.390 -20.335 0.848 49
-0.393 -20.396 0.831 56
-0.375 -20.236 0.831 43
-0.377 -20.336 0.794 49
-0.388 -20.370 0.823 54
-0.388 -20.399 0.812 56
-0.387 -20.451 0.784 57
-0.368 -20.205 0.818 43
-0.377 -20.251 0.832 40
-0.401 -20.483 0.826 40
-0.385 -20.339 0.827 49
-0.386 -20.391 0.805 56
-0.379 -20.266 0.835 44
-0.388 -20.344 0.835 49
-0.402 -20.458 0.837 55
-0.400 -20.469 0.824 51
-0.396 -20.443 0.823 53
-0.392 -20.382 0.834 52
-0.416 -20.472 0.889 55
-0.383 -20.339 0.818 49
-0.385 -20.384 0.806 56
-0.401 -20.405 0.859 54
-0.384 -20.310 0.834 48
-0.408 -20.444 0.869 43
-0.393 -20.457 0.803 58
-0.374 -20.283 0.807 45
-0.388 -20.316 0.848 46
-0.372 -20.271 0.804 48
-0.389 -20.436 0.797 50
-0.371 -20.238 0.815 46
-0.389 -20.388 0.819 54
-0.393 -20.379 0.840 51
-0.388 -20.327 0.842 48
-0.387 -20.439 0.790 47
-0.398 -20.371 0.863 51
-0.398 -20.431 0.836 58
-0.403 -20.466 0.840 50
-0.373 -20.262 0.814 46
-0.419 -20.485 0.892 54
-0.369 -20.207 0.822 42
-0.375 -20.279 0.813 47
-0.388 -20.369 0.824 53
-0.406 -20.425 0.870 54
-0.391 -20.456 0.795 57
-0.389 -20.447 0.793 55
-0.404 -20.470 0.841 52
-0.385 -20.393 0.803 56
-0.385 -20.292 0.845 43
-0.396 -20.349 0.865 46
-0.388 -20.314 0.850 46
-0.386 -20.325 0.836 47
-0.385 -20.398 0.800 55
-0.396 -20.432 0.827 52
-0.417 -20.469 0.893 52
-0.402 -20.453 0.842 50
-0.382 -20.268 0.846 42
-0.400 -20.422 0.849 57
-0.402 -20.464 0.838 47
-0.382 -20.273 0.842 42
-0.396 -20.394 0.844 54
-0.395 -20.456 0.813 58
-0.390 -20.364 0.836 49
-0.362 -20.151 0.817 47
-0.422 -20.501 0.897 4
-0.411 -20.456 0.876 51
-0.387 -20.371 0.818 54
-0.421 -20.507 0.893 7
-0.381 -20.319 0.820 46
-0.403 -20.416 0.862 54
-0.379 -20.267 0.835 44
-0.383 -20.401 0.789 52
-0.374 -20.246 0.822 42
-0.396 -20.456 0.815 59
-0.388 -20.456 0.784 52
-0.383 -20.279 0.843 43
-0.389 -20.379 0.824 54
-0.373 -20.241 0.824 43
-0.381 -20.338 0.810 47
-0.417 -20.475 0.891 56
-0.397 -20.368 0.861 50
-0.387 -20.359 0.824 51
-0.389 -20.339 0.841 49
-0.392 -20.405 0.825 57
-0.385 -20.432 0.784 42
-0.376 -20.280 0.817 45
-0.394 -20.404 0.832 57
-0.384 -20.305 0.836 47
-0.386 -20.421 0.794 54
-0.373 -20.222 0.831 43
-0.388 -20.461 0.782 54
-0.403 -20.465 0.839 47
-0.410 -20.478 0.864 53
-0.402 -20.435 0.850 45
-0.404 -20.471 0.839 52
-0.398 -20.441 0.833 50
-0.409 -20.485 0.855 67
-0.373 -20.225 0.828 44
-0.393 -20.333 0.859 44
-0.380 -20.278 0.832 45
-0.401 -20.455 0.836 55
-0.390 -20.418 0.809 55
-0.388 -20.373 0.823 54
-0.394 -20.388 0.838 52
-0.413 -20.503 0.862 14
-0.365 -20.191 0.814 45
-0.387 -20.402 0.804 55
-0.375 -20.253 0.824 41
-0.388 -20.419 0.802 57
-0.417 -20.468 0.894 52
-0.399 -20.395 0.854 56
-0.420 -20.499 0.893 28
-0.388 -20.305 0.852 47
-0.418 -20.487 0.891 61
-0.415 -20.497 0.874 19
-0.379 -20.312 0.812 45
-0.418 -20.484 0.892 54
-0.397 -20.364 0.863 46
-0.378 -20.324 0.803 46
-0.393 -20.406 0.828 57
-0.399 -20.468 0.823 51
-0.395 -20.392 0.841 53
-0.411 -20.473 0.868 49
-0.387 -20.359 0.825 51
-0.397 -20.475 0.813 69
-0.415 -20.465 0.889 55
-0.377 -20.337 0.795 48
-0.376 -20.312 0.804 46
-0.381 -20.298 0.827 44
-0.384 -20.339 0.823 49
-0.391 -20.427 0.811 57
-0.393 -20.333 0.861 44
-0.399 -20.408 0.849 59
-0.387 -20.396 0.806 56
-0.406 -20.470 0.849 53
-0.400 -20.406 0.856 56
-0.374 -20.287 0.806 45
-0.390 -20.363 0.836 49
-0.382 -20.344 0.813 48
-0.389 -20.311 0.852 47
-0.269 -20.160 0.741 24
-0.289 -20.100 0.845 28
-0.281 -20.141 0.803 27
-0.257 -20.134 0.680 176
-0.278 -20.110 0.791 25
-0.289 -20.101 0.848 28
-0.259 -20.285 0.694 160
-0.287 -20.068 0.834 24
-0.290 -20.085 0.849 30
-0.279 -20.094 0.793 24
-0.258 -20.098 0.682 172
-0.284 -20.138 0.821 26
-0.258 -20.172 0.685 169
-0.291 -20.064 0.854 26
-0.271 -20.148 0.755 24
-0.278 -20.136 0.791 26
-0.267 -20.241 0.734 23
-0.300 -20.068 0.903 33
-0.267 -20.211 0.735 24
-0.266 -20.057 0.721 64
-0.273 -20.083 0.762 24
-0.283 -20.124 0.813 26
-0.281 -20.155 0.806 27
-0.262 -20.049 0.702 170
-0.262 -20.139 0.707 133
-0.292 -20.078 0.864 27
-0.282 -20.066 0.806 22
-0.275 -20.162 0.773 25
-0.259 -20.149 0.690 165
-0.276 -20.182 0.783 25
-0.275 -20.182 0.775 25
-0.292 -20.109 0.863 27
-0.273 -20.173 0.763 25
-0.291 -20.082 0.858 28
-0.258 -20.103 0.685 173
-0.271 -20.137 0.751 24
-0.292 -20.119 0.864 27
-0.269 -20.226 0.747 23
-0.275 -20.142 0.772 24
-0.267 -20.168 0.732 23
-0.293 -20.126 0.868 27
-0.263 -20.227 0.713 39
-0.275 -20.152 0.772 25
-0.262 -20.172 0.706 135
-0.260 -20.076 0.692 161
-0.270 -20.111 0.745 22
-0.284 -20.163 0.821 26
-0.288 -20.090 0.841 28
-0.261 -20.263 0.706 113
-0.273 -20.095 0.763 21
-0.288 -20.060 0.842 24
-0.265 -20.052 0.716 123
-0.286 -20.154 0.833 27
-0.270 -20.110 0.744 22
-0.291 -20.073 0.856 25
-0.281 -20.086 0.803 29
-0.286 -20.080 0.830 28
-0.283 -20.094 0.813 23
-0.260 -20.145 0.697 164
-0.293 -20.122 0.868 27
-0.286 -20.094 0.831 25
-0.259 -20.241 0.692 161
-0.268 -20.238 0.739 26
-0.273 -20.134 0.764 23
-0.262 -20.108 0.702 177
-0.267 -20.061 0.728 29
-0.262 -20.202 0.707 141
-0.267 -20.102 0.728 17
-0.263 -20.060 0.705 167
-0.262 -20.106 0.702 177
-0.270 -20.090 0.745 16
-0.259 -20.122 0.688 172
-0.262 -20.218 0.707 111
-0.257 -20.075 0.678 169
-0.271 -20.227 0.756 25
-0.286 -20.064 0.828 24
-0.268 -20.132 0.735 22
-0.267 -20.232 0.733 23
-0.267 -20.199 0.736 24
-0.291 -20.073 0.855 26
-0.278 -20.138 0.788 26
-0.273 -20.080 0.762 24
-0.279 -20.101 0.794 25
-0.260 -20.154 0.694 162
-0.290 -20.111 0.853 27
-0.271 -20.065 0.750 17
-0.283 -20.131 0.818 26
-0.286 -20.156 0.831 27
-0.262 -20.174 0.708 97
-0.302 -20.057 0.915 30
-0.268 -20.123 0.737 21
-0.277 -20.182 0.784 25
-0.286 -20.076 0.831 27
-0.283 -20.135 0.817 26
-0.284 -20.056 0.818 29
-0.276 -20.182 0.779 25
-0.293 -20.083 0.869 26
-0.291 -20.116 0.855 27
-0.304 -20.066 0.924 29
-0.265 -20.174 0.721 22
-0.272 -20.146 0.756 23
-0.269 -20.195 0.747 23
-0.259 -20.089 0.687 171
-0.260 -20.258 0.700 162
-0.277 -20.168 0.787 25
-0.293 -20.112 0.869 27
-0.266 -20.160 0.726 25
-0.298 -20.059 0.894 27
-0.266 -20.066 0.724 18
-0.277 -20.158 0.785 25
-0.267 -20.148 0.731 23
-0.268 -20.213 0.738 25
-0.295 -20.103 0.879 28
-0.263 -20.238 0.715 28
-0.266 -20.121 0.726 20
-0.273 -20.168 0.763 24
-0.291 -20.107 0.859 27
-0.262 -20.144 0.703 172
-0.268 -20.140 0.735 23
-0.283 -20.065 0.813 27
-0.283 -20.064 0.811 26
-0.262 -20.232 0.711 46
-0.269 -20.201 0.745 22
-0.264 -20.199 0.716 27
-0.280 -20.060 0.796 24
-0.279 -20.051 0.790 81
-0.258 -20.172 0.683 169
-0.267 -20.081 0.729 16
-0.267 -20.067 0.730 20
-0.279 -20.190 0.797 25
-0.293 -20.077 0.867 26
-0.274 -20.100 0.765 22
-0.264 -20.109 0.714 46
-0.261 -20.151 0.700 168
-0.267 -20.238 0.738 26
-0.293 -20.056 0.867 27
-0.283 -20.155 0.819 28
-0.269 -20.047 0.737 119
-0.268 -20.188 0.738 24
-0.273 -20.156 0.765 25
-0.298 -20.080 0.892 28
-0.270 -20.096 0.748 20
-0.276 -20.163 0.778 26
-0.272 -20.144 0.757 23
-0.270 -20.233 0.751 25
-0.270 -20.157 0.749 24
-0.285 -20.141 0.829 26
-0.291 -20.085 0.858 28
-0.287 -20.116 0.837 28
-0.281 -20.104 0.806 23
-0.299 -20.086 0.900 28
-0.284 -20.142 0.823 27
-0.258 -20.209 0.688 158
-0.285 -20.050 0.823 78
-0.258 -20.152 0.685 171
-0.272 -20.162 0.760 24
-0.306 -20.058 0.937 28
-0.275 -20.074 0.773 22
-0.301 -20.072 0.909 28
-0.259 -20.088 0.685 172
-0.259 -20.059 0.685 160
-0.289 -20.086 0.845 30
-0.260 -20.201 0.697 156
-0.272 -20.069 0.755 20
-0.273 -20.134 0.761 23
-0.260 -20.064 0.694 156
-0.258 -20.171 0.685 169
-0.294 -20.110 0.875 27
-0.266 -20.162 0.729 23
-0.259 -20.225 0.690 159
-0.289 -20.124 0.846 25
-0.271 -20.068 0.752 19
-0.300 -20.074 0.905 30
-0.263 -20.246 0.714 27
-0.260 -20.120 0.692 167
-0.270 -20.179 0.750 22
-0.258 -20.222 0.685 161
-0.263 -20.181 0.714 36
-0.260 -20.082 0.690 165
-0.281 -20.096 0.805 23
-0.277 -20.128 0.782 24
-0.259 -20.163 0.689 167
-0.276 -20.146 0.778 25
-0.258 -20.086 0.679 172
-0.263 -20.192 0.711 75
-0.299 -20.073 0.897 29
-0.273 -20.061 0.759 21
-0.264 -20.097 0.713 39
-0.282 -20.060 0.809 28
-0.261 -20.191 0.699 165
-0.274 -20.177 0.771 25
-0.261 -20.170 0.701 174
-0.266 -20.047 0.724 128
-0.287 -20.115 0.835 28
-0.272 -20.103 0.755 23
-0.261 -20.207 0.701 165
-0.269 -20.105 0.740 20
-0.266 -20.240 0.728 22
-0.281 -20.175 0.806 25
-0.260 -20.204 0.695 158
-0.277 -20.053 0.782 56
-0.259 -20.170 0.691 165
-0.268 -20.164 0.740 24
-0.277 -20.075 0.784 22
-0.263 -20.080 0.708 95
-0.285 -20.088 0.827 24
-0.287 -20.142 0.839 26
-0.274 -20.199 0.772 25
-0.303 -20.065 0.919 30
-0.271 -20.088 0.751 20
-0.266 -20.237 0.729 22
-0.274 -20.053 0.763 91
-0.260 -20.152 0.692 164
-0.262 -20.112 0.703 180
-0.261 -20.052 0.698 163
-0.300 -20.055 0.903 28
-0.288 -20.135 0.840 24
-0.285 -20.086 0.827 24
-0.265 -20.189 0.724 20
-0.271 -20.047 0.749 113
-0.283 -20.079 0.813 25
-0.270 -20.234 0.749 25
-0.304 -20.059 0.925 30
-0.257 -20.130 0.680 176
-0.258 -20.197 0.685 163
-0.274 -20.082 0.767 24
-0.279 -20.168 0.795 26
-0.282 -20.065 0.808 26
-0.258 -20.071 0.679 167
-0.265 -20.078 0.719 21
-0.261 -20.139 0.697 167
-0.263 -20.258 0.717 24
-0.259 -20.118 0.688 173
-0.268 -20.169 0.736 21
-0.272 -20.102 0.758 22
-0.258 -20.083 0.680 171
-0.258 -20.280 0.687 163
-0.278 -20.070 0.787 22
-0.289 -20.062 0.847 23
-0.277 -20.194 0.788 25
-0.267 -20.249 0.734 23
-0.265 -20.156 0.722 27
-0.278 -20.092 0.789 23
-0.263 -20.224 0.716 27
-0.284 -20.089 0.817 22
-0.269 -20.064 0.741 17
-0.257 -20.258 0.682 167
-0.292 -20.053 0.860 38
-0.283 -20.107 0.815 25
-0.264 -20.096 0.716 20
-0.258 -20.219 0.684 165
-0.260 -20.081 0.693 163
-0.284 -20.107 0.820 26
-0.278 -20.157 0.788 26
-0.268 -20.157 0.735 23
-0.265 -20.112 0.720 19
-0.259 -20.284 0.695 154
-0.262 -20.153 0.706 132
-0.260 -20.159 0.693 161
-0.262 -20.260 0.707 111
-0.294 -20.072 0.870 25
-0.268 -20.223 0.742 23
-0.267 -20.247 0.736 23
-0.262 -20.179 0.704 144
-0.269 -20.186 0.744 22
-0.259 -20.115 0.688 173
-0.294 -20.084 0.872 26
-0.280 -20.153 0.800 26
-0.279 -20.140 0.796 26
-0.280 -20.161 0.804 25
-0.272 -20.178 0.761 25
-0.262 -20.126 0.705 159
-0.288 -20.080 0.840 28
-0.269 -20.085 0.741 17
-0.265 -20.125 0.723 22
-0.276 -20.193 0.782 25
-0.291 -20.135 0.857 27
-0.266 -20.061 0.724 30
-0.266 -20.147 0.725 25
-0.268 -20.177 0.741 22
-0.262 -20.064 0.702 171
-0.275 -20.180 0.774 25
-0.298 -20.054 0.895 27
-0.258 -20.254 0.686 163
-0.262 -20.181 0.705 144
-0.284 -20.106 0.819 27
-0.261 -20.049 0.694 164
-0.290 -20.102 0.850 27
-0.275 -20.060 0.770 23
-0.276 -20.094 0.777 22
-0.299 -20.057 0.896 25
-0.262 -20.068 0.700 171
-0.292 -20.103 0.860 27
-0.270 -20.139 0.746 24
-0.262 -20.144 0.704 172
-0.277 -20.086 0.781 21
-0.275 -20.130 0.775 24
-0.291 -20.052 0.854 34
-0.268 -20.162 0.737 23
-0.259 -20.177 0.692 159
-0.281 -20.050 0.803 92
-0.259 -20.203 0.692 157
-0.284 -20.160 0.823 28
-0.272 -20.210 0.760 25
-0.267 -20.106 0.731 15
-0.261 -20.142 0.697 165
-0.288 -20.148 0.843 27
-0.283 -20.093 0.817 23
-0.289 -20.113 0.847 27
-0.264 -20.103 0.716 22
-0.270 -20.231 0.753 26
-0.267 -20.147 0.730 23
-0.268 -20.163 0.739 23
-0.272 -20.161 0.761 25
-0.298 -20.093 0.891 28
-0.297 -20.084 0.887 27
-0.272 -20.095 0.755 22
-0.272 -20.187 0.759 25
-0.259 -20.182 0.691 158
-0.285 -20.112 0.828 27
-0.277 -20.103 0.784 23
-0.260 -20.075 0.690 161
-0.277 -20.174 0.788 25
-0.259 -20.084 0.689 166
-0.276 -20.141 0.781 25
-0.261 -20.205 0.700 166
-0.277 -20.132 0.785 25
-0.283 -20.130 0.815 26
-0.281 -20.130 0.806 27
-0.273 -20.115 0.762 23
-0.263 -20.107 0.707 143
-0.264 -20.215 0.716 23
-0.261 -20.172 0.699 165
-0.259 -20.257 0.692 158
-0.262 -20.265 0.709 70
-0.259 -20.219 0.691 157
-0.280 -20.177 0.804 25
-0.260 -20.181 0.694 158
-0.261 -20.082 0.696 166
-0.264 -20.253 0.721 25
-0.275 -20.175 0.774 25
-0.286 -20.107 0.830 27
-0.258 -20.139 0.684 173
-0.271 -20.047 0.751 113
-0.267 -20.156 0.734 23
-0.257 -20.242 0.684 165
-0.285 -20.162 0.826 27
-0.277 -20.386 0.701 107
-0.272 -20.380 0.690 159
-0.264 -20.322 0.693 157
-0.289 -20.415 0.721 27
-0.320 -20.491 0.779 27
-0.292 -20.456 0.714 29
-0.290 -20.446 0.711 25
-0.321 -20.484 0.785 27
-0.308 -20.445 0.763 29
-0.342 -20.514 0.830 24
-0.285 -20.408 0.713 24
-0.330 -20.496 0.804 33
-0.356 -20.546 0.858 138
-0.316 -20.470 0.775 29
-0.288 -20.426 0.716 27
-0.332 -20.504 0.806 34
-0.277 -20.375 0.705 57
-0.305 -20.476 0.741 27
-0.291 -20.394 0.739 27
-0.290 -20.401 0.731 27
-0.282 -20.427 0.696 142
-0.301 -20.461 0.737 28
-0.310 -20.430 0.776 29
-0.304 -20.414 0.766 28
-0.328 -20.483 0.805 31
-0.310 -20.471 0.759 29
-0.294 -20.453 0.718 25
-0.294 -20.400 0.744 28
-0.328 -20.501 0.796 32
-0.338 -20.510 0.822 26
-0.289 -20.444 0.711 25
-0.290 -20.403 0.732 27
-0.310 -20.426 0.779 29
-0.299 -20.436 0.741 27
-0.323 -20.491 0.786 28
-0.333 -20.511 0.806 29
-0.294 -20.441 0.724 26
-0.347 -20.525 0.840 23
-0.273 -20.374 0.694 160
-0.285 -20.412 0.713 24
-0.286 -20.451 0.699 154
-0.353 -20.538 0.851 146
-0.272 -20.378 0.689 160
-0.312 -20.435 0.780 29
-0.317 -20.446 0.790 30
-0.319 -20.466 0.786 30
-0.275 -20.347 0.712 26
-0.279 -20.415 0.694 159
-0.298 -20.447 0.735 28
-0.346 -20.525 0.838 24
-0.329 -20.488 0.806 31
-0.320 -20.475 0.786 28
-0.305 -20.469 0.744 27
-0.275 -20.360 0.708 51
-0.313 -20.474 0.765 29
-0.295 -20.402 0.746 27
-0.332 -20.511 0.803 29
-0.306 -20.423 0.768 28
-0.298 -20.419 0.748 27
-0.302 -20.465 0.737 28
-0.309 -20.443 0.769 29
-0.291 -20.427 0.723 27
-0.347 -20.530 0.838 76
-0.288 -20.404 0.725 27
-0.269 -20.360 0.688 161
-0.358 -20.544 0.865 118
-0.296 -20.459 0.724 26
-0.328 -20.496 0.799 33
-0.299 -20.403 0.758 28
-0.332 -20.503 0.806 30
-0.328 -20.481 0.805 31
-0.334 -20.495 0.818 32
-0.330 -20.474 0.815 29
-0.330 -20.482 0.811 31
-0.354 -20.537 0.856 144
-0.304 -20.419 0.763 28
-0.321 -20.466 0.792 28
-0.274 -20.347 0.709 33
-0.311 -20.465 0.763 29
-0.355 -20.533 0.860 89
-0.299 -20.416 0.752 28
-0.326 -20.494 0.794 30
-0.280 -20.381 0.711 25
-0.360 -20.546 0.868 110
-0.302 -20.452 0.744 28
-0.284 -20.418 0.706 34
-0.340 -20.509 0.826 25
-0.279 -20.370 0.714 25
-0.307 -20.448 0.759 28
-0.288 -20.396 0.728 27
-0.354 -20.540 0.854 144
-0.290 -20.413 0.727 27
-0.284 -20.371 0.728 28
-0.266 -20.321 0.699 165
-0.274 -20.358 0.706 76
-0.336 -20.503 0.820 30
-0.281 -20.417 0.698 131
-0.302 -20.438 0.751 27
-0.287 -20.412 0.719 27
-0.313 -20.487 0.760 29
-0.321 -20.495 0.779 29
-0.300 -20.447 0.741 27
-0.340 -20.522 0.821 28
-0.282 -20.410 0.706 47
-0.308 -20.473 0.752 29
-0.312 -20.466 0.765 29
-0.315 -20.447 0.782 29
-0.319 -20.461 0.789 28
-0.358 -20.544 0.863 127
-0.275 -20.390 0.694 158
-0.322 -20.494 0.782 30
-0.275 -20.359 0.708 49
-0.315 -20.489 0.765 29
-0.293 -20.427 0.729 27
-0.284 -20.424 0.704 56
-0.294 -20.389 0.749 28
-0.272 -20.343 0.706 52
-0.320 -20.448 0.796 28
-0.336 -20.510 0.815 29
-0.286 -20.402 0.720 26
-0.307 -20.475 0.749 28
-0.320 -20.460 0.793 27
-0.360 -20.549 0.867 117
-0.297 -20.403 0.752 28
-0.291 -20.460 0.707 27
-0.287 -20.384 0.730 27
-0.337 -20.491 0.828 29
-0.321 -20.460 0.796 28
-0.334 -20.498 0.815 31
-0.311 -20.457 0.766 29
-0.287 -20.414 0.717 28
-0.329 -20.479 0.811 31
-0.299 -20.426 0.746 27
-0.347 -20.528 0.841 43
-0.307 -20.443 0.762 29
-0.287 -20.417 0.717 28
-0.278 -20.374 0.709 25
-0.301 -20.428 0.752 27
-0.319 -20.448 0.794 28
-0.351 -20.537 0.845 142
-0.350 -20.521 0.850 22
-0.296 -20.430 0.736 27
-0.357 -20.546 0.859 137
-0.319 -20.459 0.790 27
-0.298 -20.462 0.727 27
-0.334 -20.507 0.810 31
-0.318 -20.497 0.771 30
-0.273 -20.365 0.698 162
-0.325 -20.487 0.794 30
-0.282 -20.430 0.696 146
-0.286 -20.389 0.725 27
-0.315 -20.459 0.777 29
-0.335 -20.442 0.843 31
-0.289 -20.222 0.812 27
-0.283 -20.340 0.739 27
-0.319 -20.428 0.803 28
-0.273 -20.244 0.756 26
-0.269 -20.319 0.707 77
-0.315 -20.175 0.910 30
-0.310 -20.306 0.834 29
-0.307 -20.337 0.810 29
-0.281 -20.202 0.798 26
-0.311 -20.287 0.845 29
-0.279 -20.305 0.745 27
-0.311 -20.291 0.843 29
-0.288 -20.328 0.760 27
-0.333 -20.443 0.839 31
-0.306 -20.097 0.919 29
-0.348 -20.461 0.873 27
-0.296 -20.272 0.810 28
-0.290 -20.283 0.787 28
-0.307 -20.239 0.857 29
-0.268 -20.301 0.714 25
-0.323 -20.245 0.902 29
-0.292 -20.264 0.802 28
-0.320 -20.446 0.797 28
-0.326 -20.405 0.835 30
-0.288 -20.320 0.763 28
-0.297 -20.258 0.820 28
-0.322 -20.279 0.883 29
-0.281 -20.279 0.761 28
-0.307 -20.163 0.892 28
-0.311 -20.089 0.940 27
-0.312 -20.213 0.885 31
-0.308 -20.322 0.820 30
-0.310 -20.322 0.826 30
-0.311 -20.271 0.853 29
-0.304 -20.367 0.789 27
-0.334 -20.327 0.893 32
-0.283 -20.237 0.788 27
-0.282 -20.285 0.763 27
-0.285 -20.193 0.814 26
-0.304 -20.232 0.851 28
-0.308 -20.408 0.782 28
-0.343 -20.433 0.872 29
-0.312 -20.236 0.874 29
-0.335 -20.413 0.857 30
-0.281 -20.333 0.737 27
-0.312 -20.244 0.870 29
-0.293 -20.254 0.808 28
-0.302 -20.367 0.781 27
-0.313 -20.426 0.786 29
-0.356 -20.528 0.865 30
-0.307 -20.395 0.784 28
-0.312 -20.148 0.913 31
-0.313 -20.312 0.839 29
-0.360 -20.523 0.879 25
-0.325 -20.406 0.832 30
-0.289 -20.331 0.761 27
-0.303 -20.314 0.809 28
-0.291 -20.359 0.753 28
-0.313 -20.100 0.940 28
-0.329 -20.387 0.853 30
-0.312 -20.365 0.812 30
-0.318 -20.181 0.917 29
-0.320 -20.158 0.933 31
-0.315 -20.201 0.897 29
-0.275 -20.245 0.761 26
-0.299 -20.231 0.837 28
-0.323 -20.232 0.907 29
-0.308 -20.219 0.870 29
-0.335 -20.393 0.866 29
-0.288 -20.196 0.823 26
-0.333 -20.323 0.893 31
-0.343 -20.480 0.849 28
-0.327 -20.233 0.918 31
-0.329 -20.465 0.816 32
-0.284 -20.340 0.742 27
-0.290 -20.190 0.831 27
-0.284 -20.350 0.737 27
-0.294 -20.288 0.796 28
-0.316 -20.388 0.814 30
-0.311 -20.349 0.817 30
-0.302 -20.274 0.825 29
-0.326 -20.311 0.879 28
-0.311 -20.197 0.888 28
-0.312 -20.103 0.933 27
-0.290 -20.254 0.800 28
-0.271 -20.265 0.740 27
-0.335 -20.459 0.837 30
-0.307 -20.353 0.804 29
-0.312 -20.239 0.870 29
-0.306 -20.116 0.911 29
-0.284 -20.359 0.733 27
-0.289 -20.198 0.824 27
-0.346 -20.448 0.875 29
-0.316 -20.155 0.923 32
-0.339 -20.378 0.886 33
-0.309 -20.136 0.910 30
-0.290 -20.279 0.789 28
-0.302 -20.119 0.899 29
-0.361 -20.543 0.874 95
-0.303 -20.150 0.886 28
-0.323 -20.224 0.911 29
-0.278 -20.236 0.772 26
-0.307 -20.339 0.809 29
-0.258 -20.294 0.687 163
-0.273 -20.227 0.762 25
-0.283 -20.261 0.778 28
-0.342 -20.405 0.883 31
-0.316 -20.147 0.926 32
-0.311 -20.365 0.809 30
-0.306 -20.395 0.781 28
-0.318 -20.245 0.886 29
-0.316 -20.267 0.869 31
-0.299 -20.192 0.856 27
-0.295 -20.337 0.775 29
-0.274 -20.277 0.744 26
-0.318 -20.386 0.820 30
-0.282 -20.250 0.778 26
-0.351 -20.495 0.866 24
-0.304 -20.352 0.797 27
-0.334 -20.277 0.919 31
-0.282 -20.335 0.738 27
-0.292 -20.342 0.766 29
-0.319 -20.438 0.798 28
-0.296 -20.158 0.864 27
-0.314 -20.296 0.851 29
-0.333 -20.291 0.908 30
-0.298 -20.183 0.857 28
-0.302 -20.159 0.880 28
-0.318 -20.214 0.899 29
-0.321 -20.294 0.873 31
-0.275 -20.267 0.751 26
-0.336 -20.456 0.841 31
-0.324 -20.317 0.870 31
-0.315 -20.355 0.826 31
-0.335 -20.302 0.910 30
-0.340 -20.335 0.907 34
-0.325 -20.247 0.905 30
-0.342 -20.491 0.842 28
-0.267 -20.302 0.710 58
-0.327 -20.371 0.854 32
-0.321 -20.229 0.901 30
-0.304 -20.297 0.820 29
-0.347 -20.432 0.884 31
-0.318 -20.202 0.907 29
-0.315 -20.368 0.821 30
-0.352 -20.429 0.899 30
-0.327 -20.332 0.872 31
-0.349 -20.459 0.877 28
-0.293 -20.177 0.845 26
-0.315 -20.163 0.917 33
-0.329 -20.352 0.868 32
-0.277 -20.232 0.773 26
-0.354 -20.443 0.898 28
-0.319 -20.204 0.910 29
-0.280 -20.245 0.775 26
-0.340 -20.477 0.841 26
-0.347 -20.481 0.860 27
-0.284 -20.291 0.766 27
-0.365 -20.549 0.882 30
-0.320 -20.239 0.893 31
-0.291 -20.210 0.823 27
-0.321 -20.186 0.923 29
-0.317 -20.288 0.864 30
-0.273 -20.239 0.758 26
-0.291 -20.154 0.849 27
-0.295 -20.176 0.851 26
-0.349 -20.509 0.855 24
-0.320 -20.300 0.867 30
-0.309 -20.075 0.939 29
-0.283 -20.215 0.798 27
-0.263 -20.274 0.710 75
-0.284 -20.329 0.748 27
-0.288 -20.184 0.827 27
-0.339 -20.447 0.852 31
-0.276 -20.260 0.757 26
-0.334 -20.290 0.913 30
-0.344 -20.369 0.903 35
-0.338 -20.448 0.850 32
-0.308 -20.406 0.781 28
-0.335 -20.341 0.892 35
-0.318 -20.310 0.856 30
-0.345 -20.422 0.882 30
-0.295 -20.281 0.803 28
-0.324 -20.375 0.844 31
-0.274 -20.252 0.754 26
-0.326 -20.336 0.866 31
-0.320 -20.404 0.819 30
-0.274 -20.296 0.733 27
-0.282 -20.328 0.742 27
-0.309 -20.092 0.931 25
-0.356 -20.516 0.871 18
-0.279 -20.254 0.769 28
-0.316 -20.349 0.831 30
-0.289 -20.266 0.790 28
-0.316 -20.400 0.807 29
-0.326 -20.349 0.862 31
-0.331 -20.470 0.820 31
-0.288 -20.280 0.783 28
-0.310 -20.314 0.832 29
-0.265 -20.315 0.698 169
-0.306 -20.104 0.916 29
-0.303 -20.171 0.877 27
-0.348 -20.489 0.861 26
-0.298 -20.220 0.841 27
-0.263 -20.290 0.705 127
-0.338 -20.431 0.859 31
-0.298 -20.233 0.832 28
-0.289 -20.172 0.835 26
-0.298 -20.297 0.803 28
-0.278 -20.308 0.741 27
-0.331 -20.433 0.836 30
-0.273 -20.305 0.725 24
-0.313 -20.355 0.820 30
-0.319 -20.250 0.888 30
-0.335 -20.429 0.851 32
-0.303 -20.192 0.869 28
-0.293 -20.273 0.801 28
-0.347 -20.511 0.846 23
-0.323 -20.384 0.836 30
-0.337 -20.432 0.855 32
-0.303 -20.234 0.848 28
-0.288 -20.182 0.828 27
-0.265 -20.281 0.715 28
-0.271 -20.328 0.710 27
-0.313 -20.428 0.788 30
-0.307 -20.064 0.937 29
-0.307 -20.309 0.823 30
-0.331 -20.473 0.818 29
-0.312 -20.308 0.839 29
-0.335 -20.382 0.872 30
-0.295 -20.325 0.780 29
-0.347 -20.397 0.899 33
-0.321 -20.416 0.816 30
-0.316 -20.209 0.897 29
-0.320 -20.387 0.827 30
-0.321 -20.351 0.845 30
-0.306 -20.379 0.790 28
-0.334 -20.408 0.858 30
-0.333 -20.379 0.866 32
-0.274 -20.247 0.755 26
-0.282 -20.182 0.811 27
-0.340 -20.474 0.843 27
-0.333 -20.468 0.825 30
-0.349 -20.435 0.889 29
-0.290 -20.300 0.779 28
-0.319 -20.332 0.847 31
-0.310 -20.370 0.804 29
-0.299 -20.340 0.788 27
-0.295 -20.275 0.806 28
-0.315 -20.252 0.874 31
-0.311 -20.196 0.889 28
-0.331 -20.418 0.844 29
-0.330 -20.303 0.896 30
-0.297 -20.252 0.821 28
-0.307 -20.200 0.876 29
-0.331 -20.410 0.847 30
-0.305 -20.139 0.896 27
-0.263 -20.269 0.714 23
-0.307 -20.297 0.829 29
-0.278 -20.240 0.772 26
-0.307 -20.320 0.820 30
-0.292 -20.217 0.823 27
-0.319 -20.171 0.923 28
-0.323 -20.245 0.901 30
-0.320 -20.435 0.804 28
-0.319 -20.155 0.931 31
-0.308 -20.271 0.846 29
-0.269 -20.305 0.715 26
-0.353 -20.486 0.877 23
-0.302 -20.403 0.766 28
-0.307 -20.252 0.851 29
-0.308 -20.137 0.908 29
-0.359 -20.497 0.888 23
-0.309 -20.123 0.917 30
-0.313 -20.190 0.896 29
-0.293 -20.381 0.748 28
-0.319 -20.267 0.878 32
-0.326 -20.353 0.858 31
-0.283 -20.351 0.735 27
-0.315 -20.303 0.851 29
-0.277 -20.203 0.786 26
-0.305 -20.166 0.885 28
-0.346 -20.479 0.858 27
-0.311 -20.128 0.920 29
-0.331 -20.261 0.916 31
-0.306 -20.333 0.811 29
-0.313 -20.420 0.789 29
-0.307 -20.099 0.922 27
-0.292 -20.209 0.826 28
-0.307 -20.334 0.813 29
-0.313 -20.233 0.877 29
-0.337 -20.432 0.854 32
-0.290 -20.226 0.812 27
-0.267 -20.299 0.710 58
-0.297 -20.318 0.791 28
-0.295 -20.243 0.821 28
-0.290 -20.357 0.753 28
-0.314 -20.359 0.821 30
-0.326 -20.291 0.887 29
-0.280 -20.222 0.785 26
-0.293 -20.342 0.767 29
-0.324 -20.333 0.863 31
-0.316 -20.375 0.819 31
-0.314 -20.381 0.810 30
-0.299 -20.364 0.774 29
-0.300 -20.222 0.843 27
-0.351 -20.506 0.860 25
-0.293 -20.137 0.863 27
-0.359 -20.486 0.893 22
-0.320 -20.301 0.866 30
-0.300 -20.288 0.813 28
-0.296 -20.248 0.820 28
-0.318 -20.330 0.847 29
-0.328 -20.322 0.881 29
-0.281 -20.339 0.735 27
-0.304 -20.223 0.857 29
-0.287 -20.254 0.790 28
-0.282 -20.276 0.767 28
-0.303 -20.276 0.827 29
-0.341 -20.377 0.891 34
-0.295 -20.279 0.803 28
-0.313 -20.240 0.873 29
-0.333 -20.299 0.905 30
-0.292 -20.210 0.827 28
-0.290 -20.149 0.850 27
-0.309 -20.181 0.889 30
-0.324 -20.358 0.850 31
-0.328 -20.227 0.924 30
-0.283 -20.335 0.741 27
-0.278 -20.270 0.757 27
-0.346 -20.439 0.876 30
-0.327 -20.395 0.842 31
-0.308 -20.334 0.816 30
-0.301 -20.398 0.766 28
-0.306 -20.230 0.858 29
-0.293 -20.136 0.863 27
-0.329 -20.306 0.889 30
-0.269 -20.242 0.743 27
-0.312 -20.113 0.932 28
-0.334 -20.383 0.868 29
-0.305 -20.300 0.824 29
-0.300 -20.180 0.865 28
-0.337 -20.422 0.860 29
-0.333 -20.468 0.825 30
-0.275 -20.325 0.721 24
-0.321 -20.279 0.880 29
-0.316 -20.425 0.798 28
-0.326 -20.267 0.899 31
-0.283 -20.228 0.792 27
-0.307 -20.330 0.816 30
-0.271 -20.319 0.714 25
-0.292 -20.248 0.808 28
-0.268 -20.300 0.713 33
-0.300 -20.395 0.763 28
-0.307 -20.319 0.819 28
-0.311 -20.200 0.887 31
-0.294 -20.300 0.790 28
-0.320 -20.415 0.813 30
-0.293 -20.197 0.835 26
-0.298 -20.280 0.811 28
-0.318 -20.326 0.848 29
-0.311 -20.125 0.921 28
-0.312 -20.147 0.914 31
-0.331 -20.345 0.878 32
-0.302 -20.180 0.869 27
-0.325 -20.206 0.923 30
-0.290 -20.185 0.833 27
-0.331 -20.293 0.902 30
-0.342 -20.429 0.871 29
-0.276 -20.313 0.732 27
-0.299 -20.162 0.870 26
-0.309 -20.199 0.882 31
-0.345 -20.475 0.856 27
-0.357 -20.497 0.883 24
-0.277 -20.211 0.783 26
-0.310 -20.381 0.800 28
-0.351 -20.511 0.857 20
-0.362 -20.514 0.888 21
-0.336 -20.299 0.913 30
-0.308 -20.168 0.892 29
-0.281 -20.224 0.789 27
-0.309 -20.092 0.932 25
-0.320 -20.237 0.895 30
-0.295 -20.339 0.776 29
-0.299 -20.288 0.809 28
-0.300 -20.124 0.891 28
-0.357 -20.465 0.898 24
-0.293 -20.260 0.807 28
-0.354 -20.457 0.893 26
-0.322 -20.191 0.923 30
-0.293 -20.327 0.776 28
-0.320 -20.297 0.869 31
-0.265 -20.305 0.703 142
-0.280 -20.193 0.799 25
-0.338 -20.317 0.911 32
-0.312 -20.402 0.796 29
-0.293 -20.241 0.816 27
-0.309 -20.332 0.821 30
-0.276 -20.231 0.771 26
-0.276 -20.246 0.764 25
-0.279 -20.223 0.783 26
-0.299 -20.332 0.790 27
-0.287 -20.246 0.795 28
-0.269 -20.247 0.741 27
-0.306 -20.265 0.843 29
-0.326 -20.378 0.848 30
-0.309 -20.129 0.913 30
-0.296 -20.300 0.796 28
-0.330 -20.295 0.898 29
-0.312 -20.210 0.884 31
-0.333 -20.330 0.892 32
-0.278 -20.219 0.780 26
-0.328 -20.449 0.819 30
-0.267 -20.307 0.709 64
-0.326 -20.352 0.859 31
-0.309 -20.122 0.916 30
-0.288 -20.190 0.823 27
-0.316 -20.274 0.867 31
-0.318 -20.175 0.919 29
-0.295 -20.144 0.867 27
-0.316 -20.180 0.909 29
-0.269 -20.319 0.708 77
-0.298 -20.185 0.856 28
-0.313 -20.168 0.906 31
-0.300 -20.255 0.828 28
-0.287 -20.235 0.801 27
-0.293 -20.203 0.834 27
-0.354 -20.442 0.899 28
-0.328 -20.361 0.862 31
-0.301 -20.251 0.833 28
-0.297 -20.368 0.766 29
-0.309 -20.297 0.835 29
-0.310 -20.089 0.936 26
-0.292 -20.154 0.851 27
-0.305 -20.337 0.805 29
-0.301 -20.150 0.879 28
-0.332 -20.451 0.832 31
-0.315 -20.294 0.853 29
-0.307 -20.077 0.932 28
-0.325 -20.460 0.807 30
-0.294 -20.120 0.875 26
-0.311 -20.114 0.928 28
-0.321 -20.322 0.860 31
-0.288 -20.328 0.759 27
-0.280 -20.268 0.764 28
-0.317 -20.306 0.854 29
-0.321 -20.386 0.830 30
-0.303 -20.195 0.866 29
-0.305 -20.104 0.912 29
-0.299 -20.279 0.816 28
-0.304 -20.287 0.827 29
-0.326 -20.223 0.920 30
-0.307 -20.177 0.885 28
-0.315 -20.263 0.869 31
-0.296 -20.371 0.763 28
-0.288 -20.259 0.792 28
-0.277 -20.334 0.724 26
-0.314 -20.316 0.840 29
-0.363 -20.537 0.882 48
-0.295 -20.314 0.787 28
-0.302 -20.290 0.817 29
-0.290 -20.365 0.749 28
-0.282 -20.190 0.807 27
-0.325 -20.220 0.920 30
-0.293 -20.355 0.761 28
-0.327 -20.276 0.897 31
-0.295 -20.149 0.863 27
-0.317 -20.149 0.928 32
-0.284 -20.283 0.769 27
-0.325 -20.455 0.808 29
-0.311 -20.276 0.852 29
-0.295 -20.370 0.760 28
-0.346 -20.485 0.857 27
-0.304 -20.098 0.914 29
-0.323 -20.440 0.811 28
-0.295 -20.321 0.784 28
-0.297 -20.191 0.849 27
-0.297 -20.150 0.868 27
-0.327 -20.330 0.872 28
-0.329 -20.322 0.883 30
-0.325 -20.370 0.849 32
-0.278 -20.342 0.724 25
-0.303 -20.242 0.844 28
-0.278 -20.226 0.780 26
-0.303 -20.374 0.783 28
-0.324 -20.300 0.878 27
-0.295 -20.174 0.852 26
-0.307 -20.320 0.820 30
-0.332 -20.404 0.852 30
-0.336 -20.358 0.886 34
-0.349 -20.409 0.901 33
-0.308 -20.347 0.810 29
-0.289 -20.183 0.831 27
-0.322 -20.211 0.913 30
-0.303 -20.400 0.770 28
-0.271 -20.321 0.714 24
-0.335 -20.351 0.885 34
-0.266 -20.309 0.705 116
-0.351 -20.479 0.873 26
-0.335 -20.326 0.897 32
-0.303 -20.198 0.865 29
-0.307 -20.205 0.874 29
-0.328 -20.315 0.882 29
-0.340 -20.381 0.886 33
-0.302 -20.165 0.878 28
-0.356 -20.496 0.879 24
-0.358 -20.477 0.896 23
-0.299 -20.191 0.855 27
-0.312 -20.201 0.888 28
-0.319 -20.369 0.830 30
-0.306 -20.134 0.903 28
-0.354 -20.524 0.862 23
-0.344 -20.422 0.879 30
-0.359 -20.505 0.886 23
-0.310 -20.252 0.858 29
-0.300 -20.314 0.802 28
-0.325 -20.334 0.865 32
-0.355 -20.448 0.899 27
-0.337 -20.310 0.912 32
-0.323 -20.207 0.917 30
-0.329 -20.412 0.839 30
-0.320 -20.340 0.847 30
-0.309 -20.231 0.867 30
-0.280 -20.186 0.803 26
-0.344 -20.433 0.875 30
-0.319 -20.185 0.918 30
-0.341 -20.336 0.912 34
-0.336 -20.404 0.864 30
-0.326 -20.370 0.852 32
-0.340 -20.466 0.848 28
-0.323 -20.245 0.902 30
-0.307 -20.217 0.867 29
-0.309 -20.099 0.927 27
-0.346 -20.436 0.879 29
-0.326 -20.374 0.851 32
-0.342 -20.422 0.872 30
-0.277 -20.275 0.753 27
-0.321 -20.302 0.867 31
-0.338 -20.330 0.905 32
-0.328 -20.354 0.865 31
-0.357 -20.514 0.875 20
-0.273 -20.241 0.758 26
-0.329 -20.269 0.906 32
-0.279 -20.342 0.726 26
-0.307 -20.314 0.823 30
-0.323 -20.283 0.884 29
-0.269 -20.322 0.708 82
-0.328 -20.454 0.817 31
-0.313 -20.254 0.868 30
-0.285 -20.211 0.807 27
-0.297 -20.343 0.778 29
-0.291 -20.155 0.850 27
-0.352 -20.464 0.884 26
-0.334 -20.426 0.849 29
-0.349 -20.431 0.890 30
-0.262 -20.304 0.694 160
-0.259 -20.301 0.689 162
-0.325 -20.311 0.875 28
-0.283 -20.267 0.774 28
-0.305 -20.328 0.808 29
-0.304 -20.188 0.872 28
-0.341 -20.485 0.840 28
-0.310 -20.346 0.815 30
-0.341 -20.461 0.852 29
-0.308 -20.400 0.785 29
-0.324 -20.408 0.829 30
-0.270 -20.299 0.720 26
-0.289 -20.314 0.768 28
-0.331 -20.382 0.860 30
-0.312 -20.238 0.872 29
-0.335 -20.321 0.900 32
-0.298 -20.135 0.880 27
-0.316 -20.429 0.794 28
-0.347 -20.429 0.886 31
-0.294 -20.328 0.777 28
-0.308 -20.136 0.907 29
-0.293 -20.364 0.758 28
-0.290 -20.337 0.760 27
-0.277 -20.216 0.781 26
-0.308 -20.417 0.776 28
-0.311 -20.394 0.796 28
-0.289 -20.176 0.834 27
-0.313 -20.357 0.819 30
-0.279 -20.288 0.752 27
-0.318 -20.262 0.877 32
-0.286 -20.211 0.808 27
-0.308 -20.189 0.883 30
-0.299 -20.189 0.857 27
-0.317 -20.429 0.798 28
-0.342 -20.369 0.899 35
-0.337 -20.427 0.858 32
-0.321 -20.351 0.847 30
-0.330 -20.312 0.891 30
-0.308 -20.319 0.822 30
-0.319 -20.161 0.927 31
-0.320 -20.222 0.903 30
-0.332 -20.411 0.850 30
-0.338 -20.337 0.901 35
-0.289 -20.340 0.757 27
-0.339 -20.341 0.902 35
-0.279 -20.269 0.761 28
-0.305 -20.193 0.871 28
-0.282 -20.284 0.763 28
-0.363 -20.522 0.887 29
-0.320 -20.273 0.878 32
-0.324 -20.456 0.805 29
-0.324 -20.225 0.915 30
-0.320 -20.247 0.890 30
-0.320 -20.341 0.848 30
-0.306 -20.118 0.910 29
-0.337 -20.485 0.830 26
-0.348 -20.476 0.866 26
-0.316 -20.435 0.792 28
-0.307 -20.093 0.924 27
-0.306 -20.118 0.909 29
-0.332 -20.266 0.916 31
-0.306 -20.197 0.873 29
-0.345 -20.439 0.875 30
-0.338 -20.314 0.914 32
-0.333 -20.278 0.916 31
-0.307 -20.267 0.843 29
-0.297 -20.262 0.816 28
-0.337 -20.354 0.890 34
-0.315 -20.221 0.888 29
-0.276 -20.255 0.757 25
-0.332 -20.310 0.898 30
-0.295 -20.165 0.858 28
-0.307 -20.292 0.831 29
-0.311 -20.086 0.940 28
-0.303 -20.273 0.829 29
-0.330 -20.277 0.905 32
-0.361 -20.506 0.890 22
-0.304 -20.362 0.791 27
-0.349 -20.453 0.880 28
-0.290 -20.342 0.758 27
-0.303 -20.290 0.821 29
-0.303 -20.384 0.777 28
-0.300 -20.113 0.896 28
-0.298 -20.239 0.830 28
-0.328 -20.390 0.847 30
-0.182 -20.339 0.147 73
-0.164 -20.358 0.093 90
-0.199 -20.388 0.078 105
-0.207 -20.369 0.122 128
-0.220 -20.385 0.108 122
-0.192 -20.384 0.077 131
-0.254 -20.427 0.070 36
-0.164 -20.376 0.060 97
-0.202 -20.387 0.083 127
-0.177 -20.344 0.133 74
-0.188 -20.392 0.058 128
-0.209 -20.390 0.086 126
-0.236 -20.416 0.069 22
-0.178 -20.337 0.147 94
-0.208 -20.390 0.085 126
-0.195 -20.407 0.039 22
-0.186 -20.395 0.051 77
-0.175 -20.326 0.163 46
-0.257 -20.444 0.042 142
-0.204 -20.411 0.043 23
-0.198 -20.370 0.109 119
-0.167 -20.390 0.039 77
-0.232 -20.427 0.046 32
-0.196 -20.356 0.132 95
-0.192 -20.366 0.111 96
-0.267 -20.452 0.041 121
-0.204 -20.399 0.064 76
-0.164 -20.313 0.175 45
-0.187 -20.350 0.134 118
-0.186 -20.341 0.148 59
-0.233 -20.405 0.085 77
-0.177 -20.387 0.055 123
-0.164 -20.365 0.080 119
-0.196 -20.385 0.080 114
-0.164 -20.346 0.115 68
-0.174 -20.349 0.119 66
-0.175 -20.355 0.112 106
-0.185 -20.347 0.137 66
-0.169 -20.388 0.043 93
-0.184 -20.361 0.110 117
-0.249 -20.431 0.057 44
-0.179 -20.365 0.098 119
-0.234 -20.413 0.073 24
-0.174 -20.391 0.044 87
-0.202 -20.378 0.100 89
-0.177 -20.390 0.051 113
-0.215 -20.408 0.060 26
-0.170 -20.391 0.039 70
-0.207 -20.395 0.074 107
-0.167 -20.320 0.166 38
-0.258 -20.432 0.066 42
-0.227 -20.420 0.052 25
-0.171 -20.343 0.128 84
-0.202 -20.405 0.050 25
-0.200 -20.380 0.093 101
-0.230 -20.399 0.095 122
-0.214 -20.410 0.055 21
-0.181 -20.339 0.148 94
-0.209 -20.403 0.063 40
-0.174 -20.334 0.149 61
-0.222 -20.412 0.060 27
-0.210 -20.389 0.089 130
-0.176 -20.353 0.116 100
-0.207 -20.405 0.055 33
-0.201 -20.369 0.114 131
-0.174 -20.393 0.040 58
-0.247 -20.429 0.060 38
-0.254 -20.440 0.047 121
-0.182 -20.376 0.080 128
-0.225 -20.394 0.098 148
-0.233 -20.411 0.076 39
-0.175 -20.342 0.133 77
-0.210 -20.384 0.099 150
-0.259 -20.434 0.063 51
-0.193 -20.380 0.085 121
-0.202 -20.371 0.113 131
-0.181 -20.343 0.139 56
-0.170 -20.363 0.090 108
-0.198 -20.393 0.068 123
-0.268 -20.447 0.051 151
-0.163 -20.322 0.158 40
-0.216 -20.414 0.050 24
-0.167 -20.332 0.144 49
-0.190 -20.401 0.045 36
-0.203 -20.408 0.046 23
-0.246 -20.423 0.067 39
-0.236 -20.419 0.064 25
-0.160 -20.372 0.062 108
-0.241 -20.425 0.060 33
-0.203 -20.367 0.121 134
-0.217 -20.413 0.054 24
-0.206 -20.409 0.048 25
-0.225 -20.389 0.106 131
-0.214 -20.388 0.095 116
-0.234 -20.423 0.055 27
-0.238 -20.434 0.039 74
-0.249 -20.430 0.060 38
-0.196 -20.382 0.086 124
-0.194 -20.373 0.100 122
-0.255 -20.426 0.073 31
-0.183 -20.368 0.096 103
-0.166 -20.367 0.078 125
-0.220 -20.420 0.043 23
-0.183 -20.374 0.086 125
-0.213 -20.373 0.122 85
-0.252 -20.423 0.076 38
-0.233 -20.422 0.054 27
-0.173 -20.391 0.043 88
-0.187 -20.357 0.122 97
-0.220 -20.413 0.057 24
-0.279 -20.458 0.044 97
-0.269 -20.452 0.042 121
-0.198 -20.388 0.076 109
-0.103 -20.138 0.041 62
-0.113 -20.180 0.054 31
-0.105 -20.150 0.042 50
-0.109 -20.171 0.047 31
-0.111 -20.168 0.053 22
-0.108 -20.165 0.046 47
-0.108 -20.166 0.047 47
-0.109 -20.161 0.049 46
-0.109 -20.162 0.049 46
-0.146 -20.244 0.051 49
-0.125 -20.214 0.044 52
-0.149 -20.250 0.043 119
-0.123 -20.209 0.058 134
-0.122 -20.205 0.064 19
-0.109 -20.191 0.042 74
-0.128 -20.219 0.046 50
-0.126 -20.216 0.044 51
-0.134 -20.226 0.051 53
-0.121 -20.206 0.054 123
-0.151 -20.253 0.044 141
-0.111 -20.196 0.040 69
-0.145 -20.244 0.046 67
-0.215 -20.368 0.092 32
-0.168 -20.306 0.133 35
-0.174 -20.315 0.134 42
-0.214 -20.358 0.066 26
-0.233 -20.391 0.073 133
-0.174 -20.311 0.117 44
-0.204 -20.348 0.085 54
-0.177 -20.305 0.081 117
-0.176 -20.323 0.153 47
-0.167 -20.298 0.113 32
-0.175 -20.317 0.136 42
-0.245 -20.407 0.066 139
-0.206 -20.353 0.088 110
-0.218 -20.357 0.042 131
-0.189 -20.330 0.104 101
-0.175 -20.317 0.138 42
-0.171 -20.298 0.089 74
-0.179 -20.317 0.116 43
-0.225 -20.371 0.049 111
-0.193 -20.334 0.095 96
-0.229 -20.380 0.055 32
-0.224 -20.374 0.066 47
-0.190 -20.313 0.040 96
-0.227 -20.388 0.096 28
-0.266 -20.434 0.043 44
-0.239 -20.402 0.079 28
-0.173 -20.293 0.062 30
-0.232 -20.393 0.085 28
-0.172 -20.285 0.044 78
-0.224 -20.381 0.086 95
-0.210 -20.346 0.045 123
-0.186 -20.310 0.049 79
-0.179 -20.317 0.115 43
-0.197 -20.331 0.063 65
-0.238 -20.403 0.087 29
-0.267 -20.439 0.056 124
-0.169 -20.293 0.085 92
-0.181 -20.324 0.124 58
-0.208 -20.350 0.068 45
-0.168 -20.302 0.121 30
-0.224 -20.380 0.086 95
-0.199 -20.331 0.049 101
-0.247 -20.413 0.073 73
-0.167 -20.306 0.140 35
-0.179 -20.307 0.079 106
-0.172 -20.290 0.060 35
-0.174 -20.303 0.091 91
-0.197 -20.352 0.134 118
-0.255 -20.416 0.039 112
-0.224 -20.383 0.097 35
-0.188 -20.340 0.145 72
-0.231 -20.379 0.044 131
-0.193 -20.347 0.140 93
-0.173 -20.292 0.062 30
-0.238 -20.403 0.088 29
-0.218 -20.366 0.068 34
-0.206 -20.350 0.081 33
-0.206 -20.352 0.086 57
-0.230 -20.389 0.083 59
-0.166 -20.301 0.131 31
-0.220 -20.377 0.095 24
-0.225 -20.381 0.086 50
-0.232 -20.392 0.087 18
-0.259 -20.430 0.070 32
-0.189 -20.343 0.147 60
-0.198 -20.328 0.045 120
-0.180 -20.322 0.123 57
-0.241 -20.404 0.076 49
-0.239 -20.395 0.055 33
-0.168 -20.287 0.070 41
-0.200 -20.341 0.079 49
-0.222 -20.379 0.091 33
-0.176 -20.314 0.118 33
-0.210 -20.361 0.098 14
-0.262 -20.431 0.055 112
-0.175 -20.320 0.145 42
-0.209 -20.355 0.078 33
-0.239 -20.404 0.087 33
-0.165 -20.291 0.101 61
-0.165 -20.279 0.057 26
-0.206 -20.355 0.099 34
-0.181 -20.326 0.132 59
-0.166 -20.279 0.049 70
-0.263 -20.430 0.045 43
-0.222 -20.378 0.089 50
-0.230 -20.376 0.040 111
-0.188 -20.319 0.074 79
-0.240 -20.404 0.083 27
-0.165 -20.294 0.109 32
-0.257 -20.427 0.066 79
-0.252 -20.413 0.047 32
-0.194 -20.339 0.107 93
-0.238 -20.396 0.061 45
-0.168 -20.282 0.055 29
-0.231 -20.378 0.042 112
-0.176 -20.317 0.132 40
-0.194 -20.348 0.136 79
-0.232 -20.382 0.053 44
-0.224 -20.377 0.077 97
-0.178 -20.325 0.149 49
-0.227 -20.375 0.049 123
-0.220 -20.363 0.049 128
-0.246 -20.411 0.072 81
-0.218 -20.364 0.061 23
-0.237 -20.396 0.069 103
-0.182 -20.308 0.065 67
-0.171 -20.318 0.160 39
-0.170 -20.310 0.136 39
-0.226 -20.381 0.079 136
-0.232 -20.392 0.085 28
-0.176 -20.314 0.118 46
-0.260 -20.426 0.048 45
-0.181 -20.327 0.137 52
-0.263 -20.433 0.057 123
-0.165 -20.293 0.105 32
-0.185 -20.323 0.103 91
-0.213 -20.372 0.121 93
-0.186 -20.328 0.111 86
-0.215 -20.363 0.076 30
-0.198 -20.330 0.056 98
-0.225 -20.379 0.078 133
-0.223 -20.380 0.091 33
-0.258 -20.423 0.049 46
-0.164 -20.308 0.166 34
-0.193 -20.339 0.114 97
-0.254 -20.418 0.054 48
-0.199 -20.330 0.049 130
-0.204 -20.348 0.086 54
-0.196 -20.346 0.118 76
-0.260 -20.430 0.065 75
-0.190 -20.332 0.105 101
-0.212 -20.365 0.098 18
-0.162 -20.290 0.113 33
-0.262 -20.429 0.049 44
-0.249 -20.414 0.068 137
-0.173 -20.300 0.086 102
-0.212 -20.362 0.091 103
-0.205 -20.342 0.056 97
-0.267 -20.435 0.045 45
-0.175 -20.305 0.092 93
-0.204 -20.337 0.044 139
-0.198 -20.327 0.042 107
-0.212 -20.353 0.059 48
-0.191 -20.338 0.121 87
-0.197 -20.336 0.081 61
-0.170 -20.301 0.106 31
-0.242 -20.407 0.081 26
-0.243 -20.405 0.068 131
-0.190 -20.322 0.070 62
-0.170 -20.307 0.127 37
-0.195 -20.334 0.084 58
-0.230 -20.381 0.054 37
-0.221 -20.381 0.108 126
-0.165 -20.295 0.117 33
-0.183 -20.306 0.054 76
-0.236 -20.394 0.073 140
-0.195 -20.328 0.064 57
-0.179 -20.297 0.045 27
-0.221 -20.376 0.091 37
-0.171 -20.308 0.126 37
-0.181 -20.321 0.116 44
-0.210 -20.353 0.066 27
-0.251 -20.418 0.070 67
-0.134 -20.299 0.103 28
-0.100 -20.311 0.086 32
-0.145 -20.281 0.059 34
-0.113 -20.300 0.070 40
-0.116 -20.306 0.094 30
-0.160 -20.282 0.087 59
-0.160 -20.277 0.070 34
-0.154 -20.292 0.109 34
-0.126 -20.292 0.066 43
-0.130 -20.303 0.109 34
-0.127 -20.307 0.117 28
-0.092 -20.314 0.083 32
-0.156 -20.297 0.129 35
-0.138 -20.313 0.153 33
-0.157 -20.309 0.171 33
-0.102 -20.308 0.080 35
-0.151 -20.299 0.129 33
-0.129 -20.298 0.091 36
-0.129 -20.315 0.146 31
-0.151 -20.298 0.123 35
-0.106 -20.308 0.086 31
-0.126 -20.300 0.092 32
-0.157 -20.278 0.069 35
-0.085 -20.322 0.099 22
-0.099 -20.319 0.110 28
-0.157 -20.290 0.107 27
-0.110 -20.304 0.080 34
-0.105 -20.312 0.100 28
-0.092 -20.321 0.106 24
-0.131 -20.301 0.102 31
-0.151 -20.277 0.059 27
-0.090 -20.325 0.115 31
-0.094 -20.316 0.093 24
-0.125 -20.294 0.070 48
-0.136 -20.297 0.098 36
-0.130 -20.312 0.136 31
-0.118 -20.297 0.069 39
-0.106 -20.319 0.123 29
-0.122 -20.317 0.139 28
-0.149 -20.283 0.072 53
-0.129 -20.305 0.113 27
-0.155 -20.309 0.168 34
-0.124 -20.306 0.107 29
-0.116 -20.318 0.134 30
-0.119 -20.311 0.117 27
-0.127 -20.305 0.108 28
-0.128 -20.293 0.073 48
-0.157 -20.296 0.128 35
-0.137 -20.310 0.143 30
-0.137 -20.299 0.106 33
-0.101 -20.308 0.078 29
-0.133 -20.291 0.072 42
-0.156 -20.276 0.062 32
-0.155 -20.306 0.156 30
-0.135 -20.311 0.142 30
-0.145 -20.296 0.108 35
-0.151 -20.300 0.131 31
-0.159 -20.279 0.076 41
-0.116 -20.305 0.092 30
-0.098 -20.312 0.088 30
-0.105 -20.319 0.121 29
-0.158 -20.308 0.169 31
-0.125 -20.313 0.132 31
-0.132 -20.299 0.096 34
-0.160 -20.273 0.058 53
-0.074 -20.328 0.100 29
-0.122 -20.315 0.133 33
-0.149 -20.305 0.144 31
-0.137 -20.292 0.083 41
-0.131 -20.288 0.059 41
-0.125 -20.309 0.120 31
-0.088 -20.320 0.099 27
-0.124 -20.314 0.136 34
-0.110 -20.314 0.112 24
-0.159 -20.304 0.158 33
