-0.299 -20.796 0.529 19
-0.295 -20.796 0.527 10
-0.292 -20.799 0.489 32
-0.284 -20.798 0.513 12
-0.353 -20.790 0.516 66
-0.323 -20.794 0.501 38
-0.294 -20.798 0.496 28
-0.283 -20.800 0.493 14
-0.326 -20.793 0.518 43
-0.308 -20.796 0.506 32
-0.292 -20.799 0.481 40
-0.289 -20.797 0.521 6
-0.303 -20.798 0.475 38
-0.308 -20.796 0.504 32
-0.294 -20.796 0.530 14
-0.290 -20.797 0.524 8
-0.320 -20.795 0.497 40
-0.351 -20.791 0.503 27
-0.306 -20.797 0.480 44
-0.355 -20.790 0.505 29
-0.335 -20.793 0.502 45
-0.304 -20.798 0.473 40
-0.303 -20.797 0.504 28
-0.322 -20.795 0.490 38
-0.360 -20.789 0.518 46
-0.380 -20.786 0.521 56
-0.359 -20.789 0.518 64
-0.314 -20.794 0.518 27
-0.282 -20.799 0.514 27
-0.297 -20.799 0.479 41
-0.321 -20.795 0.491 45
-0.353 -20.790 0.508 22
-0.311 -20.797 0.484 43
-0.288 -20.798 0.515 8
-0.362 -20.788 0.521 44
-0.305 -20.797 0.490 36
-0.331 -20.793 0.504 38
-0.300 -20.798 0.482 41
-0.349 -20.791 0.509 68
-0.317 -20.795 0.504 40
-0.300 -20.795 0.535 16
-0.282 -20.779 0.620 17
-0.362 -20.783 0.726 56
-0.294 -20.791 0.588 11
-0.283 -20.774 0.642 14
-0.350 -20.784 0.707 56
-0.287 -20.793 0.565 14
-0.282 -20.774 0.638 17
-0.370 -20.782 0.747 56
-0.305 -20.773 0.681 22
-0.349 -20.787 0.692 41
-0.296 -20.779 0.641 10
-0.328 -20.777 0.701 36
-0.293 -20.788 0.600 12
-0.348 -20.787 0.691 16
-0.297 -20.770 0.680 42
-0.281 -20.786 0.589 15
-0.360 -20.786 0.715 38
-0.306 -20.775 0.672 47
-0.296 -20.789 0.599 11
-0.299 -20.790 0.601 13
-0.305 -20.784 0.632 25
-0.284 -20.795 0.552 16
-0.331 -20.780 0.694 49
-0.292 -20.773 0.658 31
-0.335 -20.788 0.665 89
-0.333 -20.780 0.693 36
-0.342 -20.781 0.704 53
-0.324 -20.789 0.643 52
-0.296 -20.785 0.615 9
-0.292 -20.789 0.593 14
-0.341 -20.783 0.694 27
-0.358 -20.780 0.735 41
-0.295 -20.787 0.605 13
-0.353 -20.785 0.708 74
-0.286 -20.790 0.576 16
-0.373 -20.783 0.746 44
-0.311 -20.776 0.678 35
-0.298 -20.783 0.625 13
-0.290 -20.789 0.590 14
-0.303 -20.771 0.684 16
-0.299 -20.777 0.655 19
-0.290 -20.775 0.646 18
-0.323 -20.783 0.669 192
-0.312 -20.779 0.665 133
-0.295 -20.778 0.645 13
-0.323 -20.777 0.693 45
-0.335 -20.780 0.699 57
-0.329 -20.785 0.667 127
-0.303 -20.784 0.633 18
-0.308 -20.788 0.623 33
-0.365 -20.781 0.740 57
-0.288 -20.777 0.638 16
-0.300 -20.780 0.643 10
-0.313 -20.785 0.641 41
-0.346 -20.778 0.724 45
-0.324 -20.790 0.641 52
-0.305 -20.790 0.607 32
-0.291 -20.775 0.649 21
-0.362 -20.784 0.722 49
-0.340 -20.779 0.712 41
-0.284 -20.791 0.569 16
-0.319 -20.790 0.631 48
-0.313 -20.792 0.614 45
-0.302 -20.793 0.591 16
-0.302 -20.777 0.660 55
-0.288 -20.769 0.669 45
-0.359 -20.781 0.733 50
-0.320 -20.786 0.650 20
-0.311 -20.792 0.610 44
-0.309 -20.780 0.658 18
-0.325 -20.774 0.710 35
-0.381 -20.772 0.856 36
-0.365 -20.769 0.842 31
-0.342 -20.776 0.732 42
-0.379 -20.770 0.865 35
-0.352 -20.769 0.817 30
-0.361 -20.773 0.801 35
-0.401 -20.768 0.930 29
-0.348 -20.775 0.748 43
-0.382 -20.772 0.852 39
-0.378 -20.771 0.856 35
-0.400 -20.769 0.920 38
-0.355 -20.769 0.822 31
-0.334 -20.768 0.782 22
-0.360 -20.769 0.831 30
-0.302 -20.770 0.689 11
-0.332 -20.772 0.739 37
-0.388 -20.777 0.821 46
-0.377 -20.777 0.801 45
-0.350 -20.773 0.777 40
-0.379 -20.778 0.796 48
-0.376 -20.776 0.806 44
-0.372 -20.770 0.849 32
-0.327 -20.771 0.741 31
-0.384 -20.780 0.789 64
-0.308 -20.769 0.715 20
-0.382 -20.774 0.837 44
-0.361 -20.778 0.751 46
-0.304 -20.768 0.710 13
-0.325 -20.769 0.748 25
-0.359 -20.775 0.772 43
-0.369 -20.778 0.778 43
-0.373 -20.777 0.792 44
-0.379 -20.779 0.789 48
-0.338 -20.773 0.751 35
-0.303 -20.770 0.690 14
-0.342 -20.774 0.747 39
-0.345 -20.770 0.789 31
-0.374 -20.773 0.828 39
-0.375 -20.773 0.831 42
-0.350 -20.773 0.773 40
-0.383 -20.775 0.833 45
-0.352 -20.772 0.787 38
-0.354 -20.768 0.824 29
-0.356 -20.768 0.826 30
-0.361 -20.777 0.763 42
-0.337 -20.768 0.787 25
-0.388 -20.775 0.841 43
-0.382 -20.769 0.886 30
-0.378 -20.772 0.843 38
-0.376 -20.773 0.830 42
-0.344 -20.772 0.769 35
-0.388 -20.774 0.853 44
-0.394 -20.771 0.890 38
-0.389 -20.769 0.894 34
-0.342 -20.773 0.758 39
-0.369 -20.779 0.761 54
-0.354 -20.772 0.791 37
-0.310 -20.771 0.703 26
-0.366 -20.780 0.751 55
-0.388 -20.773 0.862 41
-0.361 -20.776 0.774 46
-0.358 -20.778 0.751 48
-0.326 -20.770 0.746 29
-0.363 -20.777 0.767 47
-0.350 -20.769 0.811 32
-0.352 -20.774 0.774 42
-0.385 -20.767 0.901 34
-0.386 -20.772 0.869 36
-0.358 -20.775 0.779 43
-0.374 -20.776 0.799 42
-0.393 -20.774 0.865 45
-0.365 -20.777 0.773 48
-0.338 -20.776 0.721 40
-0.371 -20.776 0.791 44
-0.353 -20.770 0.808 33
-0.300 -20.769 0.695 12
-0.394 -20.771 0.893 38
-0.319 -20.771 0.719 31
-0.352 -20.770 0.807 33
-0.397 -20.771 0.894 41
-0.400 -20.771 0.905 38
-0.343 -20.773 0.762 37
-0.378 -20.781 0.768 45
-0.378 -20.776 0.815 41
-0.346 -20.790 0.541 57
-0.359 -20.786 0.686 125
-0.378 -20.786 0.552 43
-0.347 -20.790 0.552 54
-0.321 -20.792 0.608 47
-0.373 -20.786 0.591 60
-0.344 -20.790 0.569 58
-0.333 -20.791 0.577 55
-0.364 -20.787 0.587 67
-0.337 -20.791 0.567 57
-0.313 -20.793 0.575 25
-0.353 -20.787 0.696 10
-0.337 -20.790 0.574 55
-0.349 -20.788 0.665 24
-0.380 -20.785 0.598 52
-0.363 -20.786 0.708 29
-0.379 -20.785 0.584 42
-0.328 -20.791 0.580 50
-0.350 -20.788 0.645 66
-0.358 -20.786 0.706 39
-0.347 -20.788 0.676 124
-0.345 -20.788 0.671 32
-0.373 -20.786 0.566 57
-0.369 -20.787 0.579 63
-0.369 -20.786 0.649 63
-0.321 -20.792 0.618 50
-0.342 -20.789 0.606 57
-0.359 -20.786 0.703 31
-0.358 -20.786 0.703 31
-0.379 -20.785 0.590 48
-0.313 -20.793 0.555 22
-0.352 -20.789 0.574 59
-0.375 -20.787 0.535 58
-0.340 -20.789 0.650 65
-0.354 -20.788 0.627 63
-0.326 -20.792 0.560 48
-0.324 -20.791 0.605 51
-0.332 -20.791 0.608 54
-0.349 -20.788 0.658 63
-0.339 -20.790 0.618 58
-0.344 -20.790 0.572 57
-0.357 -20.786 0.692 43
-0.369 -20.785 0.725 29
-0.327 -20.791 0.593 49
-0.361 -20.788 0.542 54
-0.333 -20.791 0.591 56
-0.322 -20.792 0.564 35
-0.368 -20.787 0.577 62
-0.369 -20.787 0.557 64
-0.367 -20.788 0.526 55
-0.364 -20.786 0.639 54
-0.348 -20.789 0.576 61
-0.358 -20.787 0.612 68
-0.324 -20.792 0.599 49
-0.328 -20.791 0.577 47
-0.378 -20.785 0.626 64
-0.361 -20.787 0.601 64
-0.343 -20.789 0.644 49
-0.368 -20.785 0.699 106
-0.360 -20.787 0.605 67
-0.353 -20.788 0.647 59
-0.316 -20.793 0.575 32
-0.357 -20.787 0.679 60
-0.304 -20.795 0.552 13
-0.353 -20.789 0.542 50
-0.375 -20.786 0.547 47
-0.338 -20.791 0.549 52
-0.374 -20.786 0.617 60
-0.319 -20.793 0.568 29
-0.357 -20.787 0.643 59
-0.366 -20.787 0.588 67
-0.325 -20.791 0.611 49
-0.331 -20.791 0.589 56
-0.344 -20.790 0.530 51
-0.307 -20.794 0.587 24
-0.319 -20.792 0.615 49
-0.358 -20.788 0.592 62
-0.330 -20.792 0.542 45
-0.331 -20.791 0.549 43
-0.356 -20.787 0.648 42
-0.359 -20.787 0.661 49
-0.311 -20.794 0.551 17
-0.355 -20.787 0.666 37
-0.328 -20.792 0.543 45
-0.372 -20.786 0.610 53
-0.344 -20.790 0.553 52
-0.310 -20.794 0.551 17
-0.372 -20.786 0.609 55
-0.351 -20.787 0.672 16
-0.327 -20.791 0.616 51
-0.377 -20.785 0.661 67
-0.356 -20.788 0.618 67
-0.325 -20.792 0.578 47
-0.343 -20.790 0.543 56
-0.329 -20.791 0.569 46
-0.311 -20.793 0.578 21
-0.360 -20.788 0.553 57
-0.364 -20.787 0.584 62
-0.334 -20.790 0.638 54
-0.358 -20.789 0.536 54
-0.317 -20.793 0.582 36
-0.365 -20.786 0.638 54
-0.330 -20.791 0.603 57
-0.310 -20.794 0.581 25
-0.358 -20.788 0.548 56
-0.370 -20.785 0.679 58
-0.347 -20.788 0.656 60
-0.379 -20.784 0.714 59
-0.350 -20.788 0.613 57
-0.375 -20.786 0.537 60
-0.363 -20.787 0.607 69
-0.317 -20.793 0.574 30
-0.332 -20.790 0.642 59
-0.344 -20.789 0.648 58
-0.344 -20.790 0.547 53
-0.337 -20.790 0.604 57
-0.373 -20.784 0.709 103
-0.353 -20.788 0.636 67
-0.303 -20.794 0.577 11
-0.355 -20.788 0.610 62
-0.425 -20.994 0.929 27
-0.409 -20.899 0.943 117
-0.455 -21.045 0.909 28
-0.417 -20.969 0.935 24
-0.443 -21.058 0.916 26
-0.441 -20.904 0.923 64
-0.426 -20.847 0.934 70
-0.415 -21.082 0.932 28
-0.440 -21.017 0.919 29
-0.454 -21.012 0.910 26
-0.435 -20.983 0.923 24
-0.439 -21.090 0.917 28
-0.434 -20.937 0.926 80
-0.428 -20.954 0.929 83
-0.439 -21.081 0.918 28
-0.408 -20.931 0.942 173
-0.462 -21.022 0.905 21
-0.418 -20.814 0.941 68
-0.434 -21.061 0.921 27
-0.450 -20.981 0.914 77
-0.416 -20.847 0.941 61
-0.459 -20.985 0.908 64
-0.465 -21.019 0.903 21
-0.432 -20.948 0.927 83
-0.463 -20.985 0.906 69
-0.443 -21.089 0.914 27
-0.417 -20.883 0.938 65
-0.446 -21.040 0.915 28
-0.463 -21.040 0.904 28
-0.414 -21.084 0.932 28
-0.411 -20.855 0.944 57
-0.410 -20.892 0.942 58
-0.433 -20.888 0.928 65
-0.443 -20.948 0.920 69
-0.408 -20.965 0.941 26
-0.450 -21.082 0.910 27
-0.445 -20.999 0.917 32
-0.422 -20.935 0.934 71
-0.428 -20.863 0.932 64
-0.432 -20.903 0.928 72
-0.418 -21.078 0.931 28
-0.430 -20.883 0.930 63
-0.431 -20.896 0.929 69
-0.417 -21.029 0.933 28
-0.417 -20.928 0.937 67
-0.412 -21.034 0.936 28
-0.410 -21.112 0.934 28
-0.420 -20.996 0.932 27
-0.411 -20.877 0.942 56
-0.437 -20.913 0.925 68
-0.409 -20.972 0.940 26
-0.422 -20.965 0.933 17
-0.441 -21.076 0.916 27
-0.458 -21.026 0.908 22
-0.418 -21.057 0.931 25
-0.411 -20.919 0.941 64
-0.450 -21.082 0.910 27
-0.459 -21.026 0.907 32
-0.427 -21.114 0.924 28
-0.408 -20.997 0.940 23
-0.433 -20.986 0.925 26
-0.434 -21.066 0.921 26
-0.415 -20.894 0.939 63
-0.441 -20.991 0.919 28
-0.418 -20.910 0.937 63
-0.448 -21.057 0.912 26
-0.467 -21.007 0.903 67
-0.414 -20.985 0.937 25
-0.435 -21.006 0.922 29
-0.406 -20.863 0.946 193
-0.455 -21.043 0.909 28
-0.425 -20.915 0.932 79
-0.407 -20.970 0.942 26
-0.429 -21.038 0.925 27
-0.422 -20.968 0.932 22
-0.442 -21.073 0.915 27
-0.440 -20.973 0.921 71
-0.410 -21.057 0.936 27
-0.421 -21.085 0.928 28
-0.425 -20.880 0.933 71
-0.411 -20.939 0.940 56
-0.474 -21.060 0.896 27
-0.460 -20.968 0.908 69
-0.411 -21.106 0.934 28
-0.429 -20.942 0.929 80
-0.429 -20.905 0.930 73
-0.425 -20.940 0.932 78
-0.454 -20.989 0.912 65
-0.411 -21.054 0.936 27
-0.419 -21.120 0.928 28
-0.442 -20.991 0.919 28
-0.413 -20.902 0.940 56
-0.416 -21.014 0.934 27
-0.427 -20.912 0.931 76
-0.431 -20.949 0.927 73
-0.417 -20.841 0.940 51
-0.418 -20.880 0.938 58
-0.422 -20.832 0.938 70
-0.418 -21.118 0.929 28
-0.414 -21.104 0.932 28
-0.424 -21.008 0.929 27
-0.435 -21.088 0.920 28
-0.456 -20.975 0.910 69
-0.422 -20.883 0.935 72
-0.424 -20.947 0.931 88
-0.419 -20.902 0.936 68
-0.440 -21.063 0.918 27
-0.443 -21.058 0.915 26
-0.414 -20.968 0.937 25
-0.467 -21.063 0.900 27
-0.419 -21.088 0.929 28
-0.408 -20.923 0.943 132
-0.427 -20.974 0.929 22
-0.443 -21.070 0.915 27
-0.431 -21.007 0.925 29
-0.446 -21.046 0.914 27
-0.407 -20.947 0.942 31
-0.459 -21.053 0.906 26
-0.464 -21.063 0.902 27
-0.447 -21.064 0.913 27
-0.440 -21.083 0.917 28
-0.422 -21.082 0.928 28
-0.454 -20.996 0.911 76
-0.418 -20.942 0.936 64
-0.435 -21.027 0.922 26
-0.454 -21.071 0.908 26
-0.443 -21.085 0.914 27
-0.458 -20.964 0.910 70
-0.419 -20.872 0.938 68
-0.438 -21.084 0.918 28
-0.408 -21.027 0.939 25
-0.423 -20.846 0.936 70
-0.423 -21.068 0.928 28
-0.429 -20.961 0.928 89
-0.438 -20.894 0.925 64
-0.430 -21.055 0.924 29
-0.442 -21.075 0.915 27
-0.421 -20.903 0.935 69
-0.453 -21.044 0.910 28
-0.422 -20.935 0.933 71
-0.437 -20.908 0.925 66
-0.461 -21.024 0.906 30
-0.424 -20.909 0.933 80
-0.459 -20.984 0.909 61
-0.421 -21.110 0.927 28
-0.465 -21.022 0.903 25
-0.473 -21.019 0.898 73
-0.445 -20.965 0.918 75
-0.443 -21.010 0.917 28
-0.458 -20.973 0.909 68
-0.419 -21.036 0.931 28
-0.464 -21.005 0.904 69
-0.408 -20.844 0.946 102
-0.422 -21.041 0.930 26
-0.413 -21.100 0.933 28
-0.412 -20.825 0.944 56
-0.428 -21.109 0.923 28
-0.406 -20.969 0.942 26
-0.408 -21.031 0.939 27
-0.423 -20.853 0.936 67
-0.429 -20.984 0.927 26
-0.407 -20.910 0.944 131
-0.442 -21.096 0.915 27
-0.429 -20.992 0.927 26
-0.407 -20.927 0.943 209
-0.437 -21.068 0.919 26
-0.432 -21.021 0.924 26
-0.476 -21.024 0.896 78
-0.418 -21.078 0.930 28
-0.468 -21.063 0.900 27
-0.435 -21.150 0.918 24
-0.468 -21.140 0.899 23
-0.477 -21.121 0.893 26
-0.462 -21.093 0.902 27
-0.471 -21.177 0.896 23
-0.455 -21.196 0.906 24
-0.410 -21.137 0.933 26
-0.459 -21.204 0.904 26
-0.478 -21.090 0.893 25
-0.472 -21.126 0.896 26
-0.420 -21.153 0.927 26
-0.470 -21.114 0.897 25
-0.426 -21.134 0.924 24
-0.416 -21.130 0.930 25
-0.442 -21.139 0.914 23
-0.474 -21.118 0.895 26
-0.439 -21.139 0.916 23
-0.462 -21.129 0.902 20
-0.470 -21.125 0.898 26
-0.468 -21.142 0.899 23
-0.439 -21.171 0.916 25
-0.464 -21.084 0.902 26
-0.472 -21.158 0.896 21
-0.444 -21.131 0.913 21
-0.438 -21.154 0.916 24
-0.437 -21.112 0.918 27
-0.470 -21.134 0.897 23
-0.451 -21.169 0.908 30
-0.461 -21.146 0.903 22
-0.471 -21.092 0.897 25
-0.457 -21.178 0.905 26
-0.475 -21.071 0.895 27
-0.439 -21.145 0.916 23
-0.450 -21.149 0.910 24
-0.451 -21.109 0.909 28
-0.451 -21.189 0.909 29
-0.463 -21.097 0.902 27
-0.467 -21.153 0.899 24
-0.436 -21.118 0.918 27
-0.469 -21.177 0.898 22
-0.429 -21.141 0.922 24
-0.441 -21.123 0.915 26
-0.443 -21.114 0.914 27
-0.412 -21.131 0.932 26
-0.470 -21.151 0.897 24
-0.447 -21.132 0.911 21
-0.462 -21.188 0.902 19
-0.454 -21.116 0.907 26
-0.427 -21.169 0.923 27
-0.422 -21.131 0.926 22
-0.447 -21.110 0.911 27
-0.445 -21.186 0.913 22
-0.450 -21.118 0.910 27
-0.475 -21.119 0.894 26
-0.443 -21.192 0.913 26
-0.455 -21.191 0.906 24
-0.421 -21.131 0.927 25
-0.464 -21.106 0.901 26
-0.424 -21.148 0.925 25
-0.449 -21.102 0.911 27
-0.428 -21.142 0.922 24
-0.457 -21.158 0.905 23
-0.469 -21.099 0.899 25
-0.468 -21.087 0.899 27
-0.463 -21.115 0.902 25
-0.433 -21.145 0.919 23
-0.451 -21.191 0.909 29
-0.433 -21.123 0.920 27
-0.467 -21.234 0.899 120
-0.426 -21.150 0.924 24
-0.456 -21.152 0.906 24
-0.477 -21.078 0.894 25
-0.463 -21.144 0.902 23
-0.453 -21.156 0.907 25
-0.499 -20.900 0.906 100
-0.492 -20.963 0.899 117
-0.501 -20.810 0.917 82
-0.470 -20.919 0.912 67
-0.479 -21.009 0.897 95
-0.458 -20.941 0.912 69
-0.438 -20.774 0.940 56
-0.495 -20.943 0.901 113
-0.494 -20.823 0.917 77
-0.499 -20.871 0.909 92
-0.486 -20.821 0.920 66
-0.451 -20.778 0.936 62
-0.467 -20.913 0.913 67
-0.483 -21.026 0.894 134
-0.437 -20.862 0.929 57
-0.480 -20.978 0.901 77
-0.481 -20.920 0.908 66
-0.506 -20.785 0.919 79
-0.435 -20.792 0.938 64
-0.442 -20.847 0.929 61
-0.494 -20.940 0.902 114
-0.482 -20.915 0.909 67
-0.484 -20.866 0.914 66
-0.437 -20.788 0.938 60
-0.476 -20.842 0.920 64
-0.493 -20.949 0.901 114
-0.475 -20.874 0.916 64
-0.472 -20.884 0.916 67
-0.475 -20.918 0.910 66
-0.501 -20.833 0.914 85
-0.445 -20.811 0.933 59
-0.474 -20.855 0.919 64
-0.476 -20.849 0.919 64
-0.499 -20.941 0.900 110
-0.491 -20.860 0.913 78
-0.467 -20.889 0.916 66
-0.473 -21.010 0.899 69
-0.446 -20.860 0.926 62
-0.490 -20.788 0.923 71
-0.498 -20.797 0.919 80
-0.498 -20.909 0.905 102
-0.489 -20.922 0.906 100
-0.489 -20.991 0.897 113
-0.492 -20.875 0.911 87
-0.421 -20.816 0.939 68
-0.442 -20.879 0.925 63
-0.499 -20.818 0.916 80
-0.439 -20.857 0.929 57
-0.436 -20.806 0.936 63
-0.479 -20.971 0.902 69
-0.459 -20.796 0.931 60
-0.495 -20.807 0.919 75
-0.480 -20.787 0.926 59
-0.459 -20.803 0.930 60
-0.514 -20.804 0.914 88
-0.461 -20.914 0.915 65
-0.472 -20.889 0.915 65
-0.427 -20.804 0.939 71
-0.435 -20.812 0.936 64
-0.440 -20.810 0.934 59
-0.422 -20.775 0.944 64
-0.419 -20.796 0.942 70
-0.474 -20.942 0.907 67
-0.480 -20.973 0.902 75
-0.490 -20.878 0.911 88
-0.417 -20.792 0.944 64
-0.484 -20.864 0.915 65
-0.443 -20.837 0.930 60
-0.443 -20.790 0.936 60
-0.480 -20.938 0.906 67
-0.490 -21.009 0.894 140
-0.477 -20.870 0.916 65
-0.477 -20.827 0.921 59
-0.474 -20.879 0.916 66
-0.477 -20.937 0.907 67
-0.496 -20.890 0.908 98
-0.484 -20.883 0.912 72
-0.476 -21.008 0.898 72
-0.445 -20.843 0.929 64
-0.486 -21.020 0.894 144
-0.470 -20.902 0.914 65
-0.477 -20.909 0.911 67
-0.491 -20.953 0.901 111
-0.508 -20.847 0.910 93
-0.430 -20.781 0.941 59
-0.482 -20.972 0.901 75
-0.509 -20.850 0.909 93
-0.518 -20.798 0.913 87
-0.441 -20.885 0.925 65
-0.502 -20.819 0.915 82
-0.479 -21.019 0.896 94
-0.488 -20.831 0.918 73
-0.486 -20.959 0.902 104
-0.481 -20.889 0.912 65
-0.484 -20.847 0.917 69
-0.489 -20.896 0.909 87
-0.482 -20.875 0.914 66
-0.505 -20.861 0.909 93
-0.486 -20.985 0.898 113
-0.497 -20.844 0.913 84
-0.482 -21.019 0.895 127
-0.483 -20.824 0.920 65
-0.479 -21.005 0.898 95
-0.455 -20.930 0.915 67
-0.492 -20.997 0.895 143
-0.488 -20.821 0.919 73
-0.508 -20.810 0.915 86
-0.423 -20.824 0.937 68
-0.481 -20.845 0.918 63
-0.482 -20.996 0.898 106
-0.470 -20.784 0.929 59
-0.513 -20.815 0.913 91
-0.446 -20.915 0.919 66
-0.496 -20.919 0.904 103
-0.464 -20.936 0.911 68
-0.479 -20.789 0.926 60
-0.489 -20.892 0.910 86
-0.492 -20.823 0.918 77
-0.458 -20.912 0.916 66
-0.509 -20.849 0.909 93
-0.502 -20.797 0.918 79
-0.484 -21.032 0.893 122
-0.463 -20.959 0.909 68
-0.433 -20.777 0.941 55
-0.471 -20.990 0.902 67
-0.492 -20.856 0.913 81
-0.483 -20.867 0.914 66
-0.499 -20.919 0.903 104
-0.484 -20.859 0.915 67
-0.433 -20.855 0.931 60
-0.480 -21.027 0.895 123
-0.490 -20.962 0.900 116
-0.488 -20.859 0.914 73
-0.451 -20.860 0.925 63
-0.436 -20.798 0.937 61
-0.474 -21.019 0.897 76
-0.485 -21.048 0.890 31
-0.433 -20.799 0.938 65
-0.418 -20.801 0.942 69
-0.484 -21.032 0.893 122
-0.449 -20.920 0.918 67
-0.485 -20.909 0.909 69
-0.486 -20.950 0.903 104
-0.475 -20.969 0.904 69
-0.477 -20.869 0.916 65
-0.448 -20.780 0.936 63
-0.503 -20.889 0.906 100
-0.465 -20.806 0.928 61
-0.471 -20.816 0.925 62
-0.454 -20.934 0.914 67
-0.481 -20.816 0.922 62
-0.479 -20.863 0.916 64
-0.483 -20.949 0.904 91
-0.485 -20.835 0.918 65
-0.479 -20.877 0.914 64
-0.459 -20.813 0.928 60
-0.436 -20.832 0.933 60
-0.480 -20.883 0.913 66
-0.474 -20.893 0.914 64
-0.457 -20.905 0.917 66
-0.465 -20.790 0.930 61
-0.512 -20.793 0.916 86
-0.481 -20.921 0.908 66
-0.490 -20.996 0.896 125
-0.456 -20.928 0.915 66
-0.387 -20.843 0.628 72
-0.388 -20.843 0.697 58
-0.391 -20.872 0.677 53
-0.383 -20.804 0.653 78
-0.384 -20.810 0.644 77
-0.391 -20.872 0.663 62
-0.387 -20.833 0.665 71
-0.389 -20.854 0.705 51
-0.384 -20.819 0.581 60
-0.385 -20.816 0.656 78
-0.389 -20.848 0.698 54
-0.382 -20.790 0.692 72
-0.381 -20.795 0.553 51
-0.390 -20.862 0.699 51
-0.386 -20.825 0.691 63
-0.392 -20.875 0.723 52
-0.393 -20.883 0.718 56
-0.392 -20.879 0.723 51
-0.395 -20.900 0.706 54
-0.384 -20.816 0.609 71
-0.385 -20.825 0.609 68
-0.380 -20.787 0.572 41
-0.382 -20.784 0.730 3
-0.384 -20.810 0.679 72
-0.386 -20.821 0.736 84
-0.381 -20.788 0.656 69
-0.383 -20.799 0.659 81
-0.389 -20.856 0.642 73
-0.394 -20.890 0.721 55
-0.383 -20.808 0.563 60
-0.388 -20.843 0.723 63
-0.395 -20.907 0.720 59
-0.384 -20.817 0.612 71
-0.383 -20.797 0.713 112
-0.381 -20.792 0.550 52
-0.383 -20.798 0.668 83
-0.384 -20.813 0.613 71
-0.382 -20.790 0.655 72
-0.385 -20.814 0.728 97
-0.387 -20.838 0.659 72
-0.385 -20.811 0.750 56
-0.389 -20.860 0.653 69
-0.393 -20.885 0.717 56
-0.383 -20.807 0.582 62
-0.382 -20.786 0.696 60
-0.390 -20.856 0.742 51
-0.392 -20.875 0.734 57
-0.389 -20.847 0.736 48
-0.386 -20.835 0.611 69
-0.383 -20.810 0.593 64
-0.381 -20.787 0.623 62
-0.388 -20.846 0.697 55
-0.390 -20.861 0.724 54
-0.388 -20.849 0.653 71
-0.395 -20.901 0.699 53
-0.381 -20.787 0.578 41
-0.388 -20.842 0.679 64
-0.389 -20.854 0.678 64
-0.393 -20.886 0.717 57
-0.384 -20.817 0.583 67
-0.392 -20.875 0.700 50
-0.383 -20.800 0.653 82
-0.385 -20.813 0.731 85
-0.389 -20.854 0.680 62
-0.387 -20.833 0.663 72
-0.384 -20.809 0.675 73
-0.388 -20.845 0.689 58
-0.392 -20.877 0.693 48
-0.388 -20.842 0.660 71
-0.385 -20.809 0.731 84
-0.384 -20.809 0.639 79
-0.384 -20.812 0.678 70
-0.388 -20.842 0.726 62
-0.391 -20.870 0.687 53
-0.392 -20.878 0.732 56
-0.384 -20.810 0.643 77
-0.388 -20.837 0.712 67
-0.388 -20.848 0.653 73
-0.394 -20.890 0.717 56
-0.384 -20.804 0.746 63
-0.383 -20.801 0.705 69
-0.385 -20.824 0.612 69
-0.392 -20.874 0.727 53
-0.383 -20.809 0.564 60
-0.393 -20.886 0.669 58
-0.388 -20.845 0.670 68
-0.387 -20.838 0.677 66
-0.384 -20.820 0.582 60
-0.385 -20.829 0.598 65
-0.382 -20.790 0.690 74
-0.384 -20.810 0.705 74
-0.386 -20.827 0.676 69
-0.386 -20.824 0.725 102
-0.381 -20.787 0.626 66
-0.382 -20.799 0.550 58
-0.383 -20.796 0.752 72
-0.383 -20.809 0.601 69
-0.390 -20.867 0.669 61
-0.387 -20.829 0.712 72
-0.384 -20.818 0.569 60
-0.382 -20.792 0.691 71
-0.390 -20.863 0.691 50
-0.395 -20.905 0.726 59
-0.387 -20.833 0.706 68
-0.386 -20.828 0.706 72
-0.384 -20.818 0.620 73
-0.386 -20.823 0.689 62
-0.386 -20.831 0.670 70
-0.382 -20.802 0.553 58
-0.382 -20.786 0.717 83
-0.381 -20.796 0.539 62
-0.383 -20.806 0.631 76
-0.384 -20.807 0.706 70
-0.382 -20.794 0.628 66
-0.388 -20.848 0.616 70
-0.392 -20.873 0.724 52
-0.386 -20.820 0.703 68
-0.382 -20.792 0.719 87
-0.385 -20.819 0.626 77
-0.382 -20.792 0.656 76
-0.384 -20.815 0.642 80
-0.390 -20.864 0.666 62
-0.393 -20.883 0.705 52
-0.384 -20.811 0.688 68
-0.388 -20.844 0.666 69
-0.386 -20.827 0.673 71
-0.391 -20.874 0.650 63
-0.387 -20.837 0.645 77
-0.394 -20.891 0.710 52
-0.395 -20.903 0.699 53
-0.391 -20.870 0.731 54
-0.382 -20.793 0.618 62
-0.385 -20.826 0.588 57
-0.382 -20.798 0.555 56
-0.387 -20.830 0.718 77
-0.386 -20.830 0.670 71
-0.385 -20.824 0.628 79
-0.389 -20.848 0.708 56
-0.394 -20.897 0.718 57
-0.388 -20.835 0.746 51
-0.383 -20.808 0.558 63
-0.382 -20.794 0.688 67
-0.388 -20.851 0.644 73
-0.382 -20.786 0.705 72
-0.383 -20.812 0.580 63
-0.387 -20.842 0.621 70
-0.385 -20.824 0.634 78
-0.382 -20.795 0.625 65
-0.393 -20.886 0.731 59
-0.385 -20.826 0.616 72
-0.383 -20.812 0.570 71
-0.382 -20.797 0.585 52
-0.392 -20.876 0.726 52
-0.397 -20.919 0.718 60
-0.386 -20.823 0.724 102
-0.389 -20.851 0.712 51
-0.388 -20.842 0.697 58
-0.394 -20.894 0.725 59
-0.394 -20.899 0.695 51
-0.391 -20.863 0.729 52
-0.384 -20.803 0.746 53
-0.382 -20.804 0.572 53
-0.382 -20.804 0.579 60
-0.390 -20.857 0.718 55
-0.383 -20.803 0.631 74
-0.385 -20.819 0.682 69
-0.383 -20.797 0.747 65
-0.393 -20.887 0.679 55
-0.384 -20.815 0.566 73
-0.384 -20.814 0.665 77
-0.349 -20.930 0.540 62
-0.371 -20.905 0.603 69
-0.359 -20.897 0.548 61
-0.372 -20.870 0.573 62
-0.373 -20.911 0.614 68
-0.368 -20.898 0.583 68
-0.388 -20.873 0.637 71
-0.370 -20.867 0.563 60
-0.363 -20.938 0.603 61
-0.353 -20.914 0.541 61
-0.374 -20.909 0.616 68
-0.376 -20.915 0.632 64
-0.369 -20.906 0.595 70
-0.384 -20.880 0.629 70
-0.381 -20.928 0.664 54
-0.375 -20.909 0.623 63
-0.356 -20.909 0.548 64
-0.358 -20.894 0.541 60
-0.363 -20.911 0.578 69
-0.379 -20.895 0.623 69
-0.370 -20.876 0.570 64
-0.390 -20.870 0.641 70
-0.358 -20.918 0.563 66
-0.359 -20.912 0.560 65
-0.385 -20.877 0.631 71
-0.362 -20.868 0.533 51
-0.371 -20.854 0.552 55
-0.381 -20.869 0.608 71
-0.378 -20.926 0.650 56
-0.383 -20.833 0.578 54
-0.382 -20.885 0.626 70
-0.381 -20.929 0.665 53
-0.357 -20.905 0.548 62
-0.389 -20.895 0.662 62
-0.357 -20.895 0.537 59
-0.386 -20.875 0.631 71
-0.393 -20.910 0.693 54
-0.357 -20.939 0.582 68
-0.387 -20.906 0.666 57
-0.374 -20.847 0.556 52
-0.361 -20.937 0.593 68
-0.373 -20.892 0.598 71
-0.356 -20.894 0.531 57
-0.384 -20.849 0.599 66
-0.392 -20.922 0.700 56
-0.369 -20.860 0.549 55
-0.371 -20.912 0.609 69
-0.376 -20.864 0.581 62
-0.380 -20.903 0.635 63
-0.378 -20.853 0.579 60
-0.350 -20.931 0.543 63
-0.370 -20.908 0.603 70
-0.352 -20.920 0.542 63
-0.352 -20.934 0.556 66
-0.354 -20.928 0.559 68
-0.355 -20.913 0.546 64
-0.388 -20.890 0.656 61
-0.382 -20.805 0.547 65
-0.385 -20.835 0.589 62
-0.385 -20.863 0.615 71
-0.384 -20.884 0.633 68
-0.377 -20.832 0.554 56
-0.366 -20.862 0.540 54
-0.357 -20.906 0.550 64
-0.383 -20.869 0.615 71
-0.380 -20.926 0.657 56
-0.384 -20.917 0.665 56
-0.366 -20.908 0.585 69
-0.386 -20.915 0.671 51
-0.354 -20.914 0.545 64
-0.358 -20.882 0.530 52
-0.384 -20.885 0.633 68
-0.361 -20.917 0.573 69
-0.378 -20.911 0.635 65
-0.371 -20.898 0.597 70
-0.350 -20.924 0.539 63
-0.378 -20.795 0.524 75
-0.377 -20.902 0.622 67
-0.352 -20.939 0.562 67
-0.356 -20.932 0.570 68
-0.391 -20.892 0.667 60
-0.386 -20.928 0.683 53
-0.371 -20.829 0.530 74
-0.381 -20.914 0.649 61
-0.378 -20.815 0.542 68
-0.378 -20.921 0.646 60
-0.370 -20.882 0.578 65
-0.366 -20.933 0.609 61
-0.354 -20.904 0.534 58
-0.356 -20.908 0.546 62
-0.379 -20.847 0.579 60
-0.379 -20.844 0.576 61
-0.380 -20.803 0.537 61
-0.390 -20.923 0.696 57
-0.359 -20.936 0.587 68
-0.362 -20.930 0.590 68
-0.367 -20.891 0.574 66
-0.391 -20.877 0.653 62
-0.381 -20.899 0.637 65
-0.385 -20.908 0.660 58
-0.373 -20.867 0.572 61
-0.352 -20.940 0.562 68
-0.385 -20.824 0.577 53
-0.376 -20.915 0.633 64
-0.388 -20.894 0.657 60
-0.381 -20.870 0.608 71
-0.366 -20.931 0.609 62
-0.373 -20.916 0.620 63
-0.381 -20.810 0.550 64
-0.371 -20.851 0.551 52
-0.365 -20.861 0.537 52
-0.373 -20.927 0.634 59
-0.384 -20.823 0.571 54
-0.388 -20.908 0.673 55
-0.386 -20.926 0.682 53
-0.389 -20.862 0.633 72
-0.359 -20.918 0.566 68
-0.385 -20.872 0.626 72
-0.381 -20.886 0.624 71
-0.368 -20.848 0.537 51
-0.357 -20.933 0.576 68
-0.376 -20.907 0.624 63
-0.368 -20.840 0.527 81
-0.378 -20.932 0.656 55
-0.351 -20.939 0.557 66
-0.391 -20.908 0.685 51
-0.354 -20.907 0.539 60
-0.382 -20.825 0.567 55
-0.375 -20.912 0.624 61
-0.374 -20.839 0.551 52
-0.357 -20.933 0.574 68
-0.369 -20.870 0.560 60
-0.352 -20.936 0.557 66
-0.376 -20.811 0.531 62
-0.365 -20.927 0.601 69
-0.370 -20.899 0.591 69
-0.360 -20.913 0.566 65
-0.372 -20.909 0.608 70
-0.385 -20.856 0.609 69
-0.374 -20.930 0.636 59
-0.353 -20.937 0.564 67
-0.382 -20.832 0.573 55
-0.372 -20.870 0.573 62
-0.369 -20.857 0.548 54
-0.365 -20.912 0.585 69
-0.346 -20.939 0.536 62
-0.378 -20.818 0.545 76
-0.364 -20.938 0.605 61
-0.370 -20.861 0.556 55
-0.375 -20.842 0.556 52
-0.372 -20.895 0.596 71
-0.380 -20.834 0.566 52
-0.389 -20.918 0.686 54
-0.381 -20.892 0.629 68
-0.378 -20.804 0.531 65
-0.345 -20.943 0.539 64
-0.380 -20.816 0.552 73
-0.386 -20.919 0.673 49
-0.373 -20.871 0.576 63
-0.362 -20.907 0.571 66
-0.383 -20.840 0.585 60
-0.419 -20.804 0.810 63
-0.409 -20.776 0.916 41
-0.421 -20.799 0.848 82
-0.407 -20.790 0.836 45
-0.421 -20.792 0.881 45
-0.420 -20.803 0.822 61
-0.414 -20.797 0.822 74
-0.417 -20.788 0.884 29
-0.429 -20.806 0.842 60
-0.406 -20.773 0.921 38
-0.406 -20.791 0.823 50
-0.388 -20.779 0.808 45
-0.430 -20.809 0.833 66
-0.418 -20.790 0.881 28
-0.404 -20.787 0.832 45
-0.421 -20.794 0.874 57
-0.434 -20.813 0.827 67
-0.404 -20.796 0.787 71
-0.418 -20.804 0.805 63
-0.405 -20.770 0.932 39
-0.413 -20.798 0.819 72
-0.407 -20.788 0.845 34
-0.396 -20.780 0.837 59
-0.397 -20.774 0.877 43
-0.405 -20.796 0.793 64
-0.409 -20.792 0.832 50
-0.421 -20.797 0.855 60
-0.401 -20.776 0.882 43
-0.427 -20.803 0.853 66
-0.424 -20.799 0.857 79
-0.389 -20.786 0.778 61
-0.389 -20.779 0.814 55
-0.405 -20.780 0.879 44
-0.428 -20.806 0.838 65
-0.402 -20.792 0.803 53
-0.397 -20.787 0.804 35
-0.415 -20.785 0.897 18
-0.395 -20.789 0.786 66
-0.402 -20.773 0.903 44
-0.399 -20.793 0.784 69
-0.406 -20.779 0.888 41
-0.411 -20.783 0.886 29
-0.400 -20.786 0.823 58
-0.399 -20.779 0.861 44
-0.419 -20.795 0.861 69
-0.389 -20.782 0.795 57
-0.402 -20.772 0.904 45
-0.416 -20.790 0.872 36
-0.420 -20.797 0.854 60
-0.417 -20.795 0.852 52
-0.397 -20.786 0.807 35
-0.408 -20.773 0.926 40
-0.406 -20.781 0.876 43
-0.412 -20.778 0.917 41
-0.405 -20.786 0.846 67
-0.415 -20.789 0.875 34
-0.426 -20.805 0.834 60
-0.398 -20.884 0.741 70
-0.426 -20.813 0.809 67
-0.419 -20.817 0.797 64
-0.413 -20.813 0.791 62
-0.431 -20.818 0.812 70
-0.408 -20.800 0.790 61
-0.394 -20.868 0.742 58
-0.401 -20.818 0.773 60
-0.422 -20.823 0.799 68
-0.416 -20.812 0.795 62
-0.404 -20.876 0.752 64
-0.405 -20.801 0.785 62
-0.429 -20.832 0.804 70
-0.429 -20.831 0.804 71
-0.401 -20.884 0.745 61
-0.410 -20.813 0.787 62
-0.415 -20.841 0.782 68
-0.394 -20.801 0.770 65
-0.395 -20.872 0.742 60
-0.393 -20.815 0.763 59
-0.394 -20.830 0.758 61
-0.416 -20.839 0.784 67
-0.429 -20.829 0.806 71
-0.400 -20.817 0.772 60
-0.422 -20.851 0.787 70
-0.415 -20.855 0.777 70
-0.396 -20.867 0.745 61
-0.409 -20.817 0.784 60
-0.389 -20.802 0.763 54
-0.420 -20.818 0.798 66
-0.426 -20.844 0.795 70
-0.407 -20.850 0.767 69
-0.421 -20.844 0.789 70
-0.401 -20.844 0.762 57
-0.388 -20.801 0.763 64
-0.407 -20.799 0.789 65
-0.395 -20.888 0.735 60
-0.404 -20.800 0.784 63
-0.424 -20.834 0.797 71
-0.409 -20.862 0.765 73
-0.419 -20.852 0.783 68
-0.404 -20.853 0.763 66
-0.415 -20.813 0.794 63
-0.392 -20.801 0.768 66
-0.399 -20.867 0.750 65
-0.401 -20.875 0.749 63
-0.404 -20.835 0.770 62
-0.409 -20.817 0.784 63
-0.398 -20.853 0.754 57
-0.396 -20.856 0.750 60
-0.406 -20.842 0.770 66
-0.424 -20.809 0.807 62
-0.398 -20.811 0.772 58
-0.407 -20.811 0.784 58
-0.426 -20.827 0.802 71
-0.410 -20.853 0.770 72
-0.395 -20.860 0.747 59
-0.398 -20.842 0.759 62
-0.405 -20.866 0.758 72
-0.410 -20.814 0.787 61
-0.402 -20.862 0.755 69
-0.396 -20.833 0.760 58
-0.359 -20.940 0.589 68
-0.382 -20.976 0.607 63
-0.373 -20.957 0.606 63
-0.370 -20.938 0.626 60
-0.359 -20.946 0.581 68
-0.392 -20.942 0.682 58
-0.384 -20.975 0.614 64
-0.368 -20.948 0.605 64
-0.384 -20.950 0.647 60
-0.394 -20.936 0.697 59
-0.372 -20.942 0.623 60
-0.349 -20.950 0.546 66
-0.391 -20.951 0.666 61
-0.383 -20.940 0.659 57
-0.390 -20.959 0.652 63
-0.374 -20.946 0.622 64
-0.385 -20.971 0.621 64
-0.365 -20.965 0.571 66
-0.379 -20.953 0.629 60
-0.385 -20.938 0.668 54
-0.381 -20.960 0.627 62
-0.379 -20.944 0.641 58
-0.383 -20.942 0.656 56
-0.386 -20.950 0.653 58
-0.387 -20.979 0.617 64
-0.377 -20.973 0.597 61
-0.383 -20.947 0.648 59
-0.380 -20.964 0.616 64
-0.380 -20.941 0.649 56
-0.363 -20.953 0.581 65
-0.382 -20.952 0.640 60
-0.387 -20.942 0.669 57
-0.370 -20.950 0.607 65
-0.370 -20.969 0.583 63
-0.367 -20.944 0.606 64
-0.387 -20.963 0.637 62
-0.376 -20.959 0.614 65
-0.357 -20.955 0.562 65
-0.379 -20.952 0.631 60
-0.381 -20.941 0.652 56
-0.394 -20.939 0.693 59
-0.369 -20.958 0.593 66
-0.372 -20.966 0.591 63
-0.388 -20.976 0.622 64
-0.363 -20.958 0.575 66
-0.373 -20.934 0.637 58
-0.367 -20.964 0.579 65
-0.391 -20.944 0.677 58
-0.369 -20.953 0.600 65
-0.387 -20.945 0.663 57
-0.373 -20.956 0.608 63
-0.373 -20.950 0.614 63
-0.281 -21.177 0.529 13
-0.097 -21.196 0.465 9
-0.166 -21.173 0.506 17
-0.239 -21.170 0.527 15
-0.182 -21.198 0.482 24
-0.081 -21.202 0.454 40
-0.144 -21.165 0.511 16
-0.049 -21.177 0.476 44
-0.022 -21.153 0.497 57
-0.117 -21.189 0.478 21
-0.196 -21.182 0.503 17
-0.267 -21.178 0.524 14
-0.073 -21.197 0.458 22
-0.192 -21.176 0.509 17
-0.122 -21.178 0.491 16
-0.094 -21.191 0.470 17
-0.307 -21.179 0.532 14
-0.185 -21.181 0.502 15
-0.084 -21.209 0.447 18
-0.164 -21.164 0.517 17
-0.066 -21.159 0.499 13
-0.192 -21.175 0.510 17
-0.254 -21.189 0.509 17
-0.270 -21.183 0.519 14
-0.241 -21.176 0.520 15
-0.060 -21.153 0.505 7
-0.146 -21.171 0.505 16
-0.053 -21.181 0.471 35
-0.052 -21.187 0.465 22
-0.165 -21.174 0.505 17
-0.225 -21.193 0.498 18
-0.075 -21.171 0.488 10
-0.078 -21.166 0.494 16
-0.142 -21.194 0.477 25
-0.212 -21.189 0.499 19
-0.209 -21.193 0.494 21
-0.195 -21.177 0.509 16
-0.175 -21.181 0.500 17
-0.114 -21.174 0.494 16
-0.011 -21.151 0.496 8
-0.142 -21.171 0.503 16
-0.076 -21.157 0.504 18
-0.208 -21.171 0.518 17
-0.056 -21.176 0.478 61
-0.287 -21.185 0.520 14
-0.120 -21.160 0.511 15
-0.082 -21.157 0.506 16
-0.270 -21.182 0.520 14
-0.048 -21.157 0.498 14
-0.155 -21.179 0.498 17
-0.215 -21.192 0.497 20
-0.065 -21.152 0.507 14
-0.058 -21.181 0.473 59
-0.048 -21.173 0.479 61
-0.043 -21.175 0.476 20
-0.100 -21.187 0.475 20
-0.095 -21.185 0.477 19
-0.293 -21.173 0.536 13
-0.070 -21.197 0.457 16
-0.071 -21.200 0.454 19
-0.111 -21.183 0.482 21
-0.059 -21.209 0.441 35
-0.218 -21.184 0.505 14
-0.301 -21.179 0.531 13
-0.025 -21.177 0.470 17
-0.209 -21.180 0.509 16
-0.204 -21.185 0.501 13
-0.053 -21.160 0.496 12
-0.176 -21.177 0.504 16
-0.129 -21.160 0.512 16
-0.096 -21.195 0.466 11
-0.051 -21.175 0.478 60
-0.213 -21.178 0.512 17
-0.056 -21.154 0.503 12
-0.265 -21.172 0.530 14
-0.056 -21.167 0.489 28
-0.155 -21.191 0.484 23
-0.084 -21.196 0.462 53
-0.230 -21.180 0.513 18
-0.063 -21.176 0.480 42
-0.187 -21.195 0.487 22
-0.035 -21.178 0.470 20
-0.065 -21.153 0.506 14
-0.096 -21.200 0.459 25
-0.045 -21.170 0.483 65
-0.112 -21.181 0.485 15
-0.247 -21.189 0.507 17
-0.129 -21.202 0.465 25
-0.228 -21.189 0.503 19
-0.276 -21.186 0.517 15
-0.253 -21.179 0.519 15
-0.087 -21.184 0.476 18
-0.034 -21.156 0.495 78
-0.240 -21.184 0.510 15
-0.176 -21.199 0.479 26
-0.144 -21.162 0.514 16
-0.198 -21.195 0.489 25
-0.211 -21.195 0.492 24
-0.191 -21.180 0.504 17
-0.166 -21.168 0.512 17
-0.016 -21.158 0.490 1
-0.163 -21.184 0.493 19
-0.245 -21.172 0.526 15
-0.251 -21.186 0.511 16
-0.290 -21.183 0.524 13
-0.154 -21.162 0.516 17
-0.042 -21.179 0.472 15
-0.046 -21.157 0.497 35
-0.141 -21.189 0.483 23
-0.091 -21.169 0.494 14
-0.109 -21.206 0.456 17
-0.238 -21.182 0.513 16
-0.174 -21.181 0.499 16
-0.190 -21.194 0.489 21
-0.229 -21.195 0.496 19
-0.097 -21.175 0.489 12
-0.231 -21.169 0.526 15
-0.171 -21.183 0.496 18
-0.120 -21.171 0.498 14
-0.033 -21.154 0.497 78
-0.246 -21.181 0.516 16
-0.133 -21.159 0.515 16
-0.165 -21.185 0.492 19
-0.211 -21.166 0.525 16
-0.135 -21.194 0.475 25
-0.280 -21.178 0.527 13
-0.101 -21.201 0.460 14
-0.085 -21.179 0.481 16
-0.057 -21.194 0.457 21
-0.315 -21.178 0.535 14
-0.087 -21.206 0.451 49
-0.074 -21.190 0.466 48
-0.094 -21.214 0.444 35
-0.074 -21.184 0.473 46
-0.037 -21.161 0.491 71
-0.108 -21.193 0.471 15
-0.075 -21.166 0.494 15
-0.035 -21.172 0.478 17
-0.058 -21.153 0.505 7
-0.135 -21.169 0.504 16
-0.218 -21.193 0.495 22
-0.212 -21.167 0.524 16
-0.249 -21.174 0.524 15
-0.243 -21.182 0.514 16
-0.104 -21.165 0.502 13
-0.160 -21.188 0.488 21
-0.305 -21.176 0.536 13
-0.049 -21.191 0.460 21
-0.193 -21.188 0.496 17
-0.206 -21.166 0.523 15
-0.119 -21.197 0.468 22
-0.211 -21.194 0.493 24
-0.182 -21.183 0.499 17
-0.065 -21.168 0.490 15
-0.114 -21.195 0.469 22
-0.111 -21.179 0.487 15
-0.011 -21.152 0.495 7
-0.255 -21.172 0.528 15
-0.056 -21.206 0.444 21
-0.015 -21.166 0.480 17
-0.224 -21.196 0.494 24
-0.067 -21.174 0.483 16
-0.097 -21.167 0.497 14
-0.266 -21.172 0.530 14
-0.186 -21.197 0.484 23
-0.147 -21.168 0.507 16
-0.011 -21.154 0.493 10
-0.104 -21.180 0.485 17
-0.094 -21.198 0.462 27
-0.113 -21.174 0.494 16
-0.262 -21.181 0.520 14
-0.221 -21.168 0.525 16
-0.035 -21.183 0.465 21
-0.112 -21.176 0.491 15
-0.062 -21.202 0.450 22
-0.176 -21.171 0.511 17
-0.208 -21.172 0.518 17
-0.256 -21.190 0.508 17
-0.079 -21.185 0.473 12
-0.096 -21.194 0.467 11
-0.095 -21.205 0.454 47
-0.285 -21.174 0.533 13
-0.045 -21.154 0.500 13
-0.207 -21.204 0.473 26
-0.215 -21.203 0.475 28
-0.127 -21.215 0.445 47
-0.095 -21.218 0.440 39
-0.166 -21.214 0.445 73
-0.154 -21.212 0.452 16
-0.094 -21.219 0.435 34
-0.180 -21.213 0.448 23
-0.186 -21.214 0.443 17
-0.204 -21.211 0.451 33
-0.258 -21.200 0.479 29
-0.208 -21.205 0.469 25
-0.208 -21.202 0.478 27
-0.183 -21.212 0.451 32
-0.182 -21.214 0.444 18
-0.270 -21.190 0.510 16
-0.185 -21.209 0.459 25
-0.240 -21.198 0.489 26
-0.187 -21.205 0.469 28
-0.205 -21.202 0.478 27
-0.109 -21.219 0.436 39
-0.167 -21.207 0.465 27
-0.305 -21.184 0.524 15
-0.100 -21.219 0.435 52
-0.221 -21.210 0.454 25
-0.243 -21.201 0.480 29
-0.132 -21.214 0.448 25
-0.255 -21.200 0.481 29
-0.160 -21.210 0.458 25
-0.241 -21.195 0.497 32
-0.093 -21.219 0.437 24
-0.176 -21.206 0.467 28
-0.233 -21.204 0.469 29
-0.259 -21.198 0.486 26
-0.143 -21.211 0.456 26
-0.130 -21.213 0.451 11
-0.162 -21.210 0.456 27
-0.130 -21.213 0.452 11
-0.190 -21.207 0.464 26
-0.116 -21.216 0.443 30
-0.146 -21.214 0.446 54
-0.236 -21.199 0.484 30
-0.261 -21.197 0.490 24
-0.196 -21.209 0.457 24
-0.252 -21.202 0.476 31
-0.220 -21.208 0.459 24
-0.198 -21.213 0.446 41
-0.293 -21.188 0.514 15
-0.179 -21.204 0.474 28
-0.170 -21.207 0.466 28
-0.279 -21.189 0.513 15
-0.147 -21.211 0.456 24
-0.276 -21.190 0.508 17
-0.217 -21.206 0.464 26
-0.271 -21.195 0.495 21
-0.265 -21.193 0.501 20
-0.201 -21.202 0.479 27
-0.196 -21.208 0.460 24
-0.083 -21.219 0.435 44
-0.183 -21.205 0.469 28
-0.246 -21.196 0.494 22
-0.278 -21.188 0.515 15
-0.237 -21.196 0.495 26
-0.203 -21.209 0.458 21
-0.190 -21.214 0.444 20
-0.377 -21.002 0.874 27
-0.404 -20.883 0.941 104
-0.369 -20.991 0.857 24
-0.389 -20.912 0.904 68
-0.375 -20.850 0.876 17
-0.402 -20.849 0.939 57
-0.308 -20.832 0.725 40
-0.313 -20.784 0.738 29
-0.369 -20.951 0.858 61
-0.381 -21.022 0.882 27
-0.387 -20.865 0.903 68
-0.395 -20.893 0.921 65
-0.342 -20.917 0.799 42
-0.385 -20.879 0.899 66
-0.368 -20.875 0.860 54
-0.362 -20.962 0.843 25
-0.301 -20.788 0.710 26
-0.337 -20.778 0.794 29
-0.357 -20.814 0.837 40
-0.347 -20.824 0.814 41
-0.344 -20.944 0.802 56
-0.349 -20.780 0.821 27
-0.364 -20.835 0.853 44
-0.365 -20.923 0.850 59
-0.383 -20.829 0.895 19
-0.372 -20.946 0.866 57
-0.316 -20.807 0.744 33
-0.361 -20.804 0.846 37
-0.390 -20.832 0.911 67
-0.397 -20.930 0.923 63
-0.365 -20.829 0.854 43
-0.319 -20.848 0.750 41
-0.383 -20.984 0.890 28
-0.357 -20.958 0.831 22
-0.344 -20.768 0.810 25
-0.337 -20.924 0.787 45
-0.360 -20.928 0.838 58
-0.335 -20.820 0.787 40
-0.324 -20.844 0.761 41
-0.366 -20.894 0.854 59
-0.364 -21.007 0.846 24
-0.384 -21.024 0.889 27
-0.339 -20.804 0.796 35
-0.397 -20.883 0.924 63
-0.346 -20.804 0.812 37
-0.363 -20.879 0.848 42
-0.405 -20.799 0.946 45
-0.390 -20.988 0.905 27
-0.381 -20.783 0.892 32
-0.395 -20.839 0.922 64
-0.352 -20.811 0.825 39
-0.399 -21.079 0.921 27
-0.404 -20.935 0.940 161
-0.304 -20.816 0.716 34
-0.365 -20.795 0.857 34
-0.390 -20.786 0.914 40
-0.393 -20.923 0.915 67
-0.385 -21.003 0.893 28
-0.404 -21.122 0.931 28
-0.390 -20.960 0.907 27
-0.312 -20.835 0.734 42
-0.300 -20.797 0.709 29
-0.367 -20.883 0.856 54
-0.393 -20.932 0.913 68
-0.360 -20.801 0.845 36
-0.356 -20.784 0.835 30
-0.349 -20.784 0.819 29
-0.311 -20.853 0.730 44
-0.394 -20.794 0.923 39
-0.388 -21.072 0.898 27
-0.376 -20.965 0.874 27
-0.373 -20.905 0.871 62
-0.319 -20.843 0.750 40
-0.392 -20.991 0.910 27
-0.356 -20.779 0.837 30
-0.355 -20.855 0.832 45
-0.328 -20.834 0.769 43
-0.336 -20.869 0.788 49
-0.338 -20.808 0.793 37
-0.381 -20.908 0.888 63
-0.333 -20.784 0.785 29
-0.367 -21.010 0.853 25
-0.387 -20.880 0.902 69
-0.357 -20.983 0.829 26
-0.383 -20.783 0.897 30
-0.404 -21.091 0.933 27
-0.395 -21.029 0.915 26
-0.307 -20.797 0.723 30
-0.309 -20.799 0.729 29
-0.394 -20.946 0.915 63
-0.394 -20.983 0.913 29
-0.374 -20.863 0.874 52
-0.335 -20.896 0.783 59
-0.398 -20.932 0.926 59
-0.362 -20.982 0.841 25
-0.393 -20.788 0.921 35
-0.401 -20.807 0.938 53
-0.404 -20.851 0.942 73
-0.334 -20.889 0.781 49
-0.401 -20.790 0.939 38
-0.395 -20.785 0.926 34
-0.354 -20.886 0.826 12
-0.373 -20.786 0.874 33
-0.319 -20.831 0.751 42
-0.360 -20.848 0.841 42
-0.336 -20.858 0.788 47
-0.360 -20.957 0.837 21
-0.372 -20.955 0.865 60
-0.333 -20.808 0.783 37
-0.386 -21.005 0.895 28
-0.344 -20.948 0.802 58
-0.359 -20.835 0.839 44
-0.344 -20.931 0.804 56
-0.398 -20.942 0.926 60
-0.396 -20.958 0.920 25
-0.356 -20.913 0.830 56
-0.323 -20.787 0.761 28
-0.402 -20.791 0.940 42
-0.396 -20.993 0.917 27
-0.377 -20.932 0.879 60
-0.315 -20.854 0.739 42
-0.364 -20.958 0.847 23
-0.340 -20.772 0.800 26
-0.355 -20.799 0.834 37
-0.381 -20.778 0.892 31
-0.331 -20.886 0.774 53
-0.405 -21.128 0.934 27
-0.321 -20.780 0.756 26
-0.364 -20.844 0.852 44
-0.370 -20.799 0.867 36
-0.393 -20.873 0.915 70
-0.318 -20.857 0.746 42
-0.388 -20.982 0.901 28
-0.363 -20.979 0.844 25
-0.342 -20.943 0.798 59
-0.374 -21.001 0.867 27
-0.311 -20.778 0.734 24
-0.342 -20.891 0.800 60
-0.358 -20.948 0.834 59
-0.362 -20.995 0.842 25
-0.342 -20.826 0.803 40
-0.371 -20.882 0.866 57
-0.400 -20.800 0.935 47
-0.324 -20.786 0.763 28
-0.360 -20.846 0.843 43
-0.382 -20.902 0.889 64
-0.378 -20.798 0.885 40
-0.315 -20.813 0.742 34
-0.384 -21.011 0.890 26
-0.404 -20.954 0.938 174
-0.315 -20.841 0.741 42
-0.306 -20.831 0.721 39
-0.368 -20.953 0.857 62
-0.401 -20.917 0.933 54
-0.405 -20.794 0.947 47
-0.308 -20.843 0.724 41
-0.402 -20.923 0.934 55
-0.404 -21.079 0.933 28
-0.382 -20.952 0.888 66
-0.327 -20.809 0.768 38
-0.404 -20.867 0.942 122
-0.348 -20.929 0.812 57
-0.374 -20.827 0.876 43
-0.372 -20.962 0.864 25
-0.354 -20.871 0.827 41
-0.378 -20.915 0.881 61
-0.371 -20.790 0.871 33
-0.404 -20.793 0.944 44
-0.336 -20.849 0.788 46
-0.383 -20.800 0.896 41
-0.377 -20.970 0.876 27
-0.393 -21.023 0.911 27
-0.402 -20.830 0.940 53
-0.385 -20.794 0.900 38
-0.345 -20.936 0.806 55
-0.378 -20.866 0.882 58
-0.347 -20.862 0.813 50
-0.382 -21.027 0.886 26
-0.392 -21.068 0.905 27
-0.342 -20.916 0.798 36
-0.401 -21.088 0.925 27
-0.406 -21.012 0.940 25
-0.393 -21.049 0.909 26
-0.362 -20.812 0.848 40
-0.392 -20.889 0.913 69
-0.332 -20.871 0.778 47
-0.398 -20.990 0.923 29
-0.365 -20.874 0.854 38
-0.400 -21.044 0.926 27
-0.323 -20.880 0.756 48
-0.354 -20.850 0.828 46
-0.388 -20.990 0.901 28
-0.397 -20.883 0.924 63
-0.374 -20.893 0.873 59
-0.398 -21.035 0.920 27
-0.346 -20.798 0.813 34
-0.358 -20.807 0.840 39
-0.389 -21.050 0.899 27
-0.363 -20.963 0.843 26
-0.362 -20.795 0.849 33
-0.347 -20.806 0.815 39
-0.382 -21.053 0.883 26
-0.403 -21.026 0.934 28
-0.369 -20.871 0.862 44
-0.385 -20.778 0.901 28
-0.369 -20.779 0.865 31
-0.383 -21.058 0.886 26
-0.403 -20.957 0.935 27
-0.359 -20.978 0.835 25
-0.406 -21.090 0.937 28
-0.309 -20.791 0.730 27
-0.289 -20.788 0.683 18
-0.332 -20.862 0.778 47
-0.375 -20.992 0.871 27
-0.350 -20.933 0.817 55
-0.330 -20.883 0.773 57
-0.386 -20.835 0.903 50
-0.363 -20.940 0.846 60
-0.353 -20.865 0.826 47
-0.288 -20.776 0.681 11
-0.324 -20.881 0.759 48
-0.293 -20.769 0.692 10
-0.405 -21.056 0.935 27
-0.347 -20.877 0.812 47
-0.357 -20.916 0.833 59
-0.348 -20.805 0.816 38
-0.319 -20.805 0.751 35
-0.400 -20.868 0.932 65
-0.401 -21.108 0.925 27
-0.321 -20.822 0.754 39
-0.403 -20.815 0.942 49
-0.376 -20.786 0.880 30
-0.352 -20.825 0.824 40
-0.379 -20.930 0.883 62
-0.393 -20.951 0.913 69
-0.375 -20.974 0.871 24
-0.371 -20.805 0.869 40
-0.399 -21.099 0.922 26
-0.327 -20.788 0.769 26
-0.406 -21.114 0.936 28
-0.297 -20.790 0.701 26
-0.344 -20.852 0.805 47
-0.371 -20.902 0.866 59
-0.387 -20.990 0.899 28
-0.377 -20.973 0.876 27
-0.330 -20.797 0.777 34
-0.398 -21.002 0.922 28
-0.385 -20.846 0.899 57
-0.365 -20.926 0.850 59
-0.375 -20.843 0.877 16
-0.397 -20.950 0.923 61
-0.395 -20.987 0.917 28
-0.396 -20.939 0.919 62
-0.366 -20.921 0.852 61
-0.375 -20.875 0.875 63
-0.340 -20.824 0.798 40
-0.403 -20.960 0.936 24
-0.369 -20.770 0.866 29
-0.385 -21.045 0.891 27
-0.375 -20.866 0.875 55
-0.349 -20.820 0.819 41
-0.399 -20.945 0.928 77
-0.396 -20.983 0.918 29
-0.397 -21.105 0.917 27
-0.356 -20.978 0.828 26
-0.378 -20.772 0.885 32
-0.324 -20.770 0.763 26
-0.379 -20.873 0.885 59
-0.375 -20.992 0.871 27
-0.394 -20.890 0.918 66
-0.396 -20.811 0.925 58
-0.394 -21.022 0.913 27
-0.378 -20.938 0.879 61
-0.347 -20.791 0.815 31
-0.403 -20.819 0.941 49
-0.399 -20.941 0.928 60
-0.379 -20.902 0.884 60
-0.333 -20.783 0.784 29
-0.331 -20.792 0.778 30
-0.358 -20.915 0.835 60
-0.373 -21.021 0.865 27
-0.404 -21.119 0.932 28
-0.404 -20.993 0.935 27
-0.365 -20.876 0.853 49
-0.352 -20.847 0.824 46
-0.334 -20.810 0.785 38
-0.369 -20.898 0.860 62
-0.362 -20.960 0.842 25
-0.342 -20.825 0.802 40
-0.404 -20.887 0.941 111
-0.395 -21.045 0.914 26
-0.352 -20.779 0.826 26
-0.358 -20.786 0.841 31
-0.343 -20.888 0.801 56
-0.303 -20.821 0.714 38
-0.366 -20.816 0.856 40
-0.399 -20.949 0.928 68
-0.366 -20.971 0.850 25
-0.397 -21.032 0.918 26
-0.379 -20.832 0.886 31
-0.394 -20.785 0.922 32
-0.339 -20.895 0.791 61
-0.359 -20.985 0.834 27
-0.405 -20.827 0.945 57
-0.390 -20.970 0.906 28
-0.305 -20.798 0.720 29
-0.398 -20.973 0.924 28
-0.388 -20.814 0.908 20
-0.320 -20.856 0.750 44
-0.344 -20.783 0.810 27
-0.327 -20.892 0.766 54
-0.388 -20.968 0.900 28
-0.383 -20.840 0.895 38
-0.399 -20.863 0.931 58
-0.376 -20.869 0.877 59
-0.389 -20.961 0.903 27
-0.365 -21.009 0.848 25
-0.391 -20.862 0.912 69
-0.303 -20.798 0.715 28
-0.392 -20.893 0.913 68
-0.397 -21.030 0.920 27
-0.386 -21.024 0.894 27
-0.312 -20.853 0.733 43
-0.399 -21.070 0.921 28
-0.338 -20.835 0.792 43
-0.339 -20.925 0.792 46
-0.401 -20.965 0.931 24
-0.349 -20.826 0.819 40
-0.389 -20.981 0.903 26
-0.379 -20.905 0.883 60
-0.385 -21.039 0.891 27
-0.360 -20.910 0.840 57
-0.367 -20.969 0.854 27
-0.357 -20.933 0.831 55
-0.384 -21.034 0.890 27
-0.404 -20.875 0.941 138
-0.377 -20.915 0.878 61
-0.335 -20.865 0.786 47
-0.406 -20.795 0.948 53
-0.398 -21.003 0.921 28
-0.376 -21.021 0.873 28
-0.379 -20.879 0.883 60
-0.393 -20.941 0.914 63
-0.346 -20.804 0.812 37
-0.405 -20.768 0.948 36
-0.373 -20.820 0.874 43
-0.344 -20.836 0.807 40
-0.334 -20.854 0.782 46
-0.380 -21.007 0.881 27
-0.378 -20.969 0.878 28
-0.406 -21.100 0.936 28
-0.311 -20.840 0.732 42
-0.383 -20.993 0.888 27
-0.371 -20.962 0.862 25
-0.356 -20.863 0.832 40
-0.304 -20.778 0.719 22
-0.340 -20.925 0.794 46
-0.331 -20.875 0.775 51
-0.403 -20.769 0.944 34
-0.379 -20.888 0.885 61
-0.349 -20.784 0.821 28
-0.368 -20.825 0.860 41
-0.403 -20.912 0.937 58
-0.400 -20.918 0.929 61
-0.357 -20.900 0.833 56
-0.406 -21.125 0.935 26
-0.392 -20.993 0.909 27
-0.311 -20.796 0.733 29
-0.387 -21.003 0.898 28
-0.347 -20.921 0.811 57
-0.367 -20.848 0.858 40
-0.405 -21.001 0.939 26
-0.363 -20.803 0.851 37
-0.331 -20.869 0.775 48
-0.341 -20.774 0.802 26
-0.373 -20.926 0.869 61
-0.403 -20.806 0.942 51
-0.401 -20.820 0.937 52
-0.384 -20.967 0.893 29
-0.399 -20.916 0.928 55
-0.381 -20.949 0.886 61
-0.318 -20.807 0.749 34
-0.347 -20.945 0.808 56
-0.372 -20.804 0.872 41
-0.379 -20.930 0.883 62
-0.388 -20.940 0.902 72
-0.392 -20.820 0.916 66
-0.361 -20.868 0.843 18
-0.366 -20.935 0.853 62
-0.331 -20.875 0.775 51
-0.337 -20.868 0.790 48
-0.350 -20.850 0.820 46
-0.375 -20.864 0.876 52
-0.399 -21.089 0.921 27
-0.364 -20.896 0.849 57
-0.355 -20.839 0.831 45
-0.397 -21.072 0.917 27
-0.397 -20.997 0.920 28
-0.335 -20.796 0.787 34
-0.355 -20.939 0.827 59
-0.335 -20.806 0.788 37
-0.396 -20.910 0.921 63
-0.403 -20.887 0.939 80
-0.351 -20.797 0.824 34
-0.320 -20.873 0.751 45
-0.360 -20.923 0.840 58
-0.370 -20.814 0.868 44
-0.388 -20.977 0.901 28
-0.337 -20.915 0.787 38
-0.371 -20.873 0.865 54
-0.384 -20.788 0.899 31
-0.361 -20.872 0.844 19
-0.395 -20.774 0.925 32
-0.404 -21.051 0.934 27
-0.335 -20.811 0.787 39
-0.396 -20.820 0.926 66
-0.368 -20.788 0.863 34
-0.353 -20.786 0.829 32
-0.331 -20.893 0.774 53
-0.325 -20.788 0.765 26
-0.356 -20.926 0.829 57
-0.400 -20.784 0.935 37
-0.397 -20.918 0.924 63
-0.389 -20.892 0.907 66
-0.383 -20.895 0.893 65
-0.402 -20.774 0.940 34
-0.359 -20.937 0.836 57
-0.381 -20.905 0.888 64
-0.394 -20.916 0.917 67
-0.392 -21.020 0.908 27
-0.379 -20.841 0.886 24
-0.308 -20.835 0.724 40
-0.359 -20.910 0.838 57
-0.349 -20.932 0.813 58
-0.326 -20.846 0.764 40
-0.370 -20.996 0.859 26
-0.353 -20.850 0.827 47
-0.403 -21.082 0.931 27
-0.372 -21.011 0.863 27
-0.390 -20.934 0.907 72
-0.353 -20.874 0.826 41
-0.356 -20.810 0.835 39
-0.393 -20.798 0.919 38
-0.399 -21.019 0.924 27
-0.348 -20.915 0.813 53
-0.298 -20.805 0.703 29
-0.340 -20.909 0.795 35
-0.371 -20.962 0.863 27
-0.320 -20.816 0.752 37
-0.402 -20.787 0.940 42
-0.330 -20.871 0.774 48
-0.330 -20.814 0.776 38
-0.309 -20.778 0.729 25
-0.337 -20.881 0.789 54
-0.399 -20.883 0.929 64
-0.333 -20.860 0.781 47
-0.321 -20.854 0.753 43
-0.373 -20.783 0.874 31
-0.322 -20.842 0.756 42
-0.406 -20.974 0.942 24
-0.365 -20.813 0.856 41
-0.377 -20.922 0.879 62
-0.386 -20.983 0.896 28
-0.389 -21.066 0.900 26
-0.380 -20.818 0.888 38
-0.329 -20.878 0.770 51
-0.380 -20.847 0.888 40
-0.329 -20.878 0.771 51
-0.399 -21.051 0.922 26
-0.337 -20.798 0.791 35
-0.392 -20.904 0.912 69
-0.350 -20.912 0.816 51
-0.400 -20.892 0.932 58
-0.371 -21.008 0.860 27
-0.310 -20.830 0.730 41
-0.308 -20.795 0.726 29
-0.339 -20.929 0.792 58
-0.343 -20.884 0.802 51
-0.398 -20.908 0.926 56
-0.384 -20.925 0.895 64
-0.356 -20.878 0.831 17
-0.399 -20.835 0.931 59
-0.325 -20.810 0.764 37
-0.318 -20.840 0.746 41
-0.397 -20.980 0.922 27
-0.384 -20.809 0.899 39
-0.391 -20.842 0.914 72
-0.377 -20.816 0.883 45
-0.323 -20.864 0.756 43
-0.394 -21.047 0.912 26
-0.387 -20.801 0.906 38
-0.405 -20.877 0.944 177
-0.390 -20.964 0.907 28
-0.331 -20.812 0.777 38
-0.367 -20.789 0.861 36
-0.368 -20.910 0.859 61
-0.402 -20.934 0.935 56
-0.356 -20.927 0.831 57
-0.377 -20.825 0.882 41
-0.348 -20.925 0.813 59
-0.359 -20.846 0.841 44
-0.400 -20.776 0.936 29
-0.368 -20.947 0.857 59
-0.368 -20.904 0.859 61
-0.402 -20.804 0.939 52
-0.364 -20.932 0.847 59
-0.354 -20.769 0.831 28
-0.331 -20.840 0.778 41
-0.402 -21.038 0.931 29
-0.393 -20.910 0.914 69
-0.367 -21.016 0.852 25
-0.317 -20.861 0.744 43
-0.359 -20.981 0.834 27
-0.328 -20.833 0.769 40
-0.351 -20.925 0.819 57
-0.313 -20.805 0.737 32
-0.387 -21.036 0.897 27
-0.366 -20.871 0.855 34
-0.349 -20.892 0.816 12
-0.396 -20.792 0.925 40
-0.397 -21.054 0.917 26
-0.331 -20.907 0.774 65
-0.406 -21.022 0.939 26
-0.389 -21.050 0.899 27
-0.327 -20.882 0.766 50
-0.385 -20.794 0.902 39
-0.370 -20.907 0.863 62
-0.377 -20.884 0.879 59
-0.316 -20.829 0.743 42
-0.374 -21.037 0.867 27
-0.373 -21.001 0.866 27
-0.399 -21.068 0.922 28
-0.373 -20.955 0.867 60
-0.344 -20.783 0.809 27
-0.403 -21.102 0.930 28
-0.377 -20.776 0.884 30
-0.379 -20.801 0.887 39
-0.348 -20.958 0.810 25
-0.302 -20.811 0.711 31
-0.367 -20.901 0.856 59
-0.379 -20.861 0.884 57
-0.330 -20.786 0.777 27
-0.385 -21.063 0.890 27
-0.352 -20.801 0.825 35
-0.397 -20.949 0.923 61
-0.398 -20.947 0.924 61
-0.348 -20.865 0.815 49
-0.350 -20.868 0.819 48
-0.403 -21.039 0.932 29
-0.340 -20.886 0.796 57
-0.380 -20.955 0.883 65
-0.314 -20.850 0.739 43
-0.365 -21.006 0.847 24
-0.345 -20.855 0.807 46
-0.345 -20.809 0.810 39
-0.309 -20.797 0.728 29
-0.356 -20.811 0.834 39
-0.385 -20.797 0.901 40
-0.361 -20.955 0.841 62
-0.405 -20.835 0.946 71
-0.325 -20.779 0.767 26
-0.388 -20.865 0.906 70
-0.376 -21.008 0.872 28
-0.319 -20.782 0.751 26
-0.403 -20.918 0.937 71
-0.282 -20.779 0.667 31
-0.346 -21.149 0.764 27
-0.288 -20.812 0.676 33
-0.297 -20.887 0.684 59
-0.334 -20.943 0.775 75
-0.343 -21.076 0.770 29
-0.329 -21.116 0.724 23
-0.304 -20.888 0.702 59
-0.335 -21.031 0.758 29
-0.318 -20.924 0.735 41
-0.396 -21.108 0.913 27
-0.301 -20.960 0.678 76
-0.341 -21.029 0.775 29
-0.362 -21.073 0.826 27
-0.316 -21.112 0.688 32
-0.360 -21.143 0.803 26
-0.334 -21.156 0.729 22
-0.313 -21.081 0.686 34
-0.328 -21.032 0.739 30
-0.321 -20.999 0.725 28
-0.309 -20.938 0.707 52
-0.313 -20.910 0.723 52
-0.335 -21.107 0.741 27
-0.394 -21.134 0.901 25
-0.388 -21.138 0.884 26
-0.311 -21.049 0.687 30
-0.293 -20.880 0.675 48
-0.332 -21.026 0.752 27
-0.311 -21.117 0.671 37
-0.367 -21.092 0.835 27
-0.307 -20.909 0.706 45
-0.321 -21.130 0.697 18
-0.316 -21.157 0.678 26
-0.392 -21.104 0.903 26
-0.326 -20.944 0.753 67
-0.336 -21.127 0.738 25
-0.300 -20.833 0.704 40
-0.353 -21.028 0.808 26
-0.313 -21.077 0.686 35
-0.301 -20.892 0.693 62
-0.347 -21.081 0.780 28
-0.356 -21.131 0.795 26
-0.319 -20.924 0.738 41
-0.313 -20.899 0.726 60
-0.317 -21.003 0.713 25
-0.302 -20.902 0.694 55
-0.367 -21.052 0.843 28
-0.322 -21.011 0.726 29
-0.355 -21.097 0.799 27
-0.368 -21.098 0.835 27
-0.335 -20.951 0.776 90
-0.345 -21.146 0.762 25
-0.390 -21.102 0.898 27
-0.360 -21.116 0.810 26
-0.286 -20.784 0.676 12
-0.347 -21.008 0.798 29
-0.338 -21.099 0.752 27
-0.332 -21.112 0.733 25
-0.302 -20.905 0.694 52
-0.343 -20.965 0.797 25
-0.337 -21.096 0.748 29
-0.371 -21.078 0.848 27
-0.319 -20.917 0.740 39
-0.322 -20.983 0.732 30
-0.287 -20.815 0.672 34
-0.297 -20.843 0.694 38
-0.353 -21.056 0.803 28
-0.294 -20.875 0.679 48
-0.381 -21.132 0.866 25
-0.330 -21.064 0.736 30
-0.349 -21.069 0.789 28
-0.321 -21.136 0.696 16
-0.353 -21.137 0.785 26
-0.293 -20.926 0.665 44
-0.287 -20.800 0.676 26
-0.339 -21.133 0.747 25
-0.287 -20.824 0.669 36
-0.306 -20.881 0.709 51
-0.330 -21.086 0.732 27
-0.316 -21.032 0.704 30
-0.338 -21.044 0.763 29
-0.307 -20.945 0.698 62
-0.367 -21.030 0.849 28
-0.353 -20.993 0.817 26
-0.341 -21.109 0.757 27
-0.389 -21.094 0.895 27
-0.350 -21.030 0.802 27
-0.303 -20.989 0.677 36
-0.310 -20.993 0.696 27
-0.340 -21.119 0.753 28
-0.323 -20.967 0.738 61
-0.311 -20.862 0.729 41
-0.328 -21.105 0.723 24
-0.316 -21.033 0.704 31
-0.318 -21.028 0.712 26
-0.387 -21.110 0.887 26
-0.306 -21.026 0.679 32
-0.341 -21.020 0.777 29
-0.325 -20.940 0.751 58
-0.400 -21.130 0.919 27
-0.384 -21.132 0.875 25
-0.340 -21.141 0.747 25
-0.329 -21.129 0.720 22
-0.340 -21.072 0.764 29
-0.353 -21.032 0.808 26
-0.336 -20.966 0.777 29
-0.345 -20.970 0.800 27
-0.329 -21.040 0.741 30
-0.355 -21.087 0.803 27
-0.302 -20.860 0.704 41
-0.325 -21.142 0.705 18
-0.311 -20.978 0.703 27
-0.336 -21.058 0.756 29
-0.296 -20.906 0.676 57
-0.361 -21.048 0.827 25
-0.375 -21.084 0.858 26
-0.315 -20.953 0.719 78
-0.364 -21.107 0.822 25
-0.294 -20.852 0.684 41
-0.301 -20.952 0.680 75
-0.372 -21.139 0.837 25
-0.362 -21.095 0.819 26
-0.371 -21.033 0.859 28
-0.293 -20.861 0.679 46
-0.339 -21.010 0.774 29
-0.383 -21.138 0.869 25
-0.298 -20.993 0.663 47
-0.360 -21.085 0.816 27
-0.373 -21.131 0.844 24
-0.303 -20.964 0.683 74
-0.311 -20.904 0.720 61
-0.371 -21.100 0.843 26
-0.333 -21.140 0.729 23
-0.359 -21.035 0.825 23
-0.284 -20.779 0.671 50
-0.298 -20.882 0.688 56
-0.333 -21.135 0.731 23
-0.324 -21.112 0.709 21
-0.322 -21.164 0.692 17
-0.334 -20.962 0.771 32
-0.322 -21.091 0.710 23
-0.324 -21.026 0.729 31
-0.395 -21.131 0.903 25
-0.342 -20.965 0.792 33
-0.360 -21.030 0.830 23
-0.299 -20.858 0.696 44
-0.306 -21.031 0.677 32
-0.323 -20.977 0.737 28
-0.307 -20.983 0.690 25
-0.316 -21.115 0.687 30
-0.317 -21.056 0.704 29
-0.351 -21.158 0.775 25
-0.355 -21.111 0.797 27
-0.320 -21.040 0.714 28
-0.365 -21.099 0.826 27
-0.377 -21.121 0.855 25
-0.311 -20.935 0.713 48
-0.333 -20.941 0.773 75
-0.336 -21.078 0.750 29
-0.389 -21.135 0.887 25
-0.362 -21.058 0.827 25
-0.355 -20.992 0.824 26
-0.288 -20.844 0.669 41
-0.301 -21.030 0.663 39
-0.374 -21.085 0.856 26
-0.322 -21.099 0.706 22
-0.298 -20.913 0.682 34
-0.351 -21.115 0.786 26
-0.297 -20.965 0.666 65
-0.326 -21.169 0.702 17
-0.356 -20.999 0.825 26
-0.309 -20.926 0.710 44
-0.325 -20.906 0.758 61
-0.341 -21.034 0.774 29
-0.328 -21.029 0.739 30
-0.363 -21.020 0.839 25
-0.300 -21.005 0.666 41
-0.335 -21.017 0.761 27
-0.307 -20.871 0.714 44
-0.330 -21.099 0.728 25
-0.309 -20.928 0.707 44
-0.365 -21.056 0.836 28
-0.329 -21.027 0.742 31
-0.390 -21.101 0.897 27
-0.328 -21.121 0.720 23
-0.305 -20.955 0.692 74
-0.332 -20.982 0.762 27
-0.349 -21.119 0.779 27
-0.309 -20.902 0.715 60
-0.347 -21.108 0.775 27
-0.364 -21.050 0.835 28
-0.301 -20.889 0.696 54
-0.304 -20.873 0.708 46
-0.362 -21.020 0.838 25
-0.300 -20.843 0.702 40
-0.330 -20.945 0.764 74
-0.323 -20.895 0.754 50
-0.368 -21.144 0.827 25
-0.321 -20.943 0.738 62
-0.342 -21.006 0.784 30
-0.333 -21.070 0.743 30
-0.364 -21.109 0.822 25
-0.337 -21.049 0.761 29
-0.301 -21.005 0.668 36
-0.386 -21.081 0.891 27
-0.300 -20.971 0.675 63
-0.349 -21.010 0.803 27
-0.302 -21.042 0.662 44
-0.295 -20.838 0.690 40
-0.303 -21.024 0.671 36
-0.352 -21.045 0.803 29
-0.341 -21.027 0.777 29
-0.326 -21.118 0.715 22
-0.306 -20.892 0.708 58
-0.302 -20.835 0.710 41
-0.310 -20.906 0.717 65
-0.303 -20.952 0.686 69
-0.324 -21.082 0.716 25
-0.363 -21.120 0.817 26
-0.295 -20.904 0.675 59
-0.288 -20.854 0.667 43
-0.336 -21.034 0.760 29
-0.320 -21.036 0.714 27
-0.388 -21.094 0.892 27
-0.384 -21.138 0.873 25
-0.324 -21.035 0.727 29
-0.342 -21.009 0.782 29
-0.329 -20.918 0.766 35
-0.308 -20.873 0.718 46
-0.363 -21.063 0.830 25
-0.300 -20.912 0.686 38
-0.381 -21.114 0.868 26
-0.326 -20.906 0.762 63
-0.325 -20.921 0.754 39
-0.359 -21.142 0.802 26
-0.339 -20.954 0.786 78
-0.299 -20.997 0.665 40
-0.296 -20.860 0.688 45
-0.346 -20.987 0.798 30
-0.339 -21.082 0.759 27
-0.317 -21.021 0.711 27
-0.373 -21.098 0.851 26
-0.319 -20.924 0.737 41
-0.302 -20.881 0.698 53
-0.322 -20.991 0.732 29
-0.311 -21.079 0.681 33
-0.351 -20.998 0.811 26
-0.308 -20.990 0.693 26
-0.351 -21.045 0.801 29
-0.339 -21.010 0.775 29
-0.368 -21.077 0.839 27
-0.353 -21.054 0.805 26
-0.377 -21.078 0.866 28
-0.357 -20.998 0.828 26
-0.344 -21.144 0.759 25
-0.339 -20.992 0.780 30
-0.326 -21.023 0.735 32
-0.303 -20.941 0.689 61
-0.331 -21.059 0.742 31
-0.306 -20.848 0.719 42
-0.312 -20.899 0.723 63
-0.342 -21.091 0.766 27
-0.320 -21.054 0.712 28
-0.360 -21.081 0.818 26
-0.328 -21.159 0.711 18
-0.326 -21.113 0.715 22
-0.324 -21.049 0.724 26
-0.301 -20.927 0.685 47
-0.373 -21.067 0.856 28
-0.315 -21.158 0.673 56
-0.364 -21.104 0.823 25
-0.301 -20.949 0.680 71
-0.328 -21.105 0.721 25
-0.311 -20.905 0.719 61
-0.324 -20.957 0.745 83
-0.384 -21.136 0.871 25
-0.301 -21.028 0.662 42
-0.345 -21.137 0.764 25
-0.287 -20.786 0.679 12
-0.313 -21.068 0.689 34
-0.364 -21.042 0.838 29
-0.337 -20.968 0.778 29
-0.360 -21.009 0.833 26
-0.304 -20.878 0.707 49
-0.311 -21.161 0.662 148
-0.318 -21.028 0.712 26
-0.399 -21.119 0.919 27
-0.355 -21.045 0.812 27
-0.305 -20.840 0.717 38
-0.335 -21.030 0.758 29
-0.360 -21.055 0.824 26
-0.299 -20.946 0.677 67
-0.350 -21.041 0.798 29
-0.361 -21.033 0.832 23
-0.330 -21.070 0.735 29
-0.333 -20.968 0.766 25
-0.317 -21.002 0.714 25
-0.316 -20.964 0.720 76
-0.322 -20.963 0.737 74
-0.359 -21.027 0.826 26
-0.334 -21.132 0.733 24
-0.351 -21.124 0.781 27
-0.291 -20.821 0.680 35
-0.299 -20.926 0.680 45
-0.373 -21.092 0.853 26
-0.291 -20.819 0.682 33
-0.293 -20.861 0.678 46
-0.378 -21.061 0.873 28
-0.338 -21.138 0.742 24
-0.374 -21.106 0.852 26
-0.316 -21.042 0.703 31
-0.372 -21.099 0.847 26
-0.342 -21.040 0.775 29
-0.350 -20.979 0.813 30
-0.378 -21.111 0.861 26
-0.388 -21.111 0.889 26
-0.309 -20.910 0.712 59
-0.313 -20.962 0.712 67
-0.344 -20.974 0.798 35
-0.304 -21.071 0.662 39
-0.333 -21.080 0.742 29
-0.285 -20.801 0.670 26
-0.376 -21.127 0.853 26
-0.333 -21.098 0.739 28
-0.313 -21.004 0.704 23
-0.355 -21.142 0.791 26
-0.304 -20.957 0.689 75
-0.310 -21.008 0.694 30
-0.290 -20.856 0.670 46
-0.346 -21.048 0.785 29
-0.335 -21.015 0.763 29
-0.360 -21.049 0.824 25
-0.350 -21.074 0.790 27
-0.329 -20.959 0.757 78
-0.323 -20.942 0.744 67
-0.329 -21.005 0.749 26
-0.358 -21.053 0.817 26
-0.375 -21.074 0.862 25
-0.370 -21.124 0.837 25
-0.316 -21.138 0.681 21
-0.293 -20.880 0.675 48
-0.316 -21.113 0.688 32
-0.368 -21.026 0.851 25
-0.310 -20.928 0.712 42
-0.311 -21.094 0.677 32
-0.336 -21.067 0.754 29
-0.334 -21.120 0.735 25
-0.314 -20.909 0.727 52
-0.312 -20.991 0.703 23
-0.338 -21.049 0.762 29
-0.307 -21.017 0.682 32
-0.370 -21.091 0.844 26
-0.293 -20.865 0.676 48
-0.308 -21.042 0.681 33
-0.345 -20.969 0.801 27
-0.299 -20.871 0.693 44
-0.303 -20.906 0.697 56
-0.319 -21.007 0.718 28
-0.362 -21.059 0.827 25
-0.328 -21.085 0.727 26
-0.346 -21.100 0.774 27
-0.318 -21.154 0.684 18
-0.319 -21.059 0.708 29
-0.343 -21.045 0.778 29
-0.391 -21.132 0.892 25
-0.316 -20.946 0.725 67
-0.309 -20.977 0.698 24
-0.307 -21.098 0.665 35
-0.327 -20.990 0.746 31
-0.346 -21.081 0.779 28
-0.298 -20.858 0.693 43
-0.304 -21.030 0.672 35
-0.378 -21.081 0.867 28
-0.378 -21.141 0.854 24
-0.366 -21.105 0.830 26
-0.391 -21.113 0.897 26
-0.323 -21.060 0.719 27
-0.332 -21.004 0.757 26
-0.302 -20.866 0.704 46
-0.379 -21.088 0.868 26
-0.304 -20.871 0.708 46
-0.354 -21.027 0.812 26
-0.381 -21.141 0.862 25
-0.345 -20.964 0.800 25
-0.293 -20.821 0.688 37
-0.297 -20.966 0.666 65
-0.340 -21.078 0.761 27
-0.330 -21.147 0.718 19
-0.305 -20.918 0.699 35
-0.334 -21.004 0.762 27
-0.347 -21.136 0.770 27
-0.318 -20.891 0.743 50
-0.323 -21.121 0.705 19
-0.346 -21.023 0.792 29
-0.319 -21.069 0.704 29
-0.310 -21.001 0.694 28
-0.302 -20.998 0.673 37
-0.344 -21.121 0.763 28
-0.364 -21.025 0.840 25
-0.334 -20.969 0.770 28
-0.311 -21.015 0.695 31
-0.304 -20.883 0.705 50
-0.373 -21.149 0.840 25
-0.303 -21.063 0.663 40
-0.295 -20.902 0.674 59
-0.316 -20.956 0.723 75
-0.354 -21.109 0.796 27
-0.326 -20.941 0.754 64
-0.327 -21.041 0.734 30
-0.303 -20.880 0.703 49
-0.313 -21.042 0.694 32
-0.288 -20.802 0.677 30
-0.341 -21.139 0.751 25
-0.367 -21.133 0.826 26
-0.311 -21.014 0.695 31
-0.303 -20.925 0.693 45
-0.353 -20.997 0.817 26
-0.313 -20.950 0.713 71
-0.326 -21.148 0.707 19
-0.316 -20.929 0.727 45
-0.331 -20.941 0.768 75
-0.317 -20.919 0.732 39
-0.340 -21.037 0.771 29
-0.375 -21.057 0.865 27
-0.316 -21.127 0.682 21
-0.357 -21.085 0.808 26
-0.307 -20.881 0.714 51
-0.308 -20.878 0.716 50
-0.353 -21.040 0.807 27
-0.343 -20.984 0.792 30
-0.350 -20.992 0.808 27
-0.379 -21.092 0.868 26
-0.327 -21.071 0.726 28
-0.338 -21.094 0.753 27
-0.303 -20.919 0.695 36
-0.327 -21.126 0.715 21
-0.337 -21.036 0.764 29
-0.323 -20.899 0.753 63
-0.359 -21.044 0.822 25
-0.298 -20.896 0.685 64
-0.319 -21.122 0.693 18
-0.328 -21.164 0.711 18
-0.294 -20.905 0.673 57
-0.342 -21.067 0.769 29
-0.353 -21.042 0.806 27
-0.303 -20.943 0.688 58
-0.310 -20.878 0.722 46
-0.339 -20.956 0.787 71
-0.339 -21.131 0.747 25
-0.288 -20.826 0.672 35
-0.370 -21.047 0.852 28
-0.310 -20.933 0.710 45
-0.320 -21.155 0.688 17
-0.333 -21.020 0.756 27
-0.327 -21.138 0.711 19
-0.305 -21.074 0.663 33
-0.344 -20.968 0.797 28
-0.291 -20.871 0.670 46
-0.315 -21.000 0.708 24
-0.367 -21.073 0.840 28
-0.301 -20.999 0.669 35
-0.388 -21.121 0.886 26
-0.289 -20.818 0.678 33
-0.397 -21.109 0.916 27
-0.312 -21.096 0.680 32
-0.377 -21.124 0.856 25
-0.308 -20.900 0.712 63
-0.316 -21.003 0.712 25
-0.326 -21.030 0.734 30
-0.357 -21.042 0.817 25
-0.313 -21.086 0.685 33
-0.294 -20.916 0.670 37
-0.314 -20.952 0.717 78
-0.306 -20.935 0.699 48
-0.297 -20.891 0.682 52
-0.301 -20.919 0.688 43
-0.387 -21.108 0.888 26
-0.326 -20.969 0.746 28
-0.365 -21.119 0.823 26
-0.339 -20.991 0.779 30
-0.353 -21.072 0.800 27
-0.347 -20.960 0.808 26
-0.370 -21.123 0.836 26
-0.349 -21.053 0.793 28
-0.289 -20.831 0.673 39
-0.295 -20.816 0.694 35
-0.312 -20.994 0.702 23
-0.331 -21.107 0.729 25
-0.310 -21.115 0.668 33
-0.319 -21.019 0.717 27
-0.328 -21.004 0.746 26
-0.287 -20.816 0.671 34
-0.311 -21.031 0.692 32
-0.321 -20.892 0.752 52
-0.343 -21.107 0.764 28
-0.314 -20.874 0.736 48
-0.317 -21.043 0.705 31
-0.351 -21.092 0.789 27
-0.331 -20.925 0.770 46
-0.306 -20.982 0.688 24
-0.318 -21.164 0.680 17
-0.340 -21.039 0.770 29
-0.310 -21.111 0.670 39
-0.291 -20.865 0.673 46
-0.338 -21.025 0.767 29
-0.300 -20.895 0.692 62
-0.324 -21.057 0.723 28
-0.310 -21.019 0.691 31
-0.352 -21.083 0.793 27
-0.329 -21.150 0.715 19
-0.316 -21.020 0.707 28
-0.315 -20.949 0.719 74
-0.325 -21.030 0.729 30
-0.318 -20.999 0.717 26
-0.347 -21.049 0.787 29
-0.348 -21.102 0.780 28
-0.345 -21.104 0.771 28
-0.323 -21.014 0.727 30
-0.318 -20.985 0.721 26
-0.328 -20.931 0.761 47
-0.323 -21.059 0.719 27
-0.310 -21.062 0.683 33
-0.364 -21.105 0.823 25
-0.371 -21.078 0.848 27
-0.297 -20.902 0.680 63
-0.337 -20.985 0.774 28
-0.338 -21.161 0.739 23
-0.336 -20.941 0.783 66
-0.346 -21.014 0.794 29
-0.314 -21.034 0.700 31
-0.317 -21.124 0.688 19
-0.339 -20.983 0.779 30
-0.300 -20.842 0.701 40
-0.322 -21.012 0.727 30
-0.370 -21.138 0.832 26
-0.305 -20.926 0.699 51
-0.309 -21.035 0.686 31
-0.324 -20.999 0.734 31
-0.378 -21.100 0.863 26
-0.295 -20.855 0.684 43
-0.302 -20.921 0.691 39
-0.350 -20.998 0.808 27
-0.296 -20.971 0.663 62
-0.377 -21.078 0.867 28
-0.337 -21.062 0.758 29
-0.296 -20.884 0.682 49
-0.306 -20.976 0.690 26
-0.284 -20.781 0.672 50
-0.385 -21.125 0.877 25
-0.346 -21.054 0.785 29
-0.325 -20.922 0.754 44
-0.302 -20.930 0.687 49
-0.324 -21.123 0.707 19
-0.290 -20.864 0.668 46
-0.307 -20.860 0.718 47
-0.315 -21.147 0.677 28
-0.306 -20.878 0.712 50
-0.334 -21.138 0.731 23
-0.316 -21.117 0.687 24
-0.340 -21.163 0.744 22
-0.369 -21.035 0.854 28
-0.318 -21.173 0.678 25
-0.357 -21.022 0.821 25
-0.385 -21.141 0.874 25
-0.316 -21.012 0.708 24
-0.318 -21.109 0.692 25
-0.295 -20.908 0.673 50
-0.327 -21.158 0.709 18
-0.321 -21.021 0.723 29
-0.311 -20.924 0.715 43
-0.350 -21.139 0.777 26
-0.358 -20.992 0.831 27
-0.298 -20.978 0.666 57
-0.322 -20.943 0.740 65
-0.338 -21.079 0.756 27
-0.314 -21.043 0.695 32
-0.317 -21.137 0.686 19
-0.328 -20.907 0.767 67
-0.314 -21.104 0.682 28
-0.306 -20.945 0.697 62
-0.308 -21.047 0.680 33
-0.314 -21.140 0.676 48
-0.325 -20.968 0.743 31
-0.330 -21.097 0.730 26
-0.366 -21.148 0.818 25
-0.310 -21.011 0.694 31
-0.312 -21.048 0.690 29
-0.319 -20.905 0.740 61
-0.308 -21.094 0.669 36
-0.373 -21.102 0.849 26
-0.366 -21.091 0.831 27
-0.314 -21.158 0.670 110
-0.371 -21.051 0.856 28
-0.347 -21.029 0.793 28
-0.319 -21.020 0.715 27
-0.341 -21.140 0.752 25
-0.306 -20.876 0.713 46
-0.361 -21.068 0.822 27
-0.336 -20.994 0.768 28
-0.392 -21.125 0.897 25
-0.322 -21.087 0.711 23
-0.398 -21.125 0.915 26
-0.348 -21.058 0.789 29
-0.303 -20.899 0.697 59
-0.314 -21.013 0.703 25
-0.370 -21.167 0.803 24
-0.374 -21.152 0.834 26
-0.352 -21.190 0.724 20
-0.362 -21.166 0.788 23
-0.374 -21.188 0.775 23
-0.348 -21.191 0.716 19
-0.332 -21.189 0.684 16
-0.366 -21.158 0.808 25
-0.377 -21.177 0.803 21
-0.352 -21.171 0.757 21
-0.319 -21.179 0.674 27
-0.325 -21.181 0.681 17
-0.358 -21.203 0.717 17
-0.397 -21.169 0.859 23
-0.377 -21.161 0.827 24
-0.395 -21.206 0.792 22
-0.324 -21.181 0.680 17
-0.368 -21.169 0.795 23
-0.371 -21.205 0.742 23
-0.370 -21.153 0.825 25
-0.344 -21.179 0.728 19
-0.320 -21.177 0.680 18
-0.394 -21.170 0.849 24
-0.363 -21.192 0.746 24
-0.401 -21.174 0.857 25
-0.386 -21.145 0.875 22
-0.397 -21.179 0.841 23
-0.389 -21.191 0.803 19
-0.390 -21.160 0.857 23
-0.355 -21.187 0.737 21
-0.383 -21.157 0.847 25
-0.369 -21.199 0.747 23
-0.390 -21.162 0.854 23
-0.404 -21.179 0.858 25
-0.321 -21.175 0.686 17
-0.389 -21.218 0.761 29
-0.323 -21.181 0.677 18
-0.398 -21.197 0.813 21
-0.398 -21.156 0.880 26
-0.335 -21.168 0.726 21
-0.391 -21.163 0.855 23
-0.399 -21.187 0.833 22
-0.349 -21.162 0.767 25
-0.397 -21.160 0.872 22
-0.404 -21.218 0.791 22
-0.374 -21.154 0.833 26
-0.360 -21.190 0.742 22
-0.377 -21.200 0.765 23
-0.388 -21.154 0.863 23
-0.367 -21.207 0.730 21
-0.386 -21.208 0.768 23
-0.398 -21.159 0.876 25
-0.404 -21.222 0.786 36
-0.384 -21.184 0.803 19
-0.393 -21.165 0.856 23
-0.362 -21.164 0.791 24
-0.331 -21.181 0.694 12
-0.399 -21.225 0.770 34
-0.375 -21.180 0.794 21
-0.380 -21.150 0.852 25
-0.359 -21.188 0.743 23
-0.344 -21.180 0.723 18
-0.378 -21.164 0.827 24
-0.357 -21.157 0.793 25
-0.393 -21.162 0.860 23
-0.357 -21.185 0.743 22
-0.370 -21.191 0.761 23
-0.378 -21.159 0.834 26
-0.370 -21.205 0.739 23
-0.372 -21.204 0.746 23
-0.405 -21.142 0.919 26
-0.385 -21.212 0.761 26
-0.390 -21.180 0.825 23
-0.397 -21.217 0.777 36
-0.356 -21.200 0.717 19
-0.380 -21.191 0.785 22
-0.368 -21.202 0.740 24
-0.366 -21.200 0.739 23
-0.381 -21.173 0.818 27
-0.393 -21.217 0.769 25
-0.390 -21.212 0.771 24
-0.332 -21.172 0.715 18
-0.381 -21.186 0.794 21
-0.389 -21.175 0.832 25
-0.366 -21.165 0.798 24
-0.384 -21.183 0.804 20
-0.363 -21.154 0.809 25
-0.398 -21.209 0.794 23
-0.381 -21.206 0.761 24
-0.405 -21.208 0.810 24
-0.401 -21.211 0.797 22
-0.337 -21.166 0.734 22
-0.370 -21.151 0.829 24
-0.345 -21.169 0.747 22
-0.376 -21.194 0.771 23
-0.352 -21.177 0.749 22
-0.370 -21.204 0.743 24
-0.370 -21.170 0.798 23
-0.363 -21.197 0.738 21
-0.403 -21.225 0.778 36
-0.388 -21.142 0.883 26
-0.401 -21.178 0.852 24
-0.328 -21.179 0.693 19
-0.368 -21.159 0.814 26
-0.358 -21.193 0.733 18
-0.371 -21.208 0.737 23
-0.343 -21.195 0.697 19
-0.400 -21.187 0.832 22
-0.372 -21.202 0.749 24
-0.346 -21.196 0.702 21
-0.370 -21.173 0.794 21
-0.380 -21.204 0.763 23
-0.391 -21.208 0.779 25
-0.333 -21.170 0.718 20
-0.397 -21.145 0.897 25
-0.380 -21.149 0.854 25
-0.401 -21.168 0.868 22
-0.344 -21.170 0.741 20
-0.350 -21.164 0.765 26
-0.390 -21.159 0.860 23
-0.377 -21.194 0.772 23
-0.387 -21.143 0.880 26
-0.398 -21.186 0.831 22
-0.375 -21.195 0.767 23
-0.401 -21.166 0.872 25
-0.377 -21.186 0.784 23
-0.327 -21.171 0.703 14
-0.390 -21.165 0.850 24
-0.360 -21.199 0.726 19
-0.405 -21.207 0.813 27
-0.419 -21.228 0.809 52
-0.422 -21.204 0.854 22
-0.407 -21.207 0.816 29
-0.418 -21.211 0.834 24
-0.421 -21.175 0.900 29
-0.426 -21.170 0.921 25
-0.421 -21.227 0.816 59
-0.413 -21.205 0.833 22
-0.421 -21.224 0.821 47
-0.457 -21.222 0.904 38
-0.409 -21.155 0.906 25
-0.424 -21.174 0.910 21
-0.442 -21.214 0.882 29
-0.417 -21.208 0.838 22
-0.435 -21.193 0.901 25
-0.413 -21.156 0.915 26
-0.453 -21.233 0.876 169
-0.444 -21.198 0.912 25
-0.422 -21.178 0.899 29
-0.407 -21.183 0.856 23
-0.415 -21.212 0.826 21
-0.422 -21.215 0.837 27
-0.407 -21.167 0.881 24
-0.429 -21.185 0.901 25
-0.439 -21.227 0.855 69
-0.434 -21.221 0.854 34
-0.415 -21.173 0.890 25
-0.446 -21.209 0.899 24
-0.442 -21.220 0.872 30
-0.439 -21.190 0.915 23
-0.413 -21.221 0.806 38
-0.419 -21.165 0.913 26
-0.418 -21.198 0.855 21
-0.417 -21.223 0.812 30
-0.408 -21.226 0.788 34
-0.414 -21.223 0.806 38
-0.431 -21.193 0.893 29
-0.416 -21.186 0.870 23
-0.442 -21.223 0.867 51
-0.409 -21.162 0.895 24
-0.417 -21.229 0.803 46
-0.434 -21.200 0.887 27
-0.410 -21.168 0.887 24
-0.429 -21.225 0.837 49
-0.441 -21.200 0.903 23
-0.423 -21.223 0.826 40
-0.409 -21.195 0.841 24
-0.408 -21.200 0.830 23
-0.429 -21.180 0.912 29
-0.431 -21.214 0.859 26
-0.437 -21.187 0.916 25
-0.414 -21.222 0.807 38
-0.459 -21.234 0.889 130
-0.406 -21.157 0.898 25
-0.409 -21.181 0.863 25
-0.416 -21.174 0.891 26
-0.446 -21.216 0.888 33
-0.422 -21.163 0.923 24
-0.412 -21.225 0.798 37
-0.423 -21.232 0.812 111
-0.444 -21.198 0.913 28
-0.419 -21.182 0.883 19
-0.434 -21.225 0.846 44
-0.412 -21.211 0.821 21
-0.426 -21.203 0.865 20
-0.422 -21.207 0.850 23
-0.412 -21.191 0.853 23
-0.407 -21.206 0.819 20
-0.417 -21.205 0.841 20
-0.441 -21.194 0.913 30
-0.416 -21.168 0.902 24
-0.433 -21.210 0.870 24
-0.413 -21.204 0.834 22
-0.444 -21.220 0.877 31
-0.424 -21.224 0.827 49
-0.416 -21.166 0.904 25
-0.421 -21.198 0.861 23
-0.411 -21.177 0.877 19
-0.420 -21.220 0.826 33
-0.430 -21.217 0.851 29
-0.436 -21.205 0.885 27
-0.420 -21.189 0.874 19
-0.427 -21.229 0.825 86
-0.416 -21.212 0.829 22
-0.417 -21.203 0.846 20
-0.449 -21.234 0.867 137
-0.405 -21.195 0.833 22
-0.416 -21.193 0.858 24
-0.131 -21.149 0.510 16
-0.101 -21.155 0.512 15
-0.211 -21.136 0.508 16
-0.083 -21.150 0.507 14
-0.065 -21.143 0.501 12
-0.137 -21.156 0.515 17
-0.128 -21.134 0.501 16
-0.017 -21.147 0.501 63
-0.202 -21.139 0.509 16
-0.140 -21.157 0.516 17
-0.105 -21.155 0.512 16
-0.085 -21.150 0.507 14
-0.113 -21.148 0.508 15
-0.122 -21.139 0.504 17
-0.158 -21.152 0.514 18
-0.235 -21.132 0.508 15
-0.147 -21.151 0.513 16
-0.145 -21.149 0.511 15
-0.079 -21.138 0.500 15
-0.189 -21.139 0.509 17
-0.111 -21.149 0.508 15
-0.194 -21.143 0.511 17
-0.081 -21.142 0.502 13
-0.246 -21.128 0.507 15
-0.024 -21.147 0.501 89
-0.187 -21.140 0.509 17
-0.164 -21.153 0.515 17
-0.205 -21.140 0.510 16
-0.155 -21.151 0.513 17
-0.029 -21.145 0.500 78
-0.111 -21.143 0.505 15
-0.195 -21.147 0.514 16
-0.215 -21.130 0.506 16
-0.121 -21.144 0.506 16
-0.137 -21.155 0.514 17
-0.185 -21.135 0.506 16
-0.171 -21.137 0.506 17
-0.197 -21.131 0.504 16
-0.088 -21.145 0.505 14
-0.024 -21.146 0.501 89
-0.132 -21.134 0.501 16
-0.193 -21.140 0.510 17
-0.091 -21.139 0.501 15
-0.110 -21.144 0.505 15
-0.074 -21.144 0.503 14
-0.172 -21.143 0.510 19
-0.119 -21.144 0.506 15
-0.165 -21.155 0.516 17
-0.215 -21.127 0.503 16
-0.191 -21.135 0.507 16
-0.140 -21.047 0.502 14
-0.104 -20.998 0.499 15
-0.146 -20.999 0.496 14
-0.102 -21.004 0.499 15
-0.168 -21.015 0.497 13
-0.084 -21.009 0.501 15
-0.118 -21.019 0.500 15
-0.147 -20.986 0.495 13
-0.125 -20.987 0.496 14
-0.230 -21.092 0.502 14
-0.214 -21.004 0.493 13
-0.182 -21.066 0.502 13
-0.201 -21.060 0.500 13
-0.171 -21.062 0.502 13
-0.225 -21.074 0.500 13
-0.215 -21.061 0.500 14
-0.093 -20.987 0.498 18
-0.183 -21.025 0.497 14
-0.090 -21.004 0.500 15
-0.138 -20.969 0.494 13
-0.196 -20.968 0.490 13
-0.200 -20.997 0.493 14
-0.189 -21.014 0.496 14
-0.162 -21.053 0.502 13
-0.194 -21.077 0.502 14
-0.152 -20.989 0.495 14
-0.229 -21.089 0.502 15
-0.180 -20.954 0.490 13
-0.201 -21.045 0.498 15
-0.149 -20.978 0.494 13
-0.257 -21.105 0.502 13
-0.210 -21.007 0.494 14
-0.255 -21.099 0.502 12
-0.206 -21.065 0.500 13
-0.135 -21.002 0.497 13
-0.206 -21.032 0.497 14
-0.193 -20.961 0.490 15
-0.222 -21.049 0.498 14
-0.209 -21.007 0.494 14
-0.103 -21.014 0.500 14
-0.145 -20.992 0.496 13
-0.176 -20.948 0.489 13
-0.080 -20.995 0.499 17
-0.177 -21.038 0.499 14
-0.194 -21.001 0.494 14
-0.180 -21.039 0.499 15
-0.142 -21.008 0.498 13
-0.218 -21.082 0.502 15
-0.248 -21.100 0.502 11
-0.145 -20.978 0.494 14
-0.120 -21.034 0.502 15
-0.173 -21.005 0.496 13
-0.137 -20.982 0.495 13
-0.223 -21.055 0.498 14
-0.195 -20.984 0.492 14
-0.110 -21.025 0.501 15
-0.162 -21.003 0.496 14
-0.117 -21.021 0.500 15
-0.187 -21.020 0.497 14
-0.143 -20.979 0.494 13
-0.175 -21.050 0.500 14
-0.161 -21.009 0.497 14
-0.193 -20.979 0.492 15
-0.124 -20.983 0.496 14
-0.193 -21.027 0.497 14
-0.205 -21.056 0.500 15
-0.194 -20.981 0.492 14
-0.156 -21.041 0.500 14
-0.134 -21.010 0.498 14
-0.149 -20.969 0.493 13
-0.184 -21.068 0.502 13
-0.202 -21.078 0.502 14
-0.221 -21.054 0.498 15
-0.170 -20.977 0.493 13
-0.127 -20.994 0.497 13
-0.260 -21.110 0.503 13
-0.183 -20.977 0.492 14
-0.179 -21.069 0.502 13
-0.157 -21.052 0.502 13
-0.166 -20.955 0.490 11
-0.190 -20.968 0.491 14
-0.098 -21.002 0.499 15
-0.178 -20.987 0.493 15
-0.148 -21.034 0.500 14
-0.222 -21.047 0.498 14
-0.094 -20.988 0.498 18
-0.140 -21.041 0.501 15
-0.175 -21.020 0.497 13
-0.147 -20.976 0.494 13
-0.232 -21.062 0.499 14
-0.213 -21.018 0.495 13
-0.119 -21.008 0.499 15
-0.234 -21.102 0.503 14
-0.234 -21.048 0.497 13
-0.214 -21.075 0.501 13
-0.149 -21.013 0.498 13
-0.163 -21.025 0.498 14
-0.151 -21.000 0.496 13
-0.165 -20.995 0.495 15
-0.203 -21.085 0.503 14
-0.198 -20.996 0.493 14
-0.191 -21.072 0.502 14
-0.243 -21.088 0.501 14
-0.198 -20.982 0.492 14
-0.215 -21.011 0.494 13
-0.084 -20.996 0.499 17
-0.228 -21.099 0.503 14
-0.164 -21.031 0.499 14
-0.210 -21.006 0.494 14
-0.170 -21.032 0.499 14
-0.153 -21.014 0.498 13
-0.225 -21.072 0.500 13
-0.238 -21.082 0.501 16
-0.152 -21.040 0.501 14
-0.124 -21.018 0.500 14
-0.250 -21.093 0.501 13
-0.136 -21.004 0.497 13
-0.206 -20.984 0.491 13
-0.213 -21.089 0.503 16
-0.191 -20.947 0.488 13
-0.205 -21.049 0.499 14
-0.192 -20.999 0.494 14
-0.166 -21.033 0.499 14
-0.120 -20.991 0.497 14
-0.195 -21.016 0.496 14
-0.149 -20.980 0.494 13
-0.195 -21.034 0.498 14
-0.197 -21.076 0.502 14
-0.209 -21.040 0.498 13
-0.183 -21.009 0.495 15
-0.182 -20.998 0.494 14
-0.162 -21.047 0.501 13
-0.168 -21.007 0.496 13
-0.124 -21.011 0.499 14
-0.173 -21.064 0.502 13
-0.119 -20.990 0.497 14
-0.175 -20.999 0.495 15
-0.203 -21.063 0.500 13
-0.162 -21.048 0.501 13
-0.188 -20.957 0.489 13
-0.148 -21.022 0.499 14
-0.113 -21.025 0.501 15
-0.195 -20.998 0.494 14
-0.096 -20.990 0.498 17
-0.094 -21.014 0.501 14
-0.197 -21.046 0.499 15
-0.193 -21.073 0.502 14
-0.157 -21.126 0.501 17
-0.042 -21.101 0.500 16
-0.067 -21.045 0.501 14
-0.043 -21.076 0.500 14
-0.139 -21.094 0.501 15
-0.223 -21.122 0.503 15
-0.078 -21.077 0.501 15
-0.100 -21.082 0.501 14
-0.190 -21.109 0.502 15
-0.043 -21.054 0.500 16
-0.113 -21.105 0.501 14
-0.073 -21.101 0.500 13
-0.050 -21.080 0.500 15
-0.151 -21.078 0.502 15
-0.132 -21.125 0.501 16
-0.119 -21.130 0.501 16
-0.157 -21.059 0.502 13
-0.059 -21.055 0.500 14
-0.094 -21.093 0.501 16
-0.186 -21.107 0.502 16
-0.093 -21.093 0.501 16
-0.046 -21.124 0.499 14
-0.072 -21.058 0.501 13
-0.045 -21.058 0.500 15
-0.072 -21.057 0.501 13
-0.103 -21.119 0.500 14
-0.011 -21.115 0.499 18
-0.053 -21.012 0.501 16
-0.012 -21.119 0.499 20
-0.106 -21.060 0.501 15
-0.136 -21.116 0.501 16
-0.177 -21.092 0.502 15
-0.071 -21.076 0.500 15
-0.146 -21.082 0.502 15
-0.029 -21.087 0.499 13
-0.067 -21.086 0.500 14
-0.114 -21.066 0.501 15
-0.184 -21.115 0.502 16
-0.111 -21.123 0.501 15
-0.104 -21.046 0.501 14
-0.155 -21.078 0.502 14
-0.084 -21.111 0.500 14
-0.096 -21.073 0.501 15
-0.081 -21.066 0.501 14
-0.078 -21.070 0.501 15
-0.152 -21.088 0.502 15
-0.120 -21.102 0.501 15
-0.007 -21.138 0.498 51
-0.186 -21.084 0.502 15
-0.067 -21.130 0.500 15
-0.146 -21.111 0.501 16
-0.019 -21.126 0.499 46
-0.125 -21.096 0.501 15
-0.127 -21.072 0.502 16
-0.083 -21.107 0.500 15
-0.154 -21.109 0.502 17
-0.120 -21.108 0.501 15
-0.085 -21.020 0.501 15
-0.169 -21.088 0.502 14
-0.105 -21.086 0.501 12
-0.045 -21.050 0.500 15
-0.180 -21.123 0.502 16
-0.067 -21.104 0.500 14
-0.077 -21.038 0.501 14
-0.087 -21.067 0.501 15
-0.031 -21.118 0.499 11
-0.101 -21.108 0.501 15
-0.041 -21.106 0.499 14
-0.109 -21.051 0.501 14
-0.083 -21.083 0.501 15
-0.053 -21.075 0.500 14
-0.180 -21.076 0.502 13
-0.098 -21.117 0.500 14
-0.204 -21.122 0.502 15
-0.081 -21.065 0.501 14
-0.229 -21.118 0.503 15
-0.195 -21.110 0.502 15
-0.104 -21.058 0.501 15
-0.058 -21.103 0.500 15
-0.039 -21.049 0.500 17
-0.087 -21.058 0.501 14
-0.114 -21.063 0.501 16
-0.040 -21.098 0.500 18
-0.011 -21.131 0.499 82
-0.067 -21.015 0.501 15
-0.015 -21.136 0.499 88
-0.080 -21.087 0.500 16
-0.040 -21.105 0.499 14
-0.062 -21.013 0.501 16
-0.018 -21.107 0.499 8
-0.119 -21.076 0.501 14
-0.095 -21.084 0.501 15
-0.115 -21.096 0.501 14
-0.043 -21.062 0.500 12
-0.046 -21.039 0.500 15
-0.127 -21.124 0.501 16
-0.124 -21.130 0.501 16
-0.103 -21.093 0.501 15
-0.127 -21.044 0.502 14
-0.029 -21.126 0.499 12
-0.061 -21.003 0.501 18
-0.080 -21.106 0.500 14
-0.127 -21.128 0.501 16
-0.082 -21.046 0.501 15
-0.079 -21.036 0.501 14
-0.053 -21.024 0.501 16
-0.078 -21.088 0.500 16
-0.082 -21.059 0.501 14
-0.039 -21.126 0.499 13
-0.152 -21.104 0.502 17
-0.200 -21.103 0.502 15
-0.074 -21.033 0.501 14
-0.185 -21.100 0.502 15
-0.053 -21.116 0.500 15
-0.085 -21.068 0.501 15
-0.234 -21.118 0.503 15
-0.244 -21.122 0.503 15
-0.092 -21.045 0.501 14
-0.183 -21.105 0.502 16
-0.028 -21.097 0.499 8
-0.140 -21.059 0.502 15
-0.032 -21.066 0.500 10
-0.035 -21.119 0.499 13
-0.103 -21.039 0.502 15
-0.009 -21.115 0.499 18
-0.210 -21.110 0.503 15
-0.119 -21.093 0.501 15
-0.082 -21.070 0.501 14
-0.161 -21.110 0.502 16
-0.063 -21.050 0.501 14
-0.197 -21.098 0.503 15
-0.156 -21.073 0.502 14
-0.127 -21.068 0.502 17
-0.074 -21.072 0.501 15
-0.017 -21.095 0.499 17
-0.152 -21.098 0.502 16
-0.170 -21.114 0.502 17
-0.116 -21.101 0.501 15
-0.125 -21.078 0.501 14
-0.097 -21.104 0.501 15
-0.024 -21.108 0.499 8
-0.064 -21.014 0.501 16
-0.032 -21.080 0.500 14
-0.067 -21.037 0.501 14
-0.096 -21.120 0.500 14
-0.122 -21.123 0.501 16
-0.077 -21.016 0.501 15
-0.071 -21.080 0.500 14
-0.051 -21.062 0.500 14
-0.157 -21.075 0.502 14
-0.202 -21.102 0.503 15
-0.070 -21.134 0.500 16
-0.112 -21.111 0.501 14
-0.003 -21.144 0.498 8
-0.092 -21.099 0.500 16
-0.102 -21.110 0.501 15
-0.059 -21.068 0.500 14
-0.023 -21.106 0.499 8
-0.059 -21.005 0.501 18
-0.046 -21.127 0.499 14
-0.066 -21.026 0.501 15
-0.132 -21.116 0.501 16
-0.150 -21.103 0.502 15
-0.185 -21.114 0.502 16
-0.065 -21.093 0.500 14
-0.139 -21.063 0.502 15
-0.203 -21.088 0.503 15
-0.028 -21.091 0.499 9
-0.079 -21.103 0.500 14
-0.045 -21.073 0.500 12
-0.093 -21.078 0.501 15
-0.052 -21.054 0.500 16
-0.106 -21.107 0.501 14
-0.066 -21.104 0.500 15
-0.070 -21.076 0.500 15
-0.113 -21.062 0.501 16
-0.054 -21.050 0.500 15
-0.157 -21.126 0.501 17
-0.063 -21.022 0.501 15
-0.058 -21.043 0.501 12
-0.225 -21.123 0.503 15
-0.081 -21.020 0.501 15
-0.064 -21.015 0.501 16
-0.058 -21.119 0.500 14
-0.161 -21.065 0.502 13
-0.019 -21.137 0.499 81
-0.186 -21.100 0.502 15
-0.224 -21.113 0.503 15
-0.019 -21.092 0.499 13
-0.161 -20.836 0.483 23
-0.239 -20.810 0.520 40
-0.232 -20.852 0.513 35
-0.275 -20.802 0.536 95
-0.191 -20.915 0.489 28
-0.245 -20.846 0.519 33
-0.199 -20.847 0.499 14
-0.218 -20.877 0.504 42
-0.228 -20.816 0.514 34
-0.220 -20.854 0.507 15
-0.185 -20.845 0.493 23
-0.206 -20.903 0.497 31
-0.237 -20.803 0.519 34
-0.190 -20.797 0.500 13
-0.238 -20.814 0.519 40
-0.159 -20.839 0.483 33
-0.173 -20.868 0.486 31
-0.160 -20.853 0.482 48
-0.205 -20.838 0.502 13
-0.174 -20.814 0.491 25
-0.229 -20.794 0.517 37
-0.255 -20.815 0.526 48
-0.215 -20.871 0.504 18
-0.246 -20.812 0.522 39
-0.211 -20.859 0.503 7
-0.227 -20.808 0.515 32
-0.200 -20.913 0.494 32
-0.269 -20.808 0.532 30
-0.173 -20.878 0.485 29
-0.232 -20.829 0.515 38
-0.228 -20.845 0.512 31
-0.231 -20.831 0.514 38
-0.189 -20.902 0.490 35
-0.195 -20.882 0.494 27
-0.168 -20.813 0.489 25
-0.182 -20.832 0.493 25
-0.187 -20.916 0.488 18
-0.236 -20.831 0.516 38
-0.219 -20.848 0.508 19
-0.222 -20.837 0.509 30
-0.222 -20.845 0.509 24
-0.224 -20.821 0.512 33
-0.197 -20.803 0.502 17
-0.165 -20.835 0.485 23
-0.212 -20.837 0.505 18
-0.183 -20.791 0.497 17
-0.199 -20.856 0.498 26
-0.223 -20.805 0.513 34
-0.175 -20.805 0.492 23
-0.197 -20.847 0.498 14
-0.236 -20.863 0.513 23
-0.245 -20.818 0.521 39
-0.176 -20.869 0.487 40
-0.142 -20.790 0.479 24
-0.233 -20.836 0.514 36
-0.153 -20.832 0.480 21
-0.258 -20.811 0.528 69
-0.246 -20.837 0.520 35
-0.221 -20.803 0.512 32
-0.227 -20.830 0.513 37
-0.179 -20.828 0.492 21
-0.192 -20.791 0.501 16
-0.186 -20.888 0.490 26
-0.198 -20.890 0.495 32
-0.230 -20.806 0.516 36
-0.195 -20.831 0.499 15
-0.174 -20.838 0.489 16
-0.190 -20.847 0.495 25
-0.183 -20.852 0.492 25
-0.162 -20.854 0.482 51
-0.201 -20.838 0.501 12
-0.152 -20.797 0.483 29
-0.192 -20.909 0.490 32
-0.200 -20.881 0.496 23
-0.258 -20.809 0.528 58
-0.185 -20.801 0.497 22
-0.168 -20.810 0.489 25
-0.234 -20.803 0.518 35
-0.188 -20.868 0.492 64
-0.252 -20.808 0.525 45
-0.149 -20.797 0.482 28
-0.198 -20.831 0.500 15
-0.177 -20.876 0.487 25
-0.162 -20.855 0.482 51
-0.145 -20.801 0.480 20
-0.158 -20.805 0.485 25
-0.220 -20.852 0.508 15
-0.234 -20.848 0.514 35
-0.239 -20.817 0.519 40
-0.232 -20.822 0.515 38
-0.233 -20.867 0.512 15
-0.242 -20.827 0.519 38
-0.182 -20.841 0.492 20
-0.184 -20.874 0.490 38
-0.199 -20.831 0.500 15
-0.225 -20.860 0.509 17
-0.205 -20.797 0.506 18
-0.220 -20.868 0.506 6
-0.147 -20.802 0.481 20
-0.245 -20.809 0.522 42
-0.207 -20.802 0.507 18
-0.160 -20.831 0.484 21
-0.203 -20.884 0.497 21
-0.220 -20.836 0.509 27
-0.233 -20.849 0.514 35
-0.188 -20.806 0.498 21
-0.215 -20.843 0.506 17
-0.171 -20.815 0.490 24
-0.198 -20.900 0.494 36
-0.249 -20.801 0.524 39
-0.264 -20.800 0.531 61
-0.226 -20.854 0.510 24
-0.228 -20.817 0.514 34
-0.184 -20.892 0.489 32
-0.244 -20.853 0.518 38
-0.152 -20.953 0.491 12
-0.133 -20.941 0.491 18
-0.137 -20.902 0.487 38
-0.079 -20.949 0.495 17
-0.141 -20.893 0.486 27
-0.125 -20.899 0.488 56
-0.129 -20.894 0.487 37
-0.156 -20.846 0.481 42
-0.128 -20.961 0.493 14
-0.094 -20.980 0.497 18
-0.162 -20.926 0.488 15
-0.131 -20.805 0.479 23
-0.183 -20.926 0.487 15
-0.100 -20.902 0.490 43
-0.122 -20.923 0.490 21
-0.106 -20.912 0.490 57
-0.135 -20.802 0.478 22
-0.094 -20.932 0.493 11
-0.135 -20.931 0.490 11
-0.140 -20.881 0.485 29
-0.121 -20.934 0.491 13
-0.131 -20.869 0.485 35
-0.087 -20.944 0.494 16
-0.086 -20.923 0.492 37
-0.130 -20.871 0.485 35
-0.144 -20.888 0.486 22
-0.149 -20.930 0.489 12
-0.156 -20.857 0.482 45
-0.167 -20.934 0.488 11
-0.103 -20.921 0.491 25
-0.120 -20.845 0.483 25
-0.143 -20.930 0.489 13
-0.078 -20.963 0.497 22
-0.172 -20.926 0.487 13
-0.164 -20.868 0.482 34
-0.122 -20.842 0.483 24
-0.158 -20.871 0.483 31
-0.169 -20.943 0.489 13
-0.108 -20.895 0.488 27
-0.064 -20.985 0.499 20
-0.135 -20.881 0.485 30
-0.138 -20.861 0.483 49
-0.165 -20.887 0.484 26
-0.161 -20.943 0.489 14
-0.083 -20.966 0.497 21
-0.075 -20.979 0.498 20
-0.137 -20.928 0.490 14
-0.133 -20.844 0.482 30
-0.117 -20.849 0.484 34
-0.145 -20.879 0.485 32
-0.091 -20.973 0.497 20
-0.129 -20.819 0.480 24
-0.121 -20.861 0.485 55
-0.158 -20.889 0.485 30
-0.076 -20.962 0.497 22
-0.129 -20.916 0.489 35
-0.101 -20.882 0.488 30
-0.154 -20.872 0.483 28
-0.101 -20.899 0.489 37
-0.125 -20.870 0.485 38
-0.106 -20.886 0.488 27
-0.146 -20.899 0.486 30
-0.163 -20.866 0.482 36
-0.156 -20.952 0.491 12
-0.110 -20.858 0.485 47
-0.130 -20.879 0.486 27
-0.173 -20.910 0.486 24
-0.158 -20.859 0.482 46
-0.129 -20.927 0.490 14
-0.132 -20.953 0.492 15
-0.094 -20.949 0.494 21
-0.142 -20.942 0.491 16
-0.136 -20.941 0.491 18
-0.132 -20.850 0.483 43
-0.131 -20.955 0.493 15
-0.141 -20.886 0.486 27
-0.145 -20.869 0.484 38
-0.128 -20.962 0.493 14
-0.110 -20.967 0.495 17
-0.180 -20.920 0.486 13
-0.151 -20.890 0.485 26
-0.136 -20.906 0.488 41
-0.138 -20.891 0.486 30
-0.142 -20.907 0.487 35
-0.138 -20.918 0.489 22
-0.145 -20.904 0.487 29
-0.117 -20.887 0.487 27
-0.188 -20.936 0.487 13
-0.129 -20.805 0.479 23
-0.111 -20.907 0.489 67
-0.141 -20.868 0.484 35
-0.149 -20.937 0.490 13
-0.144 -20.940 0.490 15
-0.169 -20.906 0.486 24
-0.100 -20.959 0.495 20
-0.159 -20.920 0.487 17
-0.074 -20.987 0.499 19
-0.126 -20.904 0.488 56
-0.155 -20.873 0.483 28
-0.108 -20.932 0.492 12
-0.152 -20.920 0.488 19
-0.133 -20.828 0.481 21
-0.163 -20.901 0.486 31
-0.129 -20.927 0.490 14
-0.125 -20.961 0.493 15
-0.121 -20.891 0.487 21
-0.150 -20.889 0.485 26
-0.175 -20.898 0.484 29
-0.115 -20.956 0.494 20
-0.134 -20.848 0.482 42
-0.127 -20.886 0.486 28
-0.114 -20.880 0.487 28
-0.145 -20.876 0.484 32
-0.124 -20.862 0.484 48
-0.152 -20.867 0.483 30
-0.168 -20.927 0.488 13
-0.135 -21.024 0.073 32
-0.167 -21.044 0.060 35
-0.196 -21.075 0.057 56
-0.184 -21.064 0.060 196
-0.159 -21.021 0.045 33
-0.134 -21.022 0.072 29
-0.158 -21.024 0.050 32
-0.169 -21.048 0.061 36
-0.188 -21.061 0.053 63
-0.174 -21.042 0.049 196
-0.174 -21.040 0.049 187
-0.145 -21.023 0.062 16
-0.145 -21.020 0.059 11
-0.165 -21.019 0.038 150
-0.183 -21.054 0.052 63
-0.147 -21.036 0.072 18
-0.179 -21.050 0.052 55
-0.175 -21.032 0.039 91
-0.142 -21.022 0.064 24
-0.189 -21.046 0.039 64
-0.154 -21.015 0.045 17
-0.189 -21.057 0.049 74
-0.162 -21.039 0.060 32
-0.192 -21.067 0.054 68
-0.149 -21.012 0.047 10
-0.173 -21.028 0.038 152
-0.142 -21.033 0.075 26
-0.181 -21.061 0.061 198
-0.156 -21.041 0.069 15
-0.176 -21.052 0.102 15
-0.167 -21.047 0.094 16
-0.182 -21.057 0.100 25
-0.181 -21.055 0.105 22
-0.155 -21.043 0.077 16
-0.155 -21.026 0.132 135
-0.178 -21.038 0.151 40
-0.197 -21.073 0.082 66
-0.177 -21.054 0.098 21
-0.195 -21.072 0.082 101
-0.165 -21.032 0.138 160
-0.146 -21.034 0.086 48
-0.170 -21.050 0.092 17
-0.185 -21.037 0.171 25
-0.181 -21.037 0.164 25
-0.161 -21.033 0.126 128
-0.164 -21.051 0.073 17
-0.163 -21.041 0.103 14
-0.166 -21.027 0.157 127
-0.175 -21.028 0.181 14
-0.170 -21.028 0.166 85
-0.148 -21.037 0.081 29
-0.177 -21.041 0.140 58
-0.169 -21.052 0.083 4
-0.149 -21.033 0.098 23
-0.168 -21.044 0.106 14
-0.138 -21.026 0.092 21
-0.149 -21.038 0.081 29
-0.164 -21.050 0.078 4
-0.198 -21.076 0.076 57
-0.191 -21.061 0.110 24
-0.175 -21.036 0.153 56
-0.195 -21.072 0.082 101
-0.169 -21.055 0.073 40
-0.177 -21.039 0.147 38
-0.186 -21.041 0.163 24
-0.193 -21.048 0.156 20
-0.163 -21.041 0.104 14
-0.174 -21.030 0.167 57
-0.180 -21.050 0.118 18
-0.188 -21.053 0.127 30
-0.157 -21.041 0.092 28
-0.185 -21.031 0.192 24
-0.170 -21.052 0.085 7
-0.161 -21.049 0.073 9
-0.180 -21.060 0.084 45
-0.166 -21.036 0.129 138
-0.167 -21.053 0.074 29
-0.184 -21.031 0.191 21
-0.186 -21.060 0.100 25
-0.192 -21.071 0.079 132
-0.186 -21.043 0.154 23
-0.178 -21.061 0.075 64
-0.191 -21.036 0.190 20
-0.188 -21.039 0.175 29
-0.141 -21.033 0.076 25
-0.191 -21.036 0.194 21
-0.166 -21.051 0.080 4
-0.178 -21.036 0.160 25
-0.169 -21.036 0.137 136
-0.168 -21.053 0.078 7
-0.192 -21.055 0.131 26
-0.155 -21.043 0.080 15
-0.188 -21.071 0.067 52
-0.188 -21.042 0.164 24
-0.189 -21.044 0.161 25
-0.194 -21.074 0.075 60
-0.193 -21.045 0.167 25
-0.147 -21.034 0.087 48
-0.182 -21.038 0.162 25
-0.152 -21.025 0.133 135
-0.151 -21.030 0.113 151
-0.172 -21.046 0.110 15
-0.201 -21.042 0.143 48
-0.215 -21.029 0.106 52
-0.209 -21.036 0.118 53
-0.215 -21.013 0.144 51
-0.194 -21.030 0.199 31
-0.199 -21.034 0.167 47
-0.206 -21.034 0.137 51
-0.206 -21.032 0.142 58
-0.202 -21.040 0.142 50
-0.199 -21.034 0.169 47
-0.199 -21.066 0.095 56
-0.203 -21.023 0.174 40
-0.199 -21.028 0.183 39
-0.209 -21.020 0.156 47
-0.218 -21.016 0.124 57
-0.201 -21.049 0.127 49
-0.202 -21.020 0.186 37
-0.200 -21.025 0.185 40
-0.207 -21.038 0.125 48
-0.206 -21.038 0.129 51
-0.208 -21.053 0.085 52
-0.202 -21.060 0.095 52
-0.199 -21.060 0.110 49
-0.197 -21.029 0.189 33
-0.197 -21.053 0.134 48
-0.203 -21.023 0.176 40
-0.199 -21.039 0.157 44
-0.197 -21.044 0.156 50
-0.199 -21.078 0.071 60
-0.207 -21.020 0.166 43
-0.205 -21.028 0.154 55
-0.193 -21.025 0.214 28
-0.212 -21.034 0.110 42
-0.216 -21.020 0.124 51
-0.204 -21.036 0.139 55
-0.196 -21.039 0.169 44
-0.215 -21.029 0.107 52
-0.201 -21.050 0.124 52
-0.198 -21.063 0.106 49
-0.194 -21.038 0.182 32
-0.209 -21.025 0.144 47
-0.206 -21.061 0.079 50
-0.197 -21.056 0.128 49
-0.217 -21.025 0.109 58
-0.195 -21.039 0.176 37
-0.206 -21.030 0.147 59
-0.194 -21.024 0.214 27
-0.209 -21.036 0.119 53
-0.199 -21.062 0.105 49
-0.196 -21.042 0.163 52
-0.213 -21.038 0.098 48
-0.224 -21.146 0.516 15
-0.292 -21.166 0.533 14
-0.241 -21.166 0.528 15
-0.234 -21.135 0.509 15
-0.263 -21.160 0.527 14
-0.266 -21.144 0.518 14
-0.218 -21.156 0.521 16
-0.249 -21.145 0.517 15
-0.268 -21.140 0.515 13
-0.191 -21.159 0.520 17
-0.274 -21.132 0.511 14
-0.316 -21.174 0.539 10
-0.277 -21.167 0.532 13
-0.276 -21.159 0.527 12
-0.299 -21.154 0.526 13
-0.294 -21.172 0.536 13
-0.230 -21.160 0.524 16
-0.222 -21.150 0.518 14
-0.270 -21.124 0.506 14
-0.287 -21.154 0.525 13
-0.213 -21.157 0.521 16
-0.242 -21.152 0.520 14
-0.283 -21.150 0.522 14
-0.223 -21.159 0.523 15
-0.286 -21.144 0.519 13
-0.217 -21.155 0.520 16
-0.264 -21.162 0.528 14
-0.236 -21.158 0.524 15
-0.269 -21.127 0.507 14
-0.240 -21.146 0.517 15
-0.204 -21.164 0.524 16
-0.276 -21.150 0.522 13
-0.332 -21.172 0.539 19
-0.244 -21.144 0.516 15
-0.220 -21.157 0.521 15
-0.313 -21.170 0.536 12
-0.298 -21.170 0.536 13
-0.234 -21.147 0.517 14
-0.253 -21.141 0.514 14
-0.293 -21.165 0.532 13
-0.243 -21.144 0.516 15
-0.264 -21.150 0.521 14
-0.269 -21.129 0.509 14
-0.293 -21.171 0.535 13
-0.219 -21.163 0.525 15
-0.286 -21.152 0.523 13
-0.277 -21.158 0.527 12
-0.249 -21.162 0.527 16
-0.217 -21.144 0.514 15
-0.265 -21.165 0.530 15
-0.162 -21.012 0.076 21
-0.179 -21.009 0.082 48
-0.152 -21.015 0.076 18
-0.177 -21.014 0.097 35
-0.206 -21.010 0.109 29
-0.207 -21.000 0.081 67
-0.159 -21.017 0.086 21
-0.191 -21.009 0.095 22
-0.204 -21.006 0.098 18
-0.136 -21.018 0.070 20
-0.188 -21.008 0.088 52
-0.209 -21.002 0.090 67
-0.211 -21.002 0.090 69
-0.205 -21.007 0.100 25
-0.204 -21.003 0.088 65
-0.207 -21.008 0.106 45
-0.141 -21.020 0.080 32
-0.175 -20.998 0.045 45
-0.150 -21.007 0.048 59
-0.202 -20.999 0.073 41
-0.184 -21.001 0.064 99
-0.172 -21.011 0.080 36
-0.217 -21.006 0.108 34
-0.208 -21.008 0.107 51
-0.161 -21.012 0.075 21
-0.195 -21.009 0.097 23
-0.207 -21.009 0.107 45
-0.192 -21.004 0.079 38
-0.193 -21.008 0.091 35
-0.178 -21.004 0.067 93
-0.181 -20.997 0.047 51
-0.202 -21.003 0.085 62
-0.193 -21.000 0.068 31
-0.165 -21.006 0.060 34
-0.184 -21.006 0.076 36
-0.138 -21.019 0.074 29
-0.142 -21.020 0.080 30
-0.175 -21.013 0.092 42
-0.176 -21.012 0.090 45
-0.143 -21.013 0.059 93
-0.155 -21.003 0.042 126
-0.166 -21.002 0.051 151
-0.214 -21.004 0.099 56
-0.156 -21.007 0.053 51
-0.174 -21.011 0.085 41
-0.198 -20.997 0.065 26
-0.263 -20.798 0.492 37
-0.179 -20.791 0.476 27
-0.215 -20.793 0.489 31
-0.209 -20.793 0.482 33
-0.251 -20.796 0.505 34
-0.245 -20.795 0.510 29
-0.186 -20.791 0.470 23
-0.180 -20.790 0.483 30
-0.276 -20.799 0.498 40
-0.180 -20.790 0.484 30
-0.186 -20.791 0.493 25
-0.221 -20.794 0.495 35
-0.257 -20.798 0.475 37
-0.183 -20.790 0.485 29
-0.233 -20.794 0.504 32
-0.270 -20.797 0.516 27
-0.252 -20.797 0.495 32
-0.175 -20.790 0.474 24
-0.241 -20.795 0.515 25
-0.199 -20.792 0.485 31
-0.234 -20.794 0.515 23
-0.237 -20.797 0.464 34
-0.270 -20.798 0.504 30
-0.279 -20.800 0.480 30
-0.211 -20.793 0.483 33
-0.173 -20.789 0.490 32
-0.156 -20.788 0.474 68
-0.276 -20.800 0.467 44
-0.275 -20.797 0.535 21
-0.226 -20.793 0.514 27
-0.232 -20.795 0.482 31
-0.223 -20.795 0.473 36
-0.270 -20.799 0.487 39
-0.203 -20.793 0.472 31
-0.266 -20.796 0.530 23
-0.211 -20.794 0.477 36
-0.247 -20.797 0.478 37
-0.272 -20.797 0.522 26
-0.218 -20.794 0.480 34
-0.177 -20.790 0.474 25
-0.200 -20.792 0.495 29
-0.270 -20.798 0.505 30
-0.257 -20.797 0.493 33
-0.249 -20.796 0.514 26
-0.255 -20.797 0.502 41
-0.206 -20.793 0.472 27
-0.213 -20.794 0.476 36
-0.255 -20.797 0.490 31
-0.215 -20.793 0.499 31
-0.189 -20.791 0.492 27
-0.201 -20.793 0.480 30
-0.262 -20.799 0.473 39
-0.215 -20.794 0.485 30
-0.243 -20.796 0.488 34
-0.255 -20.797 0.489 31
-0.271 -20.799 0.483 39
-0.244 -20.796 0.502 35
-0.247 -20.797 0.476 41
-0.164 -20.789 0.478 29
-0.218 -20.793 0.502 31
-0.269 -20.799 0.473 35
-0.380 -21.177 0.619 126
-0.354 -21.177 0.569 65
-0.383 -21.177 0.595 126
-0.335 -21.177 0.601 54
-0.323 -21.178 0.650 76
-0.340 -21.178 0.625 62
-0.351 -21.177 0.610 79
-0.331 -21.178 0.632 37
-0.340 -21.177 0.573 35
-0.339 -21.177 0.569 31
-0.358 -21.178 0.634 110
-0.397 -21.177 0.611 110
-0.348 -21.177 0.583 51
-0.351 -21.178 0.631 107
-0.365 -21.177 0.615 101
-0.344 -21.177 0.580 41
-0.340 -21.178 0.615 58
-0.352 -21.177 0.567 54
-0.358 -21.177 0.574 76
-0.368 -21.177 0.592 88
-0.374 -21.177 0.602 125
-0.337 -21.178 0.620 57
-0.330 -21.178 0.633 31
-0.333 -21.178 0.627 46
-0.396 -21.177 0.602 107
-0.399 -21.177 0.612 110
-0.341 -21.177 0.568 34
-0.325 -21.178 0.640 40
-0.347 -21.177 0.547 42
-0.347 -21.177 0.572 50
-0.368 -21.177 0.602 88
-0.347 -21.177 0.609 75
-0.362 -21.177 0.581 98
-0.342 -21.177 0.576 45
-0.334 -21.178 0.610 46
-0.353 -21.178 0.636 115
-0.368 -21.177 0.616 107
-0.341 -21.177 0.568 40
-0.353 -21.177 0.559 49
-0.355 -21.177 0.591 77
-0.319 -21.178 0.643 88
-0.362 -21.177 0.572 80
-0.348 -21.178 0.637 62
-0.334 -21.178 0.626 55
-0.326 -21.178 0.631 33
-0.472 -20.803 0.861 76
-0.432 -20.786 0.905 56
-0.434 -20.795 0.879 83
-0.448 -20.800 0.869 64
-0.422 -20.791 0.889 46
-0.430 -20.795 0.879 72
-0.491 -20.794 0.891 77
-0.442 -20.797 0.875 66
-0.426 -20.772 0.942 60
-0.424 -20.787 0.899 54
-0.440 -20.792 0.887 57
-0.499 -20.790 0.902 80
-0.446 -20.808 0.846 67
-0.445 -20.792 0.890 59
-0.486 -20.784 0.915 69
-0.505 -20.790 0.902 79
-0.418 -20.773 0.936 29
-0.436 -20.784 0.909 59
-0.493 -20.794 0.890 78
-0.475 -20.786 0.908 64
-0.443 -20.774 0.938 58
-0.442 -20.775 0.937 58
-0.447 -20.805 0.854 66
-0.454 -20.809 0.845 71
-0.436 -20.775 0.935 57
-0.488 -20.796 0.883 77
-0.498 -20.793 0.893 79
-0.449 -20.783 0.914 60
-0.474 -20.786 0.908 64
-0.459 -20.788 0.904 57
-0.468 -20.796 0.881 69
-0.447 -20.793 0.886 61
-0.453 -20.809 0.844 71
-0.435 -20.800 0.865 59
-0.459 -20.780 0.924 59
-0.452 -20.811 0.839 71
-0.438 -20.797 0.875 61
-0.472 -20.780 0.924 59
-0.433 -20.783 0.912 57
-0.479 -20.797 0.880 72
-0.450 -20.780 0.923 59
-0.447 -20.798 0.874 64
-0.446 -20.790 0.894 64
-0.497 -20.787 0.910 78
-0.454 -20.783 0.915 57
-0.412 -20.776 0.928 22
-0.441 -20.790 0.894 55
-0.449 -20.790 0.897 61
-0.433 -20.779 0.922 57
-0.510 -20.786 0.915 82
-0.452 -20.789 0.898 59
-0.452 -20.777 0.931 61
-0.465 -20.800 0.872 68
-0.473 -20.799 0.874 70
-0.430 -20.798 0.871 85
-0.446 -20.794 0.885 60
-0.427 -20.793 0.884 53
-0.453 -20.783 0.914 57
-0.424 -20.774 0.935 48
-0.446 -20.811 0.838 69
-0.448 -20.806 0.853 67
-0.434 -20.789 0.895 59
-0.483 -20.788 0.905 69
-0.423 -20.774 0.936 48
-0.443 -20.791 0.891 59
-0.414 -20.777 0.925 19
-0.445 -20.796 0.880 64
-0.465 -20.799 0.874 67
-0.456 -20.794 0.887 62
-0.511 -20.788 0.910 82
-0.442 -20.796 0.879 61
-0.455 -20.793 0.887 60
