1.115 -20.097 0.721 100
1.116 -20.097 0.720 100
1.101 -20.090 0.705 30
1.100 -20.086 0.672 35
1.114 -20.097 0.727 88
1.108 -20.089 0.683 8
1.100 -20.087 0.686 62
1.110 -20.090 0.686 11
1.103 -20.089 0.688 37
1.108 -20.090 0.686 11
1.101 -20.089 0.698 11
1.108 -20.095 0.720 91
1.103 -20.087 0.677 13
1.091 -20.080 0.653 9
1.130 -20.327 0.458 12
1.087 -20.098 0.618 9
1.072 -20.166 0.499 12
1.130 -20.297 0.493 12
1.114 -20.272 0.481 12
1.090 -20.124 0.596 7
1.117 -20.228 0.541 17
1.096 -20.238 0.475 11
1.113 -20.229 0.532 17
1.116 -20.234 0.532 16
1.085 -20.218 0.472 12
1.089 -20.148 0.564 13
1.125 -20.272 0.510 13
1.086 -20.216 0.476 12
1.098 -20.230 0.491 12
1.112 -20.247 0.507 13
1.094 -20.234 0.475 12
1.131 -20.322 0.465 11
1.080 -20.103 0.593 6
1.089 -20.229 0.468 11
1.139 -20.323 0.484 12
1.133 -20.343 0.446 11
1.128 -20.294 0.490 11
1.131 -20.332 0.454 12
1.097 -20.207 0.517 16
1.070 -20.136 0.530 12
1.065 -20.143 0.509 13
1.080 -20.220 0.455 12
1.059 -20.164 0.470 12
1.111 -20.238 0.513 14
1.075 -20.138 0.541 14
1.120 -20.251 0.522 14
1.082 -20.197 0.488 12
1.070 -20.140 0.524 12
1.064 -20.175 0.467 13
1.126 -20.300 0.478 12
1.102 -20.152 0.593 14
1.077 -20.147 0.533 12
1.098 -20.197 0.529 16
1.104 -20.242 0.491 12
1.089 -20.108 0.612 5
1.124 -20.277 0.501 12
1.129 -20.307 0.477 12
1.095 -20.242 0.470 11
1.102 -20.249 0.478 11
1.126 -20.332 0.442 11
1.094 -20.190 0.527 15
1.090 -20.229 0.470 12
1.111 -20.212 0.546 17
1.071 -20.191 0.467 11
1.083 -20.174 0.518 12
1.110 -20.200 0.555 19
1.116 -20.280 0.477 12
1.116 -20.298 0.457 11
1.128 -20.305 0.479 12
1.081 -20.197 0.486 12
1.089 -20.144 0.570 12
1.107 -20.207 0.540 17
1.140 -20.352 0.453 13
1.105 -20.176 0.572 15
1.080 -20.158 0.530 12
1.134 -20.331 0.464 12
1.088 -20.131 0.583 11
1.087 -20.131 0.580 11
1.101 -20.256 0.467 11
1.112 -20.250 0.501 13
1.099 -20.228 0.496 13
1.082 -20.204 0.480 12
1.119 -20.297 0.467 11
1.114 -20.299 0.449 12
1.087 -20.136 0.574 12
1.117 -20.252 0.513 13
1.090 -20.091 0.636 7
1.118 -20.228 0.544 18
1.068 -20.167 0.488 13
1.093 -20.167 0.552 12
1.080 -20.159 0.528 12
1.093 -20.153 0.569 12
1.068 -20.190 0.462 11
1.109 -20.244 0.503 13
1.107 -20.208 0.539 17
1.079 -20.141 0.547 14
1.091 -20.223 0.481 12
1.141 -20.368 0.438 10
1.139 -20.347 0.456 12
1.126 -20.273 0.513 13
1.115 -20.207 0.561 18
1.112 -20.294 0.451 10
1.090 -20.171 0.539 12
1.121 -20.245 0.531 15
1.080 -20.186 0.497 13
1.095 -20.244 0.466 11
1.059 -20.169 0.464 12
1.135 -20.308 0.493 12
1.119 -20.294 0.469 11
1.093 -20.170 0.550 12
1.090 -20.120 0.601 9
1.083 -20.222 0.461 11
1.080 -20.131 0.561 8
1.084 -20.105 0.603 9
1.061 -20.173 0.463 11
1.119 -20.276 0.490 12
1.105 -20.216 0.524 15
1.105 -20.217 0.525 15
1.074 -20.168 0.502 12
1.100 -20.215 0.514 14
1.099 -20.144 0.595 12
1.121 -20.287 0.481 12
1.093 -20.158 0.562 13
1.110 -20.255 0.493 12
1.097 -20.147 0.585 13
1.108 -20.180 0.575 17
1.100 -20.240 0.484 12
1.098 -20.245 0.473 12
1.092 -20.148 0.571 12
1.111 -20.210 0.546 17
1.091 -20.165 0.551 12
1.066 -20.149 0.504 12
1.097 -20.131 0.604 14
1.095 -20.121 0.611 7
1.107 -20.222 0.523 14
1.104 -20.280 0.448 11
1.087 -20.099 0.617 9
1.101 -20.271 0.451 9
1.087 -20.236 0.456 11
1.116 -20.282 0.476 12
1.101 -20.175 0.563 14
1.129 -20.286 0.505 13
1.103 -20.176 0.568 14
1.130 -20.312 0.476 12
1.105 -20.208 0.534 17
1.115 -20.231 0.533 16
1.080 -20.170 0.516 13
1.087 -20.213 0.483 13
1.099 -20.188 0.543 15
1.097 -20.131 0.605 14
1.088 -20.236 0.457 11
1.077 -20.197 0.476 11
1.103 -20.258 0.470 11
1.088 -20.151 0.559 13
1.087 -20.176 0.525 12
1.058 -20.164 0.466 12
1.060 -20.162 0.474 12
1.102 -20.159 0.586 13
1.106 -20.253 0.484 12
1.098 -20.196 0.531 16
1.123 -20.245 0.538 16
1.108 -20.229 0.518 15
1.092 -20.208 0.501 14
1.115 -20.210 0.559 18
1.108 -20.187 0.568 17
1.124 -20.311 0.462 11
1.091 -20.221 0.484 12
1.106 -20.194 0.555 18
1.132 -20.321 0.470 11
1.110 -20.255 0.491 12
1.115 -20.270 0.487 12
1.107 -20.212 0.536 16
1.089 -20.116 0.602 7
1.095 -20.112 0.621 7
1.135 -20.308 0.494 12
1.080 -20.124 0.571 7
1.091 -20.134 0.585 13
1.081 -20.133 0.562 13
1.112 -20.261 0.491 12
1.096 -20.127 0.608 12
1.104 -20.192 0.550 18
1.083 -20.217 0.468 12
1.074 -20.140 0.535 13
1.075 -20.131 0.547 8
1.126 -20.317 0.458 11
1.113 -20.209 0.554 18
1.116 -20.260 0.500 12
1.084 -20.228 0.456 11
1.090 -20.205 0.499 14
1.106 -20.176 0.575 15
1.070 -20.132 0.534 7
1.080 -20.220 0.455 12
1.097 -20.197 0.527 16
1.070 -20.163 0.498 13
1.105 -20.227 0.511 14
1.122 -20.239 0.542 16
1.100 -20.238 0.485 12
1.060 -20.147 0.490 12
1.065 -20.154 0.497 12
1.078 -20.189 0.488 13
1.103 -20.271 0.455 11
1.113 -20.299 0.448 12
1.086 -20.221 0.472 12
1.078 -20.210 0.461 11
1.079 -20.194 0.484 13
1.084 -20.216 0.470 12
1.078 -20.148 0.537 12
1.102 -20.250 0.479 11
1.085 -20.110 0.600 9
1.119 -20.297 0.465 11
1.116 -20.291 0.465 11
1.139 -20.361 0.441 15
1.086 -20.204 0.489 13
1.111 -20.220 0.536 17
1.098 -20.264 0.449 10
1.072 -20.152 0.515 12
1.096 -20.247 0.466 11
1.078 -20.122 0.566 8
1.097 -20.181 0.547 15
1.136 -20.305 0.498 12
1.121 -20.302 0.464 11
1.109 -20.202 0.553 19
1.068 -20.149 0.510 12
1.086 -20.131 0.578 9
1.122 -20.293 0.478 11
1.079 -20.128 0.563 5
1.061 -20.153 0.485 12
1.113 -20.262 0.491 12
1.128 -20.296 0.490 11
1.084 -20.119 0.586 7
1.086 -20.152 0.552 12
1.090 -20.166 0.545 12
1.088 -20.170 0.536 12
1.093 -20.243 0.462 11
1.097 -20.215 0.505 14
1.117 -20.267 0.496 12
1.107 -20.202 0.546 19
1.082 -20.180 0.509 14
1.085 -20.182 0.515 14
1.084 -20.183 0.509 14
1.060 -20.150 0.487 11
1.084 -20.192 0.500 13
1.105 -20.217 0.525 15
1.072 -20.144 0.525 12
1.104 -20.271 0.458 11
1.085 -20.184 0.511 13
1.084 -20.208 0.482 12
1.122 -20.295 0.476 11
1.061 -20.164 0.472 12
1.096 -20.180 0.543 15
1.086 -20.222 0.470 12
1.102 -20.205 0.529 18
1.083 -20.114 0.589 6
1.081 -20.158 0.532 12
1.108 -20.267 0.472 12
1.107 -20.211 0.537 17
1.117 -20.245 0.522 14
1.078 -20.104 0.588 5
1.077 -20.209 0.462 11
1.111 -20.147 0.619 13
1.119 -20.135 0.652 21
1.115 -20.200 0.569 21
1.130 -20.264 0.533 14
1.118 -20.212 0.563 18
1.110 -20.158 0.605 13
1.126 -20.250 0.537 16
1.129 -20.256 0.539 15
1.106 -20.148 0.606 12
1.101 -20.092 0.658 43
1.118 -20.117 0.669 37
1.133 -20.263 0.539 14
1.115 -20.109 0.671 31
1.110 -20.159 0.604 13
1.124 -20.159 0.637 10
1.113 -20.193 0.572 23
1.125 -20.191 0.604 23
1.095 -20.088 0.651 8
1.105 -20.096 0.664 8
1.123 -20.190 0.600 23
1.110 -20.106 0.662 24
1.128 -20.190 0.610 20
1.120 -20.143 0.646 14
1.113 -20.168 0.601 16
1.112 -20.093 0.682 11
1.123 -20.118 0.680 13
1.124 -20.149 0.646 9
1.093 -20.091 0.643 5
1.114 -20.116 0.660 19
1.108 -20.120 0.644 8
1.126 -20.218 0.574 19
1.110 -20.112 0.658 12
1.118 -20.188 0.589 23
1.093 -20.086 0.647 11
1.119 -20.170 0.614 16
1.121 -20.175 0.611 17
1.107 -20.144 0.614 13
1.130 -20.211 0.592 18
1.120 -20.144 0.645 10
1.093 -20.085 0.647 6
1.106 -20.135 0.622 11
1.109 -20.114 0.653 7
1.112 -20.168 0.599 16
1.123 -20.198 0.590 21
1.118 -20.217 0.557 18
1.106 -20.130 0.628 13
1.129 -20.245 0.551 16
1.117 -20.132 0.651 16
1.102 -20.103 0.648 17
1.104 -20.151 0.599 13
1.121 -20.120 0.674 13
1.130 -20.260 0.535 14
1.095 -20.097 0.638 7
1.125 -20.186 0.608 20
1.117 -20.115 0.669 39
1.093 -20.098 0.635 5
1.131 -20.252 0.547 16
1.107 -20.106 0.656 11
1.109 -20.168 0.591 12
1.101 -20.094 0.656 23
1.120 -20.139 0.649 13
1.107 -20.159 0.596 14
1.121 -20.142 0.649 11
1.120 -20.184 0.599 20
1.112 -20.172 0.593 16
1.103 -20.124 0.626 11
1.126 -20.247 0.543 17
1.131 -20.240 0.561 17
1.124 -20.165 0.629 13
1.119 -20.134 0.654 35
1.110 -20.095 0.677 10
1.135 -20.281 0.525 13
1.108 -20.131 0.630 12
1.104 -20.124 0.631 13
1.119 -20.163 0.622 12
1.103 -20.090 0.665 31
1.114 -20.123 0.654 28
1.114 -20.104 0.676 9
1.128 -20.243 0.551 16
1.119 -20.146 0.639 10
1.132 -20.241 0.563 17
1.116 -20.133 0.647 11
1.108 -20.152 0.609 13
1.133 -20.245 0.560 16
1.129 -20.259 0.536 14
1.116 -20.183 0.592 21
1.095 -20.090 0.648 7
1.132 -20.235 0.568 18
1.098 -20.093 0.652 17
1.103 -20.131 0.619 13
1.125 -20.225 0.563 18
1.125 -20.170 0.626 14
1.128 -20.216 0.581 18
1.132 -20.246 0.556 16
1.121 -20.225 0.554 18
1.093 -20.092 0.641 2
1.114 -20.167 0.606 15
1.125 -20.213 0.577 18
1.099 -20.085 0.664 7
1.106 -20.154 0.600 13
1.099 -20.090 0.656 17
1.127 -20.254 0.537 15
1.091 -20.083 0.645 8
1.128 -20.195 0.606 19
1.125 -20.228 0.562 18
1.107 -20.135 0.624 12
1.110 -20.141 0.625 14
1.133 -20.285 0.516 13
1.097 -20.089 0.653 9
1.104 -20.090 0.669 15
1.099 -20.626 0.558 156
1.123 -20.532 0.483 10
1.098 -20.620 0.531 13
1.112 -20.571 0.503 16
1.097 -20.626 0.541 111
1.095 -20.611 0.467 14
1.115 -20.553 0.472 10
1.111 -20.563 0.469 10
1.108 -20.572 0.468 9
1.095 -20.616 0.485 15
1.102 -20.617 0.562 50
1.110 -20.579 0.512 16
1.113 -20.569 0.508 16
1.124 -20.521 0.456 14
1.103 -20.586 0.464 10
1.123 -20.524 0.458 23
1.101 -20.618 0.552 18
1.115 -20.554 0.478 8
1.110 -20.576 0.505 16
1.108 -20.569 0.464 9
1.120 -20.542 0.487 10
1.116 -20.564 0.520 18
1.114 -20.550 0.460 9
1.097 -20.609 0.479 10
1.106 -20.599 0.544 13
1.097 -20.613 0.493 13
1.124 -20.520 0.454 12
1.108 -20.583 0.509 16
1.099 -20.606 0.489 12
1.122 -20.526 0.452 18
1.113 -20.575 0.536 18
1.109 -20.571 0.474 12
1.122 -20.537 0.495 12
1.095 -20.621 0.495 15
1.099 -20.618 0.536 17
1.107 -20.603 0.557 18
1.095 -20.616 0.488 15
1.119 -20.534 0.452 11
1.114 -20.574 0.537 19
1.099 -20.619 0.533 15
1.125 -20.516 0.450 15
1.097 -20.604 0.462 15
1.114 -20.572 0.532 16
1.108 -20.575 0.474 12
1.117 -20.559 0.512 17
1.111 -20.579 0.524 16
1.097 -20.624 0.535 38
1.105 -20.589 0.490 14
1.111 -20.582 0.536 17
1.105 -20.587 0.487 13
1.101 -20.629 0.587 164
1.114 -20.552 0.460 9
1.112 -20.576 0.522 17
1.101 -20.603 0.507 13
1.105 -20.590 0.500 14
1.122 -20.538 0.493 11
1.100 -20.621 0.553 107
1.117 -20.558 0.512 16
1.104 -20.610 0.560 22
1.125 -20.523 0.482 10
1.112 -20.570 0.497 13
1.102 -20.592 0.471 11
1.110 -20.587 0.536 14
1.108 -20.593 0.538 12
1.102 -20.595 0.485 12
1.093 -20.620 0.477 19
1.098 -20.611 0.496 13
1.103 -20.598 0.502 12
1.098 -20.627 0.547 131
1.113 -20.572 0.522 16
1.120 -20.547 0.506 12
1.115 -20.567 0.525 16
1.104 -20.583 0.466 11
1.100 -20.604 0.488 9
1.102 -20.627 0.588 166
1.103 -20.604 0.530 13
1.118 -20.550 0.495 11
1.097 -20.609 0.476 13
1.104 -20.614 0.570 36
1.101 -20.596 0.478 11
1.124 -20.521 0.457 14
1.106 -20.608 0.571 11
1.101 -20.627 0.578 154
1.122 -20.528 0.461 15
1.106 -20.594 0.526 12
1.107 -20.580 0.489 11
1.104 -20.598 0.515 12
1.126 -20.519 0.476 11
1.108 -20.588 0.526 14
1.086 -20.069 0.662 5
1.089 -20.092 0.706 97
1.085 -20.064 0.694 18
1.087 -20.075 0.700 86
1.086 -20.066 0.670 10
1.087 -20.079 0.689 20
1.087 -20.070 0.660 5
1.088 -20.084 0.694 46
1.083 -20.048 0.686 73
1.083 -20.043 0.667 68
1.087 -20.080 0.700 97
1.086 -20.068 0.708 91
1.085 -20.063 0.664 14
1.089 -20.093 0.699 31
1.086 -20.063 0.655 9
1.085 -20.059 0.693 17
1.083 -20.047 0.682 73
1.081 -20.037 0.704 90
1.084 -20.057 0.679 67
1.084 -20.056 0.670 46
1.083 -20.045 0.677 93
1.089 -20.091 0.705 90
1.087 -20.071 0.669 9
1.085 -20.061 0.679 25
1.084 -20.053 0.657 109
1.082 -20.037 0.673 111
1.087 -20.074 0.652 10
1.088 -20.079 0.666 7
1.089 -20.090 0.704 95
1.088 -20.077 0.647 10
1.086 -20.065 0.649 18
1.086 -20.066 0.683 37
1.088 -20.078 0.656 11
1.087 -20.078 0.691 22
1.088 -20.081 0.671 28
1.082 -20.042 0.671 107
1.086 -20.067 0.693 18
1.086 -20.068 0.650 16
1.087 -20.073 0.661 8
1.087 -20.072 0.647 4
1.095 -20.630 0.626 11
1.087 -20.625 0.692 6
1.076 -20.622 0.697 20
1.087 -20.627 0.657 5
1.091 -20.628 0.654 35
1.085 -20.626 0.669 21
1.082 -20.624 0.683 7
1.076 -20.623 0.680 14
1.086 -20.627 0.656 12
1.081 -20.623 0.702 18
1.083 -20.626 0.665 18
1.086 -20.626 0.665 12
1.093 -20.629 0.644 40
1.079 -20.623 0.697 22
1.093 -20.086 0.678 23
1.099 -20.090 0.703 30
1.096 -20.092 0.703 72
1.092 -20.092 0.694 10
1.093 -20.094 0.704 90
1.085 -20.659 0.669 34
1.087 -20.659 0.664 34
1.092 -20.634 0.633 7
1.089 -20.643 0.646 28
1.089 -20.642 0.647 28
1.081 -20.646 0.674 16
1.079 -20.641 0.678 8
1.092 -20.655 0.646 12
1.083 -20.664 0.677 16
1.086 -20.639 0.655 44
1.075 -20.638 0.687 16
1.084 -20.666 0.676 16
1.086 -20.664 0.669 46
1.092 -20.651 0.642 11
1.079 -20.655 0.687 11
1.080 -20.635 0.671 19
1.082 -20.640 0.666 16
1.079 -20.634 0.672 15
1.085 -20.654 0.667 30
1.088 -20.661 0.662 34
1.071 -20.626 0.695 54
1.088 -20.674 0.668 34
1.073 -20.636 0.694 40
1.087 -20.639 0.650 39
1.085 -20.665 0.673 33
1.076 -20.642 0.687 24
1.080 -20.630 0.669 17
1.092 -20.657 0.645 10
1.098 -20.636 0.615 5
1.074 -20.648 0.699 62
1.077 -20.641 0.684 23
1.089 -20.647 0.649 35
1.066 -20.739 0.695 68
1.066 -20.805 0.680 16
1.074 -20.731 0.681 0
1.065 -20.740 0.695 62
1.082 -20.678 0.679 28
1.068 -20.784 0.681 14
1.078 -20.670 0.687 10
1.080 -20.704 0.677 9
1.074 -20.749 0.678 5
1.075 -20.666 0.693 23
1.079 -20.723 0.674 4
1.070 -20.779 0.679 9
1.070 -20.695 0.696 80
1.077 -20.723 0.678 10
1.062 -20.815 0.686 68
1.083 -20.680 0.677 33
1.066 -20.781 0.686 48
1.068 -20.793 0.680 11
1.078 -20.660 0.689 11
1.072 -20.740 0.683 6
1.072 -20.662 0.698 72
1.080 -20.713 0.675 13
1.080 -20.673 0.683 9
1.064 -20.765 0.693 68
1.084 -20.678 0.675 41
1.067 -20.801 0.679 11
1.069 -20.761 0.684 6
1.072 -20.736 0.685 10
1.076 -20.702 0.685 13
1.066 -20.787 0.684 31
1.085 -20.684 0.672 40
1.070 -20.726 0.689 25
1.071 -20.714 0.690 37
1.065 -20.791 0.684 52
1.070 -20.735 0.688 23
1.120 -20.315 0.443 11
1.105 -20.257 0.449 8
1.103 -20.261 0.448 8
1.069 -20.190 0.455 10
1.074 -20.208 0.453 11
1.106 -20.279 0.447 11
1.099 -20.247 0.450 11
1.103 -20.274 0.447 13
1.071 -20.194 0.455 11
1.135 -20.342 0.441 12
1.088 -20.226 0.452 10
1.086 -20.223 0.452 10
1.126 -20.319 0.443 12
1.076 -20.201 0.454 10
1.073 -20.193 0.455 10
1.084 -20.218 0.453 11
1.115 -20.306 0.444 12
0.996 -20.388 0.059 91
0.989 -20.442 0.051 13
1.012 -20.405 0.042 90
0.988 -20.435 0.053 13
1.015 -20.404 0.040 123
1.008 -20.433 0.039 79
0.993 -20.388 0.061 103
0.991 -20.411 0.056 18
0.985 -20.432 0.056 17
0.983 -20.413 0.063 21
1.002 -20.422 0.046 82
1.001 -20.432 0.044 71
0.981 -20.402 0.067 23
1.007 -20.424 0.042 79
1.009 -20.395 0.046 112
1.000 -20.390 0.055 98
1.003 -20.443 0.040 58
0.990 -20.479 0.042 18
1.017 -20.397 0.040 108
0.978 -20.493 0.048 26
0.985 -20.480 0.046 19
0.989 -20.386 0.065 75
0.991 -20.397 0.060 11
1.009 -20.422 0.040 96
0.979 -20.472 0.052 18
0.989 -20.407 0.059 17
0.983 -20.472 0.049 17
0.995 -20.434 0.048 56
0.995 -20.473 0.039 72
0.999 -20.432 0.046 82
0.989 -20.444 0.051 13
0.979 -20.380 0.073 34
0.988 -20.429 0.055 15
0.996 -20.397 0.056 51
0.983 -20.422 0.060 17
0.987 -20.466 0.047 13
0.994 -20.456 0.044 66
0.997 -20.444 0.045 83
1.010 -20.421 0.040 80
0.989 -20.456 0.048 14
0.984 -20.494 0.043 14
0.990 -20.470 0.044 14
0.975 -20.513 0.045 36
0.979 -20.518 0.039 21
1.067 -20.132 0.522 12
1.079 -20.123 0.543 9
1.077 -20.133 0.520 11
1.089 -20.105 0.584 5
1.072 -20.125 0.538 12
1.079 -20.128 0.532 7
1.068 -20.134 0.519 12
1.072 -20.127 0.534 8
1.089 -20.130 0.528 9
1.077 -20.124 0.542 9
1.073 -20.131 0.526 8
1.090 -20.115 0.562 8
1.070 -20.133 0.522 11
1.086 -20.140 0.507 12
1.083 -20.139 0.509 13
1.074 -20.128 0.533 8
1.086 -20.129 0.531 7
1.090 -20.103 0.588 5
1.080 -20.118 0.555 9
1.072 -20.130 0.528 8
1.083 -20.092 0.613 13
1.085 -20.119 0.554 8
1.070 -20.142 0.500 14
1.080 -20.129 0.530 7
1.088 -20.088 0.621 13
1.081 -20.137 0.513 14
1.082 -20.101 0.592 6
1.061 -20.144 0.496 16
1.087 -20.140 0.507 12
1.073 -20.133 0.522 12
1.071 -20.140 0.506 14
0.979 -20.325 0.044 56
0.978 -20.368 0.068 11
0.977 -20.354 0.059 10
0.976 -20.338 0.048 41
0.986 -20.333 0.062 10
1.000 -20.255 0.040 79
0.985 -20.336 0.062 8
0.982 -20.358 0.069 10
0.975 -20.346 0.050 20
0.976 -20.370 0.066 12
0.978 -20.341 0.052 15
0.979 -20.346 0.057 6
0.977 -20.373 0.069 13
0.986 -20.306 0.046 41
0.982 -20.356 0.068 9
0.989 -20.318 0.058 12
0.989 -20.306 0.050 31
0.971 -20.340 0.041 73
0.980 -20.350 0.060 9
0.976 -20.335 0.046 45
0.982 -20.343 0.061 4
0.995 -20.291 0.052 26
0.969 -20.356 0.046 14
0.980 -20.343 0.057 10
0.977 -20.337 0.049 31
0.988 -20.310 0.051 26
1.003 -20.245 0.040 67
0.992 -20.297 0.050 24
0.980 -20.344 0.058 4
0.988 -20.332 0.064 8
0.986 -20.307 0.046 40
0.977 -20.248 0.052 95
0.992 -20.238 0.046 24
1.002 -20.250 0.044 44
0.985 -20.308 0.060 44
0.983 -20.259 0.052 85
1.004 -20.250 0.044 28
0.979 -20.269 0.055 96
1.001 -20.260 0.047 44
1.006 -20.235 0.041 39
0.975 -20.332 0.068 43
0.985 -20.227 0.046 83
0.977 -20.347 0.070 38
0.967 -20.246 0.055 123
0.979 -20.364 0.072 30
1.003 -20.236 0.042 47
0.980 -20.242 0.050 87
0.990 -20.223 0.043 82
0.977 -20.269 0.056 49
0.979 -20.260 0.054 93
0.977 -20.302 0.062 41
0.990 -20.273 0.052 31
1.000 -20.257 0.046 45
0.976 -20.332 0.067 48
1.007 -20.236 0.040 39
0.981 -20.284 0.057 35
0.985 -20.288 0.057 29
0.997 -20.281 0.051 21
1.005 -20.238 0.041 47
0.982 -20.284 0.057 35
0.985 -20.275 0.054 24
0.973 -20.296 0.062 88
1.004 -20.241 0.042 49
0.989 -20.288 0.055 52
0.980 -20.246 0.051 100
0.979 -20.367 0.073 32
0.991 -20.291 0.055 56
0.965 -20.132 0.444 26
0.954 -20.118 0.432 112
1.016 -20.152 0.456 12
1.004 -20.138 0.443 12
1.006 -20.153 0.459 14
0.991 -20.133 0.440 10
0.908 -20.144 0.467 7
0.920 -20.145 0.467 5
1.013 -20.144 0.448 12
0.977 -20.144 0.454 9
1.013 -20.145 0.448 12
0.959 -20.119 0.431 19
1.023 -20.148 0.450 15
1.018 -20.148 0.451 15
0.937 -20.127 0.444 51
0.933 -20.144 0.463 7
0.901 -20.143 0.468 7
0.947 -20.118 0.433 133
1.015 -20.146 0.450 13
0.965 -20.151 0.465 7
0.975 -20.128 0.438 101
0.915 -20.137 0.459 7
1.039 -20.159 0.458 13
0.949 -20.146 0.463 8
0.928 -20.137 0.456 9
0.928 -20.135 0.455 12
0.995 -20.143 0.450 10
1.001 -20.140 0.446 8
1.011 -20.156 0.460 14
0.966 -20.144 0.457 8
0.922 -20.129 0.450 20
0.925 -20.141 0.461 8
0.966 -20.124 0.435 138
0.967 -20.150 0.463 6
0.983 -20.135 0.444 15
0.936 -20.126 0.443 104
0.978 -20.130 0.440 45
0.929 -20.124 0.443 127
0.945 -20.145 0.461 7
0.951 -20.144 0.459 8
1.044 -20.158 0.457 12
0.944 -20.144 0.461 8
0.954 -20.119 0.432 112
0.987 -20.137 0.446 10
0.940 -20.125 0.441 133
0.901 -20.138 0.463 7
0.956 -20.148 0.463 7
0.971 -20.123 0.434 82
0.999 -20.148 0.455 10
0.949 -20.255 0.046 78
0.959 -20.251 0.051 92
0.950 -20.259 0.051 91
0.909 -20.290 0.042 101
0.946 -20.260 0.048 79
0.938 -20.264 0.044 84
0.933 -20.271 0.047 91
0.944 -20.323 0.058 17
0.962 -20.277 0.057 100
0.958 -20.281 0.056 87
0.948 -20.291 0.055 69
0.894 -20.309 0.042 18
0.956 -20.280 0.056 87
0.936 -20.310 0.054 75
0.967 -20.280 0.059 96
0.958 -20.285 0.057 90
0.898 -20.315 0.044 23
0.893 -20.306 0.041 9
0.949 -20.343 0.062 41
0.900 -20.312 0.044 15
0.965 -20.291 0.060 91
0.918 -20.317 0.050 13
0.969 -20.363 0.070 37
0.971 -20.366 0.071 36
0.951 -20.314 0.059 95
0.926 -20.304 0.051 98
0.934 -20.287 0.051 92
0.918 -20.325 0.051 15
0.970 -20.284 0.060 105
0.939 -20.341 0.059 45
0.940 -20.340 0.059 42
0.935 -20.323 0.055 11
0.937 -20.332 0.057 32
0.966 -20.342 0.067 35
0.967 -20.252 0.056 100
0.968 -20.302 0.062 97
0.958 -20.300 0.059 66
0.963 -20.259 0.055 105
0.913 -20.308 0.047 22
0.958 -20.262 0.054 82
0.919 -20.284 0.046 101
0.939 -20.332 0.058 39
0.936 -20.279 0.050 93
0.962 -20.273 0.057 91
0.931 -20.301 0.051 85
0.942 -20.322 0.057 15
0.920 -20.312 0.050 17
0.961 -20.362 0.068 39
0.971 -20.305 0.063 73
0.917 -20.287 0.046 105
0.906 -20.319 0.047 17
0.953 -20.326 0.061 65
0.964 -20.305 0.061 86
0.911 -20.315 0.048 12
0.965 -20.349 0.067 29
0.970 -20.359 0.070 35
0.942 -20.310 0.056 82
0.960 -20.284 0.058 90
0.974 -20.353 0.070 34
0.967 -20.339 0.066 38
0.963 -20.305 0.061 86
0.962 -20.302 0.060 73
0.943 -20.344 0.060 34
0.952 -20.315 0.059 95
0.963 -20.306 0.061 80
0.965 -20.255 0.055 110
0.955 -20.252 0.046 93
0.961 -20.249 0.050 97
0.954 -20.255 0.045 101
0.958 -20.260 0.045 103
0.962 -20.253 0.049 97
1.144 -20.123 0.844 184
1.210 -20.149 0.871 11
1.130 -20.118 0.841 232
1.142 -20.128 0.886 169
1.132 -20.105 0.734 84
1.191 -20.144 0.885 11
1.141 -20.124 0.861 221
1.144 -20.131 0.904 164
1.149 -20.116 0.776 116
1.185 -20.133 0.813 13
1.171 -20.140 0.903 13
1.174 -20.131 0.830 13
1.202 -20.146 0.870 16
1.164 -20.126 0.815 21
1.151 -20.126 0.850 246
1.213 -20.148 0.857 12
1.148 -20.126 0.859 232
1.182 -20.139 0.872 12
1.119 -20.107 0.789 214
1.124 -20.102 0.736 90
1.166 -20.124 0.792 23
1.163 -20.129 0.840 33
1.174 -20.138 0.884 17
1.160 -20.120 0.783 39
1.146 -20.129 0.886 170
1.133 -20.109 0.768 162
1.146 -20.113 0.761 51
1.191 -20.142 0.866 10
1.152 -20.124 0.830 234
1.191 -20.143 0.880 19
1.211 -20.149 0.869 11
1.200 -20.147 0.881 10
1.159 -20.130 0.863 123
1.146 -20.113 0.767 51
1.174 -20.132 0.838 13
1.142 -20.116 0.794 213
1.144 -20.113 0.769 51
1.132 -20.119 0.849 238
1.205 -20.149 0.885 12
1.145 -20.116 0.789 209
1.171 -20.125 0.793 19
1.171 -20.132 0.844 15
1.125 -20.105 0.754 89
1.188 -20.138 0.847 14
1.188 -20.134 0.818 12
1.188 -20.142 0.876 22
1.140 -20.125 0.874 193
1.137 -20.121 0.849 238
1.132 -20.116 0.823 219
1.145 -20.111 0.749 66
1.186 -20.139 0.861 12
1.182 -20.136 0.844 16
1.197 -20.140 0.837 11
1.155 -20.131 0.880 194
1.123 -20.111 0.803 219
1.132 -20.105 0.741 86
1.121 -20.105 0.763 226
1.153 -20.130 0.873 209
1.127 -20.110 0.790 212
1.154 -20.127 0.848 216
1.204 -20.144 0.851 10
1.169 -20.130 0.835 18
1.196 -20.146 0.888 13
1.199 -20.142 0.845 11
1.134 -20.121 0.856 237
1.146 -20.115 0.779 208
1.143 -20.131 0.907 170
1.223 -20.155 0.888 11
1.180 -20.141 0.891 22
1.135 -20.109 0.758 80
1.206 -20.146 0.859 13
1.153 -20.117 0.774 57
1.149 -20.121 0.819 238
1.118 -20.103 0.758 123
1.134 -20.113 0.798 222
1.197 -20.145 0.874 15
1.136 -20.115 0.801 228
1.182 -20.142 0.888 20
1.136 -20.105 0.727 47
1.159 -20.127 0.836 57
1.215 -20.149 0.858 10
1.146 -20.112 0.758 56
1.154 -20.133 0.897 161
1.142 -20.119 0.824 232
1.119 -20.104 0.763 224
1.221 -20.154 0.880 12
1.130 -20.115 0.822 215
1.123 -20.106 0.772 218
1.167 -20.132 0.858 28
1.145 -20.122 0.837 228
1.184 -20.138 0.859 12
1.133 -20.120 0.854 238
1.140 -20.114 0.786 221
1.203 -20.149 0.891 11
1.141 -20.129 0.903 167
1.156 -20.116 0.759 46
1.201 -20.143 0.853 11
1.177 -20.135 0.854 18
1.138 -20.120 0.839 244
1.221 -20.154 0.880 12
1.130 -20.106 0.748 81
1.132 -20.117 0.829 227
1.182 -20.143 0.898 16
1.139 -20.115 0.795 215
1.128 -20.102 0.728 96
1.192 -20.139 0.840 13
1.136 -20.123 0.867 204
1.133 -20.112 0.791 202
1.186 -20.135 0.830 10
1.147 -20.123 0.835 233
1.168 -20.135 0.871 30
1.158 -20.118 0.768 36
1.200 -20.145 0.867 16
1.169 -20.124 0.786 14
1.122 -20.108 0.787 215
1.129 -20.107 0.761 84
1.186 -20.144 0.895 18
1.170 -20.125 0.792 19
1.160 -20.135 0.893 65
1.173 -20.127 0.798 12
1.181 -20.139 0.875 15
1.161 -20.565 0.779 6
1.214 -20.366 0.889 13
1.156 -20.612 0.776 93
1.206 -20.472 0.894 13
1.222 -20.230 0.875 10
1.171 -20.586 0.817 11
1.202 -20.291 0.829 8
1.133 -20.542 0.679 16
1.109 -20.628 0.627 164
1.199 -20.489 0.879 11
1.223 -20.268 0.890 12
1.191 -20.465 0.843 10
1.141 -20.574 0.716 9
1.151 -20.454 0.714 8
1.128 -20.554 0.668 23
1.130 -20.622 0.692 147
1.160 -20.577 0.778 6
1.193 -20.563 0.880 9
1.197 -20.386 0.839 8
1.228 -20.180 0.880 12
1.161 -20.436 0.738 8
1.216 -20.278 0.870 11
1.159 -20.496 0.749 8
1.208 -20.341 0.861 11
1.193 -20.507 0.864 11
1.220 -20.243 0.871 11
1.192 -20.558 0.876 12
1.166 -20.587 0.800 11
1.117 -20.585 0.642 14
1.140 -20.626 0.728 167
1.152 -20.538 0.740 8
1.154 -20.631 0.772 82
1.226 -20.198 0.878 11
1.135 -20.543 0.687 6
1.198 -20.512 0.879 13
1.140 -20.600 0.720 126
1.208 -20.347 0.863 11
1.173 -20.552 0.813 9
1.147 -20.564 0.732 7
1.199 -20.422 0.857 10
1.126 -20.569 0.666 23
1.113 -20.621 0.639 19
1.171 -20.487 0.785 8
1.142 -20.610 0.728 133
1.168 -20.518 0.784 8
1.169 -20.490 0.782 8
1.159 -20.481 0.747 8
1.132 -20.628 0.703 150
1.183 -20.481 0.823 7
1.170 -20.592 0.814 11
1.186 -20.429 0.816 8
1.138 -20.509 0.687 17
1.156 -20.459 0.730 8
1.153 -20.596 0.762 15
1.150 -20.490 0.721 8
1.136 -20.521 0.684 17
1.136 -20.593 0.704 15
1.139 -20.530 0.697 10
1.198 -20.298 0.817 8
1.206 -20.298 0.845 9
1.141 -20.493 0.690 8
1.186 -20.518 0.844 11
1.142 -20.600 0.726 111
1.199 -20.284 0.816 8
1.202 -20.431 0.870 13
1.196 -20.430 0.849 10
1.173 -20.539 0.807 8
1.201 -20.522 0.894 11
1.169 -20.503 0.784 8
1.196 -20.315 0.815 8
1.208 -20.271 0.841 8
1.170 -20.550 0.801 8
1.154 -20.571 0.755 7
1.165 -20.513 0.775 8
1.192 -20.365 0.818 8
1.127 -20.562 0.665 26
1.175 -20.529 0.811 8
1.183 -20.356 0.787 8
1.143 -20.571 0.722 8
1.220 -20.232 0.868 9
1.187 -20.348 0.797 8
1.203 -20.448 0.879 13
1.213 -20.311 0.869 11
1.192 -20.631 0.898 188
1.193 -20.542 0.875 12
1.183 -20.391 0.798 8
1.192 -20.411 0.833 8
1.190 -20.314 0.798 8
1.124 -20.549 0.653 13
1.182 -20.466 0.817 8
1.169 -20.471 0.777 8
1.195 -20.417 0.842 10
1.154 -20.517 0.741 8
1.214 -20.264 0.860 9
1.202 -20.346 0.843 9
1.178 -20.383 0.780 8
1.110 -20.625 0.629 120
1.197 -20.337 0.826 7
1.176 -20.614 0.840 192
1.148 -20.480 0.709 8
1.182 -20.605 0.855 107
1.203 -20.466 0.885 13
1.188 -20.378 0.810 8
1.162 -20.566 0.782 6
1.202 -20.272 0.823 8
1.145 -20.541 0.719 8
1.205 -20.359 0.858 11
1.222 -20.220 0.872 10
1.129 -20.543 0.667 23
1.149 -20.574 0.740 5
1.181 -20.555 0.838 10
1.193 -20.449 0.845 9
1.148 -20.622 0.751 91
1.191 -20.508 0.856 12
1.198 -20.585 0.902 13
1.150 -20.523 0.729 8
1.167 -20.452 0.764 8
1.204 -20.380 0.862 10
1.170 -20.624 0.822 191
1.134 -20.606 0.701 63
1.148 -20.629 0.754 84
1.164 -20.580 0.790 6
1.171 -20.486 0.787 9
1.160 -20.523 0.761 8
1.166 -20.605 0.804 151
1.149 -20.542 0.732 8
1.124 -20.559 0.657 20
1.191 -20.424 0.831 8
1.204 -20.393 0.864 11
1.145 -20.578 0.729 8
1.140 -20.573 0.710 9
1.169 -20.417 0.758 8
1.200 -20.320 0.830 8
1.204 -20.391 0.863 11
1.207 -20.386 0.873 12
1.197 -20.489 0.869 12
1.135 -20.528 0.683 16
1.193 -20.613 0.894 125
1.201 -20.544 0.898 14
1.208 -20.275 0.843 8
1.169 -20.560 0.801 10
1.162 -20.479 0.756 8
1.159 -20.544 0.764 8
1.145 -20.565 0.724 7
1.224 -20.235 0.884 12
1.143 -20.597 0.729 49
1.108 -20.619 0.622 147
1.205 -20.419 0.875 12
1.200 -20.489 0.881 13
1.210 -20.387 0.882 11
1.200 -20.310 0.828 8
1.157 -20.463 0.733 8
1.206 -20.443 0.886 12
1.144 -20.560 0.719 8
1.182 -20.420 0.803 8
1.172 -20.579 0.817 11
1.214 -20.289 0.868 11
1.206 -20.467 0.892 13
1.171 -20.434 0.770 8
1.202 -20.404 0.862 12
1.194 -20.629 0.901 186
1.123 -20.579 0.657 28
1.156 -20.527 0.750 8
1.185 -20.449 0.819 8
1.201 -20.284 0.824 8
1.185 -20.358 0.793 8
1.215 -20.237 0.855 9
1.184 -20.490 0.830 8
1.211 -20.317 0.864 11
1.177 -20.533 0.819 9
1.163 -20.525 0.770 8
1.130 -20.588 0.684 8
1.221 -20.222 0.870 10
1.180 -20.594 0.845 12
1.130 -20.622 0.693 147
1.207 -20.324 0.853 9
1.206 -20.431 0.881 11
1.180 -20.353 0.775 8
1.181 -20.491 0.820 8
1.224 -20.234 0.883 12
1.169 -20.623 0.820 192
1.194 -20.391 0.832 7
1.201 -20.481 0.883 12
1.177 -20.406 0.782 8
1.164 -20.558 0.784 8
1.156 -20.601 0.772 55
1.185 -20.332 0.787 8
1.134 -20.572 0.692 7
1.138 -20.622 0.719 152
1.147 -20.486 0.708 8
1.202 -20.523 0.898 13
1.176 -20.434 0.788 8
1.140 -20.565 0.709 8
1.203 -20.476 0.888 11
1.168 -20.395 0.749 8
1.183 -20.455 0.814 8
1.178 -20.434 0.792 8
1.167 -20.555 0.793 9
1.186 -20.611 0.873 185
1.218 -20.281 0.877 11
1.169 -20.472 0.775 8
1.123 -20.580 0.658 32
1.217 -20.232 0.859 10
1.192 -20.624 0.895 186
1.177 -20.360 0.767 8
1.130 -20.538 0.670 24
1.134 -20.609 0.702 159
1.192 -20.424 0.837 9
1.190 -20.313 0.796 8
1.130 -20.556 0.673 15
1.211 -20.274 0.853 9
1.181 -20.460 0.809 8
1.201 -20.404 0.859 12
1.149 -20.622 0.755 86
1.194 -20.515 0.870 12
1.109 -20.629 0.628 156
1.209 -20.313 0.857 10
1.182 -20.603 0.854 107
1.215 -20.228 0.852 8
1.193 -20.597 0.890 20
1.169 -20.521 0.791 9
1.137 -20.544 0.695 9
1.117 -20.613 0.650 21
1.167 -20.428 0.755 8
1.121 -20.593 0.657 29
1.180 -20.624 0.855 181
1.179 -20.455 0.803 8
1.176 -20.551 0.822 9
1.216 -20.254 0.863 10
1.157 -20.606 0.776 92
1.178 -20.568 0.834 10
1.196 -20.454 0.856 9
1.196 -20.392 0.840 9
1.173 -20.479 0.791 7
1.144 -20.600 0.731 89
1.194 -20.583 0.889 13
1.172 -20.536 0.805 8
1.182 -20.338 0.779 8
1.138 -20.600 0.712 132
1.182 -20.469 0.817 8
1.229 -20.174 0.881 11
1.182 -20.462 0.816 8
1.206 -20.302 0.845 9
1.165 -20.429 0.750 8
1.190 -20.570 0.873 9
1.116 -20.632 0.651 5
1.227 -20.214 0.886 12
1.169 -20.494 0.782 8
1.205 -20.471 0.890 13
1.182 -20.466 0.816 8
1.221 -20.253 0.880 11
1.208 -20.324 0.856 10
1.208 -20.454 0.897 13
1.179 -20.483 0.809 9
1.146 -20.576 0.731 8
1.173 -20.514 0.802 8
1.212 -20.371 0.885 11
1.138 -20.527 0.692 6
1.106 -20.628 0.618 178
1.153 -20.615 0.765 91
1.196 -20.452 0.855 9
1.176 -20.403 0.776 8
1.189 -20.334 0.800 8
1.135 -20.616 0.708 150
1.197 -20.367 0.834 8
1.177 -20.628 0.847 183
1.146 -20.627 0.747 92
1.197 -20.440 0.855 10
1.208 -20.338 0.862 11
1.214 -20.262 0.858 9
1.141 -20.625 0.729 141
1.188 -20.396 0.813 8
1.212 -20.247 0.848 8
1.188 -20.541 0.857 13
1.194 -20.630 0.904 193
1.168 -20.530 0.790 7
1.125 -20.595 0.671 6
1.225 -20.200 0.876 11
1.181 -20.401 0.792 7
1.162 -20.578 0.783 6
1.173 -20.575 0.818 9
1.191 -20.348 0.810 8
1.217 -20.253 0.866 10
1.120 -20.601 0.654 23
1.218 -20.260 0.870 11
1.177 -20.412 0.785 8
1.188 -20.364 0.805 8
1.172 -20.501 0.793 7
1.204 -20.456 0.882 12
1.225 -20.191 0.873 10
1.178 -20.431 0.793 8
1.170 -20.503 0.787 8
1.182 -20.521 0.831 9
1.156 -20.628 0.779 140
1.181 -20.416 0.797 8
1.168 -20.550 0.795 8
1.211 -20.255 0.846 8
1.217 -20.238 0.861 9
1.188 -20.462 0.835 7
1.179 -20.388 0.784 8
1.154 -20.457 0.722 8
1.195 -20.529 0.875 12
1.200 -20.538 0.894 14
1.191 -20.553 0.870 15
1.217 -20.290 0.876 11
1.225 -20.218 0.882 12
1.176 -20.617 0.840 188
1.200 -20.391 0.850 11
1.202 -20.494 0.890 12
1.155 -20.507 0.742 8
1.125 -20.558 0.658 20
1.189 -20.557 0.864 12
1.200 -20.430 0.861 12
1.174 -20.476 0.794 8
1.179 -20.566 0.836 10
1.224 -20.230 0.883 12
1.187 -20.357 0.801 8
1.199 -20.355 0.838 8
1.197 -20.468 0.863 12
1.161 -20.621 0.794 202
1.169 -20.390 0.751 8
1.186 -20.559 0.857 14
1.172 -20.505 0.794 9
1.213 -20.392 0.895 13
1.216 -20.324 0.884 12
1.135 -20.515 0.680 25
1.196 -20.441 0.854 10
1.149 -20.507 0.721 8
1.171 -20.616 0.824 201
1.135 -20.609 0.705 164
1.215 -20.363 0.892 13
1.183 -20.365 0.788 8
1.154 -20.571 0.757 5
1.178 -20.528 0.819 8
1.189 -20.576 0.871 12
1.140 -20.526 0.698 11
1.185 -20.416 0.809 8
1.160 -20.424 0.733 8
1.142 -20.610 0.728 142
1.217 -20.274 0.871 11
1.153 -20.539 0.742 8
1.132 -20.606 0.696 26
1.191 -20.532 0.864 13
1.220 -20.292 0.886 11
1.186 -20.623 0.875 175
1.201 -20.516 0.890 12
1.164 -20.546 0.781 8
1.217 -20.248 0.866 10
1.181 -20.535 0.832 9
1.147 -20.544 0.725 8
1.167 -20.523 0.785 8
1.194 -20.557 0.882 12
1.135 -20.602 0.702 8
1.199 -20.318 0.828 8
1.181 -20.444 0.807 8
1.167 -20.588 0.804 11
1.168 -20.559 0.798 9
1.209 -20.359 0.872 11
1.198 -20.525 0.884 11
1.174 -20.588 0.824 14
1.156 -20.480 0.736 8
1.129 -20.620 0.690 148
1.215 -20.246 0.857 9
1.181 -20.546 0.836 8
1.196 -20.367 0.832 8
1.189 -20.539 0.858 13
1.186 -20.611 0.871 198
1.180 -20.509 0.823 9
1.183 -20.525 0.836 9
1.204 -20.362 0.854 11
1.134 -20.528 0.680 17
1.114 -20.621 0.641 20
1.176 -20.595 0.835 17
1.203 -20.401 0.863 12
1.188 -20.456 0.833 8
1.183 -20.360 0.789 8
1.173 -20.622 0.834 187
1.143 -20.501 0.700 8
1.186 -20.387 0.806 8
1.203 -20.359 0.853 11
1.167 -20.431 0.758 8
1.150 -20.543 0.736 8
1.187 -20.322 0.789 8
1.182 -20.465 0.815 8
1.213 -20.322 0.874 11
1.170 -20.552 0.801 8
1.145 -20.628 0.745 85
1.190 -20.531 0.862 13
1.196 -20.465 0.860 11
1.195 -20.511 0.870 12
1.194 -20.376 0.826 8
1.198 -20.340 0.830 8
1.175 -20.457 0.791 8
1.157 -20.525 0.753 8
1.159 -20.594 0.778 14
1.174 -20.397 0.770 8
1.180 -20.586 0.845 11
1.220 -20.307 0.892 14
1.128 -20.546 0.664 22
1.193 -20.500 0.862 12
1.193 -20.368 0.822 8
1.167 -20.574 0.798 8
1.131 -20.532 0.671 24
1.153 -20.478 0.724 8
1.120 -20.581 0.648 17
1.224 -20.198 0.872 10
1.212 -20.352 0.879 12
1.166 -20.617 0.808 189
1.192 -20.419 0.834 8
1.151 -20.547 0.740 8
1.192 -20.616 0.890 194
1.205 -20.283 0.835 8
1.213 -20.373 0.888 12
1.130 -20.606 0.690 11
1.185 -20.529 0.844 11
1.208 -20.273 0.843 8
1.134 -20.562 0.690 8
1.218 -20.213 0.857 10
1.162 -20.431 0.741 8
1.173 -20.480 0.789 7
1.146 -20.568 0.728 7
1.180 -20.621 0.856 181
1.217 -20.329 0.889 13
1.162 -20.463 0.749 8
1.141 -20.563 0.711 8
1.160 -20.533 0.765 8
1.143 -20.595 0.728 24
1.146 -20.559 0.728 8
1.159 -20.432 0.731 8
1.189 -20.475 0.840 9
1.155 -20.459 0.728 8
1.116 -20.593 0.640 13
1.212 -20.251 0.848 8
1.202 -20.482 0.883 12
1.175 -20.542 0.814 8
1.138 -20.555 0.698 9
1.120 -20.598 0.655 38
1.186 -20.571 0.860 12
1.179 -20.464 0.806 8
1.134 -20.609 0.702 159
1.127 -20.610 0.681 15
1.194 -20.531 0.872 12
1.211 -20.320 0.866 11
1.190 -20.401 0.823 8
1.166 -20.507 0.777 8
1.157 -20.492 0.741 8
1.134 -20.614 0.704 164
1.166 -20.486 0.769 8
1.118 -20.590 0.644 16
1.177 -20.407 0.782 8
1.171 -20.578 0.812 8
1.108 -20.615 0.621 143
1.158 -20.535 0.760 8
1.184 -20.490 0.828 8
1.187 -20.533 0.853 12
1.187 -20.383 0.808 8
1.169 -20.459 0.772 8
1.215 -20.225 0.851 8
1.199 -20.460 0.869 11
1.205 -20.287 0.837 8
1.195 -20.494 0.866 12
1.224 -20.225 0.881 11
1.115 -20.631 0.648 7
1.150 -20.532 0.731 8
1.183 -20.362 0.787 8
1.176 -20.536 0.816 9
1.147 -20.550 0.729 8
1.200 -20.374 0.846 10
1.193 -20.359 0.818 8
1.208 -20.456 0.897 13
1.177 -20.537 0.820 8
1.188 -20.595 0.871 16
1.190 -20.400 0.820 8
1.197 -20.589 0.901 13
1.187 -20.547 0.855 13
1.204 -20.455 0.884 12
1.120 -20.606 0.657 41
1.160 -20.443 0.739 8
1.227 -20.179 0.878 10
1.208 -20.338 0.861 11
1.147 -20.539 0.725 8
1.160 -20.491 0.754 8
1.120 -20.624 0.661 78
1.188 -20.376 0.807 8
1.217 -20.273 0.871 11
1.204 -20.378 0.860 11
1.192 -20.579 0.880 9
1.187 -20.594 0.871 16
1.201 -20.467 0.877 13
1.164 -20.480 0.761 8
1.148 -20.497 0.716 8
1.172 -20.405 0.764 8
1.189 -20.331 0.799 8
1.161 -20.626 0.794 202
1.178 -20.446 0.796 8
1.134 -20.518 0.676 25
1.110 -20.600 0.624 12
1.182 -20.558 0.844 11
1.201 -20.290 0.825 8
1.152 -20.620 0.764 89
1.196 -20.561 0.890 13
1.214 -20.340 0.882 12
1.129 -20.552 0.670 21
1.179 -20.436 0.797 8
1.215 -20.360 0.892 13
1.171 -20.561 0.809 10
1.150 -20.581 0.747 12
1.182 -20.377 0.788 8
1.119 -20.592 0.648 21
1.192 -20.491 0.855 11
1.185 -20.448 0.820 8
1.191 -20.391 0.822 8
1.195 -20.542 0.879 12
1.177 -20.595 0.838 18
1.207 -20.425 0.885 12
1.145 -20.599 0.736 57
1.200 -20.402 0.854 10
1.214 -20.245 0.852 8
1.169 -20.438 0.764 8
1.148 -20.498 0.716 8
1.180 -20.606 0.850 172
1.170 -20.626 0.824 189
1.162 -20.523 0.768 8
1.224 -20.199 0.873 10
1.169 -20.453 0.769 8
1.211 -20.325 0.867 11
1.188 -20.352 0.800 8
1.162 -20.429 0.739 8
1.190 -20.360 0.810 8
1.211 -20.394 0.887 11
1.159 -20.531 0.761 8
1.195 -20.375 0.832 9
1.197 -20.555 0.891 13
1.188 -20.573 0.865 11
1.122 -20.631 0.672 17
1.195 -20.402 0.839 8
1.211 -20.261 0.849 8
1.184 -20.573 0.852 11
1.193 -20.434 0.840 9
1.124 -20.585 0.664 7
1.134 -20.584 0.695 11
1.185 -20.610 0.866 192
1.130 -20.562 0.676 6
1.168 -20.493 0.778 8
1.118 -20.607 0.651 14
1.206 -20.346 0.858 11
1.190 -20.444 0.833 8
1.183 -20.371 0.789 8
1.205 -20.440 0.882 12
1.188 -20.484 0.839 9
1.201 -20.471 0.879 14
1.212 -20.337 0.873 12
1.149 -20.628 0.757 88
1.201 -20.288 0.824 8
1.150 -20.519 0.727 8
1.129 -20.537 0.667 22
1.186 -20.338 0.790 8
1.136 -20.609 0.710 151
1.181 -20.561 0.839 10
1.198 -20.506 0.878 12
1.179 -20.382 0.780 8
1.172 -20.492 0.790 8
1.216 -20.251 0.862 9
1.173 -20.396 0.765 8
1.174 -20.627 0.838 187
1.189 -20.599 0.879 19
1.157 -20.586 0.772 10
1.204 -20.362 0.855 11
1.165 -20.596 0.798 17
1.209 -20.314 0.859 11
1.180 -20.375 0.782 8
1.159 -20.480 0.745 8
1.163 -20.604 0.796 158
1.178 -20.537 0.823 7
1.156 -20.527 0.749 8
1.169 -20.536 0.793 8
1.190 -20.430 0.830 8
1.143 -20.603 0.729 131
1.152 -20.499 0.728 8
1.169 -20.558 0.800 8
1.135 -20.526 0.681 17
1.183 -20.489 0.825 8
1.224 -20.232 0.881 11
1.174 -20.394 0.767 8
1.110 -20.620 0.628 94
1.169 -20.604 0.816 128
1.153 -20.563 0.752 7
1.189 -20.406 0.821 8
1.181 -20.412 0.796 8
1.205 -20.388 0.868 12
1.138 -20.526 0.692 6
1.137 -20.586 0.706 15
1.175 -20.464 0.792 8
1.145 -20.502 0.706 7
1.184 -20.495 0.831 9
1.156 -20.582 0.765 10
1.164 -20.516 0.773 8
1.171 -20.419 0.768 8
1.198 -20.339 0.831 8
1.141 -20.499 0.693 8
1.177 -20.494 0.807 9
1.196 -20.415 0.845 10
1.202 -20.427 0.869 13
1.203 -20.447 0.877 13
1.174 -20.466 0.788 8
1.130 -20.537 0.667 23
1.192 -20.621 0.892 188
1.158 -20.477 0.741 8
1.185 -20.395 0.805 8
1.191 -20.400 0.826 8
1.150 -20.632 0.762 79
1.193 -20.326 0.811 8
1.168 -20.526 0.789 7
1.181 -20.425 0.800 8
1.185 -20.553 0.852 14
1.198 -20.409 0.851 11
1.152 -20.536 0.740 8
1.182 -20.467 0.815 8
1.180 -20.581 0.842 10
1.154 -20.457 0.721 8
1.156 -20.539 0.754 8
1.192 -20.327 0.807 8
1.152 -20.508 0.731 8
1.175 -20.414 0.777 8
1.174 -20.386 0.767 8
1.192 -20.622 0.893 188
1.188 -20.585 0.868 13
1.143 -20.533 0.708 8
1.158 -20.602 0.778 49
1.125 -20.627 0.677 102
1.201 -20.455 0.874 11
1.168 -20.424 0.758 8
1.120 -20.597 0.655 25
1.165 -20.464 0.760 8
1.164 -20.605 0.799 164
1.168 -20.566 0.800 9
1.177 -20.522 0.817 8
1.162 -20.440 0.742 8
1.144 -20.608 0.735 84
1.211 -20.295 0.859 10
1.206 -20.412 0.879 11
1.187 -20.469 0.832 8
1.175 -20.622 0.840 187
1.168 -20.504 0.781 8
1.217 -20.326 0.888 13
1.171 -20.461 0.778 8
1.184 -20.562 0.849 12
1.179 -20.436 0.798 8
1.208 -20.378 0.874 13
1.188 -20.472 0.837 8
1.199 -20.371 0.843 8
1.157 -20.628 0.782 181
1.160 -20.442 0.739 8
1.179 -20.556 0.831 10
1.182 -20.498 0.824 7
1.172 -20.514 0.797 9
1.217 -20.224 0.858 9
1.213 -20.363 0.886 12
1.196 -20.329 0.822 8
1.202 -20.373 0.852 10
1.197 -20.341 0.826 8
1.165 -20.559 0.787 8
1.161 -20.585 0.784 9
1.189 -20.562 0.865 12
1.161 -20.614 0.791 205
1.176 -20.565 0.826 10
1.180 -20.414 0.795 8
1.214 -20.254 0.857 9
1.192 -20.580 0.882 9
1.128 -20.602 0.680 25
1.193 -20.348 0.815 8
1.218 -20.285 0.879 10
1.191 -20.446 0.840 8
1.202 -20.295 0.829 8
1.118 -20.575 0.641 12
1.152 -20.533 0.738 8
1.159 -20.523 0.759 8
1.197 -20.386 0.841 9
1.144 -20.544 0.716 8
1.214 -20.322 0.876 11
1.116 -20.628 0.650 17
1.137 -20.515 0.684 19
1.167 -20.527 0.785 7
1.117 -20.618 0.650 29
1.178 -20.443 0.797 8
1.153 -20.632 0.772 73
1.141 -20.622 0.731 134
1.192 -20.443 0.843 9
1.160 -20.551 0.770 10
1.210 -20.244 0.839 8
1.189 -20.392 0.818 8
1.133 -20.580 0.691 9
1.217 -20.320 0.887 13
1.120 -20.600 0.656 38
1.189 -20.357 0.805 8
1.162 -20.588 0.788 11
1.182 -20.580 0.850 13
1.203 -20.331 0.844 8
1.191 -20.435 0.836 9
1.113 -20.615 0.637 10
1.133 -20.546 0.680 13
1.195 -20.313 0.813 8
1.156 -20.505 0.744 8
1.212 -20.249 0.850 8
1.178 -20.367 0.772 8
1.196 -20.444 0.853 10
1.161 -20.563 0.775 5
1.188 -20.375 0.807 8
1.160 -20.481 0.750 8
1.210 -20.250 0.843 8
1.171 -20.480 0.784 8
1.183 -20.625 0.864 184
1.183 -20.345 0.785 8
1.154 -20.593 0.762 17
1.188 -20.319 0.791 8
1.165 -20.424 0.749 8
1.167 -20.627 0.815 189
1.195 -20.385 0.834 8
1.194 -20.354 0.820 8
1.197 -20.473 0.867 11
1.179 -20.490 0.814 7
1.186 -20.509 0.842 10
1.196 -20.314 0.816 8
1.185 -20.547 0.850 12
1.210 -20.238 0.840 8
1.154 -20.531 0.744 8
1.189 -20.473 0.841 10
1.200 -20.282 0.818 8
1.154 -20.493 0.733 8
1.173 -20.527 0.804 8
1.208 -20.442 0.894 12
1.187 -20.402 0.813 8
1.170 -20.541 0.799 8
1.134 -20.557 0.687 7
1.177 -20.537 0.819 8
1.201 -20.321 0.835 8
1.196 -20.376 0.836 8
1.123 -20.595 0.662 37
1.172 -20.593 0.819 13
1.112 -20.620 0.635 30
1.165 -20.543 0.785 8
1.211 -20.289 0.857 10
1.204 -20.269 0.830 8
1.193 -20.452 0.848 10
1.208 -20.392 0.878 11
1.194 -20.480 0.859 12
1.227 -20.202 0.884 12
1.153 -20.524 0.739 8
1.186 -20.365 0.797 8
1.195 -20.307 0.811 8
1.163 -20.490 0.762 8
1.176 -20.632 0.845 183
1.142 -20.340 0.473 13
1.149 -20.372 0.454 14
1.145 -20.352 0.467 12
1.149 -20.376 0.449 14
1.147 -20.365 0.455 14
1.147 -20.359 0.463 13
1.152 -20.386 0.445 20
1.140 -20.328 0.482 12
1.144 -20.354 0.461 13
1.154 -20.395 0.439 33
1.145 -20.352 0.468 12
1.141 -20.329 0.483 12
1.143 -20.342 0.474 12
1.140 -20.265 0.554 14
1.150 -20.237 0.608 16
1.157 -20.313 0.539 13
1.153 -20.293 0.552 14
1.185 -20.291 0.627 11
1.189 -20.230 0.706 10
1.153 -20.306 0.537 13
1.125 -20.118 0.685 12
1.180 -20.251 0.660 10
1.158 -20.251 0.612 15
1.182 -20.151 0.778 10
1.177 -20.164 0.752 8
1.160 -20.357 0.496 12
1.140 -20.169 0.660 19
1.196 -20.279 0.667 10
1.160 -20.134 0.747 9
1.140 -20.202 0.623 16
1.198 -20.219 0.740 8
1.200 -20.226 0.734 9
1.133 -20.128 0.692 16
1.200 -20.182 0.786 8
1.170 -20.281 0.605 13
1.166 -20.329 0.541 13
1.160 -20.258 0.608 15
1.194 -20.266 0.677 10
1.160 -20.332 0.525 13
1.145 -20.215 0.622 15
1.206 -20.243 0.731 9
1.188 -20.142 0.804 11
1.178 -20.276 0.629 13
1.149 -20.352 0.476 11
1.153 -20.314 0.529 13
1.165 -20.381 0.482 11
1.150 -20.143 0.713 9
1.151 -20.287 0.555 14
1.186 -20.162 0.777 8
1.177 -20.274 0.628 12
1.161 -20.337 0.521 12
1.207 -20.221 0.758 8
1.168 -20.344 0.529 13
1.140 -20.181 0.647 10
1.175 -20.314 0.579 13
1.192 -20.265 0.673 10
1.179 -20.280 0.625 13
1.170 -20.188 0.710 8
1.161 -20.387 0.465 15
1.134 -20.191 0.624 16
1.198 -20.216 0.741 8
1.192 -20.218 0.727 8
1.169 -20.335 0.542 13
1.176 -20.265 0.636 11
1.133 -20.219 0.589 18
1.165 -20.207 0.676 10
1.177 -20.311 0.586 13
1.172 -20.231 0.666 10
1.219 -20.174 0.838 9
1.186 -20.284 0.639 12
1.135 -20.225 0.587 18
1.200 -20.239 0.722 9
1.156 -20.179 0.688 12
1.199 -20.260 0.694 9
1.148 -20.192 0.655 10
1.159 -20.370 0.478 13
1.188 -20.193 0.746 8
1.183 -20.191 0.737 8
1.138 -20.235 0.584 17
1.160 -20.209 0.662 8
1.159 -20.173 0.702 8
1.181 -20.211 0.709 20
1.133 -20.222 0.587 18
1.169 -20.350 0.524 13
1.203 -20.172 0.803 7
1.167 -20.256 0.626 13
1.182 -20.324 0.584 13
1.180 -20.139 0.788 9
1.158 -20.156 0.718 9
1.189 -20.266 0.665 10
1.183 -20.300 0.614 12
1.146 -20.246 0.589 16
1.198 -20.249 0.705 9
1.174 -20.348 0.539 13
1.126 -20.132 0.671 17
1.191 -20.278 0.657 11
1.208 -20.185 0.801 8
1.219 -20.179 0.833 8
1.171 -20.163 0.740 8
1.163 -20.379 0.477 14
1.189 -20.178 0.764 8
1.124 -20.116 0.685 29
1.169 -20.285 0.598 13
1.162 -20.135 0.752 10
1.152 -20.371 0.462 14
1.192 -20.201 0.747 8
1.155 -20.390 0.448 15
1.158 -20.145 0.730 10
1.151 -20.264 0.580 15
1.129 -20.138 0.672 7
1.182 -20.149 0.781 10
1.154 -20.186 0.676 19
1.178 -20.288 0.617 12
1.188 -20.276 0.652 12
1.177 -20.269 0.635 11
1.130 -20.127 0.685 11
1.139 -20.238 0.582 16
1.177 -20.268 0.634 12
1.192 -20.160 0.792 8
1.159 -20.388 0.459 14
1.208 -20.238 0.740 8
1.166 -20.349 0.520 13
1.164 -20.317 0.551 13
1.147 -20.235 0.604 17
1.159 -20.382 0.467 15
1.167 -20.197 0.693 20
1.173 -20.192 0.712 9
1.198 -20.155 0.811 8
1.203 -20.161 0.816 8
1.155 -20.249 0.605 15
1.152 -20.275 0.570 14
1.140 -20.301 0.514 13
1.193 -20.186 0.764 8
1.141 -20.114 0.726 16
1.151 -20.260 0.584 15
1.164 -20.288 0.582 13
1.200 -20.261 0.697 9
1.173 -20.296 0.593 13
1.151 -20.159 0.699 9
1.189 -20.156 0.788 9
1.186 -20.283 0.639 12
1.201 -20.191 0.778 9
1.152 -20.260 0.588 15
1.196 -20.275 0.671 10
1.156 -20.261 0.594 14
1.215 -20.192 0.809 8
1.177 -20.150 0.768 11
1.182 -20.183 0.743 8
1.172 -20.218 0.681 10
1.191 -20.207 0.737 8
1.149 -20.266 0.572 14
1.215 -20.195 0.806 8
1.180 -20.137 0.791 11
1.181 -20.282 0.630 13
1.207 -20.188 0.796 8
1.207 -20.180 0.803 8
1.150 -20.283 0.556 14
1.190 -20.294 0.636 11
1.144 -20.203 0.633 13
1.167 -20.348 0.522 13
1.129 -20.166 0.640 10
1.139 -20.188 0.637 12
1.156 -20.222 0.640 11
1.168 -20.342 0.532 13
1.137 -20.148 0.678 11
1.182 -20.291 0.622 12
1.143 -20.144 0.697 13
1.158 -20.217 0.650 11
1.180 -20.270 0.640 12
1.148 -20.149 0.703 11
1.197 -20.149 0.815 10
1.158 -20.138 0.738 9
1.178 -20.309 0.591 12
1.168 -20.160 0.736 9
1.199 -20.252 0.705 9
1.156 -20.167 0.701 9
1.192 -20.275 0.663 10
1.168 -20.247 0.637 12
1.157 -20.164 0.707 9
1.155 -20.267 0.587 14
1.138 -20.275 0.538 13
1.208 -20.228 0.752 8
1.183 -20.171 0.759 9
1.171 -20.193 0.706 14
1.192 -20.215 0.730 8
1.168 -20.238 0.648 10
1.166 -20.259 0.620 13
1.174 -20.126 0.789 10
1.149 -20.264 0.575 14
1.162 -20.227 0.646 11
1.175 -20.219 0.685 10
1.156 -20.278 0.576 14
1.189 -20.222 0.715 8
1.200 -20.206 0.759 8
1.172 -20.203 0.697 22
1.146 -20.296 0.533 13
1.173 -20.308 0.582 13
1.152 -20.201 0.653 10
1.145 -20.223 0.613 16
1.195 -20.203 0.750 8
1.144 -20.161 0.679 9
1.138 -20.128 0.703 12
1.202 -20.154 0.821 9
1.162 -20.145 0.740 10
1.160 -20.258 0.609 15
1.145 -20.244 0.589 16
1.142 -20.126 0.714 9
1.157 -20.371 0.474 13
1.150 -20.254 0.590 16
1.152 -20.167 0.693 6
1.165 -20.281 0.592 13
1.170 -20.187 0.711 8
1.147 -20.132 0.719 11
1.219 -20.152 0.864 10
1.191 -20.242 0.697 9
1.129 -20.148 0.661 33
1.144 -20.160 0.680 10
1.169 -20.302 0.579 13
1.144 -20.231 0.602 17
1.163 -20.266 0.607 14
1.204 -20.197 0.777 8
1.182 -20.203 0.719 8
1.150 -20.317 0.517 12
1.132 -20.219 0.587 18
1.160 -20.232 0.636 13
1.140 -20.152 0.682 10
1.155 -20.304 0.545 13
1.138 -20.229 0.588 18
1.159 -20.172 0.702 9
1.185 -20.246 0.679 9
1.143 -20.258 0.567 15
1.196 -20.153 0.809 9
1.152 -20.204 0.650 10
1.140 -20.300 0.514 13
1.140 -20.182 0.646 10
1.173 -20.317 0.571 13
1.145 -20.263 0.568 14
1.203 -20.192 0.782 7
1.157 -20.195 0.671 12
1.139 -20.139 0.694 12
1.156 -20.234 0.626 14
1.176 -20.326 0.567 13
1.177 -20.171 0.745 8
1.159 -20.287 0.573 14
1.179 -20.327 0.574 13
1.174 -20.247 0.653 11
1.220 -20.162 0.854 9
1.168 -20.263 0.620 13
1.144 -20.170 0.671 24
1.170 -20.190 0.708 12
1.173 -20.328 0.557 13
1.148 -20.210 0.635 13
1.198 -20.142 0.827 9
1.164 -20.234 0.644 10
1.147 -20.326 0.501 13
1.179 -20.200 0.715 11
1.124 -20.104 0.698 68
1.169 -20.155 0.745 8
1.191 -20.187 0.759 8
1.170 -20.184 0.713 8
1.174 -20.154 0.757 9
1.210 -20.232 0.751 9
1.187 -20.230 0.702 9
1.189 -20.274 0.657 11
1.173 -20.244 0.653 11
1.174 -20.276 0.618 13
1.219 -20.172 0.840 9
1.157 -20.330 0.519 13
1.215 -20.196 0.803 8
1.139 -20.303 0.507 12
1.140 -20.200 0.627 14
1.146 -20.171 0.673 23
1.153 -20.299 0.545 13
1.201 -20.169 0.804 8
1.138 -20.296 0.515 13
1.176 -20.320 0.574 13
1.168 -20.136 0.765 10
1.130 -20.157 0.654 9
1.165 -20.251 0.626 13
1.141 -20.214 0.613 15
1.163 -20.181 0.701 7
1.185 -20.308 0.609 13
1.147 -20.174 0.673 22
1.154 -20.145 0.721 10
1.171 -20.288 0.599 13
1.125 -20.117 0.686 12
1.164 -20.162 0.726 7
1.207 -20.146 0.841 11
1.125 -20.100 0.707 76
1.178 -20.259 0.649 12
1.168 -20.183 0.710 8
1.198 -20.181 0.782 8
1.187 -20.141 0.802 10
1.162 -20.185 0.694 18
1.203 -20.144 0.835 10
1.153 -20.311 0.530 13
1.191 -20.220 0.723 8
1.206 -20.180 0.802 8
1.129 -20.110 0.704 9
1.198 -20.263 0.689 7
1.169 -20.169 0.728 8
1.193 -20.224 0.721 8
1.159 -20.290 0.568 13
1.193 -20.148 0.806 10
1.166 -20.363 0.504 12
1.184 -20.152 0.783 10
1.186 -20.200 0.732 8
1.171 -20.297 0.587 13
1.211 -20.169 0.825 9
1.152 -20.204 0.650 10
1.211 -20.168 0.826 9
1.138 -20.192 0.631 14
1.177 -20.172 0.745 7
1.166 -20.312 0.561 13
1.200 -20.241 0.719 9
1.190 -20.216 0.723 6
1.143 -20.239 0.590 17
1.132 -20.174 0.637 10
1.167 -20.249 0.633 13
1.189 -20.168 0.777 8
1.200 -20.192 0.776 9
1.184 -20.256 0.665 10
1.167 -20.296 0.581 13
1.149 -20.195 0.653 10
1.190 -20.144 0.806 11
1.130 -20.109 0.706 8
1.169 -20.200 0.693 20
1.163 -20.134 0.755 10
1.165 -20.356 0.509 12
1.177 -20.334 0.561 13
1.211 -20.191 0.802 8
1.143 -20.296 0.525 13
1.153 -20.164 0.697 8
1.159 -20.316 0.540 13
1.147 -20.313 0.516 12
1.139 -20.315 0.495 12
1.151 -20.370 0.462 14
1.165 -20.296 0.578 13
1.152 -20.315 0.526 13
1.197 -20.242 0.711 9
1.141 -20.274 0.547 14
1.153 -20.379 0.456 14
1.139 -20.292 0.519 13
1.184 -20.175 0.757 9
1.168 -20.358 0.513 12
1.169 -20.192 0.702 17
1.150 -20.361 0.468 13
1.128 -20.136 0.672 7
1.206 -20.181 0.800 8
1.162 -20.392 0.461 14
1.193 -20.171 0.780 8
1.151 -20.134 0.728 11
1.154 -20.342 0.500 12
1.189 -20.203 0.736 8
1.143 -20.114 0.731 28
1.174 -20.281 0.614 13
1.153 -20.304 0.540 13
1.156 -20.205 0.658 9
1.171 -20.299 0.586 13
1.186 -20.284 0.638 12
1.178 -20.282 0.621 13
1.128 -20.144 0.664 31
1.173 -20.229 0.669 9
1.147 -20.332 0.494 12
1.144 -20.269 0.558 14
1.184 -20.270 0.648 12
1.176 -20.314 0.581 13
1.169 -20.356 0.518 13
1.148 -20.234 0.608 16
1.217 -20.182 0.825 8
1.169 -20.178 0.719 8
1.153 -20.284 0.563 14
1.213 -20.165 0.834 9
1.145 -20.322 0.500 12
1.205 -20.170 0.811 8
1.208 -20.151 0.839 10
1.138 -20.204 0.618 17
1.160 -20.125 0.757 12
1.146 -20.329 0.494 12
1.193 -20.262 0.680 11
1.147 -20.119 0.734 15
1.173 -20.127 0.785 10
1.196 -20.233 0.719 9
1.152 -20.363 0.471 11
1.196 -20.250 0.699 9
1.159 -20.200 0.671 11
1.162 -20.156 0.728 8
1.154 -20.181 0.681 23
1.186 -20.245 0.683 9
1.207 -20.222 0.755 8
1.206 -20.155 0.830 9
1.157 -20.341 0.507 12
1.168 -20.128 0.773 12
1.193 -20.278 0.663 10
1.179 -20.171 0.749 8
1.183 -20.302 0.610 12
1.162 -20.268 0.600 14
1.176 -20.234 0.672 9
1.177 -20.146 0.774 10
1.182 -20.239 0.678 9
1.165 -20.359 0.505 12
1.166 -20.261 0.618 13
1.158 -20.391 0.454 16
1.154 -20.217 0.639 13
1.177 -20.302 0.598 13
1.142 -20.202 0.628 15
1.137 -20.151 0.675 10
1.156 -20.200 0.664 9
1.185 -20.283 0.637 12
1.183 -20.264 0.655 11
1.178 -20.277 0.628 13
1.193 -20.233 0.713 8
1.217 -20.160 0.850 9
1.176 -20.202 0.708 16
1.161 -20.341 0.515 12
1.169 -20.165 0.732 7
1.162 -20.220 0.655 10
1.210 -20.226 0.759 8
1.154 -20.131 0.737 11
1.163 -20.360 0.501 12
1.141 -20.186 0.644 8
1.195 -20.282 0.660 11
1.154 -20.277 0.573 14
1.166 -20.376 0.489 10
1.156 -20.202 0.662 9
1.161 -20.234 0.637 12
1.150 -20.116 0.746 34
1.131 -20.154 0.658 16
1.141 -20.137 0.701 11
1.158 -20.150 0.724 10
1.199 -20.161 0.806 8
1.175 -20.265 0.635 12
1.170 -20.350 0.526 13
1.148 -20.234 0.607 16
1.139 -20.243 0.576 16
1.180 -20.234 0.682 10
1.187 -20.274 0.653 12
1.154 -20.356 0.483 12
1.146 -20.166 0.679 8
1.149 -20.235 0.609 16
1.166 -20.355 0.512 12
1.133 -20.189 0.622 17
1.189 -20.283 0.646 12
1.214 -20.158 0.846 10
1.132 -20.130 0.687 13
1.188 -20.198 0.740 8
1.181 -20.259 0.655 11
1.185 -20.231 0.696 8
1.165 -20.260 0.617 13
1.151 -20.194 0.658 11
1.131 -20.128 0.688 12
1.188 -20.218 0.717 9
1.152 -20.276 0.569 14
1.157 -20.275 0.581 14
1.177 -20.320 0.577 13
1.171 -20.356 0.522 13
1.229 -20.166 0.870 10
1.160 -20.370 0.483 11
1.156 -20.307 0.543 13
1.221 -20.162 0.857 10
1.154 -20.152 0.714 11
1.140 -20.259 0.561 15
1.157 -20.330 0.520 13
1.174 -20.183 0.725 8
1.182 -20.235 0.685 9
1.145 -20.115 0.733 39
1.203 -20.176 0.798 8
1.204 -20.212 0.761 8
1.148 -20.270 0.567 13
1.157 -20.170 0.699 8
1.207 -20.161 0.825 8
1.169 -20.321 0.557 13
1.146 -20.126 0.724 11
1.178 -20.241 0.668 10
1.187 -20.241 0.687 9
1.140 -20.299 0.515 13
1.158 -20.161 0.712 8
1.176 -20.147 0.769 11
1.142 -20.246 0.579 16
1.155 -20.275 0.576 14
1.161 -20.326 0.535 13
1.178 -20.347 0.629 10
1.177 -20.349 0.613 11
1.180 -20.336 0.605 12
1.207 -20.243 0.761 6
1.171 -20.373 0.652 9
1.154 -20.441 0.700 8
1.202 -20.264 0.741 7
1.120 -20.565 0.641 10
1.182 -20.331 0.603 12
1.147 -20.453 0.472 17
1.201 -20.269 0.762 7
1.181 -20.336 0.625 11
1.106 -20.613 0.601 167
1.141 -20.480 0.577 17
1.164 -20.398 0.623 11
1.183 -20.329 0.692 9
1.129 -20.524 0.526 15
1.180 -20.344 0.732 8
1.158 -20.424 0.658 9
1.158 -20.416 0.560 14
1.153 -20.439 0.601 13
1.177 -20.345 0.556 13
1.178 -20.343 0.578 12
1.152 -20.437 0.484 11
1.134 -20.515 0.664 8
1.158 -20.419 0.582 13
1.172 -20.366 0.578 13
1.143 -20.479 0.674 8
1.150 -20.445 0.525 15
1.177 -20.352 0.646 10
1.143 -20.480 0.642 10
1.148 -20.459 0.673 8
1.153 -20.441 0.628 11
1.145 -20.463 0.486 12
1.208 -20.246 0.831 7
1.128 -20.536 0.643 8
1.148 -20.460 0.684 8
1.167 -20.393 0.703 9
1.161 -20.408 0.627 11
1.122 -20.554 0.580 20
1.124 -20.550 0.645 10
1.155 -20.422 0.471 14
1.188 -20.313 0.693 9
1.155 -20.426 0.538 14
1.147 -20.458 0.539 15
1.151 -20.445 0.572 14
1.150 -20.452 0.622 12
1.165 -20.394 0.653 10
1.131 -20.517 0.564 18
1.136 -20.498 0.554 17
1.152 -20.447 0.678 9
1.160 -20.402 0.459 15
1.106 -20.615 0.598 162
1.172 -20.364 0.565 12
1.135 -20.503 0.578 17
1.152 -20.445 0.660 9
1.189 -20.306 0.666 9
1.164 -20.396 0.605 12
1.182 -20.338 0.779 8
1.120 -20.561 0.559 19
1.183 -20.331 0.662 9
1.176 -20.357 0.685 8
1.154 -20.432 0.549 15
1.150 -20.448 0.583 14
1.160 -20.417 0.723 8
1.209 -20.239 0.769 7
1.189 -20.308 0.674 8
1.117 -20.573 0.578 19
1.165 -20.392 0.583 13
1.123 -20.553 0.612 20
1.155 -20.427 0.565 14
1.143 -20.480 0.694 7
1.170 -20.370 0.506 12
1.225 -20.184 0.867 10
1.172 -20.373 0.706 9
1.158 -20.419 0.602 13
1.197 -20.277 0.672 9
1.175 -20.355 0.597 12
1.207 -20.248 0.829 7
1.169 -20.373 0.512 13
1.161 -20.412 0.652 10
1.149 -20.458 0.672 8
1.202 -20.263 0.771 7
1.145 -20.470 0.657 9
1.150 -20.446 0.565 15
1.206 -20.246 0.740 9
1.184 -20.322 0.596 13
1.144 -20.469 0.520 14
1.136 -20.504 0.643 7
1.128 -20.530 0.536 17
1.204 -20.258 0.806 8
1.194 -20.292 0.709 8
1.178 -20.347 0.652 10
1.181 -20.333 0.599 12
1.174 -20.363 0.650 10
1.196 -20.281 0.676 9
1.189 -20.310 0.761 8
1.165 -20.400 0.703 9
1.155 -20.432 0.642 11
1.135 -20.505 0.618 14
1.171 -20.375 0.707 8
1.166 -20.392 0.658 10
1.205 -20.253 0.746 7
1.151 -20.450 0.677 9
1.159 -20.411 0.520 13
1.193 -20.293 0.701 8
1.178 -20.352 0.741 8
1.170 -20.382 0.739 8
1.148 -20.456 0.614 13
1.128 -20.535 0.639 7
1.118 -20.571 0.605 17
1.145 -20.465 0.543 16
1.167 -20.393 0.743 8
1.132 -20.519 0.661 11
1.160 -20.404 0.462 10
1.155 -20.436 0.660 10
1.150 -20.448 0.548 15
1.190 -20.309 0.754 8
1.136 -20.504 0.671 8
1.179 -20.340 0.560 13
1.200 -20.268 0.712 8
1.152 -20.437 0.506 13
1.156 -20.422 0.495 12
1.182 -20.333 0.649 10
1.133 -20.510 0.560 18
1.163 -20.405 0.675 9
1.166 -20.382 0.485 11
1.152 -20.439 0.544 15
1.170 -20.376 0.595 12
1.182 -20.337 0.718 8
1.176 -20.354 0.626 11
1.135 -20.504 0.555 17
1.157 -20.426 0.661 9
1.169 -20.387 0.741 8
1.225 -20.183 0.850 8
1.107 -20.612 0.607 188
1.206 -20.249 0.771 8
1.180 -20.337 0.581 12
1.155 -20.432 0.599 12
1.172 -20.374 0.716 8
1.186 -20.321 0.719 8
1.170 -20.378 0.658 10
1.139 -20.493 0.629 12
1.202 -20.262 0.727 8
1.144 -20.476 0.679 8
1.125 -20.546 0.631 11
1.187 -20.320 0.775 8
1.166 -20.394 0.709 8
1.131 -20.525 0.654 10
1.211 -20.231 0.785 7
1.206 -20.251 0.801 8
1.161 -20.406 0.579 14
1.105 -20.619 0.605 148
1.156 -20.431 0.655 9
1.171 -20.376 0.694 9
1.173 -20.366 0.623 11
1.157 -20.419 0.535 13
1.140 -20.482 0.497 13
1.118 -20.567 0.590 22
1.138 -20.491 0.530 15
1.162 -20.408 0.696 9
1.169 -20.380 0.668 9
1.182 -20.335 0.668 10
1.201 -20.265 0.708 8
1.158 -20.417 0.569 14
1.116 -20.578 0.623 10
1.149 -20.452 0.603 13
1.172 -20.371 0.713 8
1.167 -20.379 0.509 13
1.160 -20.411 0.615 12
1.152 -20.447 0.657 9
1.144 -20.473 0.651 9
1.149 -20.456 0.635 10
1.188 -20.310 0.663 9
1.176 -20.350 0.558 13
1.214 -20.224 0.837 7
1.165 -20.391 0.553 13
1.185 -20.321 0.641 10
1.208 -20.241 0.767 7
1.143 -20.479 0.644 10
1.183 -20.328 0.637 10
1.146 -20.471 0.699 8
1.138 -20.488 0.505 13
1.148 -20.456 0.557 16
1.153 -20.432 0.477 11
1.161 -20.415 0.732 8
1.172 -20.371 0.665 10
1.145 -20.472 0.693 8
1.216 -20.214 0.792 8
1.160 -20.405 0.480 12
1.166 -20.391 0.615 12
1.147 -20.462 0.647 9
1.144 -20.468 0.508 14
1.162 -20.403 0.561 13
1.139 -20.485 0.534 16
1.174 -20.368 0.729 8
1.160 -20.404 0.485 12
1.214 -20.221 0.791 8
1.139 -20.494 0.640 9
1.170 -20.371 0.575 13
1.201 -20.269 0.807 8
1.157 -20.417 0.502 14
1.185 -20.323 0.677 9
1.132 -20.518 0.617 14
1.159 -20.417 0.610 12
1.163 -20.397 0.563 13
1.185 -20.328 0.766 8
1.169 -20.379 0.637 11
1.152 -20.445 0.654 9
1.106 -20.612 0.593 157
1.183 -20.329 0.650 10
1.214 -20.220 0.801 8
1.162 -20.397 0.488 10
1.136 -20.497 0.524 15
1.217 -20.208 0.801 8
1.151 -20.436 0.459 41
1.161 -20.415 0.717 8
1.157 -20.423 0.606 12
1.211 -20.234 0.840 6
1.178 -20.351 0.705 8
1.121 -20.562 0.628 9
1.188 -20.312 0.682 9
1.123 -20.549 0.564 22
1.170 -20.378 0.675 9
1.142 -20.479 0.583 16
1.160 -20.407 0.505 12
1.168 -20.381 0.558 13
1.116 -20.574 0.576 19
1.153 -20.442 0.678 9
1.145 -20.464 0.525 15
1.155 -20.436 0.710 8
1.167 -20.379 0.503 12
1.220 -20.202 0.843 8
1.174 -20.365 0.725 8
1.184 -20.326 0.676 9
1.161 -20.411 0.670 9
1.150 -20.443 0.468 23
1.159 -20.417 0.615 11
1.120 -20.562 0.603 19
1.125 -20.541 0.561 17
1.147 -20.464 0.643 10
1.226 -20.178 0.863 8
1.166 -20.395 0.673 9
1.145 -20.472 0.646 10
1.175 -20.358 0.645 10
1.190 -20.307 0.706 8
1.187 -20.313 0.647 10
1.193 -20.296 0.737 8
1.141 -20.485 0.605 15
1.177 -20.351 0.680 8
1.113 -20.589 0.617 11
1.149 -20.457 0.640 10
1.154 -20.436 0.623 12
1.147 -20.459 0.547 15
1.166 -20.393 0.634 11
1.159 -20.420 0.645 10
1.213 -20.224 0.797 7
1.171 -20.376 0.694 9
1.226 -20.177 0.861 8
1.193 -20.299 0.792 8
1.161 -20.409 0.613 12
1.162 -20.396 0.488 10
1.149 -20.445 0.473 12
1.148 -20.451 0.527 15
1.197 -20.286 0.805 8
1.156 -20.427 0.612 13
1.108 -20.607 0.586 21
1.136 -20.500 0.586 17
1.163 -20.393 0.491 12
1.165 -20.386 0.505 12
1.160 -20.410 0.600 12
1.188 -20.312 0.700 8
1.200 -20.268 0.738 6
1.167 -20.380 0.497 12
1.189 -20.313 0.772 8
1.208 -20.246 0.817 8
1.209 -20.239 0.754 9
1.175 -20.352 0.562 13
1.117 -20.572 0.599 15
1.124 -20.548 0.626 12
1.164 -20.396 0.577 13
1.211 -20.234 0.824 6
1.150 -20.455 0.677 9
1.202 -20.264 0.747 9
1.159 -20.423 0.696 7
1.166 -20.385 0.514 12
1.162 -20.409 0.683 9
1.158 -20.424 0.697 7
1.187 -20.320 0.766 8
1.216 -20.215 0.845 7
1.158 -20.425 0.697 7
1.142 -20.478 0.590 15
1.151 -20.453 0.709 8
1.133 -20.512 0.567 18
1.127 -20.536 0.610 15
1.140 -20.483 0.531 16
1.211 -20.229 0.778 8
1.164 -20.389 0.478 14
1.205 -20.254 0.817 8
1.147 -20.454 0.519 15
1.210 -20.238 0.821 8
1.175 -20.366 0.762 8
1.153 -20.435 0.569 15
1.157 -20.425 0.637 11
1.153 -20.434 0.529 14
1.177 -20.345 0.571 12
1.166 -20.388 0.557 13
1.149 -20.450 0.538 16
1.182 -20.334 0.691 9
1.120 -20.560 0.549 20
1.140 -20.488 0.607 15
1.139 -20.487 0.512 14
1.201 -20.265 0.705 8
1.144 -20.467 0.537 15
1.162 -20.401 0.553 13
1.175 -20.353 0.546 13
1.184 -20.329 0.736 8
1.113 -20.586 0.576 11
1.210 -20.234 0.768 8
1.153 -20.437 0.553 13
1.160 -20.407 0.525 13
1.161 -20.404 0.533 13
1.147 -20.457 0.533 16
1.154 -20.430 0.534 14
1.192 -20.296 0.694 8
1.152 -20.439 0.558 14
1.182 -20.336 0.754 8
1.120 -20.559 0.553 21
1.183 -20.330 0.647 10
1.158 -20.420 0.596 14
1.173 -20.370 0.738 8
1.224 -20.184 0.848 8
1.165 -20.394 0.645 10
1.146 -20.461 0.553 16
1.176 -20.352 0.595 12
1.191 -20.300 0.646 10
1.125 -20.543 0.599 18
1.178 -20.345 0.580 12
1.199 -20.278 0.790 8
1.137 -20.497 0.566 17
1.182 -20.330 0.636 10
1.185 -20.319 0.608 12
1.155 -20.432 0.625 12
1.199 -20.278 0.801 8
1.214 -20.222 0.798 8
1.114 -20.583 0.591 11
1.163 -20.400 0.600 12
1.193 -20.297 0.757 8
1.172 -20.376 0.750 8
1.126 -20.536 0.530 16
1.157 -20.416 0.482 12
1.165 -20.398 0.655 10
1.222 -20.191 0.830 8
1.209 -20.238 0.748 10
1.105 -20.617 0.603 175
1.204 -20.256 0.781 8
1.133 -20.514 0.595 17
1.197 -20.276 0.685 9
1.112 -20.593 0.610 14
1.144 -20.471 0.597 15
1.131 -20.523 0.668 17
1.145 -20.462 0.481 14
1.130 -20.522 0.560 18
1.138 -20.492 0.537 16
1.182 -20.329 0.592 13
1.158 -20.413 0.475 13
1.141 -20.484 0.649 9
1.196 -20.282 0.690 8
1.206 -20.250 0.769 8
1.186 -20.316 0.627 11
1.184 -20.330 0.773 8
1.196 -20.288 0.773 8
1.136 -20.500 0.572 18
1.136 -20.495 0.501 13
1.182 -20.332 0.655 10
1.206 -20.247 0.740 9
1.136 -20.500 0.549 17
1.196 -20.285 0.720 8
1.205 -20.252 0.753 6
1.166 -20.393 0.646 10
1.120 -20.564 0.608 18
1.188 -20.307 0.635 11
1.185 -20.326 0.759 8
1.170 -20.372 0.554 14
1.190 -20.308 0.778 8
1.147 -20.465 0.680 8
1.147 -20.459 0.552 16
1.167 -20.388 0.605 12
1.179 -20.349 0.726 8
1.175 -20.358 0.672 9
1.133 -20.516 0.646 8
1.195 -20.286 0.671 9
1.168 -20.385 0.651 10
1.197 -20.281 0.711 8
1.153 -20.438 0.619 12
1.149 -20.447 0.485 11
1.207 -20.246 0.802 8
1.133 -20.514 0.604 16
1.112 -20.593 0.608 12
1.213 -20.225 0.796 7
1.212 -20.226 0.766 8
1.187 -20.317 0.710 8
1.162 -20.402 0.585 14
1.177 -20.353 0.654 10
1.203 -20.264 0.810 8
1.111 -20.596 0.582 13
1.179 -20.345 0.693 9
1.180 -20.334 0.568 13
1.133 -20.513 0.602 16
1.130 -20.523 0.549 17
1.147 -20.460 0.615 13
1.123 -20.549 0.560 22
1.151 -20.441 0.529 15
1.136 -20.501 0.550 17
1.178 -20.343 0.593 12
1.210 -20.235 0.799 7
1.173 -20.368 0.673 9
1.143 -20.477 0.601 14
1.183 -20.325 0.614 12
1.150 -20.448 0.561 15
1.211 -20.231 0.819 7
1.148 -20.460 0.652 9
1.160 -20.415 0.642 11
1.114 -20.583 0.607 9
1.158 -20.414 0.510 14
1.172 -20.364 0.546 13
1.169 -20.381 0.629 11
1.118 -20.568 0.590 22
1.139 -20.492 0.603 15
1.146 -20.465 0.580 15
1.140 -20.487 0.601 15
1.158 -20.410 0.457 17
1.203 -20.259 0.772 8
1.158 -20.417 0.562 14
1.170 -20.377 0.655 9
1.145 -20.465 0.563 16
1.184 -20.329 0.718 8
1.181 -20.337 0.689 9
1.179 -20.343 0.667 9
1.112 -20.591 0.606 10
1.193 -20.294 0.738 8
1.191 -20.301 0.716 8
1.177 -20.349 0.601 11
1.179 -20.343 0.666 9
1.183 -20.329 0.679 9
1.120 -20.563 0.620 14
1.152 -20.446 0.665 9
1.210 -20.234 0.751 9
1.179 -20.341 0.635 10
1.148 -20.452 0.538 16
1.177 -20.345 0.551 13
1.184 -20.320 0.601 12
1.136 -20.502 0.589 17
1.128 -20.531 0.559 18
1.218 -20.208 0.823 7
1.165 -20.385 0.487 11
1.119 -20.569 0.640 11
1.155 -20.433 0.653 10
1.172 -20.369 0.662 10
1.153 -20.438 0.607 13
1.194 -20.289 0.698 8
1.153 -20.437 0.558 14
1.148 -20.462 0.685 8
1.117 -20.575 0.619 11
1.191 -20.301 0.686 9
1.137 -20.496 0.585 17
1.146 -20.466 0.616 13
1.195 -20.289 0.769 8
1.184 -20.328 0.742 8
1.180 -20.340 0.635 10
1.134 -20.509 0.612 15
1.196 -20.285 0.738 7
1.211 -20.233 0.813 7
1.188 -20.308 0.617 12
1.127 -20.538 0.652 11
1.130 -20.527 0.646 8
1.166 -20.394 0.705 8
1.188 -20.313 0.745 8
1.160 -20.413 0.614 12
1.222 -20.194 0.841 8
1.141 -20.483 0.620 12
1.179 -20.350 0.745 8
1.133 -20.514 0.633 11
1.151 -20.452 0.683 8
1.170 -20.378 0.639 11
1.142 -20.481 0.650 9
1.148 -20.458 0.654 9
1.108 -20.608 0.617 170
1.167 -20.383 0.524 13
1.146 -20.468 0.663 9
1.208 -20.241 0.744 9
1.197 -20.279 0.675 9
1.194 -20.286 0.657 11
1.209 -20.238 0.804 9
1.194 -20.295 0.772 8
1.157 -20.428 0.718 8
1.156 -20.432 0.670 9
1.131 -20.520 0.569 19
1.185 -20.322 0.692 8
1.145 -20.467 0.599 14
1.147 -20.463 0.618 12
1.177 -20.356 0.723 8
1.190 -20.301 0.660 10
1.161 -20.409 0.616 12
1.204 -20.256 0.745 7
1.158 -20.416 0.567 14
1.190 -20.307 0.718 8
1.146 -20.460 0.520 14
1.170 -20.376 0.653 9
1.124 -20.544 0.546 16
1.176 -20.350 0.592 12
1.173 -20.368 0.708 9
1.130 -20.526 0.617 14
1.134 -20.509 0.611 15
1.203 -20.258 0.750 7
1.191 -20.304 0.762 8
1.182 -20.335 0.698 9
1.135 -20.511 0.675 12
1.162 -20.405 0.607 12
1.175 -20.360 0.651 10
1.153 -20.441 0.652 10
1.159 -20.408 0.463 12
1.155 -20.431 0.584 14
1.204 -20.259 0.819 8
1.144 -20.469 0.533 15
1.215 -20.220 0.838 7
1.223 -20.187 0.837 8
1.149 -20.458 0.669 9
1.163 -20.408 0.715 8
1.201 -20.269 0.762 7
1.131 -20.520 0.566 18
1.190 -20.307 0.745 8
1.145 -20.468 0.590 15
1.139 -20.495 0.664 8
1.152 -20.447 0.696 8
1.170 -20.382 0.731 8
1.121 -20.558 0.564 20
1.131 -20.517 0.521 14
1.147 -20.465 0.686 8
1.152 -20.439 0.563 15
1.223 -20.191 0.843 7
1.117 -20.571 0.570 22
1.194 -20.286 0.665 10
1.125 -20.547 0.640 8
1.137 -20.499 0.640 8
1.142 -20.475 0.534 16
1.131 -20.521 0.623 14
1.154 -20.433 0.589 13
1.215 -20.218 0.835 7
1.183 -20.335 0.743 8
1.152 -20.438 0.547 16
1.187 -20.311 0.610 12
1.147 -20.459 0.593 14
1.172 -20.371 0.684 8
1.206 -20.250 0.766 6
1.156 -20.419 0.476 15
1.184 -20.329 0.745 8
1.142 -20.475 0.521 14
1.176 -20.358 0.683 8
1.182 -20.331 0.621 12
1.183 -20.330 0.644 10
1.163 -20.396 0.495 12
1.133 -20.507 0.528 16
1.207 -20.249 0.805 8
1.155 -20.431 0.621 12
1.135 -20.501 0.532 16
1.171 -20.377 0.747 8
1.159 -20.412 0.558 14
1.164 -20.397 0.627 11
1.205 -20.254 0.788 8
1.212 -20.228 0.768 7
1.117 -20.572 0.571 20
1.159 -20.421 0.712 8
1.221 -20.197 0.842 8
1.205 -20.250 0.748 7
1.169 -20.380 0.653 9
1.154 -20.433 0.570 15
1.131 -20.521 0.612 15
1.156 -20.434 0.693 8
1.161 -20.408 0.590 12
1.166 -20.385 0.515 12
1.132 -20.516 0.612 15
1.137 -20.499 0.625 13
1.131 -20.521 0.602 16
1.135 -20.504 0.580 17
1.163 -20.406 0.673 9
1.145 -20.464 0.552 16
1.175 -20.360 0.699 8
1.198 -20.276 0.723 8
1.114 -20.584 0.614 10
1.185 -20.319 0.639 10
1.162 -20.412 0.725 8
1.214 -20.219 0.807 8
1.131 -20.520 0.558 18
1.115 -20.580 0.623 9
1.158 -20.414 0.527 13
1.160 -20.415 0.628 12
1.108 -20.606 0.600 51
1.168 -20.377 0.508 13
1.210 -20.235 0.811 7
1.185 -20.321 0.652 10
1.219 -20.204 0.808 8
1.114 -20.583 0.593 11
1.166 -20.396 0.700 10
1.108 -20.607 0.608 75
1.160 -20.404 0.458 13
1.150 -20.453 0.639 10
1.187 -20.312 0.637 10
1.215 -20.219 0.824 7
1.121 -20.558 0.575 19
1.107 -20.610 0.602 128
1.147 -20.456 0.504 14
1.173 -20.364 0.629 11
1.134 -20.514 0.651 9
1.165 -20.401 0.727 8
1.160 -20.410 0.573 14
1.112 -20.594 0.607 12
1.191 -20.306 0.765 8
1.187 -20.315 0.713 8
1.207 -20.248 0.814 8
1.209 -20.237 0.775 7
1.155 -20.433 0.655 10
1.162 -20.397 0.482 9
1.195 -20.290 0.780 8
1.163 -20.397 0.529 13
1.193 -20.300 0.792 8
1.158 -20.419 0.596 14
1.143 -20.470 0.525 15
1.168 -20.378 0.505 12
1.164 -20.393 0.537 13
1.167 -20.380 0.523 13
1.143 -20.469 0.481 12
1.174 -20.355 0.536 13
1.136 -20.498 0.548 17
1.161 -20.416 0.722 8
1.134 -20.513 0.672 12
1.121 -20.559 0.637 8
1.170 -20.378 0.655 10
1.207 -20.244 0.746 8
1.173 -20.362 0.603 12
1.154 -20.428 0.490 12
1.149 -20.455 0.618 12
1.181 -20.334 0.587 14
1.182 -20.333 0.677 9
1.171 -20.374 0.659 9
1.169 -20.378 0.599 12
1.131 -20.520 0.625 13
1.154 -20.429 0.495 14
1.212 -20.231 0.836 6
1.179 -20.343 0.638 10
1.222 -20.194 0.823 8
1.143 -20.479 0.688 8
1.146 -20.462 0.537 15
1.149 -20.449 0.525 15
1.156 -20.418 0.442 15
1.130 -20.528 0.651 9
1.185 -20.329 0.757 8
1.203 -20.261 0.798 8
1.183 -20.334 0.739 8
1.182 -20.336 0.749 8
1.207 -20.247 0.799 9
1.153 -20.437 0.592 13
1.174 -20.360 0.613 11
1.125 -20.538 0.541 17
1.125 -20.542 0.541 16
1.145 -20.469 0.592 15
1.213 -20.225 0.780 8
1.182 -20.335 0.703 8
1.156 -20.430 0.674 9
1.211 -20.231 0.782 8
1.200 -20.272 0.765 7
1.191 -20.305 0.775 8
1.211 -20.232 0.765 8
1.146 -20.469 0.681 8
1.179 -20.346 0.703 8
1.133 -20.506 0.512 14
1.150 -20.449 0.621 12
1.204 -20.256 0.776 7
1.168 -20.379 0.574 13
1.203 -20.258 0.750 7
1.175 -20.354 0.541 13
1.179 -20.347 0.730 8
1.203 -20.257 0.738 8
1.169 -20.387 0.738 8
1.149 -20.453 0.603 13
1.143 -20.471 0.504 13
1.154 -20.435 0.599 13
1.172 -20.368 0.593 12
1.153 -20.438 0.595 14
1.153 -20.441 0.636 11
1.193 -20.297 0.726 8
1.180 -20.338 0.660 9
1.205 -20.251 0.725 9
1.117 -20.575 0.605 10
1.162 -20.400 0.544 13
1.157 -20.425 0.648 10
1.165 -20.394 0.600 12
1.158 -20.421 0.599 13
1.143 -20.478 0.639 11
1.153 -20.440 0.629 11
1.116 -20.576 0.562 18
1.209 -20.239 0.805 9
1.169 -20.384 0.668 9
1.140 -20.487 0.606 15
1.151 -20.453 0.708 8
1.180 -20.335 0.585 13
1.174 -20.366 0.727 8
1.157 -20.425 0.602 13
1.199 -20.272 0.745 8
1.149 -20.448 0.532 16
1.132 -20.516 0.557 18
1.171 -20.377 0.746 8
1.186 -20.324 0.771 8
1.192 -20.304 0.790 8
1.142 -20.486 0.682 8
1.175 -20.353 0.535 13
1.145 -20.471 0.638 10
1.183 -20.328 0.621 12
1.182 -20.330 0.585 13
1.170 -20.370 0.511 12
1.143 -20.470 0.485 12
1.209 -20.239 0.796 7
1.170 -20.376 0.618 11
1.148 -20.456 0.610 13
1.145 -20.461 0.475 8
1.168 -20.380 0.586 12
1.164 -20.405 0.723 8
1.167 -20.393 0.716 8
1.183 -20.325 0.625 11
1.106 -20.613 0.605 172
1.162 -20.404 0.565 13
1.180 -20.345 0.769 8
1.186 -20.320 0.697 8
1.119 -20.568 0.606 18
1.145 -20.463 0.512 14
1.135 -20.501 0.542 17
1.144 -20.473 0.635 11
1.217 -20.212 0.835 7
1.147 -20.466 0.661 9
1.124 -20.547 0.628 12
1.149 -20.452 0.549 14
1.163 -20.394 0.486 8
1.109 -20.605 0.619 112
1.175 -20.360 0.670 10
1.146 -20.447 0.442 100
1.140 -20.471 0.458 26
1.136 -20.489 0.479 11
1.128 -20.518 0.487 11
1.122 -20.550 0.533 16
1.110 -20.595 0.571 13
1.117 -20.570 0.553 21
1.117 -20.570 0.551 20
1.125 -20.533 0.506 13
1.141 -20.468 0.454 57
1.120 -20.549 0.516 15
1.149 -20.443 0.454 51
1.141 -20.470 0.465 45
1.147 -20.444 0.442 98
1.102 -20.629 0.599 148
1.134 -20.498 0.485 13
1.142 -20.463 0.447 103
1.146 -20.451 0.451 73
1.149 -20.446 0.463 27
1.113 -20.581 0.552 17
1.135 -20.499 0.493 14
1.128 -20.522 0.506 13
1.135 -20.485 0.456 27
1.142 -20.462 0.448 105
1.131 -20.513 0.507 13
1.133 -20.506 0.503 13
1.139 -20.477 0.462 25
1.127 -20.529 0.517 14
1.142 -20.470 0.469 15
1.119 -20.554 0.520 15
1.122 -20.544 0.522 15
1.145 -20.453 0.446 97
1.144 -20.461 0.458 52
1.118 -20.557 0.523 18
1.109 -20.599 0.576 16
1.120 -20.551 0.525 15
1.122 -20.540 0.504 13
1.120 -20.549 0.513 13
1.136 -20.492 0.483 14
1.126 -20.536 0.528 15
1.131 -20.512 0.499 13
1.134 -20.489 0.458 47
1.123 -20.539 0.511 13
1.140 -20.471 0.457 26
1.155 -20.420 0.442 15
1.136 -20.494 0.495 13
1.106 -20.611 0.583 88
1.133 -20.492 0.451 21
1.125 -20.534 0.520 15
1.127 -20.527 0.510 14
1.143 -20.463 0.459 23
1.119 -20.552 0.519 15
1.152 -20.431 0.446 87
1.131 -20.501 0.467 11
1.129 -20.517 0.502 13
1.132 -20.506 0.489 11
1.146 -20.456 0.468 24
1.127 -20.520 0.487 12
1.110 -20.596 0.570 13
1.142 -20.471 0.479 12
1.154 -20.423 0.438 37
1.135 -20.497 0.490 13
1.126 -20.526 0.501 13
1.141 -20.463 0.442 112
1.123 -20.540 0.514 14
1.149 -20.431 0.919 38
1.165 -20.309 0.911 25
1.150 -20.500 0.919 171
1.203 -20.168 0.896 32
1.162 -20.202 0.910 34
1.161 -20.358 0.913 37
1.174 -20.265 0.907 35
1.151 -20.325 0.916 27
1.168 -20.255 0.909 35
1.171 -20.285 0.908 40
1.170 -20.424 0.912 24
1.160 -20.160 0.910 27
1.159 -20.429 0.915 35
1.157 -20.271 0.913 36
1.174 -20.322 0.908 21
1.209 -20.152 0.893 30
1.169 -20.225 0.908 37
1.146 -20.253 0.916 38
1.162 -20.244 0.911 35
1.148 -20.340 0.917 40
1.215 -20.173 0.892 32
1.187 -20.324 0.904 16
1.172 -20.175 0.906 34
1.175 -20.231 0.906 36
1.221 -20.182 0.890 32
1.152 -20.344 0.916 36
1.166 -20.150 0.908 35
1.146 -20.328 0.918 35
1.150 -20.456 0.919 32
1.158 -20.340 0.914 30
1.160 -20.271 0.912 35
1.175 -20.176 0.905 34
1.175 -20.309 0.908 21
1.174 -20.269 0.907 36
1.179 -20.277 0.906 33
1.153 -20.212 0.913 39
1.178 -20.317 0.907 21
1.164 -20.241 0.910 36
1.154 -20.391 0.916 38
1.188 -20.160 0.900 34
1.172 -20.366 0.910 37
1.192 -20.274 0.901 15
1.151 -20.313 0.916 38
1.186 -20.320 0.904 19
1.184 -20.196 0.902 34
1.187 -20.285 0.903 16
1.173 -20.344 0.909 33
1.145 -20.232 0.916 37
1.164 -20.329 0.912 23
1.220 -20.197 0.891 30
1.149 -20.233 0.915 36
1.187 -20.308 0.904 16
1.171 -20.143 0.906 33
1.203 -20.244 0.897 8
1.181 -20.161 0.903 32
1.185 -20.274 0.904 14
1.182 -20.349 0.906 14
1.153 -20.248 0.914 36
1.157 -20.163 0.911 32
1.149 -20.485 0.919 165
1.181 -20.210 0.904 36
1.178 -20.327 0.907 21
1.155 -20.379 0.916 38
1.181 -20.251 0.905 39
1.151 -20.429 0.918 38
1.206 -20.235 0.896 10
1.145 -20.257 0.917 38
1.159 -20.306 0.913 35
1.175 -20.295 0.907 22
1.157 -20.227 0.912 36
1.159 -20.259 0.912 36
1.200 -20.193 0.897 35
1.186 -20.232 0.902 36
1.149 -20.317 0.916 37
1.149 -20.246 0.915 37
1.186 -20.157 0.901 37
1.208 -20.223 0.895 11
1.189 -20.241 0.902 35
1.210 -20.158 0.893 35
1.150 -20.451 0.919 36
1.219 -20.195 0.891 33
1.152 -20.265 0.914 36
1.177 -20.172 0.904 34
1.146 -20.156 0.914 29
1.150 -20.506 0.920 189
1.180 -20.354 0.907 21
1.185 -20.341 0.905 12
1.162 -20.327 0.912 38
1.158 -20.272 0.912 35
1.164 -20.212 0.909 37
1.148 -20.402 0.918 38
1.187 -20.152 0.901 35
1.183 -20.319 0.905 17
1.182 -20.367 0.907 15
1.177 -20.295 0.907 21
1.155 -20.470 0.917 153
1.146 -20.204 0.915 32
1.159 -20.298 0.913 35
1.203 -20.259 0.898 10
1.167 -20.199 0.908 35
1.193 -20.166 0.899 33
1.162 -20.159 0.909 35
1.153 -20.305 0.915 34
1.198 -20.294 0.900 14
1.168 -20.215 0.908 37
1.157 -20.299 0.913 36
1.180 -20.338 0.907 16
1.200 -20.184 0.897 33
1.180 -20.196 0.904 35
1.209 -20.219 0.895 34
1.161 -20.441 0.915 47
1.193 -20.256 0.901 11
1.160 -20.420 0.915 38
1.182 -20.369 0.906 15
1.172 -20.176 0.906 34
1.156 -20.345 0.915 35
1.175 -20.249 0.907 37
1.161 -20.393 0.914 36
1.185 -20.258 0.903 36
1.176 -20.284 0.907 26
1.172 -20.158 0.906 35
1.193 -20.157 0.899 36
1.159 -20.253 0.912 36
1.180 -20.339 0.906 16
1.191 -20.162 0.900 34
1.160 -20.205 0.911 35
1.145 -20.149 0.915 34
1.205 -20.250 0.896 10
1.184 -20.199 0.902 34
1.158 -20.425 0.915 35
1.197 -20.203 0.898 35
1.160 -20.236 0.911 34
1.178 -20.253 0.906 39
1.214 -20.231 0.893 11
1.151 -20.258 0.914 36
1.178 -20.382 0.908 18
1.143 -20.133 0.915 50
1.202 -20.286 0.898 14
1.170 -20.182 0.907 31
1.160 -20.349 0.913 35
1.164 -20.433 0.914 31
1.180 -20.288 0.906 18
1.212 -20.194 0.893 34
1.171 -20.298 0.909 24
1.160 -20.209 0.911 35
1.157 -20.374 0.915 38
1.148 -20.365 0.917 37
1.149 -20.207 0.914 35
1.196 -20.286 0.900 14
1.171 -20.364 0.910 37
1.145 -20.336 0.918 36
1.158 -20.389 0.915 36
1.168 -20.367 0.911 42
1.150 -20.455 0.919 32
1.203 -20.261 0.897 14
1.167 -20.346 0.911 37
1.179 -20.175 0.904 34
1.149 -20.225 0.915 36
1.204 -20.178 0.895 34
1.204 -20.197 0.896 34
1.205 -20.226 0.896 28
1.153 -20.214 0.913 39
1.199 -20.269 0.899 10
1.148 -20.329 0.917 30
1.175 -20.337 0.908 17
1.181 -20.154 0.903 36
1.162 -20.210 0.910 36
1.181 -20.234 0.904 36
1.210 -20.153 0.893 30
1.164 -20.221 0.910 36
1.156 -20.420 0.916 37
1.158 -20.207 0.911 38
1.202 -20.237 0.897 16
1.146 -20.242 0.916 37
1.154 -20.262 0.914 36
1.157 -20.282 0.913 35
1.163 -20.309 0.911 25
1.201 -20.149 0.896 32
1.165 -20.245 0.910 36
1.182 -20.277 0.905 22
1.168 -20.298 0.910 31
1.186 -20.414 0.906 15
1.200 -20.297 0.899 14
1.171 -20.551 0.913 32
1.173 -20.421 0.910 19
1.173 -20.423 0.910 17
1.178 -20.419 0.909 17
1.221 -20.261 0.891 11
1.214 -20.352 0.895 11
1.197 -20.330 0.901 14
1.217 -20.277 0.893 11
1.220 -20.235 0.891 11
1.214 -20.314 0.895 13
1.186 -20.582 0.908 21
1.204 -20.486 0.900 12
1.186 -20.504 0.907 14
1.201 -20.393 0.900 13
1.184 -20.511 0.907 16
1.217 -20.342 0.894 11
1.173 -20.470 0.911 21
1.211 -20.382 0.896 13
1.196 -20.618 0.905 195
1.167 -20.470 0.913 26
1.196 -20.532 0.903 12
1.197 -20.441 0.902 15
1.189 -20.418 0.905 14
1.199 -20.475 0.902 13
1.214 -20.344 0.895 12
1.212 -20.353 0.896 11
1.207 -20.366 0.897 12
1.211 -20.369 0.896 14
1.164 -20.538 0.915 47
1.173 -20.545 0.912 26
1.194 -20.439 0.903 16
1.166 -20.472 0.913 26
1.214 -20.357 0.895 12
1.207 -20.295 0.897 13
1.179 -20.424 0.908 17
1.159 -20.522 0.917 131
1.195 -20.418 0.902 13
1.195 -20.624 0.905 192
1.201 -20.399 0.900 13
1.189 -20.383 0.904 15
1.189 -20.441 0.905 15
1.226 -20.228 0.889 11
1.199 -20.341 0.900 13
1.176 -20.434 0.910 19
1.199 -20.564 0.903 15
1.180 -20.504 0.909 15
1.216 -20.254 0.893 12
1.158 -20.486 0.917 113
1.189 -20.371 0.904 16
1.217 -20.331 0.893 11
1.220 -20.223 0.891 11
1.196 -20.378 0.902 13
1.152 -20.507 0.919 179
1.193 -20.431 0.903 14
1.195 -20.374 0.902 13
1.174 -20.538 0.912 25
1.192 -20.371 0.903 15
1.197 -20.592 0.904 17
1.218 -20.281 0.893 11
1.174 -20.583 0.912 29
1.196 -20.350 0.901 12
1.211 -20.363 0.896 12
1.209 -20.265 0.896 12
1.201 -20.490 0.901 13
1.192 -20.361 0.903 10
1.161 -20.510 0.916 66
1.179 -20.427 0.908 20
1.202 -20.308 0.899 13
1.230 -20.173 0.887 33
1.197 -20.415 0.902 13
1.180 -20.479 0.909 18
1.212 -20.378 0.896 13
1.206 -20.286 0.897 11
1.200 -20.563 0.903 15
1.197 -20.493 0.903 14
1.198 -20.472 0.902 13
1.167 -20.498 0.914 29
1.185 -20.481 0.907 16
1.184 -20.557 0.908 16
1.211 -20.286 0.895 13
1.154 -20.530 0.919 190
1.225 -20.210 0.889 10
1.200 -20.374 0.900 12
1.213 -20.342 0.895 12
1.170 -20.484 0.912 24
1.205 -20.390 0.898 12
1.187 -20.601 0.908 24
1.210 -20.354 0.896 11
1.215 -20.236 0.893 12
1.197 -20.527 0.903 13
1.185 -20.523 0.907 16
1.195 -20.511 0.904 14
1.183 -20.567 0.909 16
1.173 -20.469 0.911 21
1.184 -20.522 0.908 15
1.217 -20.335 0.893 11
1.156 -20.530 0.918 182
1.216 -20.334 0.894 11
1.212 -20.375 0.896 14
1.181 -20.451 0.908 18
1.181 -20.540 0.909 16
1.184 -20.494 0.907 15
1.152 -20.507 0.919 179
1.184 -20.534 0.908 16
1.186 -20.401 0.905 16
1.201 -20.320 0.899 14
1.212 -20.267 0.894 12
1.223 -20.232 0.890 11
1.190 -20.381 0.904 15
1.194 -20.567 0.905 16
1.182 -20.513 0.908 18
1.190 -20.399 0.904 14
1.168 -20.466 0.913 27
1.192 -20.546 0.905 14
1.205 -20.462 0.899 11
1.157 -20.521 0.918 187
1.171 -20.484 0.912 24
1.187 -20.352 0.904 10
1.207 -20.390 0.898 11
1.180 -20.409 0.908 19
1.184 -20.572 0.908 18
1.187 -20.562 0.907 16
1.191 -20.431 0.904 14
1.159 -20.524 0.917 141
1.204 -20.484 0.900 12
1.202 -20.401 0.900 13
1.200 -20.555 0.902 12
1.202 -20.313 0.898 13
1.219 -20.328 0.893 11
1.169 -20.493 0.913 24
1.156 -20.484 0.917 168
1.217 -20.288 0.893 12
1.207 -20.311 0.897 12
1.195 -20.388 0.902 14
1.192 -20.482 0.904 14
1.189 -20.572 0.906 16
1.197 -20.376 0.901 13
1.179 -20.542 0.910 18
1.169 -20.540 0.913 31
1.127 -20.395 0.854 35
1.125 -20.305 0.848 35
1.133 -20.369 0.876 35
1.115 -20.335 0.813 35
1.137 -20.455 0.886 34
1.109 -20.363 0.789 34
1.129 -20.256 0.864 34
1.119 -20.376 0.826 35
1.120 -20.382 0.827 34
1.141 -20.157 0.906 36
1.123 -20.267 0.842 34
1.144 -20.367 0.912 38
1.135 -20.390 0.881 35
1.121 -20.390 0.833 35
1.104 -20.323 0.772 34
1.133 -20.290 0.876 36
1.140 -20.425 0.899 35
1.127 -20.376 0.853 36
1.129 -20.272 0.861 34
1.118 -20.271 0.823 33
1.118 -20.365 0.823 34
1.107 -20.275 0.787 32
1.128 -20.285 0.858 34
1.124 -20.242 0.847 34
1.143 -20.384 0.909 36
1.114 -20.268 0.811 34
1.130 -20.426 0.863 34
1.124 -20.378 0.843 34
1.105 -20.329 0.778 33
1.140 -20.400 0.899 36
1.142 -20.158 0.910 33
1.121 -20.350 0.831 36
1.116 -20.341 0.817 35
1.132 -20.193 0.875 32
1.140 -20.452 0.897 33
1.141 -20.148 0.909 37
1.142 -20.167 0.911 33
1.136 -20.385 0.886 35
1.136 -20.335 0.886 37
1.142 -20.331 0.908 38
1.140 -20.310 0.902 37
1.103 -20.337 0.770 34
1.129 -20.313 0.863 34
1.111 -20.345 0.797 34
1.127 -20.409 0.852 33
1.144 -20.205 0.916 34
1.143 -20.323 0.911 38
1.113 -20.325 0.805 35
1.138 -20.313 0.893 37
1.124 -20.281 0.844 35
1.145 -20.440 0.914 36
1.143 -20.194 0.913 34
1.126 -20.256 0.852 34
1.123 -20.296 0.841 35
1.128 -20.409 0.856 34
1.135 -20.329 0.882 37
1.131 -20.404 0.866 35
1.124 -20.369 0.844 35
1.143 -20.440 0.909 34
1.117 -20.282 0.819 34
1.121 -20.419 0.830 33
1.108 -20.364 0.786 34
1.132 -20.229 0.876 35
1.143 -20.140 0.915 34
1.117 -20.399 0.818 32
1.130 -20.355 0.863 35
1.121 -20.341 0.832 34
1.105 -20.346 0.778 34
1.134 -20.259 0.882 37
1.106 -20.287 0.782 36
1.109 -20.374 0.789 34
1.127 -20.283 0.856 34
1.125 -20.225 0.850 31
1.109 -20.367 0.791 34
1.143 -20.272 0.911 37
1.115 -20.261 0.814 34
1.142 -20.309 0.908 37
1.142 -20.227 0.911 36
1.135 -20.218 0.885 35
1.127 -20.340 0.853 35
1.130 -20.370 0.864 36
1.143 -20.204 0.913 34
1.120 -20.414 0.827 34
1.118 -20.322 0.824 35
1.124 -20.252 0.846 34
1.125 -20.400 0.846 33
1.122 -20.217 0.839 33
1.131 -20.219 0.871 34
1.119 -20.396 0.824 34
1.121 -20.252 0.834 33
1.120 -20.389 0.829 34
1.127 -20.365 0.853 35
1.115 -20.391 0.811 34
1.121 -20.258 0.836 33
1.144 -20.378 0.913 37
1.121 -20.236 0.834 33
1.110 -20.308 0.796 35
1.122 -20.281 0.838 35
1.137 -20.348 0.887 38
1.118 -20.288 0.824 34
1.133 -20.413 0.872 35
1.135 -20.349 0.882 37
1.124 -20.422 0.842 32
1.123 -20.237 0.841 33
1.123 -20.350 0.838 35
1.144 -20.437 0.913 36
1.122 -20.257 0.838 33
1.140 -20.467 0.897 34
1.145 -20.438 0.914 36
1.142 -20.362 0.907 37
1.139 -20.351 0.897 36
1.143 -20.444 0.909 34
1.124 -20.381 0.843 34
1.138 -20.250 0.894 37
1.140 -20.311 0.899 37
1.137 -20.238 0.891 37
1.118 -20.399 0.822 33
1.140 -20.270 0.903 37
1.127 -20.261 0.855 34
1.144 -20.423 0.913 37
1.135 -20.465 0.880 32
1.109 -20.292 0.793 36
1.120 -20.372 0.829 35
1.115 -20.319 0.812 35
1.141 -20.260 0.905 37
1.140 -20.146 0.904 33
1.123 -20.264 0.843 34
1.127 -20.438 0.852 33
1.131 -20.192 0.873 31
1.140 -20.442 0.896 34
1.114 -20.374 0.808 34
1.137 -20.460 0.887 34
1.142 -20.170 0.912 34
1.139 -20.157 0.902 35
1.122 -20.328 0.835 35
1.145 -20.415 0.914 37
1.115 -20.329 0.811 35
1.118 -20.383 0.823 34
1.141 -20.366 0.901 36
1.109 -20.338 0.791 34
1.121 -20.420 0.830 33
1.116 -20.254 0.817 34
1.133 -20.361 0.874 35
1.128 -20.307 0.860 33
1.139 -20.278 0.898 36
1.115 -20.391 0.809 34
1.121 -20.396 0.833 34
1.145 -20.387 0.916 37
1.133 -20.323 0.876 37
1.112 -20.322 0.801 35
1.145 -20.426 0.915 37
1.124 -20.264 0.845 34
1.141 -20.203 0.906 33
1.109 -20.292 0.792 36
1.116 -20.303 0.815 35
1.120 -20.266 0.830 34
1.125 -20.435 0.844 33
1.126 -20.415 0.848 32
1.122 -20.336 0.837 35
1.107 -20.317 0.783 35
1.117 -20.373 0.818 34
1.135 -20.226 0.884 36
1.127 -20.396 0.852 35
1.130 -20.309 0.864 34
1.138 -20.386 0.892 36
1.114 -20.298 0.810 35
1.117 -20.333 0.817 35
1.135 -20.429 0.879 34
1.131 -20.370 0.868 35
1.130 -20.380 0.864 36
1.125 -20.357 0.847 35
1.140 -20.155 0.904 36
1.123 -20.231 0.842 32
1.145 -20.379 0.915 38
1.143 -20.270 0.910 37
1.122 -20.409 0.834 33
1.142 -20.460 0.904 32
1.124 -20.379 0.844 34
1.132 -20.437 0.869 34
1.107 -20.317 0.783 35
1.112 -20.352 0.800 34
1.139 -20.186 0.900 33
1.128 -20.419 0.854 33
1.132 -20.373 0.871 35
1.116 -20.322 0.814 35
1.107 -20.319 0.785 35
1.121 -20.320 0.832 35
1.107 -20.301 0.784 35
1.139 -20.355 0.897 36
1.142 -20.192 0.912 34
1.121 -20.344 0.831 35
1.143 -20.258 0.914 38
1.125 -20.390 0.847 34
1.124 -20.416 0.841 32
1.127 -20.346 0.854 35
1.124 -20.407 0.843 32
1.121 -20.229 0.835 32
1.144 -20.297 0.916 35
1.137 -20.465 0.885 32
1.104 -20.327 0.774 33
1.141 -20.337 0.904 38
1.142 -20.381 0.906 36
1.143 -20.461 0.906 32
1.132 -20.410 0.870 35
1.132 -20.250 0.875 36
1.126 -20.269 0.853 34
1.121 -20.396 0.832 34
1.130 -20.349 0.864 35
1.143 -20.386 0.908 36
1.128 -20.290 0.860 35
1.142 -20.443 0.903 34
1.135 -20.438 0.879 34
1.127 -20.255 0.856 34
1.134 -20.175 0.883 32
1.146 -20.409 0.918 37
1.132 -20.190 0.875 32
1.133 -20.264 0.876 36
1.142 -20.185 0.911 32
1.144 -20.309 0.916 35
1.142 -20.418 0.906 35
1.128 -20.330 0.857 35
1.118 -20.329 0.824 36
1.111 -20.349 0.798 33
1.137 -20.466 0.887 33
1.118 -20.372 0.823 34
1.135 -20.214 0.886 35
1.121 -20.239 0.835 33
1.141 -20.173 0.908 33
1.111 -20.367 0.798 35
1.142 -20.377 0.904 35
1.120 -20.377 0.828 35
1.134 -20.216 0.883 35
1.128 -20.448 0.855 33
1.122 -20.411 0.835 33
1.128 -20.407 0.856 34
1.125 -20.238 0.850 33
1.124 -20.238 0.847 34
1.129 -20.398 0.860 35
1.132 -20.176 0.875 33
1.142 -20.456 0.903 33
1.143 -20.394 0.907 35
1.143 -20.254 0.914 38
1.115 -20.270 0.813 33
1.138 -20.270 0.893 37
1.128 -20.305 0.859 34
1.141 -20.207 0.907 36
1.132 -20.256 0.872 37
1.142 -20.162 0.910 32
1.142 -20.422 0.904 35
1.116 -20.403 0.815 34
1.126 -20.277 0.850 34
1.119 -20.385 0.824 34
1.107 -20.304 0.786 35
1.121 -20.366 0.831 35
1.133 -20.255 0.877 36
1.115 -20.390 0.810 34
1.133 -20.447 0.872 33
1.137 -20.475 0.885 33
1.115 -20.294 0.813 34
1.126 -20.289 0.852 35
1.118 -20.248 0.825 33
1.123 -20.318 0.839 35
1.138 -20.326 0.894 38
1.113 -20.386 0.802 34
1.107 -20.370 0.782 34
1.142 -20.190 0.911 33
1.129 -20.410 0.859 35
1.128 -20.200 0.861 30
1.130 -20.345 0.864 35
1.142 -20.315 0.907 38
1.130 -20.300 0.865 35
1.117 -20.245 0.823 34
1.115 -20.328 0.812 35
1.136 -20.350 0.884 36
1.143 -20.488 0.905 32
1.125 -20.226 0.849 32
1.141 -20.298 0.905 38
1.144 -20.274 0.914 37
1.137 -20.410 0.888 35
1.114 -20.279 0.809 33
1.127 -20.363 0.852 35
1.141 -20.316 0.905 38
1.145 -20.388 0.916 37
1.141 -20.153 0.908 39
1.142 -20.200 0.910 34
1.110 -20.363 0.793 34
1.125 -20.245 0.851 34
1.142 -20.169 0.911 34
1.107 -20.279 0.786 34
1.126 -20.336 0.851 36
1.102 -20.320 0.766 34
1.128 -20.320 0.857 34
1.142 -20.422 0.905 35
1.131 -20.367 0.868 35
1.123 -20.335 0.841 35
1.132 -20.341 0.872 37
1.128 -20.294 0.858 35
1.117 -20.381 0.818 34
1.145 -20.409 0.915 37
1.120 -20.350 0.828 36
1.143 -20.333 0.911 38
1.129 -20.394 0.860 35
1.140 -20.317 0.901 37
1.146 -20.428 0.919 37
1.121 -20.339 0.831 35
1.146 -20.481 0.916 35
1.133 -20.183 0.878 32
1.121 -20.242 0.835 33
1.116 -20.264 0.816 34
1.146 -20.490 0.916 35
1.121 -20.262 0.835 33
1.142 -20.452 0.904 34
1.118 -20.317 0.823 35
1.142 -20.450 0.905 34
1.127 -20.215 0.858 31
1.139 -20.358 0.897 36
1.137 -20.392 0.888 35
1.108 -20.360 0.788 34
1.125 -20.217 0.850 31
1.142 -20.225 0.908 36
1.135 -20.330 0.882 37
1.122 -20.278 0.838 35
1.131 -20.412 0.867 35
1.135 -20.462 0.880 33
1.128 -20.345 0.859 35
1.140 -20.421 0.896 36
1.136 -20.312 0.886 38
1.123 -20.378 0.839 34
1.112 -20.300 0.801 34
1.141 -20.396 0.903 36
1.126 -20.332 0.852 35
1.102 -20.331 0.766 35
1.136 -20.315 0.886 38
1.133 -20.465 0.873 32
1.104 -20.310 0.774 33
1.139 -20.484 0.893 32
1.131 -20.247 0.872 36
1.140 -20.396 0.898 36
1.114 -20.385 0.807 34
1.136 -20.339 0.885 38
1.123 -20.371 0.838 35
1.115 -20.373 0.810 34
1.139 -20.246 0.897 37
1.143 -20.323 0.910 38
1.135 -20.277 0.884 36
1.127 -20.404 0.851 33
1.110 -20.298 0.794 36
1.120 -20.399 0.828 34
1.141 -20.475 0.898 34
1.137 -20.398 0.888 34
1.140 -20.200 0.904 33
1.106 -20.363 0.780 34
1.112 -20.299 0.804 34
1.136 -20.197 0.891 33
1.121 -20.388 0.833 34
1.123 -20.402 0.837 33
1.108 -20.131 0.796 31
1.133 -20.135 0.881 23
1.125 -20.160 0.853 33
1.107 -20.167 0.793 32
1.133 -20.172 0.878 31
1.106 -20.213 0.787 33
1.102 -20.283 0.767 28
1.121 -20.137 0.841 30
1.133 -20.129 0.882 81
1.103 -20.292 0.770 34
1.121 -20.210 0.838 33
1.123 -20.207 0.843 31
1.136 -20.148 0.891 38
1.112 -20.191 0.806 29
1.106 -20.217 0.786 33
1.114 -20.148 0.816 34
1.107 -20.139 0.794 27
1.122 -20.142 0.844 32
1.105 -20.243 0.782 30
1.126 -20.131 0.858 38
1.113 -20.189 0.811 30
1.139 -20.133 0.902 40
1.124 -20.134 0.851 25
1.125 -20.172 0.854 30
1.101 -20.285 0.766 28
1.102 -20.268 0.769 28
1.111 -20.158 0.805 30
1.125 -20.127 0.856 72
1.112 -20.143 0.809 32
1.117 -20.122 0.828 121
1.113 -20.141 0.813 33
1.110 -20.227 0.797 31
1.109 -20.229 0.795 31
1.128 -20.136 0.866 28
1.103 -20.243 0.775 35
1.129 -20.135 0.867 28
1.108 -20.165 0.794 29
1.108 -20.153 0.794 28
1.115 -20.231 0.814 32
1.133 -20.163 0.879 32
1.132 -20.148 0.879 33
1.126 -20.177 0.855 30
1.102 -20.266 0.771 33
1.109 -20.123 0.802 109
1.115 -20.154 0.821 31
1.111 -20.211 0.801 31
1.123 -20.201 0.845 32
1.125 -20.153 0.853 26
1.133 -20.146 0.880 33
1.111 -20.138 0.808 29
1.110 -20.202 0.798 30
1.103 -20.278 0.772 33
1.113 -20.128 0.813 63
1.125 -20.142 0.854 32
1.120 -20.123 0.837 120
1.125 -20.143 0.855 32
1.112 -20.249 0.804 32
1.117 -20.186 0.825 30
1.121 -20.127 0.840 60
1.118 -20.124 0.832 113
1.110 -20.248 0.796 32
1.121 -20.189 0.837 31
1.133 -20.153 0.882 34
1.110 -20.263 0.797 33
1.118 -20.166 0.829 32
1.120 -20.166 0.837 30
1.109 -20.206 0.797 32
1.120 -20.210 0.832 32
1.132 -20.134 0.879 26
1.127 -20.180 0.860 32
1.108 -20.231 0.790 31
1.109 -20.246 0.796 32
1.106 -20.191 0.788 33
1.121 -20.206 0.838 32
1.115 -20.197 0.817 32
1.111 -20.208 0.803 31
1.108 -20.127 0.796 74
1.123 -20.204 0.844 32
1.118 -20.155 0.831 34
1.110 -20.262 0.797 33
1.114 -20.151 0.816 33
1.122 -20.176 0.840 31
1.119 -20.176 0.833 32
1.106 -20.232 0.784 31
1.121 -20.144 0.840 31
1.113 -20.232 0.808 32
1.124 -20.199 0.847 32
1.110 -20.131 0.805 30
1.107 -20.184 0.792 30
1.104 -20.254 0.775 31
1.102 -20.249 0.770 31
1.123 -20.146 0.847 34
1.111 -20.122 0.808 108
1.113 -20.152 0.812 30
1.105 -20.273 0.779 33
1.105 -20.273 0.779 33
1.105 -20.224 0.782 30
1.105 -20.206 0.783 32
1.110 -20.244 0.798 31
1.122 -20.169 0.843 31
1.112 -20.148 0.811 32
1.121 -20.208 0.838 33
1.108 -20.125 0.798 74
1.111 -20.170 0.806 30
1.119 -20.137 0.833 31
1.110 -20.199 0.798 30
1.134 -20.134 0.884 22
1.118 -20.154 0.829 37
1.115 -20.235 0.815 32
1.129 -20.134 0.868 31
1.112 -20.151 0.809 29
1.123 -20.203 0.844 32
1.117 -20.216 0.822 31
1.112 -20.251 0.803 33
1.115 -20.223 0.814 32
1.103 -20.259 0.772 31
1.112 -20.131 0.812 22
1.112 -20.213 0.807 31
1.125 -20.180 0.853 30
1.135 -20.151 0.889 38
1.128 -20.166 0.863 31
1.108 -20.137 0.796 28
1.109 -20.130 0.800 32
1.114 -20.236 0.811 32
1.113 -20.175 0.811 30
1.110 -20.148 0.802 29
1.137 -20.145 0.896 38
1.125 -20.204 0.851 32
1.107 -20.201 0.790 33
1.105 -20.378 0.781 33
1.106 -20.507 0.821 31
1.132 -20.493 0.877 33
1.117 -20.411 0.819 33
1.104 -20.403 0.785 35
1.104 -20.447 0.798 33
1.107 -20.558 0.837 30
1.134 -20.475 0.876 32
1.095 -20.444 0.775 34
1.102 -20.521 0.815 30
1.109 -20.493 0.823 33
1.115 -20.410 0.813 34
1.089 -20.525 0.787 30
1.116 -20.533 0.852 30
1.103 -20.511 0.814 31
1.113 -20.508 0.837 31
1.105 -20.520 0.821 30
1.093 -20.508 0.789 31
1.140 -20.503 0.900 32
1.118 -20.421 0.822 33
1.101 -20.509 0.810 31
1.109 -20.457 0.813 33
1.140 -20.521 0.903 31
1.093 -20.499 0.787 32
1.091 -20.536 0.795 31
1.115 -20.497 0.839 32
1.103 -20.561 0.830 30
1.093 -20.465 0.777 33
1.090 -20.528 0.790 29
1.091 -20.435 0.763 31
1.095 -20.518 0.799 30
1.119 -20.425 0.826 33
1.118 -20.416 0.822 33
1.116 -20.519 0.846 30
1.090 -20.518 0.786 31
1.107 -20.510 0.825 31
1.107 -20.432 0.800 33
1.080 -20.591 0.783 37
1.105 -20.530 0.824 30
1.128 -20.448 0.854 33
1.108 -20.537 0.834 30
1.095 -20.522 0.798 31
1.090 -20.441 0.763 33
1.103 -20.525 0.820 30
1.126 -20.445 0.848 33
1.122 -20.518 0.862 30
1.115 -20.518 0.845 30
1.121 -20.499 0.854 31
1.099 -20.384 0.768 29
1.111 -20.418 0.807 34
1.110 -20.461 0.817 33
1.094 -20.544 0.803 29
1.114 -20.417 0.812 34
1.120 -20.453 0.836 33
1.127 -20.508 0.870 32
1.115 -20.421 0.817 34
1.143 -20.519 0.911 34
1.108 -20.493 0.821 33
1.124 -20.436 0.841 32
1.104 -20.501 0.813 31
1.133 -20.533 0.891 30
1.107 -20.549 0.836 30
1.104 -20.438 0.795 34
1.100 -20.351 0.761 31
1.114 -20.517 0.841 30
1.106 -20.370 0.780 33
1.095 -20.395 0.760 25
1.081 -20.576 0.782 31
1.089 -20.511 0.782 31
1.109 -20.518 0.830 30
1.110 -20.456 0.816 33
1.099 -20.478 0.796 33
1.111 -20.459 0.818 33
1.090 -20.567 0.802 32
1.095 -20.418 0.768 32
1.092 -20.524 0.794 30
1.098 -20.380 0.765 30
1.102 -20.567 0.829 30
1.127 -20.505 0.869 32
1.094 -20.486 0.786 32
1.095 -20.543 0.806 30
1.129 -20.461 0.860 32
1.091 -20.439 0.766 32
1.101 -20.475 0.800 34
1.128 -20.464 0.860 31
1.097 -20.367 0.758 31
1.124 -20.483 0.855 32
1.104 -20.436 0.795 34
1.118 -20.517 0.852 30
1.102 -20.537 0.821 30
1.114 -20.417 0.812 34
1.099 -20.423 0.779 33
1.114 -20.440 0.820 33
1.092 -20.467 0.775 33
1.131 -20.490 0.873 33
1.107 -20.465 0.810 33
1.098 -20.476 0.791 33
1.094 -20.420 0.767 31
1.140 -20.526 0.906 30
1.101 -20.463 0.795 33
1.101 -20.364 0.767 31
1.097 -20.507 0.800 32
1.094 -20.414 0.764 29
1.125 -20.522 0.869 31
1.091 -20.512 0.786 30
1.131 -20.527 0.886 30
1.103 -20.507 0.813 31
1.120 -20.496 0.850 31
1.110 -20.520 0.833 30
1.103 -20.451 0.796 33
1.096 -20.465 0.786 33
1.106 -20.410 0.791 34
1.124 -20.453 0.847 33
1.081 -20.584 0.786 33
1.091 -20.496 0.782 30
1.109 -20.420 0.801 34
1.115 -20.440 0.821 33
1.079 -20.591 0.783 37
1.107 -20.528 0.829 30
1.099 -20.357 0.760 30
1.138 -20.526 0.902 31
1.102 -20.561 0.827 30
1.135 -20.531 0.896 31
1.103 -20.444 0.795 34
1.098 -20.371 0.760 35
1.135 -20.514 0.892 32
1.095 -20.492 0.790 34
1.096 -20.425 0.774 32
1.141 -20.516 0.906 31
1.132 -20.522 0.886 31
1.120 -20.546 0.864 30
1.101 -20.435 0.788 34
1.106 -20.444 0.803 33
1.137 -20.529 0.900 30
1.097 -20.554 0.813 30
1.100 -20.394 0.773 34
1.096 -20.387 0.761 32
1.094 -20.561 0.809 30
1.090 -20.508 0.783 31
1.099 -20.435 0.782 33
1.101 -20.544 0.820 30
1.108 -20.404 0.795 34
1.117 -20.459 0.832 33
1.085 -20.530 0.778 30
1.095 -20.574 0.813 30
1.096 -20.384 0.760 33
1.099 -20.549 0.817 30
1.120 -20.435 0.833 32
1.107 -20.403 0.791 34
1.102 -20.537 0.820 30
1.100 -20.432 0.785 34
1.103 -20.449 0.795 33
1.087 -20.499 0.774 33
1.091 -20.520 0.788 31
1.123 -20.464 0.848 33
1.111 -20.556 0.848 31
1.123 -20.536 0.868 31
1.142 -20.514 0.907 31
1.095 -20.486 0.789 32
1.101 -20.412 0.781 33
1.096 -20.428 0.774 33
1.129 -20.491 0.869 33
1.138 -20.505 0.895 32
1.113 -20.475 0.827 33
1.098 -20.459 0.788 33
1.138 -20.519 0.899 32
1.091 -20.551 0.797 29
1.125 -20.450 0.847 33
1.107 -20.408 0.794 34
1.099 -20.419 0.777 33
1.101 -20.406 0.780 34
1.105 -20.470 0.806 34
1.113 -20.486 0.831 32
1.080 -20.572 0.779 33
1.088 -20.543 0.790 30
1.084 -20.534 0.778 30
1.092 -20.521 0.792 31
1.114 -20.530 0.847 30
1.119 -20.516 0.854 30
1.095 -20.547 0.806 30
1.094 -20.415 0.765 30
1.121 -20.435 0.833 32
1.101 -20.430 0.787 34
1.113 -20.467 0.826 32
1.094 -20.510 0.794 32
1.128 -20.459 0.857 32
1.144 -20.516 0.911 34
1.099 -20.389 0.769 30
1.087 -20.524 0.781 31
1.111 -20.460 0.818 33
1.102 -20.465 0.799 33
1.111 -20.488 0.827 32
1.096 -20.439 0.776 33
1.096 -20.422 0.772 33
1.099 -20.366 0.762 29
1.092 -20.504 0.788 31
1.110 -20.414 0.802 34
1.093 -20.416 0.763 30
1.084 -20.523 0.775 31
1.098 -20.446 0.783 34
1.113 -20.542 0.848 31
1.100 -20.505 0.807 32
1.117 -20.535 0.855 30
1.090 -20.573 0.801 33
1.097 -20.506 0.798 32
1.099 -20.567 0.821 31
1.132 -20.473 0.871 32
1.087 -20.535 0.785 31
1.101 -20.443 0.789 34
1.127 -20.585 0.850 30
1.149 -20.549 0.904 31
1.146 -20.581 0.877 28
1.176 -20.598 0.905 36
1.191 -20.626 0.906 33
1.105 -20.604 0.807 30
1.101 -20.586 0.815 29
1.173 -20.585 0.910 33
1.128 -20.542 0.880 31
1.142 -20.538 0.902 30
1.129 -20.559 0.870 31
1.087 -20.608 0.782 59
1.093 -20.593 0.800 40
1.098 -20.614 0.792 81
1.110 -20.613 0.808 50
1.146 -20.522 0.917 34
1.123 -20.589 0.842 31
1.107 -20.566 0.837 30
1.141 -20.573 0.876 33
1.172 -20.602 0.896 28
1.130 -20.572 0.863 29
1.136 -20.572 0.870 33
1.172 -20.584 0.909 34
1.165 -20.590 0.895 33
1.153 -20.627 0.855 132
1.159 -20.553 0.912 34
1.099 -20.602 0.801 33
1.126 -20.578 0.853 30
1.108 -20.607 0.810 27
1.141 -20.545 0.896 30
1.172 -20.625 0.882 71
1.139 -20.535 0.899 30
1.110 -20.605 0.813 29
1.122 -20.569 0.854 30
1.166 -20.564 0.915 34
1.134 -20.596 0.851 31
1.130 -20.543 0.882 32
1.143 -20.617 0.848 49
1.177 -20.613 0.896 36
1.170 -20.614 0.885 28
1.183 -20.610 0.906 34
1.175 -20.591 0.908 30
1.166 -20.609 0.884 35
1.168 -20.612 0.885 28
1.135 -20.621 0.836 108
1.145 -20.621 0.849 72
1.124 -20.619 0.823 116
1.143 -20.581 0.872 29
1.150 -20.573 0.888 31
1.100 -20.617 0.792 116
1.121 -20.579 0.846 29
1.085 -20.606 0.781 48
1.143 -20.549 0.895 30
1.134 -20.609 0.843 29
1.131 -20.584 0.856 30
1.137 -20.573 0.871 33
1.192 -20.628 0.906 53
1.084 -20.596 0.786 33
1.142 -20.533 0.905 29
1.163 -20.586 0.895 28
1.149 -20.610 0.862 30
1.122 -20.596 0.836 28
1.117 -20.601 0.826 28
1.102 -20.596 0.809 37
1.171 -20.611 0.889 30
1.145 -20.538 0.905 29
1.159 -20.618 0.869 27
1.131 -20.556 0.875 32
1.137 -20.551 0.886 31
1.133 -20.625 0.831 140
1.098 -20.597 0.804 39
1.129 -20.580 0.855 30
1.153 -20.593 0.878 30
1.151 -20.606 0.867 33
1.171 -20.616 0.887 31
1.091 -20.579 0.807 33
1.100 -20.608 0.799 36
1.112 -20.608 0.815 29
1.087 -20.607 0.783 39
1.178 -20.600 0.906 36
1.113 -20.587 0.830 31
1.126 -20.578 0.852 30
1.123 -20.546 0.871 31
1.132 -20.616 0.835 68
1.144 -20.562 0.887 30
1.164 -20.600 0.888 32
1.116 -20.555 0.855 30
1.137 -20.594 0.856 29
1.138 -20.623 0.839 131
1.128 -20.597 0.842 33
1.175 -20.601 0.902 31
1.139 -20.593 0.860 30
1.170 -20.628 0.876 102
1.140 -20.530 0.904 30
1.095 -20.593 0.802 38
1.180 -20.602 0.907 38
1.115 -20.606 0.820 28
1.094 -20.596 0.799 38
1.111 -20.592 0.824 32
1.159 -20.555 0.912 34
1.128 -20.597 0.843 31
1.133 -20.544 0.886 30
1.126 -20.576 0.855 30
1.157 -20.604 0.876 31
1.143 -20.558 0.889 30
1.129 -20.545 0.879 31
1.155 -20.612 0.868 29
1.098 -20.606 0.797 37
1.156 -20.557 0.907 33
1.132 -20.560 0.873 31
1.161 -20.612 0.876 29
1.135 -20.617 0.839 49
1.080 -20.618 0.766 41
1.155 -20.601 0.875 28
1.116 -20.575 0.842 28
1.101 -20.590 0.813 35
1.135 -20.606 0.846 30
1.119 -20.612 0.820 31
1.134 -20.590 0.856 33
1.156 -20.584 0.888 31
1.172 -20.587 0.907 33
1.108 -20.570 0.835 30
1.128 -20.591 0.847 31
1.095 -20.614 0.788 112
1.174 -20.614 0.892 33
1.146 -20.548 0.900 30
1.079 -20.595 0.780 33
1.101 -20.630 0.653 42
1.137 -20.630 0.767 9
1.095 -20.622 0.760 38
1.122 -20.632 0.682 34
1.132 -20.627 0.805 23
1.173 -20.631 0.861 18
1.122 -20.630 0.714 9
1.129 -20.632 0.708 7
1.117 -20.624 0.803 57
1.185 -20.632 0.883 18
1.170 -20.632 0.837 16
1.163 -20.632 0.816 17
1.113 -20.625 0.767 21
1.150 -20.629 0.823 16
1.121 -20.632 0.683 34
1.170 -20.632 0.842 17
1.120 -20.630 0.716 8
1.116 -20.627 0.756 16
1.097 -20.626 0.697 9
1.144 -20.627 0.833 19
1.090 -20.621 0.761 144
1.081 -20.619 0.766 175
1.101 -20.631 0.638 19
1.091 -20.623 0.726 24
1.136 -20.633 0.721 8
1.113 -20.629 0.702 10
1.116 -20.624 0.805 67
1.152 -20.629 0.833 17
1.087 -20.624 0.700 10
1.096 -20.627 0.688 5
1.137 -20.626 0.828 31
1.135 -20.627 0.810 22
1.135 -20.630 0.758 6
1.192 -20.633 0.900 18
1.152 -20.628 0.847 23
1.107 -20.624 0.764 23
1.106 -20.625 0.745 12
1.130 -20.626 0.814 27
1.085 -20.622 0.729 46
1.134 -20.631 0.740 9
1.116 -20.626 0.774 21
1.156 -20.631 0.814 15
1.124 -20.629 0.745 11
1.175 -20.631 0.869 18
1.108 -20.633 0.632 9
1.098 -20.626 0.705 8
1.108 -20.624 0.770 31
1.173 -20.631 0.862 18
1.123 -20.632 0.688 7
1.108 -20.626 0.735 12
1.141 -20.630 0.784 12
1.091 -20.624 0.722 12
1.131 -20.627 0.797 22
1.093 -20.621 0.771 181
1.150 -20.632 0.784 12
1.181 -20.632 0.883 19
1.175 -20.631 0.866 18
1.093 -20.622 0.756 22
1.106 -20.631 0.651 53
1.087 -20.620 0.761 178
1.081 -20.619 0.760 172
1.102 -20.629 0.667 9
1.125 -20.629 0.754 12
1.128 -20.632 0.707 6
1.090 -20.623 0.736 24
1.135 -20.630 0.759 8
1.089 -20.622 0.751 39
1.107 -20.632 0.644 30
1.134 -20.632 0.722 8
1.100 -20.625 0.731 11
1.095 -20.629 0.645 37
1.129 -20.628 0.772 16
1.143 -20.630 0.789 14
1.173 -20.631 0.868 18
1.122 -20.626 0.777 18
1.133 -20.632 0.718 9
1.098 -20.623 0.752 23
1.098 -20.630 0.642 33
1.091 -20.621 0.759 57
1.105 -20.633 0.617 9
1.180 -20.633 0.861 21
1.126 -20.628 0.774 16
1.161 -20.631 0.832 16
1.138 -20.630 0.764 8
1.094 -20.628 0.667 7
1.119 -20.630 0.715 9
1.143 -20.628 0.823 25
1.101 -20.626 0.720 9
1.103 -20.632 0.633 8
1.109 -20.625 0.754 18
1.137 -20.628 0.797 17
1.123 -20.628 0.762 17
1.158 -20.632 0.795 16
1.172 -20.632 0.853 19
1.148 -20.631 0.787 11
1.141 -20.629 0.790 16
1.108 -20.630 0.678 19
1.104 -20.632 0.636 8
1.134 -20.630 0.763 8
1.144 -20.627 0.843 29
1.121 -20.629 0.725 10
1.096 -20.625 0.711 13
1.122 -20.626 0.789 26
1.122 -20.625 0.795 28
1.132 -20.631 0.741 9
1.132 -20.124 0.870 126
1.135 -20.126 0.883 115
1.121 -20.115 0.821 102
1.135 -20.124 0.875 123
1.123 -20.113 0.819 102
1.116 -20.111 0.800 104
1.114 -20.112 0.798 98
1.130 -20.125 0.871 124
1.131 -20.125 0.870 126
1.120 -20.112 0.810 104
1.097 -20.647 0.624 8
1.100 -20.634 0.608 0
1.088 -20.687 0.667 14
