-1.747 -17.460 0.269 59
-1.730 -17.461 0.262 62
-1.671 -17.506 0.262 65
-1.657 -17.496 0.251 67
-1.726 -17.443 0.251 63
-1.736 -17.514 0.293 56
-1.731 -17.519 0.294 58
-1.709 -17.463 0.255 63
-1.751 -17.509 0.297 47
-1.702 -17.500 0.272 64
-1.734 -17.434 0.250 63
-1.736 -17.495 0.283 60
-1.674 -17.508 0.264 68
-1.717 -17.518 0.287 62
-1.735 -17.421 0.243 63
-1.684 -17.483 0.255 64
-1.737 -17.510 0.292 57
-1.693 -17.470 0.252 63
-1.719 -17.506 0.282 62
-1.749 -17.470 0.275 56
-1.702 -17.495 0.269 64
-1.732 -17.503 0.286 61
-1.700 -17.466 0.253 64
-1.736 -17.517 0.295 54
-1.748 -17.479 0.280 56
-1.749 -17.501 0.292 55
-1.717 -17.498 0.277 62
-1.745 -17.466 0.271 59
-1.693 -17.475 0.255 64
-1.724 -17.509 0.286 61
-1.724 -17.491 0.276 62
-1.744 -17.509 0.294 54
-1.716 -17.486 0.270 63
-1.737 -17.425 0.247 63
-1.729 -17.503 0.285 63
-1.659 -17.493 0.250 67
-1.690 -17.454 0.242 65
-1.696 -17.467 0.252 64
-1.651 -17.492 0.246 67
-1.690 -17.466 0.249 64
-1.653 -17.502 0.253 70
-1.693 -17.460 0.247 64
-1.730 -17.478 0.272 63
-1.699 -17.515 0.278 63
-1.704 -17.454 0.248 63
-1.739 -17.437 0.254 63
-1.719 -17.460 0.258 62
-1.671 -17.488 0.252 66
-1.748 -17.483 0.282 55
-1.687 -17.511 0.272 65
-1.734 -17.452 0.260 62
-1.711 -17.506 0.279 62
-1.703 -17.477 0.260 63
-1.738 -17.468 0.270 62
-1.746 -17.477 0.278 57
-1.721 -17.452 0.254 62
-1.746 -17.466 0.272 59
-1.670 -17.482 0.249 65
-1.746 -17.476 0.277 57
-1.732 -17.431 0.248 63
-1.704 -17.499 0.272 66
-1.722 -17.479 0.269 63
-1.695 -17.451 0.243 64
-1.726 -17.510 0.287 61
-1.648 -17.502 0.250 68
-1.745 -17.426 0.250 63
-1.694 -17.505 0.271 64
-1.718 -17.509 0.283 61
-1.738 -17.494 0.284 60
-1.726 -17.475 0.268 62
-1.681 -17.462 0.243 66
-1.722 -17.488 0.274 63
-1.711 -17.483 0.266 62
-1.737 -17.415 0.241 63
-1.721 -17.446 0.251 63
-1.726 -17.475 0.269 62
-1.742 -17.425 0.249 63
-1.734 -17.437 0.252 63
-1.711 -17.481 0.265 62
-1.703 -17.474 0.258 63
-1.700 -17.496 0.269 66
-1.748 -17.476 0.278 56
-1.683 -17.497 0.262 64
-1.738 -17.503 0.288 56
-1.765 -17.501 0.302 142
-1.805 -17.441 0.296 160
-1.812 -17.447 0.304 158
-1.806 -17.412 0.282 175
-1.792 -17.470 0.303 160
-1.848 -17.394 0.299 156
-1.777 -17.399 0.257 61
-1.786 -17.414 0.270 45
-1.874 -17.386 0.312 149
-1.839 -17.380 0.287 159
-1.783 -17.462 0.293 182
-1.809 -17.418 0.287 161
-1.759 -17.466 0.280 54
-1.883 -17.351 0.299 147
-1.867 -17.385 0.307 143
-1.773 -17.401 0.255 58
-1.746 -17.407 0.241 63
-1.809 -17.460 0.309 158
-1.834 -17.406 0.296 159
-1.754 -17.470 0.278 55
-1.818 -17.395 0.281 161
-1.869 -17.370 0.301 142
-1.805 -17.390 0.270 141
-1.799 -17.449 0.297 162
-1.767 -17.468 0.286 49
-1.748 -17.409 0.243 64
-1.842 -17.402 0.300 159
-1.836 -17.398 0.294 160
-1.755 -17.461 0.274 55
-1.832 -17.377 0.281 160
-1.813 -17.429 0.295 160
-1.835 -17.416 0.302 160
-1.823 -17.377 0.275 164
-1.878 -17.351 0.297 146
-1.767 -17.444 0.273 56
-1.784 -17.459 0.292 181
-1.752 -17.497 0.291 49
-1.759 -17.497 0.295 46
-1.818 -17.405 0.286 159
-1.759 -17.414 0.252 60
-1.809 -17.449 0.303 158
-1.772 -17.459 0.284 55
-1.926 -17.328 0.315 126
-1.854 -17.405 0.309 144
-1.802 -17.452 0.300 160
-1.751 -17.444 0.263 59
-1.811 -17.459 0.309 157
-1.769 -17.496 0.301 179
-1.807 -17.403 0.278 176
-1.878 -17.361 0.302 148
-1.830 -17.390 0.286 161
-1.918 -17.332 0.312 128
-1.756 -17.454 0.271 55
-1.763 -17.488 0.293 53
-1.905 -17.340 0.308 149
-1.843 -17.396 0.297 158
-1.824 -17.427 0.301 163
-1.802 -17.381 0.263 54
-1.803 -17.458 0.303 161
-1.895 -17.355 0.309 133
-1.817 -17.407 0.286 159
-1.869 -17.381 0.307 143
-1.824 -17.441 0.308 162
-1.789 -17.452 0.291 177
-1.748 -17.409 0.243 64
-1.755 -17.434 0.260 59
-1.825 -17.436 0.307 162
-1.760 -17.454 0.274 56
-1.777 -17.414 0.264 64
-1.768 -17.411 0.256 59
-1.803 -17.390 0.269 113
-1.891 -17.361 0.310 139
-1.792 -17.472 0.303 162
-1.773 -17.470 0.291 95
-1.876 -17.354 0.297 145
-1.761 -17.461 0.278 54
-1.803 -17.387 0.267 110
-1.834 -17.385 0.286 162
-1.872 -17.359 0.297 143
-1.890 -17.350 0.303 150
-1.841 -17.404 0.300 159
-1.831 -17.372 0.277 161
-1.767 -17.472 0.287 49
-1.753 -17.501 0.294 42
-1.816 -17.444 0.305 160
-1.853 -17.402 0.307 147
-1.853 -17.363 0.287 150
-1.815 -17.408 0.285 158
-1.859 -17.378 0.298 146
-1.748 -17.411 0.244 63
-1.773 -17.405 0.257 57
-1.901 -17.349 0.310 150
-1.799 -17.387 0.264 54
-1.776 -17.429 0.271 49
-1.768 -17.468 0.286 49
-1.871 -17.350 0.292 143
-1.880 -17.368 0.306 149
-1.763 -17.452 0.275 55
-1.904 -17.348 0.311 153
-1.755 -17.509 0.299 44
-1.824 -17.434 0.305 163
-1.897 -17.350 0.309 137
-1.881 -17.363 0.305 150
-1.771 -17.451 0.279 50
-1.794 -17.393 0.264 40
-1.816 -17.445 0.305 160
-1.763 -17.467 0.282 50
-1.808 -17.379 0.266 103
-1.870 -17.362 0.297 143
-1.797 -17.389 0.264 55
-1.855 -17.382 0.298 149
-1.862 -17.368 0.295 144
-1.793 -17.433 0.284 171
-1.785 -17.391 0.258 57
-1.837 -17.418 0.305 159
-1.821 -17.428 0.300 160
-1.886 -17.364 0.308 149
-1.864 -17.354 0.289 145
-1.788 -17.467 0.299 173
-1.801 -17.406 0.275 149
-1.793 -17.456 0.296 161
-1.868 -17.359 0.295 143
-1.849 -17.373 0.290 153
-1.859 -17.358 0.288 146
-1.791 -17.478 0.306 163
-1.799 -17.409 0.276 153
-1.840 -17.377 0.285 159
-1.752 -17.495 0.290 56
-1.797 -17.386 0.263 38
-1.816 -17.436 0.301 158
-1.820 -17.397 0.283 160
-1.817 -17.402 0.284 159
-1.769 -17.487 0.297 144
-1.784 -17.460 0.293 182
-1.773 -17.402 0.256 57
-1.785 -17.463 0.295 176
-1.896 -17.358 0.312 133
-1.794 -17.451 0.294 172
-1.801 -17.431 0.288 168
-1.831 -17.394 0.289 161
-1.793 -17.409 0.272 63
-1.826 -17.374 0.275 165
-1.788 -17.456 0.293 175
-1.781 -17.416 0.268 51
-1.778 -17.495 0.307 172
-1.825 -17.419 0.297 161
-1.868 -17.393 0.312 145
-1.791 -17.445 0.289 175
-1.847 -17.416 0.310 152
-1.793 -17.402 0.268 62
-1.929 -17.330 0.316 122
-1.894 -17.430 0.314 153
-1.823 -17.453 0.311 162
-1.944 -17.361 0.317 157
-1.958 -17.406 0.318 165
-1.880 -17.413 0.313 157
-1.992 -17.357 0.319 109
-1.787 -17.494 0.309 165
-1.843 -17.464 0.312 164
-2.029 -17.362 0.321 96
-1.981 -17.376 0.319 138
-1.869 -17.443 0.313 168
-1.822 -17.455 0.310 162
-1.841 -17.455 0.312 164
-1.992 -17.365 0.319 103
-1.843 -17.446 0.312 162
-1.907 -17.438 0.315 159
-1.962 -17.376 0.318 166
-1.935 -17.350 0.316 153
-1.879 -17.395 0.313 153
-1.888 -17.373 0.314 152
-1.922 -17.363 0.315 157
-2.008 -17.345 0.320 74
-1.939 -17.340 0.316 114
-1.885 -17.406 0.314 152
-1.864 -17.419 0.313 152
-2.029 -17.350 0.321 14
-1.932 -17.334 0.316 113
-1.928 -17.417 0.316 161
-1.870 -17.400 0.313 143
-1.821 -17.474 0.310 164
-1.944 -17.404 0.317 164
-1.938 -17.354 0.316 157
-1.883 -17.436 0.314 163
-1.989 -17.357 0.319 105
-1.833 -17.443 0.311 162
-1.871 -17.405 0.313 147
-1.860 -17.418 0.312 153
-2.027 -17.370 0.321 133
-1.832 -17.466 0.311 166
-1.889 -17.377 0.314 151
-1.902 -17.358 0.314 143
-1.923 -17.392 0.316 160
-1.869 -17.428 0.313 163
-1.914 -17.362 0.315 154
-1.830 -17.471 0.311 166
-1.918 -17.362 0.315 154
-1.917 -17.400 0.315 158
-1.988 -17.383 0.319 156
-1.877 -17.431 0.313 163
-1.969 -17.345 0.318 107
-1.944 -17.372 0.317 159
-1.934 -17.338 0.316 122
-1.993 -17.352 0.319 112
-1.965 -17.356 0.318 109
-1.904 -17.386 0.315 158
-2.037 -17.349 0.321 37
-1.862 -17.410 0.312 143
-1.879 -17.411 0.313 156
-1.920 -17.339 0.315 150
-1.826 -17.453 0.311 162
-1.823 -17.461 0.311 161
-1.875 -17.429 0.313 163
-1.950 -17.383 0.317 164
-2.004 -17.349 0.320 107
-1.792 -17.501 0.309 157
-1.808 -17.479 0.310 158
-1.940 -17.415 0.317 164
-1.838 -17.449 0.311 164
-2.004 -17.359 0.320 84
-1.901 -17.391 0.314 157
-1.962 -17.370 0.318 160
-1.959 -17.381 0.317 166
-1.932 -17.397 0.316 160
-1.891 -17.421 0.314 147
-1.831 -17.479 0.311 167
-1.979 -17.393 0.319 168
-1.965 -17.376 0.318 164
-1.827 -17.458 0.311 164
-1.821 -17.481 0.311 166
-1.823 -17.459 0.311 162
-1.957 -17.401 0.317 165
-1.930 -17.400 0.316 161
-1.966 -17.404 0.318 166
-1.970 -17.395 0.318 164
-1.804 -17.484 0.310 158
-1.893 -17.400 0.314 157
-1.910 -17.354 0.315 153
-1.984 -17.386 0.319 161
-2.003 -17.353 0.320 100
-1.895 -17.426 0.314 148
-1.908 -17.421 0.315 136
-1.937 -17.382 0.316 159
-2.025 -17.364 0.321 92
-1.944 -17.331 0.316 115
-2.025 -17.370 0.321 150
-2.022 -17.345 0.321 15
-1.986 -17.386 0.319 161
-2.002 -17.357 0.320 90
-1.927 -17.391 0.316 160
-1.859 -17.407 0.312 144
-1.904 -17.394 0.315 158
-1.903 -17.379 0.314 157
-1.918 -17.403 0.315 159
-1.888 -17.385 0.314 152
-1.893 -17.374 0.314 150
-1.960 -17.400 0.318 165
-1.921 -17.383 0.315 159
-1.842 -17.473 0.312 165
-1.976 -17.382 0.318 163
-1.897 -17.443 0.314 166
-1.967 -17.384 0.318 166
-1.930 -17.372 0.316 160
-1.841 -17.449 0.311 164
-1.782 -17.505 0.309 166
-1.790 -17.490 0.309 163
-2.020 -17.356 0.321 9
-1.944 -17.393 0.317 165
-1.805 -17.495 0.310 159
-1.896 -17.365 0.314 139
-1.843 -17.426 0.311 158
-2.018 -17.360 0.321 14
-1.941 -17.336 0.316 108
-1.873 -17.423 0.313 160
-1.866 -17.415 0.313 145
-1.931 -17.344 0.316 138
-1.903 -17.365 0.314 146
-1.943 -17.340 0.316 108
-1.831 -17.478 0.311 166
-1.902 -17.363 0.314 142
-1.959 -17.348 0.317 105
-1.980 -17.375 0.319 140
-1.795 -17.495 0.309 159
-1.845 -17.421 0.312 155
-1.871 -17.426 0.313 161
-1.907 -17.432 0.315 148
-1.914 -17.382 0.315 158
-1.778 -17.500 0.308 170
-1.920 -17.375 0.315 156
-1.996 -17.343 0.319 116
-1.823 -17.464 0.311 163
-1.881 -17.423 0.314 160
-1.924 -17.333 0.315 127
-1.935 -17.409 0.316 164
-2.003 -17.345 0.320 127
-1.910 -17.398 0.315 158
-1.925 -17.411 0.316 159
-1.927 -17.344 0.316 142
-1.829 -17.469 0.311 165
-1.980 -17.382 0.319 154
-2.017 -17.350 0.320 16
-1.863 -17.444 0.313 166
-1.924 -17.416 0.316 156
-1.923 -17.339 0.315 142
-1.932 -17.521 0.315 170
-2.040 -17.517 0.319 179
-2.056 -17.605 0.318 137
-1.917 -17.522 0.314 171
-2.064 -17.521 0.320 158
-2.006 -17.559 0.317 182
-2.005 -17.563 0.317 186
-2.036 -17.490 0.319 178
-2.020 -17.584 0.317 181
-1.918 -17.550 0.313 171
-1.880 -17.552 0.312 175
-1.922 -17.522 0.314 172
-1.879 -17.483 0.313 168
-1.919 -17.467 0.315 172
-2.054 -17.557 0.319 167
-2.060 -17.377 0.322 138
-2.026 -17.555 0.318 178
-2.004 -17.568 0.317 183
-1.940 -17.519 0.315 167
-2.003 -17.492 0.318 179
-2.027 -17.379 0.321 160
-2.060 -17.441 0.321 177
-1.902 -17.551 0.313 174
-2.035 -17.598 0.317 177
-2.047 -17.490 0.320 174
-2.021 -17.544 0.318 180
-1.972 -17.445 0.317 168
-1.997 -17.501 0.318 179
-1.852 -17.472 0.312 165
-1.882 -17.503 0.313 171
-1.958 -17.483 0.316 169
-1.916 -17.479 0.315 172
-1.943 -17.531 0.315 167
-1.994 -17.550 0.317 149
-2.074 -17.574 0.319 58
-1.845 -17.491 0.311 166
-1.933 -17.522 0.315 169
-1.940 -17.464 0.316 168
-1.834 -17.494 0.311 167
-1.893 -17.462 0.314 171
-1.850 -17.529 0.311 176
-2.013 -17.547 0.317 189
-1.946 -17.546 0.315 168
-2.063 -17.411 0.322 105
-1.896 -17.476 0.314 170
-2.016 -17.435 0.320 172
-2.059 -17.511 0.320 160
-2.010 -17.390 0.320 162
-2.076 -17.587 0.319 44
-1.904 -17.555 0.313 176
-2.018 -17.466 0.319 176
-1.990 -17.417 0.319 171
-2.040 -17.405 0.321 121
-2.015 -17.542 0.318 184
-2.052 -17.525 0.319 166
-1.908 -17.521 0.314 172
-2.034 -17.559 0.318 178
-1.963 -17.496 0.316 175
-1.795 -17.531 0.309 161
-1.967 -17.566 0.315 148
-2.043 -17.484 0.320 177
-1.991 -17.510 0.317 180
-1.965 -17.582 0.315 169
-2.004 -17.445 0.319 170
-2.056 -17.445 0.321 179
-1.868 -17.528 0.312 177
-1.977 -17.430 0.318 168
-1.989 -17.483 0.318 179
-1.967 -17.549 0.316 174
-1.889 -17.549 0.312 176
-2.060 -17.495 0.320 164
-2.041 -17.517 0.319 177
-1.916 -17.531 0.314 169
-2.011 -17.381 0.320 136
-2.039 -17.453 0.320 175
-1.939 -17.486 0.315 172
-1.945 -17.460 0.316 167
-2.027 -17.376 0.321 160
-1.787 -17.521 0.309 167
-1.802 -17.512 0.309 164
-2.037 -17.588 0.318 175
-2.024 -17.497 0.319 185
-2.051 -17.428 0.321 155
-2.051 -17.431 0.321 159
-1.967 -17.479 0.317 172
-2.068 -17.520 0.320 154
-1.945 -17.491 0.316 169
-1.942 -17.547 0.315 168
-1.988 -17.530 0.317 187
-1.897 -17.463 0.314 170
-2.039 -17.515 0.319 178
-2.014 -17.510 0.318 187
-2.018 -17.573 0.317 176
-2.077 -17.580 0.319 39
-1.988 -17.527 0.317 186
-2.081 -17.610 0.319 55
-1.985 -17.431 0.318 169
-1.995 -17.544 0.317 160
-1.773 -17.529 0.308 176
-1.856 -17.491 0.312 168
-2.028 -17.570 0.318 180
-2.032 -17.586 0.318 175
-2.059 -17.527 0.320 161
-1.881 -17.490 0.313 170
-1.950 -17.546 0.315 170
-1.896 -17.542 0.313 174
-2.058 -17.492 0.320 168
-2.052 -17.520 0.319 167
-1.905 -17.476 0.314 172
-1.850 -17.502 0.312 169
-2.031 -17.474 0.319 181
-2.031 -17.534 0.318 182
-1.974 -17.414 0.318 168
-1.984 -17.410 0.319 166
-2.021 -17.416 0.320 171
-2.000 -17.426 0.319 168
-2.018 -17.560 0.317 179
-2.010 -17.388 0.320 162
-2.054 -17.543 0.319 166
-2.001 -17.501 0.318 181
-1.992 -17.506 0.317 180
-2.041 -17.528 0.319 174
-2.019 -17.594 0.317 184
-2.035 -17.530 0.319 180
-2.016 -17.579 0.317 180
-1.903 -17.544 0.313 173
-2.015 -17.555 0.317 182
-1.974 -17.576 0.315 169
-1.941 -17.431 0.316 166
-1.913 -17.544 0.313 171
-1.948 -17.567 0.314 171
-1.853 -17.484 0.312 165
-2.040 -17.556 0.318 176
-2.064 -17.487 0.321 167
-1.965 -17.473 0.317 171
-2.046 -17.365 0.322 143
-1.970 -17.515 0.316 177
-2.045 -17.570 0.318 173
-1.815 -17.502 0.310 164
-2.020 -17.582 0.317 179
-1.955 -17.545 0.315 170
-1.993 -17.568 0.316 152
-1.882 -17.556 0.312 176
-2.003 -17.539 0.317 177
-1.964 -17.528 0.316 176
-1.911 -17.438 0.315 154
-1.924 -17.534 0.314 168
-2.011 -17.444 0.319 171
-1.957 -17.515 0.316 175
-1.908 -17.531 0.313 172
-1.998 -17.518 0.317 186
-1.967 -17.425 0.318 165
-1.835 -17.504 0.311 168
-1.854 -17.479 0.312 165
-2.016 -17.428 0.320 172
-1.908 -17.439 0.315 159
-2.034 -17.507 0.319 182
-2.028 -17.572 0.318 180
-2.075 -17.538 0.320 154
-2.061 -17.595 0.319 122
-1.842 -17.535 0.311 176
-2.028 -17.574 0.318 180
-1.980 -17.569 0.316 156
-1.914 -17.478 0.315 170
-2.079 -17.596 0.319 75
-1.924 -17.432 0.316 166
-1.851 -17.540 0.311 177
-1.979 -17.421 0.318 168
-2.024 -17.483 0.319 179
-2.057 -17.399 0.322 122
-2.045 -17.488 0.320 176
-2.078 -17.599 0.319 71
-1.808 -17.503 0.310 162
-2.062 -17.452 0.321 171
-1.936 -17.447 0.316 169
-2.004 -17.493 0.318 179
-1.950 -17.459 0.316 170
-2.028 -17.519 0.319 183
-1.902 -17.524 0.313 173
-2.048 -17.483 0.320 177
-1.903 -17.501 0.314 172
-1.890 -17.467 0.314 172
-1.925 -17.493 0.315 174
-1.824 -17.522 0.310 168
-1.993 -17.480 0.318 179
-1.854 -17.518 0.311 175
-2.062 -17.430 0.321 154
-1.977 -17.567 0.316 166
-2.045 -17.409 0.321 109
-1.886 -17.533 0.312 177
-2.036 -17.585 0.318 176
-1.945 -17.438 0.317 166
-2.004 -17.545 0.317 167
-2.007 -17.431 0.319 171
-1.974 -17.572 0.315 168
-2.055 -17.505 0.320 169
-1.923 -17.538 0.314 168
-1.940 -17.524 0.315 167
-2.003 -17.386 0.320 168
-2.061 -17.551 0.319 159
-2.048 -17.579 0.318 172
-2.028 -17.459 0.320 174
-2.028 -17.383 0.321 166
-1.936 -17.544 0.314 166
-1.906 -17.498 0.314 172
-2.049 -17.447 0.321 172
-1.943 -17.560 0.314 168
-1.790 -17.522 0.309 162
-1.999 -17.447 0.319 170
-2.015 -17.524 0.318 186
-2.003 -17.535 0.317 183
-2.050 -17.472 0.320 173
-1.982 -17.473 0.317 176
-1.927 -17.557 0.314 174
-2.025 -17.420 0.320 170
-1.995 -17.500 0.318 179
-1.964 -17.540 0.316 177
-1.831 -17.514 0.310 167
-2.023 -17.483 0.319 178
-1.912 -17.496 0.314 172
-1.912 -17.542 0.313 171
-2.049 -17.538 0.319 169
-2.069 -17.522 0.320 155
-2.046 -17.511 0.319 173
-2.038 -17.409 0.321 136
-2.060 -17.441 0.321 177
-1.827 -17.489 0.311 167
-2.074 -17.598 0.319 71
-1.811 -17.521 0.310 167
-1.973 -17.438 0.318 167
-1.877 -17.553 0.312 176
-1.799 -17.536 0.309 171
-1.959 -17.461 0.317 168
-2.053 -17.386 0.322 120
-1.863 -17.504 0.312 172
-1.908 -17.509 0.314 171
-1.881 -17.480 0.313 168
-2.014 -17.408 0.320 177
-1.881 -17.481 0.313 168
-1.862 -17.465 0.313 167
-1.855 -17.484 0.312 167
-1.842 -17.487 0.311 167
-2.007 -17.538 0.317 179
-2.015 -17.477 0.319 177
-2.067 -17.565 0.319 180
-2.074 -17.576 0.319 54
-1.949 -17.463 0.316 167
-1.941 -17.531 0.315 167
-1.891 -17.496 0.313 170
-1.893 -17.510 0.313 172
-1.824 -17.534 0.310 170
-1.929 -17.532 0.314 168
-2.007 -17.496 0.318 181
-1.875 -17.490 0.313 169
-2.005 -17.480 0.318 176
-1.867 -17.554 0.311 177
-2.028 -17.576 0.318 180
-2.031 -17.580 0.318 179
-2.020 -17.470 0.319 177
-1.869 -17.525 0.312 176
-2.067 -17.491 0.321 161
-2.053 -17.540 0.319 164
-1.878 -17.509 0.313 171
-1.957 -17.419 0.317 165
-2.019 -17.504 0.318 185
-2.061 -17.469 0.321 173
-1.866 -17.492 0.312 170
-2.064 -17.597 0.319 67
-1.935 -17.486 0.315 172
-2.043 -17.575 0.318 174
-2.019 -17.441 0.320 171
-1.921 -17.441 0.315 165
-2.042 -17.450 0.320 175
-1.898 -17.454 0.314 169
-1.863 -17.549 0.311 177
-2.037 -17.473 0.320 181
-1.918 -17.508 0.314 172
-2.020 -17.457 0.319 173
-2.007 -17.472 0.318 175
-2.050 -17.391 0.322 122
-2.046 -17.389 0.322 128
-1.970 -17.440 0.318 167
-1.962 -17.474 0.317 170
-2.054 -17.569 0.319 169
-2.028 -17.475 0.319 180
-1.994 -17.509 0.317 181
-1.961 -17.517 0.316 176
-2.023 -17.577 0.317 180
-1.971 -17.420 0.318 165
-1.800 -17.504 0.309 162
-2.048 -17.448 0.321 172
-1.873 -17.523 0.312 175
-1.931 -17.563 0.314 168
-1.983 -17.534 0.316 187
-2.017 -17.483 0.319 180
-2.051 -17.516 0.320 168
-1.945 -17.428 0.317 165
-2.049 -17.450 0.321 172
-1.915 -17.471 0.315 173
-1.938 -17.490 0.315 172
-2.041 -17.462 0.320 174
-1.809 -17.495 0.310 162
-1.837 -17.504 0.311 169
-1.968 -17.406 0.318 166
-2.066 -17.484 0.321 166
-1.895 -17.521 0.313 174
-1.986 -17.451 0.318 172
-1.974 -17.488 0.317 177
-2.054 -17.356 0.322 148
-1.930 -17.511 0.315 172
-1.901 -17.495 0.314 172
-1.880 -17.502 0.313 171
-1.897 -17.525 0.313 174
-1.822 -17.507 0.310 166
-1.893 -17.482 0.314 169
-1.995 -17.435 0.319 168
-2.041 -17.580 0.318 174
-2.039 -17.420 0.321 153
-2.035 -17.406 0.321 144
-1.999 -17.543 0.317 163
-2.014 -17.560 0.317 178
-2.046 -17.541 0.319 172
-1.968 -17.456 0.317 169
-2.002 -17.436 0.319 169
-1.950 -17.518 0.315 170
-1.919 -17.520 0.314 172
-2.008 -17.466 0.319 173
-1.875 -17.504 0.313 170
-1.839 -17.531 0.311 174
-2.052 -17.555 0.319 169
-2.058 -17.594 0.318 157
-1.893 -17.530 0.313 174
-1.893 -17.485 0.314 169
-1.996 -17.492 0.318 178
-1.905 -17.553 0.313 175
-2.051 -17.442 0.321 174
-1.933 -17.549 0.314 167
-1.800 -17.533 0.309 168
-2.018 -17.434 0.320 171
-1.892 -17.519 0.313 174
-1.997 -17.391 0.319 166
-1.958 -17.493 0.316 170
-1.936 -17.454 0.316 170
-1.818 -17.512 0.310 167
-2.049 -17.490 0.320 174
-2.006 -17.403 0.320 167
-2.060 -17.447 0.321 179
-1.895 -17.470 0.314 170
-2.056 -17.604 0.318 144
-2.018 -17.415 0.320 171
-1.835 -17.545 0.310 172
-2.063 -17.593 0.319 76
-1.909 -17.517 0.314 172
-2.028 -17.545 0.318 180
-1.913 -17.451 0.315 169
-2.054 -17.590 0.318 183
-1.766 -17.522 0.308 190
-1.988 -17.552 0.316 174
-2.057 -17.578 0.319 179
-2.009 -17.488 0.318 179
-1.869 -17.505 0.312 172
-1.831 -17.484 0.311 167
-2.040 -17.571 0.318 172
-1.922 -17.464 0.315 171
-2.033 -17.383 0.321 166
-2.044 -17.367 0.322 142
-2.002 -17.581 0.316 167
-1.954 -17.427 0.317 166
-1.837 -17.492 0.311 167
-2.007 -17.444 0.319 172
-2.072 -17.555 0.320 167
-1.990 -17.550 0.316 174
-1.893 -17.532 0.313 174
-1.810 -17.513 0.310 166
-2.014 -17.563 0.317 177
-2.059 -17.361 0.323 161
-2.028 -17.433 0.320 170
-2.026 -17.493 0.319 182
-1.863 -17.501 0.312 171
-1.914 -17.467 0.315 172
-2.015 -17.399 0.320 167
-2.024 -17.566 0.318 176
-1.877 -17.558 0.312 179
-2.040 -17.586 0.318 176
-1.832 -17.521 0.310 169
-1.780 -17.530 0.308 171
-2.048 -17.572 0.318 171
-1.918 -17.568 0.313 172
-1.910 -17.528 0.314 171
-2.016 -17.586 0.317 178
-1.852 -17.550 0.311 178
-1.954 -17.479 0.316 169
-1.820 -17.492 0.310 165
-2.005 -17.556 0.317 175
-2.015 -17.456 0.319 174
-1.857 -17.491 0.312 168
-1.980 -17.560 0.316 167
-2.024 -17.402 0.320 177
-1.968 -17.544 0.316 173
-2.014 -17.470 0.319 178
-2.002 -17.573 0.317 176
-2.019 -17.421 0.320 177
-2.068 -17.569 0.319 179
-1.972 -17.483 0.317 176
-1.936 -17.543 0.314 166
-1.805 -17.533 0.309 168
-1.895 -17.502 0.313 171
-1.969 -17.418 0.318 165
-1.971 -17.521 0.316 175
-2.025 -17.561 0.318 177
-2.030 -17.475 0.319 181
-1.797 -17.532 0.309 166
-1.768 -17.530 0.308 188
-1.984 -17.411 0.319 166
-2.017 -17.537 0.318 186
-2.025 -17.397 0.320 180
-1.967 -17.577 0.315 148
-1.922 -17.437 0.316 167
-2.064 -17.518 0.320 158
-1.809 -17.534 0.309 168
-1.538 -17.521 0.234 18
-1.532 -17.510 0.249 18
-1.562 -17.556 0.223 25
-1.547 -17.533 0.238 24
-1.544 -17.529 0.238 19
-1.540 -17.536 0.178 43
-1.534 -17.513 0.251 19
-1.544 -17.539 0.189 25
-1.553 -17.550 0.193 23
-1.548 -17.537 0.226 24
-1.539 -17.530 0.201 23
-1.555 -17.547 0.227 25
-1.536 -17.519 0.238 19
-1.538 -17.530 0.193 26
-1.535 -17.515 0.246 21
-1.563 -17.558 0.225 26
-1.552 -17.541 0.230 24
-1.549 -17.543 0.201 21
-1.545 -17.534 0.223 22
-1.548 -17.539 0.214 21
-1.547 -17.533 0.238 24
-1.558 -17.552 0.220 22
-1.542 -17.534 0.205 23
-1.556 -17.549 0.220 18
-1.564 -17.559 0.223 27
-1.554 -17.550 0.203 24
-1.543 -17.535 0.200 23
-1.553 -17.545 0.222 23
-1.700 -17.482 0.054 26
-1.762 -17.483 0.089 21
-1.721 -17.488 0.057 22
-1.715 -17.479 0.068 20
-1.734 -17.469 0.096 20
-1.761 -17.486 0.084 20
-1.756 -17.484 0.084 21
-1.718 -17.470 0.084 20
-1.754 -17.476 0.096 17
-1.768 -17.482 0.095 20
-1.761 -17.479 0.096 16
-1.726 -17.460 0.106 61
-1.706 -17.480 0.062 25
-1.740 -17.469 0.100 47
-1.723 -17.462 0.101 73
-1.752 -17.488 0.075 23
-1.749 -17.479 0.088 20
-1.738 -17.470 0.096 22
-1.729 -17.474 0.085 20
-1.771 -17.480 0.100 12
-1.772 -17.484 0.094 20
-1.746 -17.472 0.098 19
-1.722 -17.472 0.084 20
-1.697 -17.484 0.051 27
-1.764 -17.486 0.086 19
-1.717 -17.482 0.064 19
-1.710 -17.471 0.078 22
-1.729 -17.475 0.083 20
-1.772 -17.485 0.093 20
-1.728 -17.457 0.113 39
-1.708 -17.477 0.067 24
-1.709 -17.475 0.071 22
-1.750 -17.485 0.080 23
-1.764 -17.476 0.102 13
-1.740 -17.472 0.094 17
-1.767 -17.486 0.075 20
-1.744 -17.490 0.051 28
-1.861 -17.475 0.058 15
-1.791 -17.484 0.063 23
-1.784 -17.484 0.086 14
-1.910 -17.469 0.054 12
-1.801 -17.482 0.067 39
-1.835 -17.478 0.083 14
-1.846 -17.477 0.055 16
-1.826 -17.479 0.076 14
-1.853 -17.476 0.068 14
-1.729 -17.492 0.052 23
-1.786 -17.484 0.074 11
-1.827 -17.479 0.080 16
-1.776 -17.486 0.063 15
-1.956 -17.463 0.052 14
-1.796 -17.483 0.054 36
-1.897 -17.470 0.053 14
-1.862 -17.475 0.055 17
-1.762 -17.487 0.072 20
-1.830 -17.478 0.082 13
-1.853 -17.476 0.066 15
-1.806 -17.481 0.085 38
-1.776 -17.486 0.063 17
-1.798 -17.483 0.069 33
-1.837 -17.478 0.072 20
-1.885 -17.472 0.052 14
-1.865 -17.474 0.072 14
-1.845 -17.477 0.070 14
-1.858 -17.475 0.072 14
-1.742 -17.490 0.061 25
-1.890 -17.471 0.067 15
-1.834 -17.478 0.052 22
-1.893 -17.471 0.066 15
-1.805 -17.482 0.061 26
-1.773 -17.486 0.078 20
-1.777 -17.485 0.067 14
-1.850 -17.476 0.067 15
-1.789 -17.484 0.068 15
-1.733 -17.491 0.053 20
-1.826 -17.479 0.061 16
-1.841 -17.477 0.073 12
-2.046 -17.533 0.052 13
-2.072 -17.580 0.063 19
-2.067 -17.622 0.053 13
-2.102 -17.576 0.083 18
-2.075 -17.564 0.068 21
-2.064 -17.525 0.065 20
-2.076 -17.559 0.069 20
-2.050 -17.561 0.051 17
-2.062 -17.533 0.063 16
-2.060 -17.576 0.055 18
-2.057 -17.571 0.054 15
-2.043 -17.529 0.051 15
-2.076 -17.564 0.068 21
-2.074 -17.609 0.060 15
-2.070 -17.551 0.066 22
-2.057 -17.516 0.062 19
-2.067 -17.613 0.054 14
-2.100 -17.574 0.083 17
-2.068 -17.632 0.052 13
-2.083 -17.600 0.067 17
-2.062 -17.525 0.064 19
-2.075 -17.583 0.065 18
-2.068 -17.575 0.061 16
-2.082 -17.604 0.066 16
-2.063 -17.590 0.056 19
-2.055 -17.560 0.054 16
-2.051 -17.560 0.052 17
-2.073 -17.567 0.065 20
-2.062 -17.536 0.062 16
-2.052 -17.529 0.057 14
-2.082 -17.618 0.063 18
-2.059 -17.603 0.051 14
-2.065 -17.592 0.057 19
-2.089 -17.560 0.077 28
-2.066 -17.589 0.058 20
-2.064 -17.595 0.055 18
-2.071 -17.607 0.058 13
-2.082 -17.608 0.065 19
-2.056 -17.582 0.052 16
-2.060 -17.576 0.055 18
-2.065 -17.594 0.056 19
-2.070 -17.568 0.063 17
-2.094 -17.570 0.079 24
-2.067 -17.542 0.065 21
-2.085 -17.569 0.073 28
-1.967 -17.282 0.089 25
-1.983 -17.302 0.142 31
-1.982 -17.228 0.112 27
-1.995 -17.236 0.154 32
-1.979 -17.246 0.108 28
-2.007 -17.224 0.185 33
-1.996 -17.259 0.166 33
-1.995 -17.259 0.161 32
-1.982 -17.294 0.138 30
-2.005 -17.244 0.187 34
-1.969 -17.356 0.125 33
-1.972 -17.340 0.126 32
-1.974 -17.313 0.120 27
-1.987 -17.271 0.142 28
-1.969 -17.264 0.088 26
-1.967 -17.322 0.105 26
-1.974 -17.248 0.095 27
-1.972 -17.365 0.137 35
-1.966 -17.240 0.069 25
-1.978 -17.344 0.146 32
-1.970 -17.333 0.116 30
-1.968 -17.347 0.117 31
-1.987 -17.272 0.143 28
-1.991 -17.263 0.153 29
-1.991 -17.272 0.154 31
-1.984 -17.313 0.151 32
-1.999 -17.223 0.160 34
-1.972 -17.302 0.111 25
-1.979 -17.311 0.134 31
-1.979 -17.283 0.125 24
-1.990 -17.282 0.157 31
-1.981 -17.279 0.130 27
-1.976 -17.282 0.114 25
-1.994 -17.232 0.149 30
-1.980 -17.233 0.109 28
-1.992 -17.250 0.149 29
-1.979 -17.325 0.141 32
-1.976 -17.268 0.110 27
-1.984 -17.274 0.136 28
-1.991 -17.245 0.145 30
-1.969 -17.296 0.099 25
-1.988 -17.224 0.128 29
-1.976 -17.242 0.100 27
-1.998 -17.231 0.159 32
-2.009 -17.228 0.192 34
-1.973 -17.332 0.126 31
-1.989 -17.231 0.134 30
-1.978 -17.270 0.116 27
-1.984 -17.271 0.134 27
-1.991 -17.294 0.163 33
-1.967 -17.251 0.075 24
-2.010 -17.224 0.192 34
-1.998 -17.225 0.157 32
-1.975 -17.272 0.107 26
-1.984 -17.284 0.139 30
-1.989 -17.272 0.150 31
-2.009 -17.225 0.189 34
-1.976 -17.357 0.144 34
-1.986 -17.284 0.146 30
-1.975 -17.333 0.131 32
-1.980 -17.234 0.107 27
-1.989 -17.298 0.159 32
-1.999 -17.228 0.161 32
-1.965 -17.246 0.068 22
-1.971 -17.286 0.101 26
-1.980 -17.301 0.136 28
-1.987 -17.310 0.159 35
-1.981 -17.328 0.148 34
-1.972 -17.302 0.111 25
-1.981 -17.264 0.121 27
-1.974 -17.279 0.109 26
-1.993 -17.233 0.146 31
-1.978 -17.239 0.103 27
-1.984 -17.226 0.117 29
-1.970 -17.253 0.086 26
-1.984 -17.297 0.145 31
-1.995 -17.280 0.170 32
-1.972 -17.347 0.128 33
-1.988 -17.295 0.154 32
-1.981 -17.300 0.135 29
-1.986 -17.278 0.144 30
-1.974 -17.284 0.111 25
-1.981 -17.339 0.153 34
-1.988 -17.285 0.150 29
-2.001 -17.251 0.175 33
-1.985 -17.283 0.143 30
-1.971 -17.378 0.137 36
-1.996 -17.226 0.151 31
-1.993 -17.231 0.144 30
-1.988 -17.223 0.127 29
-1.988 -17.268 0.144 27
-1.969 -17.261 0.086 26
-1.989 -17.253 0.142 28
-1.995 -17.250 0.158 28
-1.974 -17.238 0.091 26
-2.006 -17.236 0.186 33
-1.966 -17.238 0.067 21
-1.991 -17.289 0.163 32
-1.996 -17.276 0.170 34
-1.964 -17.233 0.062 21
-1.970 -17.264 0.089 26
-1.996 -17.266 0.168 31
-1.987 -17.289 0.150 29
-1.985 -17.290 0.146 29
-1.978 -17.277 0.118 26
-1.986 -17.264 0.137 28
-2.010 -17.223 0.194 34
-1.967 -17.259 0.080 25
-1.980 -17.284 0.127 24
-2.006 -17.240 0.187 33
-1.983 -17.324 0.153 35
-1.998 -17.263 0.172 31
-1.984 -17.325 0.156 35
-1.976 -17.224 0.091 26
-1.994 -17.284 0.169 32
-1.969 -17.361 0.126 33
-1.984 -17.294 0.144 29
-1.992 -17.268 0.158 31
-1.973 -17.237 0.089 25
-1.991 -17.242 0.144 30
-1.978 -17.304 0.129 29
-1.953 -17.350 0.077 19
-1.958 -17.346 0.088 27
-1.957 -17.316 0.075 24
-1.958 -17.320 0.079 23
-1.949 -17.321 0.055 21
-1.938 -17.388 0.052 29
-1.962 -17.262 0.066 21
-1.963 -17.313 0.090 25
-1.945 -17.394 0.072 41
-1.946 -17.395 0.077 40
-1.964 -17.354 0.110 31
-1.959 -17.332 0.086 21
-1.965 -17.340 0.107 29
-1.965 -17.353 0.112 31
-1.957 -17.336 0.083 21
-1.956 -17.314 0.072 24
-1.964 -17.226 0.056 22
-1.946 -17.341 0.055 21
-1.958 -17.280 0.064 22
-1.962 -17.283 0.076 24
-1.961 -17.278 0.070 23
-1.959 -17.342 0.089 24
-1.960 -17.342 0.094 28
-1.955 -17.322 0.071 23
-1.942 -17.368 0.053 19
-1.964 -17.367 0.114 31
-1.956 -17.279 0.057 20
-1.965 -17.323 0.099 25
-1.964 -17.244 0.065 21
-1.952 -17.348 0.074 18
-1.953 -17.333 0.069 22
-1.965 -17.380 0.122 36
-1.948 -17.399 0.082 40
-1.960 -17.252 0.057 20
-1.945 -17.401 0.074 41
-1.954 -17.396 0.097 36
-1.966 -17.342 0.109 30
-1.945 -17.344 0.054 20
-1.966 -17.323 0.101 25
-1.935 -17.411 0.053 40
-1.965 -17.288 0.083 25
-1.954 -17.330 0.071 22
-1.957 -17.342 0.084 21
-1.965 -17.306 0.091 25
-1.962 -17.360 0.105 28
-1.960 -17.286 0.072 24
-1.949 -17.325 0.056 21
-1.962 -17.227 0.052 21
-1.949 -17.329 0.059 22
-1.961 -17.345 0.098 27
-1.959 -17.385 0.108 34
-1.940 -17.380 0.053 18
-1.955 -17.305 0.064 23
-1.952 -17.368 0.083 31
-1.964 -17.367 0.114 33
-1.960 -17.269 0.065 22
-1.961 -17.292 0.076 24
-1.967 -17.340 0.111 30
-1.956 -17.296 0.063 22
-1.940 -17.402 0.063 42
-1.962 -17.290 0.078 24
-1.954 -17.324 0.070 23
-1.962 -17.301 0.082 25
-1.958 -17.382 0.104 33
-1.937 -17.399 0.052 42
-1.954 -17.290 0.056 21
-1.963 -17.242 0.061 20
-1.941 -17.403 0.065 42
-1.967 -17.358 0.120 32
-1.952 -17.291 0.052 20
-1.949 -17.389 0.082 38
-1.953 -17.348 0.076 18
-1.963 -17.242 0.061 21
-1.963 -17.269 0.072 25
-1.962 -17.390 0.117 34
-1.952 -17.395 0.093 37
-1.963 -17.236 0.058 22
-1.947 -17.348 0.059 20
-1.947 -17.343 0.057 20
-1.965 -17.324 0.099 25
-1.966 -17.312 0.096 24
-1.959 -17.371 0.102 32
-1.942 -17.396 0.066 42
-1.948 -17.383 0.075 36
-1.946 -17.352 0.059 20
-1.963 -17.315 0.090 25
-1.953 -17.322 0.066 22
-1.955 -17.286 0.057 22
-1.945 -17.370 0.062 21
-1.957 -17.395 0.107 36
-1.959 -17.351 0.093 27
-1.955 -17.363 0.088 29
-1.964 -17.381 0.119 32
-1.946 -17.368 0.066 26
-1.965 -17.314 0.096 24
-1.955 -17.360 0.086 28
-1.952 -17.338 0.070 23
-1.957 -17.287 0.062 22
-1.952 -17.324 0.064 23
-1.947 -17.359 0.064 18
-1.865 -17.590 0.230 128
-1.928 -17.619 0.212 8
-1.827 -17.565 0.267 135
-1.723 -17.527 0.267 58
-1.931 -17.618 0.218 63
-1.746 -17.534 0.271 48
-1.704 -17.522 0.258 60
-1.691 -17.521 0.244 61
-1.846 -17.576 0.255 160
-1.660 -17.508 0.249 66
-1.708 -17.524 0.257 59
-1.921 -17.615 0.217 46
-1.775 -17.542 0.282 184
-1.799 -17.551 0.281 74
-1.706 -17.518 0.276 62
-1.778 -17.542 0.286 165
-1.803 -17.553 0.279 96
-1.907 -17.606 0.228 138
-1.849 -17.587 0.223 108
-1.656 -17.508 0.245 66
-1.769 -17.537 0.290 158
-1.875 -17.596 0.223 120
-1.905 -17.609 0.216 24
-1.738 -17.530 0.274 55
-1.775 -17.553 0.245 161
-1.823 -17.569 0.252 149
-1.671 -17.509 0.260 65
-1.773 -17.541 0.281 184
-1.770 -17.551 0.245 145
-1.846 -17.585 0.223 108
-1.720 -17.525 0.268 59
-1.673 -17.513 0.251 65
-1.924 -17.614 0.223 144
-1.732 -17.531 0.265 53
-1.801 -17.564 0.239 154
-1.725 -17.535 0.241 52
-1.776 -17.555 0.236 108
-1.673 -17.511 0.258 65
-1.666 -17.512 0.246 64
-1.866 -17.592 0.226 129
-1.809 -17.563 0.253 139
-1.781 -17.541 0.292 151
-1.865 -17.589 0.236 126
-1.715 -17.526 0.257 58
-1.742 -17.540 0.246 50
-1.833 -17.578 0.233 40
-1.750 -17.542 0.249 47
-1.765 -17.538 0.283 108
-1.732 -17.535 0.251 51
-1.895 -17.605 0.217 11
-1.725 -17.537 0.236 51
-1.957 -17.630 0.212 14
-1.896 -17.604 0.223 136
-1.760 -17.531 0.300 87
-1.850 -17.577 0.256 159
-1.756 -17.545 0.245 61
-1.727 -17.535 0.242 51
-1.776 -17.555 0.238 131
-1.776 -17.554 0.243 160
-1.770 -17.553 0.236 111
-1.806 -17.564 0.243 144
-1.858 -17.590 0.223 128
-1.663 -17.510 0.247 65
-1.806 -17.557 0.269 171
-1.938 -17.622 0.215 38
-1.807 -17.557 0.270 145
-1.740 -17.531 0.273 54
-1.747 -17.526 0.298 51
-1.731 -17.529 0.268 54
-1.814 -17.572 0.228 153
-1.847 -17.575 0.259 180
-1.877 -17.596 0.226 137
-1.759 -17.531 0.298 80
-1.831 -17.570 0.258 169
-1.721 -17.531 0.249 56
-1.776 -17.538 0.296 151
-1.827 -17.576 0.232 106
-1.953 -17.629 0.209 24
-1.785 -17.559 0.235 29
-1.856 -17.588 0.226 144
-1.696 -17.522 0.248 61
-1.759 -17.534 0.287 82
-1.766 -17.540 0.278 109
-1.835 -17.578 0.233 85
-1.871 -17.587 0.248 154
-1.735 -17.523 0.297 54
-1.776 -17.546 0.268 174
-1.850 -17.582 0.241 132
-1.848 -17.585 0.228 136
-1.763 -17.541 0.270 75
-1.841 -17.582 0.227 139
-1.719 -17.523 0.275 61
-1.753 -17.541 0.256 86
-1.820 -17.570 0.242 88
-1.828 -17.574 0.239 19
-1.758 -17.531 0.297 81
-1.809 -17.555 0.280 148
-1.755 -17.542 0.255 84
-1.749 -17.542 0.248 43
-1.765 -17.533 0.301 113
-1.819 -17.567 0.253 146
-1.832 -17.572 0.250 146
-1.761 -17.532 0.297 78
-1.737 -17.540 0.237 49
-1.875 -17.594 0.231 122
-1.821 -17.571 0.242 88
-1.841 -17.573 0.261 187
-1.770 -17.555 0.230 89
-1.748 -17.535 0.269 51
-1.807 -17.554 0.281 149
-1.716 -17.532 0.240 54
-1.680 -17.511 0.264 65
-1.809 -17.563 0.253 140
-1.681 -17.511 0.269 65
-1.827 -17.571 0.247 145
-1.824 -17.577 0.225 107
-1.685 -17.518 0.247 62
-1.758 -17.544 0.253 74
-1.740 -17.537 0.253 48
-1.726 -17.528 0.266 57
-1.670 -17.514 0.243 64
-1.787 -17.549 0.274 130
-1.825 -17.574 0.234 63
-1.769 -17.551 0.243 66
-1.788 -17.559 0.240 36
-1.731 -17.535 0.248 51
-1.731 -17.537 0.243 50
-1.792 -17.555 0.259 178
-1.755 -17.541 0.260 87
-1.777 -17.545 0.274 174
-1.865 -17.589 0.234 124
-1.728 -17.532 0.254 53
-1.751 -17.544 0.242 41
-1.711 -17.529 0.242 57
-1.933 -17.621 0.212 10
-1.725 -17.535 0.242 52
-1.842 -17.575 0.253 157
-1.795 -17.563 0.234 99
-1.909 -17.575 0.297 187
-1.900 -17.599 0.242 129
-1.805 -17.553 0.284 159
-1.883 -17.579 0.274 135
-1.983 -17.593 0.304 155
-1.913 -17.605 0.237 171
-1.968 -17.614 0.252 190
-1.927 -17.588 0.280 91
-1.893 -17.585 0.268 156
-1.982 -17.631 0.225 87
-1.867 -17.579 0.265 99
-1.812 -17.556 0.280 144
-1.798 -17.547 0.290 133
-1.879 -17.574 0.283 66
-1.876 -17.567 0.296 195
-1.996 -17.621 0.254 114
-1.983 -17.601 0.287 179
-1.931 -17.593 0.274 161
-1.933 -17.614 0.230 112
-1.898 -17.581 0.278 138
-1.956 -17.581 0.312 150
-1.972 -17.616 0.250 196
-1.967 -17.597 0.286 167
-2.015 -17.605 0.296 200
-2.037 -17.608 0.303 182
-1.838 -17.556 0.295 177
-1.910 -17.569 0.311 177
-1.877 -17.562 0.305 177
-1.949 -17.586 0.297 184
-1.891 -17.590 0.257 187
-1.941 -17.609 0.245 123
-1.810 -17.552 0.287 148
-1.924 -17.610 0.234 155
-1.886 -17.566 0.303 185
-1.874 -17.568 0.291 132
-1.908 -17.599 0.246 158
-1.842 -17.556 0.297 187
-1.893 -17.583 0.272 147
-2.033 -17.619 0.278 180
-2.004 -17.599 0.303 190
-1.921 -17.573 0.308 176
-1.991 -17.617 0.257 161
-1.971 -17.603 0.276 50
-1.943 -17.614 0.235 107
-1.965 -17.592 0.294 193
-1.849 -17.563 0.286 55
-1.927 -17.603 0.249 156
-2.053 -17.620 0.288 47
-1.953 -17.612 0.246 143
-1.870 -17.568 0.288 69
-1.863 -17.558 0.306 182
-1.982 -17.600 0.288 204
-1.996 -17.622 0.251 153
-1.962 -17.603 0.269 107
-1.953 -17.620 0.230 110
-1.961 -17.613 0.249 191
-1.916 -17.593 0.264 162
-2.017 -17.607 0.294 198
-2.043 -17.605 0.314 175
-2.001 -17.610 0.278 108
-1.981 -17.631 0.223 94
-1.943 -17.596 0.273 157
-1.904 -17.599 0.245 147
-1.896 -17.592 0.255 184
-1.840 -17.569 0.270 159
-1.929 -17.583 0.293 197
-1.977 -17.589 0.309 148
-1.803 -17.540 0.308 168
-2.012 -17.603 0.299 191
-1.962 -17.609 0.257 166
-2.017 -17.604 0.299 192
-1.806 -17.547 0.296 147
-1.956 -17.617 0.237 151
-1.934 -17.610 0.240 141
-1.917 -17.591 0.269 156
-1.947 -17.608 0.250 164
-1.850 -17.564 0.285 55
-1.994 -17.595 0.306 124
-1.979 -17.598 0.290 200
-1.948 -17.580 0.310 175
-1.854 -17.564 0.288 120
-1.983 -17.630 0.227 87
-1.981 -17.626 0.233 110
-2.002 -17.624 0.250 107
-1.959 -17.598 0.279 115
-1.860 -17.562 0.296 188
-1.964 -17.623 0.230 122
-1.862 -17.577 0.266 127
-1.896 -17.577 0.286 113
-1.990 -17.632 0.227 97
-1.972 -17.604 0.273 114
-1.961 -17.593 0.290 196
-2.031 -17.615 0.286 194
-1.903 -17.579 0.285 93
-1.941 -17.598 0.269 165
-1.901 -17.584 0.274 152
-2.010 -17.620 0.263 176
-1.917 -17.579 0.294 196
-1.984 -17.612 0.264 111
-1.973 -17.589 0.306 163
-1.891 -17.578 0.281 138
-1.943 -17.587 0.293 198
-1.942 -17.614 0.236 103
-1.946 -17.620 0.227 91
-1.983 -17.620 0.247 185
-1.954 -17.583 0.307 170
-1.995 -17.612 0.271 174
-2.026 -17.603 0.307 188
-1.897 -17.591 0.257 187
-1.927 -17.587 0.283 86
-1.952 -17.589 0.294 187
-2.000 -17.592 0.316 175
-1.996 -17.623 0.248 146
-2.019 -17.604 0.301 190
-1.770 -17.534 0.301 162
-2.005 -17.606 0.288 206
-2.007 -17.594 0.315 182
-1.921 -17.593 0.268 160
-1.825 -17.547 0.306 179
-1.886 -17.571 0.293 194
-1.872 -17.560 0.307 181
-1.967 -17.634 0.209 43
-1.839 -17.550 0.308 172
-1.931 -17.575 0.309 177
-1.931 -17.582 0.295 197
-2.006 -17.599 0.304 186
-1.886 -17.584 0.265 101
-1.896 -17.572 0.296 194
-1.965 -17.612 0.253 197
-1.964 -17.583 0.313 177
-1.986 -17.590 0.312 152
-1.795 -17.539 0.306 171
-1.959 -17.629 0.214 21
-1.893 -17.580 0.279 138
-1.959 -17.617 0.240 149
-2.055 -17.618 0.294 34
-2.013 -17.597 0.312 180
-1.967 -17.592 0.297 189
-1.982 -17.609 0.270 115
-2.010 -17.596 0.313 179
-1.954 -17.589 0.295 190
-1.876 -17.576 0.276 152
-1.933 -17.607 0.245 127
-1.813 -17.544 0.305 175
-1.875 -17.585 0.257 179
-1.946 -17.623 0.220 81
-1.901 -17.598 0.246 159
-1.996 -17.617 0.261 138
-1.952 -17.583 0.305 171
-1.942 -17.592 0.282 111
-1.942 -17.610 0.243 89
-1.851 -17.567 0.279 158
-1.940 -17.578 0.309 175
-1.947 -17.605 0.258 185
-1.877 -17.561 0.307 177
-1.946 -17.589 0.290 190
-1.872 -17.575 0.276 141
-1.882 -17.585 0.261 182
-1.916 -17.579 0.294 196
-1.992 -17.597 0.301 193
-1.798 -17.543 0.299 153
-1.945 -17.607 0.253 189
-1.877 -17.567 0.295 196
-1.998 -17.606 0.286 198
-1.906 -17.598 0.248 158
-1.988 -17.607 0.278 113
-1.977 -17.594 0.297 188
-1.854 -17.554 0.308 182
-1.848 -17.554 0.306 179
-2.021 -17.606 0.297 193
-1.802 -17.543 0.302 174
-1.882 -17.583 0.264 142
-1.956 -17.596 0.281 144
-1.933 -17.598 0.264 168
-1.929 -17.606 0.244 165
-1.947 -17.589 0.291 193
-1.825 -17.557 0.286 73
-1.875 -17.572 0.284 43
-1.978 -17.609 0.266 86
-1.821 -17.558 0.282 113
-1.870 -17.562 0.302 184
-1.912 -17.575 0.298 185
-1.984 -17.587 0.316 174
-1.902 -17.584 0.276 148
-2.038 -17.604 0.313 170
-1.899 -17.600 0.240 120
-1.944 -17.580 0.308 177
-1.907 -17.571 0.304 179
-1.967 -17.610 0.259 167
-1.887 -17.564 0.307 185
-1.922 -17.575 0.304 180
-2.017 -17.598 0.312 180
-1.927 -17.594 0.269 160
-1.965 -17.596 0.285 144
-1.955 -17.606 0.259 143
-2.010 -17.624 0.254 183
-2.002 -17.623 0.251 107
-1.869 -17.559 0.306 182
-1.953 -17.596 0.281 138
-2.024 -17.619 0.274 167
-1.910 -17.588 0.271 146
-1.907 -17.574 0.297 183
-1.906 -17.602 0.240 133
-1.988 -17.629 0.232 99
-1.877 -17.588 0.253 154
-2.066 -17.613 0.310 46
-1.564 -17.476 0.279 67
-1.598 -17.464 0.289 68
-1.536 -17.492 0.339 71
-1.521 -17.495 0.311 61
-1.629 -17.442 0.173 69
-1.567 -17.473 0.257 61
-1.676 -17.431 0.256 70
-1.597 -17.453 0.159 68
-1.599 -17.454 0.167 66
-1.593 -17.456 0.164 66
-1.540 -17.488 0.313 71
-1.715 -17.415 0.245 70
-1.607 -17.451 0.179 65
-1.582 -17.472 0.317 69
-1.567 -17.469 0.208 52
-1.673 -17.426 0.178 72
-1.522 -17.497 0.336 67
-1.554 -17.482 0.309 66
-1.613 -17.448 0.164 68
-1.536 -17.490 0.325 70
-1.641 -17.438 0.181 69
-1.567 -17.469 0.205 54
-1.650 -17.436 0.194 69
-1.655 -17.431 0.160 71
-1.577 -17.467 0.228 57
-1.553 -17.481 0.289 65
-1.707 -17.417 0.224 70
-1.644 -17.442 0.239 68
-1.655 -17.438 0.238 69
-1.564 -17.472 0.226 53
-1.619 -17.446 0.169 68
-1.680 -17.426 0.205 69
-1.616 -17.449 0.192 66
-1.585 -17.458 0.160 66
-1.548 -17.486 0.331 71
-1.665 -17.434 0.233 70
-1.617 -17.445 0.151 69
-1.514 -17.500 0.342 63
-1.645 -17.438 0.192 69
-1.588 -17.463 0.233 60
-1.586 -17.455 0.127 71
-1.658 -17.439 0.268 69
-1.641 -17.436 0.144 71
-1.613 -17.450 0.193 65
-1.656 -17.437 0.232 69
-1.570 -17.473 0.275 64
-1.627 -17.441 0.149 68
-1.669 -17.431 0.224 69
-1.595 -17.467 0.310 70
-1.565 -17.473 0.248 58
-1.571 -17.466 0.192 57
-1.676 -17.432 0.267 69
-1.696 -17.422 0.243 71
-1.716 -17.415 0.242 70
-1.651 -17.439 0.235 68
-1.630 -17.442 0.175 69
-1.567 -17.467 0.181 61
-1.558 -17.479 0.286 65
-1.580 -17.462 0.179 61
-1.545 -17.484 0.291 66
-1.612 -17.445 0.129 71
-1.605 -17.448 0.124 71
-1.720 -17.412 0.226 72
-1.645 -17.437 0.186 69
-1.527 -17.492 0.297 67
-1.646 -17.437 0.193 69
-1.638 -17.440 0.189 69
-1.601 -17.459 0.245 64
-1.565 -17.477 0.301 67
-1.581 -17.467 0.254 60
-1.580 -17.459 0.149 67
-1.611 -17.447 0.138 70
-1.516 -17.500 0.343 63
-1.545 -17.480 0.237 56
-1.666 -17.432 0.217 69
-1.604 -17.450 0.148 70
-1.633 -17.441 0.177 69
-1.561 -17.479 0.303 68
-1.593 -17.463 0.263 65
-1.635 -17.439 0.156 70
-1.681 -17.428 0.234 71
-1.649 -17.441 0.250 68
-1.590 -17.456 0.159 67
-1.572 -17.472 0.266 64
-1.638 -17.439 0.172 69
-1.512 -17.502 0.352 61
-1.521 -17.495 0.312 61
-1.643 -17.441 0.228 69
-1.590 -17.464 0.256 64
-1.584 -17.467 0.269 64
-1.631 -17.450 0.277 70
-1.616 -17.444 0.128 71
-1.675 -17.432 0.260 70
-1.564 -17.477 0.297 66
-1.683 -17.428 0.246 69
-1.699 -17.421 0.238 70
-1.609 -17.454 0.216 62
-1.557 -17.477 0.258 61
-1.667 -17.431 0.215 69
-1.695 -17.424 0.258 71
-1.684 -17.429 0.260 70
-1.644 -17.443 0.246 68
-1.602 -17.463 0.295 69
-1.656 -17.437 0.237 69
-1.630 -17.446 0.222 69
-1.626 -17.453 0.289 68
-1.617 -17.445 0.156 69
-1.597 -17.459 0.233 60
-1.580 -17.466 0.236 59
-1.556 -17.481 0.303 68
-1.611 -17.445 0.124 71
-1.659 -17.432 0.192 69
-1.607 -17.455 0.226 62
-1.533 -17.487 0.270 59
-1.676 -17.426 0.195 69
-1.577 -17.463 0.185 60
-1.620 -17.453 0.261 69
-1.574 -17.474 0.305 67
-1.565 -17.476 0.291 65
-1.629 -17.441 0.162 67
-1.543 -17.483 0.265 59
-1.569 -17.471 0.242 57
-1.682 -17.427 0.237 70
-1.702 -17.418 0.220 71
-1.595 -17.465 0.286 67
-1.569 -17.470 0.226 56
-1.673 -17.428 0.201 69
-1.620 -17.444 0.147 69
-1.594 -17.453 0.132 71
-1.570 -17.477 0.315 69
-1.668 -17.435 0.263 70
-1.651 -17.439 0.233 68
-1.608 -17.457 0.255 67
-1.515 -17.500 0.337 65
-1.643 -17.435 0.152 70
-1.695 -17.420 0.214 70
-1.597 -17.453 0.150 70
-1.579 -17.459 0.147 69
-1.623 -17.442 0.148 69
-1.593 -17.461 0.234 61
-1.597 -17.463 0.280 67
-1.528 -17.493 0.324 68
-1.564 -17.477 0.299 67
-1.581 -17.470 0.282 65
-1.544 -17.488 0.335 72
-1.657 -17.431 0.169 71
-1.620 -17.455 0.286 68
-1.614 -17.453 0.237 64
-1.557 -17.477 0.262 60
-1.590 -17.454 0.125 71
-1.568 -17.472 0.244 57
-1.582 -17.471 0.301 67
-1.616 -17.444 0.133 71
-1.601 -17.453 0.175 67
-1.685 -17.426 0.240 69
-1.634 -17.440 0.167 69
-1.731 -17.408 0.233 72
-1.557 -17.477 0.253 60
-1.639 -17.442 0.215 68
-1.612 -17.447 0.142 70
-1.582 -17.471 0.299 67
-1.631 -17.446 0.223 69
-1.607 -17.451 0.174 65
-1.648 -17.441 0.243 68
-1.537 -17.491 0.334 65
-1.578 -17.469 0.264 64
-1.695 -17.424 0.254 71
-1.594 -17.455 0.171 65
-1.597 -17.462 0.264 66
-1.536 -17.487 0.286 65
-1.665 -17.430 0.184 70
-1.670 -17.429 0.199 69
-1.556 -17.481 0.302 68
-1.606 -17.461 0.301 67
-1.556 -17.478 0.264 60
-1.591 -17.467 0.290 65
-1.636 -17.438 0.153 70
-1.572 -17.473 0.275 64
-1.607 -17.460 0.281 70
-1.577 -17.468 0.245 62
-1.533 -17.493 0.341 72
-1.600 -17.457 0.219 59
-1.614 -17.451 0.213 65
-1.531 -17.494 0.339 69
-1.545 -17.484 0.292 66
-1.723 -17.412 0.241 70
-1.580 -17.471 0.294 64
-1.520 -17.497 0.336 66
-1.616 -17.448 0.177 66
-1.528 -17.494 0.335 66
-1.645 -17.438 0.194 69
-1.546 -17.484 0.289 63
-1.733 -17.408 0.244 69
-1.699 -17.419 0.218 71
-1.639 -17.446 0.269 69
-1.658 -17.439 0.269 69
-1.681 -17.426 0.217 70
-1.635 -17.441 0.179 69
-1.534 -17.490 0.307 69
-1.579 -17.467 0.236 58
-1.569 -17.470 0.235 55
-1.665 -17.429 0.182 71
-1.639 -17.447 0.278 69
-1.635 -17.448 0.270 69
-1.572 -17.475 0.305 67
-1.596 -17.454 0.162 67
-1.574 -17.467 0.217 54
-1.516 -17.500 0.349 64
-1.626 -17.447 0.215 68
-1.710 -17.415 0.217 71
-1.595 -17.462 0.257 66
-1.585 -17.464 0.227 58
-1.607 -17.456 0.235 65
-1.609 -17.450 0.176 65
-1.672 -17.434 0.270 69
-1.637 -17.443 0.218 69
-1.673 -17.427 0.191 69
-1.563 -17.478 0.303 68
-1.617 -17.453 0.242 65
-1.550 -17.483 0.298 67
-1.674 -17.428 0.212 70
-1.563 -17.476 0.280 67
-1.589 -17.463 0.239 61
-1.582 -17.462 0.186 61
-1.628 -17.453 0.295 68
-1.550 -17.478 0.240 56
-1.664 -17.437 0.267 70
-1.619 -17.448 0.196 66
-1.584 -17.457 0.139 68
-1.547 -17.478 0.228 52
-1.599 -17.463 0.282 68
-1.604 -17.460 0.271 69
-1.593 -17.453 0.136 69
-1.549 -17.484 0.308 68
-1.613 -17.455 0.256 68
-1.703 -17.420 0.247 70
-1.740 -17.405 0.238 70
-1.607 -17.446 0.113 72
-1.579 -17.472 0.300 67
-1.622 -17.442 0.132 71
-1.645 -17.442 0.248 68
-1.604 -17.448 0.124 71
-1.625 -17.443 0.158 68
-1.620 -17.442 0.125 71
-1.608 -17.447 0.135 70
-1.671 -17.434 0.264 69
-1.558 -17.479 0.290 66
-1.584 -17.459 0.167 65
-1.636 -17.449 0.289 67
-1.578 -17.468 0.244 61
-1.621 -17.456 0.299 68
-1.612 -17.457 0.271 70
-1.616 -17.444 0.131 71
-1.605 -17.462 0.294 68
-1.556 -17.473 0.203 51
-1.663 -17.436 0.260 70
-1.598 -17.453 0.151 69
-1.576 -17.467 0.226 56
-1.590 -17.464 0.252 64
-1.608 -17.448 0.141 70
-1.620 -17.450 0.221 67
-1.612 -17.451 0.199 64
-1.575 -17.464 0.188 60
-1.543 -17.486 0.305 68
-1.531 -17.493 0.335 66
-1.557 -17.473 0.213 52
-1.637 -17.448 0.274 70
-1.608 -17.451 0.184 65
-1.555 -17.479 0.271 61
-1.633 -17.449 0.275 70
-1.625 -17.445 0.183 67
-1.656 -17.439 0.259 68
-1.596 -17.459 0.228 59
-1.596 -17.456 0.187 65
-1.610 -17.460 0.297 67
-1.614 -17.459 0.304 67
-1.613 -17.458 0.285 68
-1.650 -17.434 0.174 70
-1.635 -17.441 0.181 69
-1.553 -17.475 0.218 50
-1.636 -17.445 0.239 68
-1.533 -17.491 0.314 70
-1.571 -17.467 0.198 55
-1.705 -17.417 0.217 71
-1.571 -17.472 0.268 64
-1.730 -17.427 0.178 73
-1.667 -17.449 0.115 72
-1.636 -17.441 0.129 71
-1.726 -17.413 0.211 73
-1.659 -17.447 0.117 71
-1.732 -17.412 0.215 72
-1.728 -17.414 0.210 73
-1.653 -17.442 0.129 72
-1.665 -17.441 0.133 71
-1.680 -17.448 0.120 73
-1.616 -17.448 0.108 70
-1.617 -17.443 0.120 71
-1.707 -17.432 0.163 73
-1.714 -17.423 0.184 73
-1.670 -17.427 0.168 72
-1.652 -17.441 0.132 72
-1.680 -17.425 0.174 72
-1.655 -17.445 0.122 71
-1.651 -17.434 0.148 70
-1.686 -17.433 0.156 71
-1.714 -17.425 0.180 73
-1.695 -17.437 0.148 73
-1.716 -17.419 0.195 73
-1.743 -17.407 0.229 70
-1.682 -17.447 0.123 73
-1.728 -17.424 0.184 73
-1.708 -17.431 0.164 73
-1.713 -17.419 0.194 73
-1.717 -17.450 0.119 75
-1.653 -17.447 0.118 71
-1.679 -17.433 0.154 71
-1.725 -17.411 0.217 72
-1.670 -17.427 0.169 72
-1.667 -17.443 0.130 71
-1.693 -17.439 0.143 73
-1.729 -17.426 0.181 73
-1.650 -17.446 0.120 71
-1.624 -17.447 0.112 71
-1.622 -17.450 0.104 70
-1.703 -17.445 0.129 73
-1.665 -17.435 0.147 71
-1.680 -17.443 0.131 75
-1.708 -17.450 0.118 73
-1.717 -17.444 0.134 74
-1.741 -17.410 0.220 71
-1.699 -17.432 0.161 73
-1.689 -17.428 0.168 72
-1.712 -17.417 0.198 73
-1.644 -17.448 0.114 71
-1.667 -17.430 0.161 72
-1.714 -17.445 0.131 73
-1.616 -17.447 0.112 71
-1.655 -17.434 0.149 70
-1.613 -17.446 0.114 72
-1.723 -17.420 0.194 73
-1.671 -17.450 0.114 74
-1.695 -17.433 0.159 73
-1.634 -17.447 0.114 71
-1.616 -17.448 0.110 70
-1.717 -17.429 0.171 74
-1.721 -17.428 0.175 74
-1.737 -17.416 0.206 73
-1.670 -17.450 0.113 73
-1.667 -17.450 0.113 73
-1.652 -17.438 0.138 70
-1.721 -17.443 0.138 74
-1.603 -17.451 0.100 69
-1.660 -17.439 0.137 70
-1.734 -17.411 0.217 72
-1.670 -17.432 0.156 71
-1.647 -17.440 0.133 72
-1.616 -17.450 0.104 70
-1.659 -17.432 0.155 71
-1.666 -17.432 0.155 71
-1.723 -17.430 0.170 75
-1.706 -17.425 0.178 73
-1.718 -17.419 0.195 73
-1.691 -17.446 0.126 73
-1.661 -17.435 0.148 71
-1.695 -17.424 0.180 71
-1.726 -17.416 0.203 73
-1.676 -17.447 0.120 75
-1.691 -17.420 0.189 71
-1.533 -17.512 0.234 18
-1.553 -17.510 0.158 41
-1.586 -17.455 0.110 11
-1.553 -17.509 0.157 27
-1.561 -17.493 0.152 69
-1.546 -17.511 0.183 34
-1.562 -17.500 0.138 22
-1.569 -17.485 0.130 17
-1.542 -17.523 0.181 37
-1.540 -17.522 0.190 30
-1.542 -17.520 0.185 32
-1.547 -17.509 0.183 34
-1.543 -17.506 0.203 26
-1.553 -17.510 0.157 27
-1.533 -17.507 0.240 16
-1.561 -17.485 0.163 34
-1.552 -17.506 0.167 42
-1.567 -17.491 0.133 19
-1.569 -17.480 0.138 18
-1.542 -17.515 0.192 29
-1.549 -17.501 0.188 28
-1.540 -17.523 0.191 31
-1.547 -17.505 0.188 30
-1.557 -17.496 0.164 38
-1.551 -17.493 0.193 28
-1.538 -17.504 0.226 18
-1.578 -17.463 0.129 19
-1.574 -17.468 0.136 45
-1.578 -17.468 0.124 14
-1.561 -17.493 0.150 38
-1.572 -17.477 0.130 19
-1.536 -17.511 0.225 20
-1.577 -17.473 0.121 18
-1.564 -17.490 0.142 13
-1.544 -17.511 0.190 29
-1.542 -17.535 0.164 17
-1.579 -17.468 0.117 9
-1.539 -17.513 0.210 27
-1.553 -17.495 0.179 35
-1.544 -17.510 0.194 28
-1.539 -17.534 0.174 57
-1.547 -17.511 0.180 36
-1.553 -17.495 0.180 35
-1.558 -17.503 0.148 18
-1.539 -17.498 0.231 20
-1.541 -17.535 0.167 16
-1.576 -17.467 0.131 14
-1.560 -17.478 0.177 33
-1.558 -17.507 0.141 18
-1.556 -17.485 0.186 35
-1.570 -17.482 0.132 20
-1.534 -17.518 0.223 21
-1.583 -17.463 0.110 9
-1.538 -17.515 0.209 27
-1.537 -17.519 0.207 26
-1.537 -17.525 0.199 26
-1.520 -17.499 0.302 90
-1.550 -17.485 0.207 24
-1.551 -17.478 0.211 51
-1.520 -17.496 0.303 93
-1.535 -17.486 0.262 67
-1.542 -17.491 0.229 20
-1.548 -17.488 0.211 22
-1.574 -17.463 0.145 58
-1.532 -17.498 0.259 59
-1.511 -17.505 0.325 113
-1.520 -17.504 0.294 85
-1.582 -17.457 0.123 17
-1.556 -17.481 0.189 32
-1.556 -17.478 0.195 36
-1.539 -17.491 0.241 53
-1.570 -17.465 0.158 64
-1.548 -17.480 0.219 57
-1.571 -17.466 0.152 42
-1.546 -17.485 0.220 46
-1.510 -17.503 0.333 118
-1.521 -17.506 0.288 79
-1.571 -17.467 0.152 39
-1.518 -17.500 0.308 95
-1.571 -17.465 0.153 42
-1.547 -17.481 0.221 57
-1.536 -17.485 0.260 67
-1.575 -17.464 0.140 77
-1.560 -17.471 0.188 61
-1.516 -17.501 0.313 98
-1.712 -17.421 0.251 71
-1.659 -17.480 0.246 68
-1.681 -17.431 0.270 69
-1.634 -17.465 0.281 70
-1.574 -17.491 0.310 66
-1.624 -17.490 0.268 70
-1.558 -17.483 0.331 67
-1.612 -17.484 0.284 67
-1.536 -17.504 0.332 65
-1.628 -17.459 0.292 69
-1.598 -17.485 0.295 68
-1.690 -17.440 0.254 69
-1.620 -17.479 0.281 68
-1.646 -17.473 0.264 70
-1.533 -17.502 0.337 68
-1.636 -17.493 0.254 69
-1.649 -17.466 0.267 70
-1.562 -17.502 0.311 69
-1.564 -17.480 0.329 68
-1.599 -17.475 0.304 68
-1.586 -17.503 0.290 66
-1.588 -17.498 0.292 67
-1.681 -17.459 0.245 69
-1.617 -17.496 0.269 70
-1.636 -17.461 0.283 67
-1.705 -17.436 0.245 70
-1.695 -17.427 0.262 69
-1.677 -17.451 0.256 69
-1.662 -17.464 0.257 68
-1.576 -17.503 0.298 66
-1.628 -17.467 0.284 68
-1.609 -17.497 0.275 67
-1.618 -17.487 0.276 68
-1.596 -17.495 0.287 68
-1.588 -17.495 0.295 67
-1.672 -17.464 0.248 69
-1.624 -17.473 0.282 68
-1.602 -17.500 0.278 67
-1.593 -17.475 0.308 68
-1.602 -17.485 0.291 68
-1.638 -17.492 0.253 70
-1.586 -17.494 0.297 67
-1.623 -17.458 0.297 68
-1.593 -17.484 0.301 66
-1.665 -17.464 0.255 68
-1.706 -17.423 0.255 69
-1.687 -17.445 0.252 68
-1.630 -17.463 0.286 68
-1.670 -17.458 0.256 68
-1.592 -17.482 0.303 67
-1.529 -17.502 0.340 69
-1.714 -17.418 0.253 71
-1.657 -17.474 0.252 68
-1.614 -17.500 0.267 70
-1.663 -17.478 0.244 69
-1.604 -17.473 0.300 69
-1.667 -17.471 0.247 69
-1.633 -17.499 0.251 69
-1.685 -17.430 0.267 69
-1.632 -17.491 0.260 69
-1.630 -17.498 0.256 69
-1.663 -17.473 0.249 69
-1.539 -17.499 0.334 65
-1.616 -17.490 0.275 68
-1.608 -17.500 0.273 67
-1.653 -17.471 0.259 69
-1.727 -17.415 0.244 69
-1.578 -17.485 0.312 68
-1.578 -17.475 0.322 68
-1.642 -17.480 0.261 70
-1.675 -17.435 0.272 68
-1.701 -17.425 0.258 69
-1.667 -17.454 0.262 68
-1.621 -17.495 0.266 70
-1.612 -17.475 0.291 68
-1.648 -17.458 0.275 69
-1.655 -17.458 0.269 69
-1.684 -17.451 0.250 68
-1.587 -17.483 0.306 68
-1.638 -17.465 0.277 68
-1.594 -17.474 0.308 68
-1.676 -17.453 0.254 69
-1.584 -17.487 0.306 68
-1.652 -17.444 0.284 68
-1.617 -17.487 0.276 68
-1.594 -17.496 0.288 68
-1.602 -17.497 0.280 67
-1.603 -17.482 0.293 67
-1.642 -17.459 0.279 68
-1.546 -17.504 0.323 70
-1.680 -17.462 0.243 70
-1.591 -17.480 0.305 68
-1.695 -17.437 0.253 69
-1.718 -17.423 0.245 70
-1.687 -17.438 0.259 69
-1.576 -17.496 0.305 68
-1.605 -17.498 0.278 67
-1.718 -17.416 0.251 70
-1.676 -17.466 0.243 69
-1.563 -17.493 0.319 68
-1.686 -17.447 0.252 68
-1.643 -17.495 0.247 70
-1.821 -17.443 0.061 52
-1.777 -17.449 0.079 51
-1.792 -17.453 0.054 53
-1.701 -17.478 0.061 12
-1.791 -17.446 0.076 48
-1.722 -17.454 0.111 124
-1.821 -17.441 0.064 52
-1.733 -17.468 0.063 51
-1.732 -17.456 0.097 56
-1.837 -17.439 0.059 51
-1.790 -17.449 0.067 53
-1.709 -17.474 0.064 13
-1.740 -17.465 0.065 50
-1.802 -17.446 0.068 53
-1.747 -17.454 0.091 52
-1.741 -17.453 0.097 52
-1.748 -17.459 0.075 48
-1.811 -17.447 0.058 53
-1.771 -17.458 0.058 53
-1.801 -17.451 0.053 53
-1.860 -17.434 0.055 50
-1.793 -17.444 0.080 50
-1.785 -17.451 0.068 48
-1.798 -17.441 0.084 50
-1.805 -17.441 0.078 51
-1.881 -17.428 0.053 49
-1.763 -17.447 0.098 51
-1.788 -17.451 0.066 53
-1.761 -17.451 0.086 56
-1.742 -17.451 0.103 64
-1.825 -17.443 0.058 51
-1.800 -17.448 0.065 53
-1.789 -17.453 0.056 53
-1.751 -17.457 0.077 51
-1.722 -17.469 0.069 37
-1.867 -17.430 0.058 50
-1.875 -17.430 0.053 51
-1.792 -17.443 0.083 50
-1.820 -17.437 0.078 52
-1.791 -17.442 0.087 50
-1.746 -17.451 0.100 50
-1.818 -17.439 0.072 54
-1.759 -17.448 0.098 50
-1.746 -17.464 0.063 50
-1.733 -17.450 0.111 188
-1.830 -17.439 0.062 51
-1.813 -17.447 0.054 53
-1.750 -17.457 0.079 51
-1.771 -17.460 0.052 53
-1.772 -17.457 0.060 53
-1.817 -17.442 0.066 53
-1.740 -17.467 0.060 48
-1.763 -17.445 0.101 52
-1.718 -17.460 0.096 77
-1.793 -17.446 0.075 50
-1.754 -17.451 0.093 56
-1.722 -17.466 0.077 35
-1.783 -17.447 0.081 50
-1.789 -17.445 0.082 50
-1.790 -17.445 0.080 50
-1.706 -17.478 0.055 13
-1.710 -17.476 0.059 11
-1.786 -17.453 0.061 53
-1.730 -17.457 0.096 50
-1.791 -17.444 0.081 50
-1.813 -17.445 0.060 53
-1.758 -17.453 0.084 53
-1.733 -17.454 0.102 76
-1.729 -17.461 0.086 48
-1.868 -17.430 0.058 50
-1.868 -17.432 0.052 51
-1.854 -17.436 0.052 51
-1.869 -17.431 0.055 50
-1.779 -17.454 0.062 53
-1.747 -17.452 0.097 51
-2.104 -17.473 0.289 150
-2.090 -17.516 0.305 165
-2.082 -17.493 0.311 154
-2.097 -17.472 0.295 154
-2.073 -17.488 0.319 160
-2.085 -17.465 0.306 158
-2.087 -17.473 0.304 157
-2.084 -17.490 0.309 155
-2.071 -17.433 0.317 174
-2.080 -17.439 0.309 171
-2.086 -17.508 0.308 148
-2.097 -17.512 0.298 140
-2.091 -17.514 0.304 166
-2.079 -17.524 0.316 154
-2.068 -17.441 0.320 170
-2.068 -17.394 0.317 115
-2.069 -17.407 0.316 111
-2.071 -17.412 0.315 137
-2.103 -17.468 0.288 151
-2.079 -17.426 0.309 174
-2.073 -17.389 0.312 105
-2.066 -17.398 0.319 117
-2.074 -17.402 0.312 131
-2.084 -17.426 0.304 172
-2.070 -17.467 0.321 163
-2.081 -17.501 0.313 153
-2.085 -17.594 0.316 51
-2.076 -17.443 0.313 172
-2.084 -17.608 0.319 52
-2.097 -17.465 0.294 155
-2.080 -17.554 0.318 108
-2.066 -17.424 0.321 130
-2.098 -17.481 0.295 152
-2.085 -17.465 0.306 158
-2.089 -17.521 0.306 168
-2.087 -17.541 0.310 78
-2.069 -17.456 0.321 171
-2.078 -17.443 0.311 167
-2.097 -17.519 0.299 113
-2.075 -17.448 0.314 166
-2.063 -17.384 0.321 124
-2.091 -17.511 0.304 160
-2.089 -17.561 0.310 48
-2.089 -17.531 0.307 137
-2.071 -17.438 0.317 176
-2.092 -17.495 0.302 152
-2.092 -17.538 0.305 50
-2.083 -17.507 0.311 148
-2.068 -17.385 0.316 120
-2.079 -17.415 0.308 174
-2.093 -17.464 0.298 156
-2.060 -17.365 0.322 148
-2.080 -17.415 0.306 174
-2.076 -17.463 0.315 164
-2.079 -17.482 0.313 159
-2.080 -17.565 0.318 38
-2.081 -17.487 0.311 155
-2.077 -17.544 0.320 164
-2.090 -17.550 0.308 37
-2.104 -17.469 0.288 151
-2.096 -17.519 0.299 113
-2.082 -17.424 0.305 176
-2.087 -17.535 0.309 136
-2.085 -17.571 0.315 47
-2.093 -17.627 0.051 48
-2.118 -17.591 0.065 9
-2.129 -17.583 0.064 10
-2.110 -17.599 0.064 10
-2.081 -17.634 0.053 14
-2.107 -17.590 0.073 23
-2.102 -17.589 0.077 29
-2.145 -17.586 0.051 56
-2.103 -17.600 0.068 15
-2.071 -17.644 0.051 26
-2.098 -17.622 0.052 59
-2.130 -17.586 0.061 28
-2.111 -17.584 0.076 29
-2.116 -17.580 0.076 24
-2.103 -17.619 0.051 51
-2.091 -17.620 0.059 11
-2.084 -17.633 0.051 27
-2.129 -17.578 0.069 9
-2.110 -17.614 0.051 50
-2.099 -17.610 0.062 11
-2.140 -17.579 0.060 51
-2.120 -17.585 0.069 9
