-0.302 -22.395 0.752 62
-0.302 -22.393 0.748 53
-0.307 -22.402 0.777 96
-0.286 -22.364 0.663 19
-0.289 -22.377 0.688 23
-0.284 -22.364 0.653 16
-0.291 -22.373 0.688 11
-0.272 -22.339 0.584 200
-0.280 -22.352 0.627 159
-0.289 -22.377 0.686 23
-0.191 -22.237 0.710 132
-0.194 -22.277 0.691 135
-0.193 -22.260 0.699 131
-0.189 -22.309 0.674 143
-0.171 -22.244 0.701 128
-0.195 -22.256 0.702 138
-0.185 -22.274 0.690 137
-0.193 -22.247 0.706 141
-0.179 -22.228 0.711 142
-0.189 -22.253 0.702 132
-0.185 -22.266 0.694 134
-0.175 -22.262 0.693 139
-0.180 -22.279 0.687 137
-0.178 -22.257 0.697 131
-0.178 -22.270 0.690 141
-0.183 -22.240 0.707 132
-0.176 -22.270 0.690 142
-0.169 -22.236 0.705 129
-0.174 -22.262 0.694 139
-0.171 -22.255 0.696 136
-0.174 -22.240 0.704 124
-0.194 -22.249 0.705 139
-0.230 -22.231 0.733 18
-0.279 -22.264 0.750 20
-0.286 -22.285 0.758 20
-0.252 -22.278 0.752 20
-0.258 -22.313 0.765 18
-0.295 -22.330 0.774 17
-0.268 -22.291 0.758 20
-0.221 -22.230 0.732 19
-0.253 -22.257 0.745 19
-0.253 -22.225 0.734 15
-0.274 -22.227 0.736 21
-0.244 -22.244 0.739 17
-0.270 -22.322 0.769 18
-0.253 -22.248 0.742 18
-0.263 -22.277 0.753 20
-0.293 -22.330 0.774 18
-0.281 -22.296 0.761 19
-0.277 -22.252 0.745 23
-0.241 -22.283 0.753 20
-0.277 -22.334 0.774 18
-0.255 -22.228 0.735 15
-0.247 -22.240 0.738 18
-0.269 -22.326 0.770 18
-0.237 -22.248 0.740 18
-0.249 -22.225 0.733 15
-0.257 -22.275 0.751 20
-0.217 -22.231 0.732 22
-0.212 -22.229 0.731 19
-0.228 -22.240 0.736 19
-0.244 -22.243 0.739 17
-0.264 -22.300 0.761 19
-0.252 -22.266 0.748 20
-0.266 -22.230 0.736 19
-0.239 -22.224 0.732 17
-0.210 -22.216 0.726 17
-0.286 -22.337 0.776 18
-0.219 -22.234 0.733 22
-0.240 -22.230 0.734 17
-0.252 -22.293 0.757 19
-0.210 -22.221 0.728 19
-0.243 -22.249 0.741 18
-0.252 -22.300 0.759 20
-0.268 -22.216 0.732 18
-0.232 -22.251 0.741 18
-0.282 -22.308 0.765 19
-0.261 -22.225 0.734 15
-0.294 -22.336 0.776 18
-0.232 -22.220 0.730 18
-0.231 -22.218 0.729 19
-0.299 -22.367 0.787 16
-0.282 -22.337 0.775 18
-0.294 -22.321 0.771 19
-0.257 -22.296 0.759 20
-0.233 -22.221 0.730 18
-0.290 -22.322 0.771 19
-0.259 -22.263 0.747 20
-0.289 -22.310 0.767 19
-0.227 -22.241 0.737 19
-0.240 -22.229 0.734 17
-0.277 -22.237 0.740 21
-0.253 -22.227 0.734 15
-0.247 -22.253 0.743 19
-0.240 -22.224 0.732 17
-0.283 -22.284 0.757 20
-0.233 -22.213 0.727 18
-0.237 -22.224 0.732 17
-0.233 -22.214 0.728 19
-0.247 -22.253 0.743 19
-0.264 -22.215 0.731 15
-0.248 -22.267 0.748 20
-0.227 -22.215 0.727 18
-0.224 -22.222 0.730 17
-0.289 -22.358 0.783 17
-0.219 -22.242 0.736 20
-0.286 -22.357 0.783 17
-0.288 -22.372 0.784 20
-0.268 -22.377 0.754 28
-0.236 -22.275 0.749 20
-0.206 -22.329 0.686 137
-0.289 -22.388 0.779 44
-0.208 -22.235 0.726 16
-0.243 -22.295 0.752 20
-0.205 -22.230 0.724 14
-0.236 -22.337 0.724 15
-0.274 -22.346 0.774 18
-0.295 -22.387 0.787 42
-0.255 -22.330 0.755 17
-0.201 -22.338 0.675 137
-0.239 -22.338 0.728 14
-0.236 -22.308 0.737 15
-0.228 -22.271 0.739 19
-0.239 -22.346 0.725 14
-0.203 -22.285 0.700 135
-0.214 -22.274 0.719 17
-0.216 -22.258 0.728 19
-0.197 -22.311 0.681 134
-0.218 -22.330 0.702 125
-0.269 -22.353 0.765 18
-0.217 -22.330 0.701 143
-0.215 -22.303 0.709 29
-0.209 -22.338 0.687 131
-0.219 -22.280 0.724 17
-0.276 -22.368 0.769 18
-0.278 -22.379 0.767 32
-0.246 -22.354 0.732 12
-0.218 -22.336 0.700 140
-0.228 -22.312 0.724 19
-0.253 -22.337 0.748 16
-0.230 -22.296 0.732 19
-0.220 -22.323 0.708 13
-0.256 -22.351 0.747 16
-0.202 -22.304 0.690 138
-0.210 -22.259 0.719 15
-0.208 -22.273 0.711 59
-0.266 -22.380 0.750 30
-0.226 -22.299 0.726 18
-0.278 -22.386 0.765 38
-0.239 -22.291 0.748 19
-0.196 -22.286 0.689 136
-0.199 -22.314 0.682 133
-0.203 -22.222 0.724 11
-0.232 -22.309 0.730 17
-0.223 -22.298 0.722 15
-0.304 -22.403 0.794 135
-0.305 -22.399 0.797 106
-0.263 -22.330 0.765 19
-0.227 -22.280 0.734 22
-0.271 -22.353 0.767 18
-0.223 -22.329 0.710 7
-0.236 -22.339 0.724 14
-0.224 -22.286 0.728 19
-0.288 -22.373 0.784 20
-0.223 -22.324 0.712 13
-0.268 -22.358 0.761 17
-0.236 -22.337 0.725 15
-0.206 -22.336 0.683 139
-0.208 -22.332 0.687 136
-0.229 -22.322 0.721 20
-0.251 -22.369 0.733 14
-0.243 -22.346 0.731 13
-0.224 -22.267 0.736 22
-0.212 -22.261 0.721 14
-0.237 -22.354 0.720 16
-0.206 -22.285 0.703 154
-0.248 -22.363 0.731 12
-0.237 -22.308 0.738 15
-0.205 -22.321 0.688 140
-0.259 -22.341 0.755 16
-0.249 -22.315 0.751 20
-0.197 -22.280 0.693 135
-0.195 -22.285 0.688 136
-0.282 -22.366 0.778 19
-0.270 -22.366 0.761 19
-0.198 -22.271 0.697 134
-0.230 -22.292 0.734 21
-0.236 -22.322 0.731 16
-0.203 -22.270 0.706 149
-0.203 -22.305 0.691 138
-0.245 -22.364 0.726 14
-0.250 -22.333 0.746 17
-0.292 -22.378 0.786 27
-0.195 -22.302 0.681 129
-0.256 -22.350 0.748 17
-0.263 -22.356 0.755 17
-0.202 -22.248 0.712 55
-0.276 -22.373 0.766 24
-0.276 -22.367 0.768 17
-0.280 -22.361 0.777 18
-0.240 -22.298 0.746 18
-0.291 -22.393 0.780 64
-0.225 -22.337 0.710 12
-0.211 -22.338 0.690 132
-0.221 -22.264 0.733 20
-0.267 -22.348 0.763 17
-0.281 -22.367 0.777 18
-0.202 -22.228 0.721 14
-0.232 -22.353 0.713 13
-0.209 -22.235 0.728 18
-0.259 -22.319 0.764 19
-0.202 -22.243 0.714 24
-0.259 -22.351 0.751 16
-0.250 -22.345 0.742 13
-0.203 -22.274 0.703 145
-0.196 -22.286 0.689 139
-0.217 -22.243 0.736 20
-0.221 -22.289 0.723 14
-0.248 -22.304 0.755 20
-0.199 -22.241 0.711 84
-0.224 -22.272 0.734 22
-0.247 -22.327 0.744 17
-0.280 -22.373 0.773 23
-0.208 -22.276 0.710 37
-0.239 -22.298 0.745 18
-0.217 -22.318 0.706 72
-0.203 -22.260 0.710 122
-0.227 -22.320 0.719 19
-0.240 -22.335 0.731 15
-0.196 -22.312 0.678 132
-0.230 -22.283 0.738 22
-0.231 -22.338 0.717 15
-0.200 -22.229 0.717 17
-0.222 -22.257 0.737 19
-0.258 -22.354 0.749 16
-0.217 -22.245 0.734 20
-0.223 -22.267 0.735 22
-0.290 -22.370 0.787 20
-0.298 -22.396 0.788 81
-0.247 -22.359 0.732 14
-0.236 -22.280 0.747 20
-0.209 -22.317 0.694 139
-0.265 -22.365 0.754 18
-0.213 -22.329 0.696 129
-0.154 -22.376 0.451 81
-0.140 -22.356 0.486 108
-0.144 -22.356 0.485 81
-0.162 -22.356 0.481 30
-0.164 -22.372 0.456 84
-0.158 -22.366 0.466 69
-0.155 -22.383 0.440 41
-0.159 -22.358 0.479 34
-0.191 -22.363 0.465 57
-0.183 -22.352 0.484 29
-0.163 -22.371 0.458 87
-0.143 -22.380 0.448 98
-0.136 -22.388 0.435 98
-0.164 -22.356 0.480 30
-0.180 -22.366 0.462 71
-0.204 -22.352 0.478 38
-0.193 -22.359 0.469 60
-0.178 -22.358 0.474 47
-0.161 -22.371 0.458 86
-0.181 -22.370 0.455 70
-0.205 -22.358 0.470 60
-0.161 -22.364 0.469 51
-0.182 -22.357 0.476 41
-0.171 -22.357 0.478 35
-0.219 -22.345 0.486 34
-0.170 -22.357 0.478 35
-0.233 -22.343 0.486 35
-0.151 -22.368 0.464 68
-0.148 -22.369 0.463 70
-0.136 -22.360 0.481 125
-0.124 -22.388 0.439 132
-0.196 -22.360 0.468 64
-0.169 -22.375 0.450 45
-0.169 -22.353 0.484 29
-0.186 -22.358 0.473 43
-0.178 -22.360 0.472 58
-0.171 -22.355 0.482 31
-0.132 -22.390 0.433 135
-0.145 -22.360 0.479 66
-0.184 -22.357 0.475 43
-0.141 -22.384 0.441 97
-0.194 -22.350 0.484 30
-0.212 -22.346 0.487 31
-0.154 -22.355 0.485 35
-0.163 -22.291 0.489 43
-0.157 -22.278 0.493 38
-0.150 -22.288 0.494 60
-0.174 -22.184 0.498 78
-0.120 -22.242 0.509 158
-0.195 -22.232 0.486 39
-0.140 -22.209 0.506 105
-0.154 -22.261 0.496 42
-0.158 -22.261 0.495 51
-0.229 -22.186 0.480 38
-0.191 -22.179 0.494 39
-0.160 -22.221 0.498 74
-0.162 -22.228 0.497 77
-0.140 -22.308 0.495 106
-0.134 -22.229 0.506 138
-0.185 -22.250 0.487 58
-0.138 -22.189 0.509 114
-0.219 -22.211 0.481 33
-0.155 -22.213 0.501 67
-0.215 -22.209 0.482 32
-0.203 -22.179 0.490 26
-0.140 -22.244 0.502 106
-0.153 -22.216 0.501 65
-0.113 -22.200 0.516 151
-0.125 -22.231 0.509 156
-0.191 -22.221 0.489 40
-0.143 -22.295 0.495 87
-0.162 -22.267 0.493 56
-0.133 -22.316 0.496 157
-0.162 -22.285 0.490 43
-0.211 -22.191 0.486 32
-0.120 -22.240 0.509 158
-0.179 -22.194 0.496 75
-0.163 -22.192 0.501 84
-0.124 -22.254 0.506 158
-0.155 -22.246 0.497 52
-0.181 -22.250 0.488 69
-0.171 -22.258 0.491 86
-0.146 -22.336 0.489 80
-0.159 -22.297 0.490 40
-0.115 -22.186 0.517 150
-0.141 -22.322 0.493 92
-0.157 -22.235 0.498 59
-0.155 -22.303 0.491 38
-0.110 -22.193 0.518 155
-0.160 -22.189 0.502 82
-0.150 -22.303 0.492 53
-0.181 -22.262 0.487 71
-0.201 -22.227 0.485 34
-0.219 -22.203 0.482 33
-0.182 -22.219 0.492 72
-0.160 -22.194 0.502 82
-0.180 -22.277 0.485 68
-0.146 -22.268 0.497 67
-0.134 -22.278 0.500 140
-0.163 -22.255 0.493 63
-0.185 -22.270 0.485 57
-0.160 -22.199 0.501 82
-0.203 -22.193 0.488 28
-0.195 -22.247 0.484 39
-0.159 -22.185 0.503 82
-0.147 -22.221 0.503 73
-0.182 -22.188 0.495 61
-0.168 -22.187 0.500 85
-0.143 -22.181 0.509 104
-0.154 -22.195 0.504 75
-0.185 -22.257 0.486 59
-0.154 -22.297 0.492 39
-0.150 -22.328 0.489 53
-0.158 -22.318 0.488 37
-0.140 -22.211 0.506 105
-0.131 -22.241 0.506 146
-0.221 -22.187 0.483 35
-0.169 -22.268 0.490 71
-0.166 -22.282 0.489 53
-0.108 -22.171 0.521 155
-0.164 -22.180 0.502 85
-0.179 -22.224 0.492 77
-0.168 -22.208 0.498 88
-0.132 -22.242 0.505 146
-0.154 -22.267 0.495 43
-0.188 -22.196 0.492 43
-0.203 -22.223 0.484 38
-0.116 -22.226 0.512 154
-0.171 -22.198 0.498 88
-0.179 -22.180 0.497 67
-0.136 -22.240 0.504 130
-0.130 -22.298 0.499 156
-0.149 -22.281 0.495 64
-0.143 -22.176 0.509 88
-0.178 -22.218 0.493 77
-0.142 -22.345 0.490 104
-0.157 -22.204 0.501 74
-0.169 -22.281 0.489 66
-0.194 -22.191 0.491 34
-0.136 -22.239 0.504 130
-0.120 -22.192 0.515 154
-0.184 -22.202 0.493 65
-0.137 -22.230 0.505 126
-0.118 -22.186 0.516 152
-0.168 -22.232 0.495 87
-0.143 -22.267 0.499 82
-0.140 -22.181 0.510 116
-0.139 -22.227 0.505 107
-0.170 -22.266 0.490 78
-0.201 -22.234 0.484 36
-0.221 -22.186 0.483 35
-0.174 -22.211 0.495 85
-0.114 -22.182 0.518 151
-0.145 -22.196 0.507 76
-0.172 -22.216 0.495 89
-0.125 -22.189 0.514 154
-0.142 -22.328 0.492 90
-0.172 -22.284 0.487 66
-0.134 -22.303 0.497 150
-0.118 -22.200 0.514 154
-0.130 -22.205 0.510 147
-0.216 -22.188 0.485 33
-0.173 -22.217 0.495 89
-0.144 -22.188 0.508 83
-0.131 -22.227 0.507 147
-0.186 -22.203 0.492 53
-0.198 -22.247 0.483 40
-0.228 -22.201 0.479 37
-0.183 -22.224 0.491 67
-0.132 -22.202 0.510 146
-0.151 -22.205 0.503 67
-0.157 -22.309 0.489 39
-0.191 -22.220 0.489 40
-0.173 -22.201 0.497 87
-0.181 -22.196 0.495 71
-0.133 -22.305 0.497 150
-0.113 -22.199 0.516 151
-0.193 -22.207 0.724 62
-0.197 -22.198 0.724 16
-0.186 -22.220 0.723 47
-0.272 -21.978 0.489 52
-0.253 -21.950 0.549 35
-0.245 -21.967 0.615 46
-0.255 -21.930 0.507 45
-0.269 -21.976 0.500 37
-0.253 -21.964 0.567 45
-0.256 -21.940 0.519 36
-0.265 -21.933 0.460 89
-0.259 -21.946 0.511 36
-0.279 -21.984 0.461 61
-0.269 -21.971 0.495 43
-0.265 -21.967 0.508 36
-0.258 -21.905 0.454 162
-0.250 -21.958 0.574 37
-0.254 -21.953 0.548 36
-0.256 -21.955 0.540 36
-0.263 -21.949 0.496 50
-0.262 -21.973 0.532 37
-0.252 -21.938 0.538 38
-0.269 -21.954 0.468 65
-0.282 -21.980 0.438 201
-0.250 -21.955 0.570 44
-0.255 -21.964 0.559 54
-0.271 -21.975 0.490 53
-0.252 -21.960 0.567 44
-0.273 -21.956 0.454 113
-0.273 -21.977 0.481 57
-0.258 -21.898 0.445 232
-0.265 -21.972 0.515 34
-0.253 -21.956 0.555 53
-0.249 -21.934 0.547 33
-0.253 -21.941 0.532 39
-0.248 -21.937 0.556 45
-0.257 -21.920 0.480 61
-0.270 -21.956 0.466 67
-0.264 -21.962 0.510 36
-0.251 -21.939 0.541 36
-0.255 -21.934 0.514 36
-0.251 -21.971 0.591 38
-0.253 -21.936 0.528 34
-0.262 -21.976 0.540 33
-0.274 -21.984 0.487 54
-0.255 -21.886 0.444 230
-0.270 -21.955 0.468 65
-0.266 -21.938 0.461 90
-0.279 -21.983 0.459 68
-0.261 -21.967 0.533 38
-0.269 -21.941 0.451 170
-0.270 -21.949 0.457 104
-0.276 -21.957 0.438 226
-0.252 -21.961 0.570 38
-0.251 -21.973 0.593 38
-0.252 -21.909 0.495 58
-0.276 -21.966 0.449 134
-0.255 -21.976 0.573 34
-0.249 -21.952 0.574 35
-0.260 -21.911 0.456 139
-0.247 -21.961 0.595 37
-0.254 -21.927 0.510 36
-0.264 -21.916 0.441 228
-0.251 -21.946 0.554 43
-0.278 -21.965 0.437 218
-0.273 -21.950 0.441 218
-0.254 -21.883 0.447 222
-0.287 -21.991 0.430 218
-0.273 -21.956 0.448 151
-0.256 -21.945 0.522 34
-0.256 -21.968 0.557 55
-0.271 -21.980 0.494 47
-0.261 -21.934 0.479 56
-0.259 -21.941 0.500 52
-0.256 -21.959 0.547 37
-0.253 -21.949 0.546 35
-0.255 -21.951 0.537 38
-0.262 -21.959 0.513 36
-0.253 -21.896 0.467 72
-0.259 -21.958 0.529 37
-0.251 -21.931 0.528 34
-0.275 -21.973 0.465 60
-0.269 -21.967 0.490 55
-0.258 -21.906 0.454 162
-0.246 -21.969 0.614 45
-0.274 -21.954 0.443 201
-0.268 -21.964 0.492 51
-0.251 -21.938 0.540 37
-0.253 -21.944 0.540 37
-0.255 -21.938 0.519 37
-0.271 -21.952 0.457 89
-0.272 -21.960 0.464 68
-0.266 -21.980 0.523 38
-0.269 -21.961 0.481 56
-0.274 -21.958 0.450 136
-0.265 -21.929 0.452 160
-0.254 -21.957 0.556 53
-0.266 -21.921 0.439 236
-0.257 -21.969 0.555 53
-0.286 -21.991 0.431 211
-0.276 -21.986 0.479 57
-0.257 -21.945 0.520 36
-0.254 -21.927 0.507 44
-0.254 -21.956 0.553 48
-0.266 -21.976 0.517 38
-0.258 -21.954 0.527 36
-0.262 -21.916 0.448 204
-0.248 -21.949 0.573 39
-0.257 -21.923 0.489 55
-0.252 -21.923 0.516 32
-0.247 -21.936 0.557 45
-0.263 -21.934 0.470 64
-0.258 -21.942 0.510 36
-0.252 -21.958 0.566 46
-0.254 -21.971 0.571 36
-0.262 -21.951 0.503 39
-0.255 -21.975 0.572 34
-0.264 -21.977 0.532 38
-0.277 -21.999 0.513 39
-0.265 -21.986 0.547 48
-0.292 -22.030 0.515 43
-0.251 -21.978 0.604 42
-0.265 -21.993 0.569 32
-0.280 -22.018 0.550 55
-0.302 -22.055 0.533 52
-0.285 -22.007 0.485 49
-0.258 -21.985 0.583 39
-0.268 -21.992 0.545 50
-0.297 -22.039 0.513 47
-0.285 -21.996 0.451 90
-0.272 -22.002 0.555 53
-0.291 -22.037 0.546 56
-0.281 -22.011 0.527 35
-0.288 -22.014 0.490 40
-0.290 -22.035 0.545 56
-0.296 -22.027 0.481 46
-0.266 -21.999 0.579 37
-0.292 -22.037 0.537 55
-0.262 -21.986 0.563 42
-0.261 -21.989 0.579 40
-0.283 -22.011 0.512 40
-0.295 -22.039 0.528 36
-0.285 -22.024 0.541 53
-0.295 -22.038 0.525 34
-0.274 -22.004 0.543 48
-0.298 -22.047 0.532 43
-0.284 -21.997 0.462 63
-0.274 -22.005 0.551 58
-0.257 -21.986 0.597 44
-0.293 -22.026 0.497 36
-0.278 -21.996 0.499 38
-0.274 -22.015 0.579 39
-0.301 -22.047 0.517 39
-0.248 -21.974 0.611 43
-0.277 -22.000 0.517 41
-0.266 -21.997 0.574 35
-0.293 -22.029 0.507 42
-0.300 -22.051 0.535 57
-0.291 -22.029 0.522 37
-0.297 -22.037 0.506 46
-0.272 -22.008 0.571 33
-0.293 -22.017 0.472 63
-0.260 -21.982 0.566 40
-0.282 -22.016 0.532 33
-0.292 -22.032 0.524 32
-0.280 -22.024 0.568 35
-0.286 -22.014 0.502 38
-0.280 -22.019 0.556 40
-0.258 -21.990 0.601 45
-0.295 -22.037 0.522 35
-0.292 -22.022 0.490 36
-0.287 -22.022 0.524 37
-0.286 -22.024 0.537 42
-0.276 -22.006 0.538 37
-0.292 -22.019 0.483 45
-0.265 -21.985 0.544 40
-0.258 -21.990 0.600 45
-0.291 -22.026 0.511 44
-0.288 -22.007 0.472 62
-0.281 -22.007 0.515 41
-0.278 -22.022 0.575 38
-0.258 -21.978 0.563 42
-0.290 -22.024 0.509 42
-0.293 -22.040 0.543 56
-0.286 -22.023 0.528 34
-0.299 -22.047 0.528 38
-0.251 -21.975 0.598 42
-0.296 -22.028 0.484 41
-0.290 -22.021 0.502 39
-0.277 -21.999 0.511 38
-0.275 -22.005 0.542 46
-0.292 -22.014 0.466 68
-0.274 -22.010 0.567 32
-0.293 -22.034 0.523 32
-0.247 -21.972 0.616 48
-0.263 -21.991 0.573 35
-0.280 -21.992 0.472 59
-0.292 -22.035 0.529 37
-0.295 -22.035 0.513 46
-0.262 -21.994 0.593 43
-0.267 -21.983 0.523 39
-0.292 -22.018 0.477 58
-0.262 -21.994 0.587 41
-0.273 -21.994 0.520 41
-0.261 -21.985 0.566 37
-0.273 -22.008 0.564 33
-0.284 -22.016 0.518 44
-0.294 -22.030 0.501 40
-0.267 -22.003 0.586 42
-0.286 -22.032 0.554 39
-0.287 -21.994 0.439 184
-0.268 -21.988 0.533 36
-0.269 -22.016 0.629 67
-0.277 -22.025 0.603 55
-0.263 -22.007 0.641 109
-0.276 -22.027 0.621 83
-0.272 -22.021 0.626 52
-0.305 -22.065 0.541 73
-0.286 -22.034 0.569 34
-0.286 -22.039 0.590 88
-0.270 -22.012 0.601 51
-0.253 -21.986 0.630 69
-0.281 -22.033 0.601 91
-0.292 -22.046 0.569 91
-0.252 -21.985 0.631 67
-0.283 -22.033 0.590 47
-0.290 -22.045 0.579 83
-0.251 -21.981 0.617 51
-0.278 -22.030 0.615 89
-0.281 -22.027 0.578 39
-0.281 -22.030 0.595 49
-0.280 -22.025 0.577 40
-0.285 -22.037 0.584 80
-0.302 -22.059 0.548 81
-0.261 -22.001 0.630 70
-0.283 -22.036 0.600 91
-0.258 -21.995 0.626 65
-0.260 -22.001 0.639 102
-0.274 -22.018 0.589 48
-0.264 -22.006 0.630 77
-0.264 -22.008 0.636 86
-0.276 -22.021 0.593 51
-0.303 -22.062 0.546 80
-0.251 -21.983 0.630 67
-0.304 -22.062 0.544 74
-0.275 -22.018 0.588 48
-0.294 -22.048 0.561 43
-0.263 -22.005 0.633 84
-0.279 -22.027 0.592 52
-0.284 -22.264 0.591 78
-0.288 -22.313 0.644 71
-0.285 -22.331 0.641 71
-0.302 -22.193 0.629 80
-0.281 -22.303 0.606 78
-0.293 -22.312 0.666 126
-0.293 -22.272 0.636 83
-0.294 -22.227 0.615 81
-0.300 -22.231 0.644 83
-0.285 -22.320 0.633 81
-0.324 -22.101 0.671 85
-0.280 -22.299 0.596 74
-0.296 -22.262 0.648 83
-0.298 -22.284 0.672 83
-0.285 -22.282 0.608 76
-0.280 -22.340 0.624 81
-0.287 -22.309 0.635 76
-0.303 -22.184 0.625 80
-0.312 -22.174 0.662 78
-0.273 -22.325 0.581 73
-0.290 -22.323 0.659 156
-0.284 -22.303 0.620 77
-0.290 -22.376 0.693 81
-0.314 -22.164 0.663 80
-0.320 -22.116 0.660 84
-0.270 -22.330 0.570 85
-0.310 -22.217 0.679 83
-0.272 -22.340 0.585 83
-0.307 -22.186 0.647 81
-0.304 -22.223 0.660 84
-0.305 -22.230 0.667 84
-0.307 -22.219 0.670 82
-0.277 -22.329 0.604 78
-0.287 -22.372 0.674 3
-0.305 -22.201 0.647 82
-0.314 -22.153 0.659 86
-0.320 -22.119 0.662 82
-0.303 -22.195 0.633 82
-0.308 -22.188 0.654 81
-0.299 -22.289 0.679 84
-0.296 -22.251 0.638 84
-0.315 -22.149 0.658 86
-0.280 -22.355 0.633 100
-0.314 -22.194 0.684 83
-0.307 -22.229 0.677 83
-0.282 -22.357 0.646 31
-0.276 -22.300 0.578 74
-0.309 -22.187 0.658 81
-0.276 -22.317 0.591 72
-0.276 -22.313 0.586 75
-0.279 -22.278 0.577 68
-0.314 -22.183 0.676 81
-0.317 -22.128 0.656 83
-0.270 -22.317 0.562 75
-0.302 -22.254 0.666 82
-0.303 -22.192 0.632 80
-0.317 -22.143 0.667 81
-0.280 -22.319 0.608 74
-0.288 -22.268 0.615 77
-0.309 -22.198 0.663 82
-0.303 -22.271 0.683 90
-0.290 -22.335 0.665 86
-0.287 -22.352 0.663 3
-0.315 -22.134 0.652 84
-0.292 -22.343 0.679 9
-0.275 -22.302 0.576 74
-0.308 -22.168 0.639 78
-0.287 -22.364 0.673 23
-0.320 -22.136 0.674 82
-0.292 -22.283 0.641 85
-0.317 -22.128 0.656 83
-0.316 -22.153 0.669 85
-0.270 -22.332 0.572 82
-0.312 -22.198 0.680 82
-0.276 -22.344 0.608 82
-0.285 -22.306 0.623 79
-0.312 -22.200 0.677 82
-0.276 -22.299 0.577 76
-0.297 -22.322 0.689 38
-0.294 -22.364 0.701 67
-0.275 -22.333 0.595 82
-0.292 -22.351 0.686 67
-0.301 -22.243 0.658 84
-0.298 -22.221 0.631 83
-0.277 -22.331 0.603 78
-0.292 -22.334 0.675 71
-0.287 -22.300 0.629 80
-0.294 -22.362 0.702 67
-0.286 -22.370 0.673 3
-0.291 -22.238 0.607 79
-0.287 -22.287 0.622 79
-0.292 -22.285 0.642 79
-0.287 -22.262 0.603 77
-0.281 -22.290 0.594 75
-0.304 -22.274 0.692 87
-0.308 -22.235 0.685 83
-0.283 -22.347 0.642 103
-0.281 -22.293 0.597 75
-0.323 -22.109 0.669 87
-0.285 -22.339 0.644 138
-0.299 -22.221 0.633 83
-0.292 -22.286 0.641 79
-0.308 -22.235 0.684 84
-0.298 -22.287 0.672 83
-0.288 -22.281 0.622 82
-0.302 -22.195 0.630 82
-0.273 -22.315 0.576 73
-0.274 -22.296 0.568 74
-0.320 -22.140 0.678 79
-0.297 -22.262 0.652 83
-0.310 -22.183 0.660 79
-0.301 -22.250 0.660 84
-0.291 -22.240 0.611 79
-0.278 -22.286 0.579 73
-0.287 -22.298 0.629 82
-0.284 -22.277 0.599 75
-0.298 -22.292 0.676 81
-0.302 -22.215 0.642 83
-0.305 -22.239 0.671 84
-0.295 -22.307 0.669 126
-0.299 -22.267 0.665 84
-0.282 -22.320 0.621 82
-0.302 -22.250 0.666 81
-0.298 -22.289 0.671 83
-0.308 -22.178 0.645 79
-0.297 -22.245 0.639 85
-0.279 -22.301 0.593 74
-0.283 -22.290 0.604 77
-0.301 -22.250 0.663 84
-0.295 -22.241 0.626 84
-0.282 -22.363 0.645 58
-0.275 -22.332 0.593 84
-0.305 -22.221 0.663 83
-0.283 -22.268 0.589 77
-0.298 -22.317 0.689 70
-0.291 -22.232 0.604 81
-0.280 -22.349 0.629 108
-0.296 -22.252 0.639 84
-0.295 -22.315 0.677 102
-0.276 -22.320 0.591 72
-0.314 -22.154 0.659 80
-0.280 -22.353 0.634 118
-0.307 -22.226 0.675 82
-0.314 -22.185 0.679 81
-0.307 -22.223 0.672 82
-0.295 -22.256 0.636 82
-0.277 -22.321 0.595 71
-0.291 -22.316 0.659 116
-0.315 -22.173 0.678 83
-0.315 -22.152 0.661 86
-0.277 -22.328 0.599 75
-0.307 -22.173 0.640 78
-0.291 -22.307 0.655 64
-0.289 -22.244 0.604 76
-0.281 -22.280 0.587 74
-0.281 -22.300 0.601 75
-0.295 -22.315 0.675 96
-0.295 -22.284 0.654 79
-0.291 -22.355 0.682 60
-0.324 -22.103 0.670 89
-0.289 -22.315 0.646 73
-0.291 -22.322 0.661 146
-0.296 -22.258 0.642 83
-0.285 -22.356 0.656 6
-0.274 -22.338 0.593 82
-0.294 -22.295 0.658 72
-0.283 -22.311 0.618 80
-0.309 -22.213 0.673 82
-0.280 -22.326 0.617 77
-0.300 -22.274 0.674 80
-0.305 -22.244 0.674 84
-0.292 -22.229 0.605 80
-0.280 -22.288 0.588 71
-0.294 -22.225 0.611 82
-0.306 -22.190 0.645 80
-0.278 -22.324 0.605 73
-0.302 -22.286 0.687 96
-0.284 -22.305 0.620 77
-0.294 -22.357 0.697 73
-0.291 -22.353 0.684 58
-0.320 -22.128 0.670 80
-0.310 -22.203 0.670 81
-0.289 -22.250 0.607 77
-0.287 -22.263 0.605 78
-0.290 -22.309 0.650 75
-0.299 -22.293 0.680 83
-0.303 -22.254 0.675 85
-0.286 -22.288 0.616 78
-0.304 -22.256 0.679 85
-0.302 -22.192 0.628 80
-0.269 -22.332 0.567 80
-0.296 -22.339 0.695 53
-0.278 -22.297 0.588 73
-0.295 -22.238 0.624 84
-0.301 -22.232 0.650 83
-0.300 -22.233 0.646 84
-0.299 -22.295 0.681 83
-0.284 -22.309 0.621 79
-0.287 -22.333 0.652 117
-0.316 -22.159 0.673 85
-0.305 -22.224 0.664 84
-0.286 -22.266 0.602 76
-0.290 -22.327 0.661 109
-0.297 -22.215 0.618 81
-0.285 -22.340 0.648 117
-0.271 -22.316 0.566 77
-0.302 -22.207 0.638 84
-0.284 -22.343 0.645 103
-0.293 -22.261 0.633 83
-0.279 -22.278 0.576 68
-0.292 -22.237 0.611 81
-0.288 -22.337 0.659 83
-0.295 -22.288 0.660 78
-0.322 -22.108 0.664 87
-0.275 -22.317 0.586 75
-0.286 -22.343 0.653 91
-0.296 -22.226 0.621 82
-0.320 -22.128 0.668 83
-0.282 -22.309 0.613 80
-0.308 -22.183 0.649 78
-0.287 -22.266 0.607 77
-0.291 -22.309 0.655 59
-0.307 -22.225 0.674 82
-0.315 -22.183 0.682 82
-0.314 -22.149 0.656 80
-0.303 -22.245 0.668 84
-0.311 -22.204 0.678 81
-0.280 -22.281 0.583 71
-0.302 -22.280 0.684 89
-0.314 -22.073 0.624 87
-0.288 -22.042 0.593 90
-0.294 -22.049 0.621 88
-0.316 -22.074 0.660 93
-0.299 -22.057 0.562 81
-0.298 -22.055 0.576 83
-0.310 -22.067 0.646 89
-0.308 -22.065 0.610 86
-0.296 -22.052 0.574 85
-0.279 -22.030 0.629 84
-0.299 -22.055 0.618 90
-0.303 -22.061 0.579 80
-0.312 -22.071 0.583 80
-0.285 -22.037 0.652 50
-0.298 -22.055 0.575 83
-0.288 -22.042 0.611 86
-0.317 -22.075 0.667 95
-0.285 -22.039 0.610 86
-0.293 -22.048 0.628 89
-0.302 -22.059 0.614 89
-0.322 -22.080 0.668 95
-0.294 -22.049 0.610 88
-0.319 -22.079 0.626 85
-0.282 -22.034 0.624 85
-0.311 -22.070 0.567 80
-0.293 -22.047 0.656 81
-0.311 -22.070 0.586 79
-0.304 -22.063 0.569 81
-0.276 -22.028 0.630 66
-0.311 -22.068 0.645 89
-0.302 -22.060 0.554 80
-0.301 -22.057 0.648 87
-0.305 -22.062 0.600 85
-0.308 -22.067 0.563 81
-0.304 -22.063 0.575 79
-0.308 -22.068 0.555 81
-0.285 -22.039 0.601 89
-0.311 -22.070 0.584 80
-0.312 -22.069 0.643 93
-0.307 -22.066 0.579 78
-0.303 -22.058 0.661 87
-0.314 -22.072 0.630 87
-0.314 -22.073 0.608 82
-0.298 -22.055 0.582 84
-0.314 -22.074 0.590 81
-0.295 -22.051 0.594 87
-0.276 -22.027 0.637 49
-0.318 -22.077 0.637 90
-0.287 -22.041 0.601 90
-0.300 -22.055 0.644 86
-0.278 -22.030 0.626 80
-0.308 -22.064 0.658 87
-0.312 -22.070 0.643 93
-0.297 -22.051 0.649 92
-0.308 -22.065 0.620 90
-0.292 -22.047 0.605 87
-0.292 -22.045 0.656 70
-0.300 -22.057 0.574 85
-0.307 -22.067 0.543 75
-0.310 -22.067 0.628 90
-0.291 -22.046 0.607 87
-0.307 -22.129 0.597 77
-0.282 -22.240 0.560 76
-0.300 -22.185 0.611 81
-0.292 -22.178 0.560 81
-0.275 -22.275 0.554 72
-0.318 -22.101 0.638 88
-0.289 -22.183 0.544 78
-0.286 -22.243 0.585 75
-0.293 -22.155 0.543 82
-0.313 -22.112 0.620 87
-0.294 -22.210 0.600 80
-0.293 -22.211 0.598 80
-0.314 -22.112 0.623 89
-0.282 -22.242 0.560 75
-0.308 -22.147 0.620 78
-0.269 -22.315 0.556 75
-0.300 -22.151 0.579 80
-0.299 -22.170 0.590 76
-0.307 -22.160 0.627 77
-0.306 -22.094 0.559 82
-0.304 -22.101 0.556 85
-0.305 -22.165 0.623 77
-0.288 -22.200 0.559 79
-0.305 -22.120 0.576 77
-0.295 -22.171 0.571 76
-0.297 -22.197 0.608 81
-0.297 -22.148 0.560 76
-0.277 -22.282 0.571 68
-0.319 -22.094 0.635 88
-0.311 -22.098 0.592 88
-0.315 -22.094 0.609 86
-0.315 -22.099 0.617 89
-0.318 -22.097 0.633 87
-0.302 -22.164 0.605 80
-0.316 -22.107 0.629 90
-0.302 -22.122 0.563 77
-0.293 -22.194 0.580 78
-0.302 -22.099 0.540 83
-0.310 -22.135 0.623 81
-0.283 -22.253 0.577 76
-0.286 -22.235 0.576 76
-0.314 -22.108 0.621 87
-0.291 -22.208 0.583 80
-0.289 -22.203 0.566 79
-0.307 -22.153 0.622 78
-0.304 -22.113 0.566 77
-0.297 -22.135 0.545 78
-0.293 -22.169 0.554 79
-0.306 -22.158 0.621 78
-0.292 -22.187 0.568 80
-0.304 -22.159 0.608 80
-0.292 -22.197 0.574 81
-0.311 -22.091 0.586 89
-0.306 -22.159 0.623 78
-0.295 -22.211 0.609 80
-0.312 -22.076 0.578 76
-0.314 -22.128 0.639 84
-0.311 -22.092 0.587 89
-0.309 -22.101 0.582 84
-0.313 -22.103 0.606 88
-0.278 -22.278 0.571 70
-0.299 -22.129 0.549 78
-0.320 -22.097 0.641 91
-0.279 -22.262 0.561 70
-0.300 -22.123 0.549 75
-0.291 -22.197 0.569 81
-0.288 -22.203 0.557 79
-0.298 -22.160 0.578 77
-0.294 -22.152 0.545 78
-0.281 -22.239 0.550 74
-0.275 -22.287 0.562 75
-0.311 -22.126 0.616 83
-0.276 -22.272 0.555 71
-0.311 -22.141 0.632 80
-0.297 -22.149 0.558 76
-0.287 -22.195 0.546 80
-0.311 -22.106 0.600 84
-0.318 -22.106 0.641 89
-0.303 -22.130 0.574 74
-0.301 -22.159 0.593 77
-0.303 -22.123 0.569 77
-0.313 -22.137 0.640 76
-0.305 -22.139 0.594 75
-0.320 -22.083 0.629 82
-0.314 -22.099 0.609 87
-0.274 -22.289 0.562 76
-0.316 -22.127 0.652 85
-0.282 -22.237 0.559 75
-0.314 -22.082 0.592 80
-0.310 -22.091 0.581 84
-0.303 -22.141 0.587 77
-0.308 -22.095 0.569 82
-0.279 -22.257 0.556 72
-0.321 -22.087 0.638 86
-0.280 -22.249 0.557 73
-0.303 -22.112 0.560 79
-0.297 -22.184 0.595 78
-0.289 -22.187 0.547 78
-0.288 -22.231 0.584 77
-0.293 -22.179 0.563 80
-0.306 -22.084 0.547 83
-0.305 -22.171 0.628 77
-0.295 -22.201 0.600 79
-0.293 -22.185 0.574 78
-0.297 -22.133 0.544 78
-0.302 -22.149 0.589 77
-0.303 -22.127 0.571 72
-0.304 -22.168 0.617 81
-0.316 -22.117 0.638 90
-0.292 -22.190 0.570 81
-0.288 -22.204 0.559 79
-0.306 -22.123 0.588 79
-0.303 -22.149 0.594 79
-0.305 -22.150 0.604 77
-0.300 -22.168 0.594 78
-0.290 -22.181 0.551 80
-0.316 -22.103 0.626 91
-0.300 -22.171 0.596 79
-0.317 -22.120 0.650 86
-0.293 -22.186 0.571 79
-0.305 -22.094 0.554 80
-0.314 -22.123 0.633 88
-0.289 -22.191 0.550 80
-0.290 -22.223 0.589 80
-0.309 -22.071 0.553 79
-0.307 -22.098 0.566 82
-0.306 -22.166 0.630 78
-0.307 -22.150 0.619 78
-0.316 -22.086 0.610 84
-0.324 -22.094 0.663 81
-0.297 -22.160 0.569 76
-0.308 -22.093 0.567 83
-0.310 -22.135 0.620 80
-0.319 -22.112 0.653 88
-0.300 -22.138 0.567 77
-0.279 -22.250 0.555 73
-0.308 -22.109 0.586 79
-0.306 -22.103 0.569 83
-0.293 -22.175 0.560 80
-0.316 -22.099 0.622 89
-0.302 -22.141 0.582 77
-0.291 -22.180 0.556 80
-0.294 -22.168 0.562 79
-0.305 -22.131 0.588 77
-0.303 -22.103 0.548 84
-0.319 -22.081 0.621 81
-0.324 -22.096 0.666 90
-0.268 -22.320 0.553 80
-0.293 -22.210 0.596 81
-0.314 -22.117 0.630 91
-0.311 -22.075 0.570 76
-0.291 -22.197 0.570 81
-0.305 -22.101 0.562 81
-0.311 -22.087 0.583 87
-0.288 -22.216 0.573 81
-0.302 -22.144 0.585 76
-0.304 -22.092 0.548 83
-0.290 -22.182 0.548 79
-0.299 -22.117 0.541 80
-0.272 -22.304 0.561 78
-0.298 -22.128 0.543 77
-0.303 -22.123 0.568 77
-0.286 -22.248 0.590 76
-0.300 -22.141 0.571 78
-0.281 -22.257 0.568 75
-0.315 -22.094 0.613 86
-0.294 -22.184 0.574 78
-0.310 -22.114 0.603 84
-0.279 -22.276 0.575 67
-0.281 -22.263 0.577 73
-0.312 -22.098 0.598 87
-0.270 -22.309 0.555 74
-0.310 -22.074 0.561 79
-0.298 -22.139 0.552 77
-0.311 -22.140 0.630 81
-0.297 -22.186 0.592 78
-0.303 -22.167 0.610 79
-0.311 -22.112 0.605 85
-0.314 -22.076 0.589 80
-0.321 -22.237 0.712 84
-0.313 -22.299 0.717 89
-0.322 -22.221 0.708 83
-0.311 -22.271 0.704 90
-0.325 -22.246 0.721 90
-0.310 -22.280 0.706 87
-0.312 -22.213 0.688 82
-0.309 -22.310 0.712 87
-0.312 -22.255 0.700 88
-0.317 -22.248 0.708 90
-0.311 -22.240 0.694 89
-0.328 -22.262 0.733 91
-0.314 -22.293 0.718 90
-0.320 -22.179 0.691 83
-0.313 -22.260 0.704 90
-0.315 -22.229 0.697 86
-0.329 -22.190 0.711 84
-0.313 -22.267 0.706 90
-0.321 -22.137 0.679 78
-0.321 -22.198 0.700 83
-0.321 -22.158 0.687 81
-0.318 -22.195 0.692 83
-0.301 -22.344 0.709 77
-0.319 -22.210 0.699 83
-0.320 -22.168 0.688 84
-0.302 -22.319 0.704 73
-0.325 -22.224 0.714 83
-0.305 -22.270 0.693 85
-0.327 -22.242 0.724 89
-0.315 -22.264 0.708 89
-0.324 -22.255 0.722 89
-0.313 -22.310 0.721 85
-0.306 -22.296 0.702 81
-0.316 -22.301 0.722 91
-0.315 -22.304 0.722 92
-0.319 -22.184 0.690 82
-0.327 -22.194 0.708 83
-0.310 -22.321 0.719 80
-0.319 -22.297 0.727 93
-0.316 -22.213 0.694 82
-0.324 -22.130 0.682 78
-0.329 -22.202 0.715 81
-0.321 -22.187 0.695 84
-0.314 -22.305 0.720 91
-0.323 -22.246 0.718 89
-0.320 -22.205 0.700 83
-0.328 -22.251 0.729 91
-0.316 -22.300 0.721 91
-0.322 -22.223 0.710 83
-0.331 -22.252 0.734 93
-0.324 -22.231 0.714 83
-0.331 -22.239 0.730 89
-0.327 -22.223 0.717 83
-0.320 -22.262 0.718 90
-0.331 -22.250 0.734 93
-0.321 -22.152 0.683 82
-0.311 -22.246 0.695 88
-0.321 -22.196 0.698 83
-0.303 -22.336 0.711 73
-0.304 -22.315 0.706 80
-0.328 -22.163 0.701 82
-0.317 -22.258 0.711 88
-0.322 -22.268 0.724 88
-0.317 -22.251 0.709 89
-0.315 -22.266 0.709 89
-0.326 -22.260 0.727 91
-0.311 -22.233 0.692 87
-0.324 -22.201 0.705 83
-0.324 -22.276 0.729 88
-0.297 -22.349 0.704 80
-0.323 -22.186 0.699 84
-0.318 -22.299 0.726 93
-0.317 -22.281 0.718 86
-0.326 -22.097 0.675 85
-0.312 -22.281 0.710 89
-0.322 -22.213 0.706 82
-0.305 -22.277 0.695 86
-0.324 -22.158 0.691 83
-0.311 -22.274 0.704 91
-0.114 -22.185 0.044 86
-0.113 -22.191 0.046 59
-0.116 -22.155 0.036 116
-0.101 -22.152 0.033 59
-0.114 -22.188 0.045 77
-0.097 -22.168 0.037 80
-0.099 -22.203 0.047 72
-0.118 -22.188 0.046 60
-0.086 -22.170 0.035 95
-0.108 -22.165 0.038 105
-0.117 -22.164 0.039 122
-0.116 -22.193 0.047 60
-0.115 -22.175 0.042 136
-0.109 -22.190 0.045 67
-0.113 -22.179 0.042 154
-0.110 -22.184 0.043 101
-0.125 -22.171 0.042 125
-0.106 -22.154 0.034 97
-0.106 -22.156 0.035 97
-0.119 -22.184 0.045 84
-0.108 -22.169 0.039 113
-0.099 -22.203 0.047 72
-0.131 -22.167 0.042 74
-0.084 -22.198 0.043 56
-0.134 -22.181 0.047 70
-0.129 -22.170 0.043 102
-0.122 -22.154 0.037 124
-0.115 -22.164 0.039 121
-0.130 -22.173 0.044 110
-0.094 -22.190 0.042 134
-0.100 -22.158 0.034 97
-0.106 -22.156 0.035 97
-0.115 -22.266 0.034 117
-0.086 -22.271 0.036 72
-0.120 -22.226 0.041 151
-0.109 -22.228 0.041 52
-0.090 -22.296 0.031 69
-0.103 -22.244 0.039 49
-0.098 -22.282 0.033 92
-0.133 -22.199 0.044 148
-0.102 -22.292 0.031 127
-0.114 -22.272 0.033 123
-0.129 -22.214 0.042 129
-0.121 -22.221 0.041 137
-0.113 -22.250 0.037 78
-0.110 -22.248 0.038 76
-0.096 -22.251 0.039 41
-0.103 -22.278 0.033 107
-0.103 -22.284 0.032 137
-0.121 -22.223 0.041 151
-0.122 -22.237 0.038 99
-0.088 -22.299 0.031 73
-0.091 -22.288 0.033 71
-0.100 -22.293 0.031 105
-0.117 -22.192 0.047 60
-0.113 -22.266 0.034 143
-0.107 -22.246 0.038 76
-0.099 -22.281 0.033 113
-0.092 -22.276 0.035 33
-0.097 -22.247 0.039 67
-0.104 -22.282 0.032 132
-0.116 -22.198 0.046 52
-0.109 -22.288 0.031 137
-0.117 -22.242 0.038 114
-0.100 -22.209 0.046 67
-0.131 -22.197 0.045 98
-0.104 -22.284 0.032 132
-0.085 -22.223 0.045 109
-0.095 -22.264 0.036 38
-0.113 -22.203 0.045 59
-0.128 -22.138 0.033 146
-0.171 -22.115 0.032 140
-0.147 -22.158 0.042 104
-0.138 -22.129 0.032 59
-0.154 -22.157 0.042 101
-0.145 -22.139 0.036 73
-0.171 -22.121 0.033 154
-0.174 -22.126 0.035 158
-0.157 -22.148 0.040 161
-0.127 -22.150 0.037 131
-0.147 -22.151 0.040 66
-0.153 -22.125 0.033 73
-0.147 -22.146 0.038 84
-0.147 -22.167 0.045 72
-0.202 -22.291 0.601 40
-0.183 -22.288 0.511 34
-0.161 -22.336 0.544 96
-0.208 -22.253 0.529 34
-0.185 -22.303 0.560 88
-0.216 -22.245 0.542 35
-0.172 -22.305 0.514 35
-0.212 -22.238 0.504 42
-0.179 -22.299 0.523 33
-0.180 -22.315 0.569 104
-0.219 -22.220 0.487 37
-0.142 -22.345 0.491 109
-0.176 -22.319 0.567 124
-0.151 -22.334 0.501 61
-0.185 -22.314 0.588 54
-0.198 -22.286 0.570 132
-0.187 -22.314 0.596 35
-0.193 -22.278 0.531 36
-0.180 -22.306 0.545 26
-0.204 -22.271 0.557 34
-0.184 -22.327 0.619 61
-0.193 -22.276 0.528 36
-0.170 -22.320 0.543 44
-0.186 -22.278 0.499 30
-0.172 -22.299 0.495 27
-0.158 -22.335 0.529 137
-0.212 -22.253 0.543 33
-0.181 -22.321 0.589 65
-0.178 -22.303 0.532 39
-0.152 -22.343 0.524 180
-0.165 -22.312 0.501 35
-0.185 -22.301 0.555 45
-0.201 -22.284 0.580 128
-0.144 -22.348 0.505 95
-0.201 -22.272 0.549 34
-0.205 -22.264 0.545 33
-0.184 -22.292 0.526 36
-0.195 -22.304 0.606 51
-0.192 -22.295 0.569 140
-0.171 -22.324 0.557 128
-0.195 -22.298 0.590 35
-0.205 -22.288 0.606 57
-0.206 -22.285 0.600 42
-0.217 -22.238 0.527 32
-0.191 -22.294 0.561 64
-0.227 -22.209 0.496 47
-0.186 -22.324 0.622 62
-0.203 -22.245 0.487 63
-0.171 -22.314 0.530 45
-0.174 -22.307 0.525 33
-0.153 -22.330 0.497 45
-0.193 -22.319 0.636 63
-0.194 -22.280 0.537 35
-0.223 -22.219 0.503 56
-0.193 -22.284 0.546 27
-0.216 -22.231 0.503 56
-0.177 -22.307 0.535 36
-0.152 -22.330 0.492 42
-0.199 -22.273 0.541 36
-0.203 -22.292 0.607 58
-0.163 -22.312 0.490 32
-0.193 -22.272 0.514 30
-0.190 -22.265 0.484 55
-0.159 -22.336 0.539 87
-0.179 -22.297 0.520 33
-0.217 -22.243 0.539 34
-0.178 -22.312 0.557 109
-0.168 -22.329 0.559 129
-0.203 -22.291 0.604 47
-0.194 -22.286 0.555 26
-0.184 -22.305 0.559 88
-0.204 -22.245 0.490 67
-0.191 -22.289 0.552 24
-0.188 -22.295 0.552 29
-0.188 -22.334 0.653 71
-0.191 -22.312 0.608 55
-0.181 -22.317 0.581 65
-0.191 -22.313 0.611 53
-0.191 -22.328 0.651 69
-0.192 -22.294 0.569 137
-0.205 -22.275 0.573 109
-0.216 -22.254 0.564 37
-0.182 -22.294 0.523 33
-0.227 -22.205 0.484 33
-0.201 -22.248 0.487 53
-0.190 -22.270 0.497 37
-0.220 -22.229 0.515 33
-0.151 -22.331 0.490 49
-0.187 -22.327 0.633 66
-0.205 -22.285 0.596 52
-0.237 -22.191 0.488 32
-0.192 -22.265 0.492 55
-0.177 -22.329 0.593 63
-0.173 -22.336 0.593 68
-0.165 -22.333 0.555 151
-0.177 -22.335 0.611 58
-0.201 -22.249 0.487 64
-0.220 -22.226 0.510 38
-0.187 -22.273 0.491 48
-0.204 -22.262 0.534 34
-0.177 -22.294 0.504 30
-0.195 -22.296 0.584 74
-0.170 -22.330 0.568 149
-0.194 -22.279 0.533 36
-0.173 -22.313 0.535 46
-0.180 -22.311 0.558 109
-0.150 -22.338 0.502 68
-0.188 -22.315 0.602 52
-0.176 -22.300 0.517 34
-0.155 -22.337 0.523 136
-0.234 -22.199 0.498 47
-0.167 -22.305 0.489 35
-0.207 -22.272 0.573 85
-0.193 -22.271 0.512 29
-0.182 -22.324 0.603 48
-0.155 -22.331 0.507 51
-0.181 -22.326 0.602 47
-0.204 -22.263 0.537 35
-0.154 -22.337 0.518 85
-0.195 -22.272 0.522 30
-0.210 -22.244 0.511 32
-0.159 -22.323 0.503 44
-0.182 -22.280 0.488 55
-0.159 -22.320 0.495 34
-0.232 -22.206 0.507 48
-0.145 -22.343 0.496 91
-0.193 -22.292 0.566 110
-0.181 -22.314 0.569 104
-0.221 -22.232 0.528 31
-0.205 -22.263 0.543 32
-0.189 -22.332 0.654 71
-0.205 -22.246 0.496 56
-0.174 -22.314 0.542 38
-0.158 -22.334 0.527 135
-0.178 -22.289 0.497 28
-0.226 -22.216 0.509 43
-0.144 -22.349 0.506 106
-0.203 -22.253 0.509 29
-0.166 -22.318 0.520 39
-0.201 -22.266 0.534 35
-0.183 -22.299 0.542 31
-0.148 -22.336 0.491 58
-0.155 -22.331 0.505 51
-0.226 -22.226 0.532 33
-0.163 -22.319 0.511 37
-0.232 -22.203 0.500 49
-0.172 -22.316 0.540 43
-0.150 -22.339 0.508 66
-0.198 -22.254 0.486 54
-0.173 -22.329 0.579 116
-0.212 -22.236 0.502 50
-0.207 -22.248 0.511 31
-0.206 -22.240 0.486 49
-0.195 -22.278 0.538 35
-0.204 -22.259 0.527 33
-0.179 -22.297 0.520 34
-0.186 -22.293 0.540 33
-0.207 -22.243 0.498 56
-0.163 -22.339 0.559 176
-0.207 -22.263 0.550 35
-0.216 -22.232 0.510 33
-0.156 -22.331 0.510 45
-0.175 -22.338 0.609 55
-0.157 -22.340 0.540 95
-0.181 -22.324 0.600 42
-0.192 -22.309 0.605 53
-0.167 -22.315 0.518 39
-0.209 -22.240 0.496 57
-0.221 -22.219 0.495 52
-0.205 -22.273 0.567 59
-0.202 -22.254 0.507 31
-0.195 -22.266 0.509 29
-0.198 -22.270 0.531 34
-0.164 -22.338 0.563 185
-0.212 -22.243 0.520 31
-0.181 -22.313 0.568 134
-0.154 -22.338 0.521 116
-0.159 -22.323 0.504 44
-0.179 -22.328 0.601 43
-0.289 -21.965 0.700 18
-0.297 -21.956 0.758 26
-0.285 -21.979 0.737 24
-0.290 -21.967 0.726 20
-0.297 -21.958 0.773 23
-0.272 -21.999 0.663 142
-0.300 -21.953 0.786 22
-0.293 -21.965 0.762 29
-0.284 -21.976 0.690 19
-0.293 -21.956 0.693 17
-0.305 -21.930 0.711 14
-0.272 -22.001 0.668 142
-0.291 -21.969 0.750 24
-0.272 -22.003 0.689 41
-0.273 -22.002 0.695 23
-0.287 -21.980 0.768 29
-0.283 -21.986 0.747 24
-0.279 -21.991 0.717 23
-0.277 -21.991 0.690 22
-0.295 -21.955 0.716 17
-0.283 -21.979 0.702 20
-0.295 -21.958 0.744 23
-0.298 -21.952 0.753 23
-0.298 -21.957 0.793 23
-0.301 -21.947 0.765 24
-0.275 -21.996 0.684 76
-0.285 -21.971 0.683 36
-0.284 -21.980 0.719 22
-0.302 -21.944 0.754 21
-0.273 -22.001 0.685 82
-0.303 -21.940 0.745 19
-0.292 -21.964 0.732 19
-0.296 -21.962 0.793 22
-0.280 -21.990 0.723 23
-0.290 -21.974 0.766 30
-0.269 -22.007 0.664 143
-0.292 -21.969 0.771 30
-0.298 -21.951 0.745 22
-0.299 -21.945 0.720 17
-0.302 -21.941 0.739 18
-0.294 -21.961 0.755 26
-0.304 -21.935 0.721 14
-0.301 -21.939 0.707 23
-0.276 -21.993 0.684 73
-0.288 -21.967 0.693 20
-0.286 -21.974 0.708 20
-0.291 -21.974 0.793 25
-0.296 -21.969 0.837 19
-0.283 -21.981 0.710 22
-0.303 -21.938 0.733 19
-0.304 -21.937 0.737 18
-0.279 -21.991 0.715 22
-0.293 -21.960 0.725 19
-0.292 -21.959 0.703 22
-0.287 -21.976 0.734 23
-0.291 -21.973 0.778 29
-0.293 -21.973 0.817 21
-0.304 -21.933 0.720 14
-0.289 -21.973 0.748 23
-0.296 -21.966 0.811 18
-0.283 -21.983 0.724 23
-0.297 -21.958 0.771 26
-0.294 -21.958 0.724 19
-0.296 -21.964 0.798 20
-0.295 -21.968 0.812 18
-0.295 -21.962 0.779 25
-0.276 -21.993 0.681 140
-0.296 -21.953 0.720 18
-0.284 -21.984 0.742 25
-0.289 -21.977 0.769 30
-0.283 -21.982 0.712 21
-0.298 -21.948 0.728 18
-0.236 -22.141 0.657 151
-0.263 -22.024 0.652 152
-0.201 -22.295 0.663 145
-0.221 -22.231 0.669 143
-0.265 -22.108 0.685 105
-0.268 -22.106 0.688 32
-0.263 -22.029 0.654 151
-0.255 -22.205 0.706 16
-0.232 -22.237 0.686 134
-0.225 -22.224 0.671 139
-0.255 -22.075 0.660 147
-0.251 -22.082 0.657 143
-0.240 -22.140 0.661 143
-0.258 -22.083 0.666 151
-0.244 -22.202 0.689 142
-0.213 -22.271 0.670 143
-0.256 -22.126 0.678 152
-0.237 -22.138 0.656 151
-0.228 -22.227 0.676 135
-0.213 -22.272 0.671 142
-0.251 -22.175 0.689 151
-0.267 -22.153 0.703 21
-0.246 -22.211 0.694 69
-0.255 -22.166 0.691 91
-0.257 -22.067 0.660 147
-0.219 -22.231 0.664 151
-0.237 -22.236 0.691 149
-0.235 -22.206 0.678 130
-0.226 -22.193 0.661 149
-0.246 -22.126 0.664 147
-0.232 -22.270 0.696 151
-0.255 -22.144 0.684 153
-0.234 -22.251 0.693 145
-0.263 -22.146 0.695 21
-0.251 -22.152 0.681 140
-0.237 -22.185 0.673 142
-0.271 -22.201 0.726 20
-0.266 -22.172 0.709 20
-0.233 -22.229 0.683 127
-0.263 -22.126 0.687 128
-0.200 -22.304 0.665 146
-0.249 -22.191 0.691 117
-0.234 -22.268 0.698 72
-0.264 -22.203 0.716 19
-0.227 -22.270 0.689 142
-0.243 -22.218 0.693 152
-0.246 -22.180 0.684 133
-0.228 -22.175 0.657 154
-0.243 -22.200 0.686 133
-0.216 -22.268 0.673 147
-0.209 -22.274 0.667 148
-0.248 -22.160 0.679 128
-0.229 -22.193 0.665 141
-0.230 -22.235 0.681 127
-0.231 -22.228 0.680 128
-0.214 -22.299 0.682 128
-0.240 -22.133 0.659 148
-0.252 -22.210 0.703 16
-0.265 -22.171 0.706 21
-0.256 -22.087 0.664 152
-0.259 -22.190 0.706 17
-0.239 -22.237 0.694 149
-0.260 -22.046 0.655 146
-0.235 -22.261 0.698 66
-0.257 -22.106 0.673 157
-0.247 -22.211 0.697 25
-0.247 -22.148 0.674 144
-0.243 -22.235 0.699 44
-0.230 -22.233 0.680 127
-0.207 -22.284 0.667 147
-0.240 -22.250 0.701 17
-0.219 -22.222 0.662 161
-0.243 -22.126 0.661 143
-0.230 -22.248 0.686 135
-0.245 -22.143 0.670 152
-0.235 -22.232 0.687 133
-0.230 -22.207 0.672 139
-0.233 -22.188 0.669 141
-0.246 -22.129 0.666 149
-0.245 -22.203 0.691 130
-0.265 -22.150 0.700 22
-0.204 -22.285 0.664 148
-0.235 -22.185 0.671 142
-0.262 -22.124 0.686 128
-0.248 -22.184 0.688 145
-0.246 -22.101 0.656 150
-0.252 -22.221 0.706 14
-0.233 -22.207 0.676 134
-0.248 -22.178 0.686 134
-0.259 -22.166 0.697 19
-0.240 -22.146 0.663 144
-0.224 -22.215 0.666 139
-0.267 -22.118 0.691 20
-0.268 -22.143 0.701 24
-0.234 -22.262 0.696 141
-0.255 -22.109 0.670 156
-0.240 -22.155 0.667 145
-0.248 -22.246 0.710 15
-0.266 -22.163 0.706 21
-0.253 -22.168 0.689 91
-0.216 -22.258 0.671 146
-0.253 -22.113 0.670 157
-0.227 -22.276 0.691 138
-0.214 -22.238 0.661 161
-0.245 -22.141 0.669 153
-0.221 -22.217 0.663 158
-0.242 -22.151 0.669 144
-0.234 -22.222 0.682 127
-0.229 -22.190 0.664 142
-0.265 -22.090 0.678 175
-0.248 -22.087 0.654 144
-0.232 -22.161 0.657 154
-0.252 -22.137 0.677 147
-0.244 -22.149 0.670 147
-0.265 -22.157 0.701 21
-0.252 -22.158 0.685 143
-0.257 -22.078 0.663 150
-0.249 -22.098 0.659 148
-0.245 -22.121 0.661 144
-0.228 -22.231 0.677 129
-0.241 -22.152 0.668 146
-0.199 -22.307 0.665 146
-0.224 -22.205 0.663 143
-0.226 -22.182 0.658 154
-0.210 -22.304 0.678 126
-0.259 -22.066 0.661 147
-0.264 -22.074 0.671 151
-0.265 -22.047 0.664 151
-0.265 -22.067 0.670 151
-0.226 -22.252 0.682 129
-0.220 -22.218 0.662 160
-0.246 -22.184 0.685 133
-0.237 -22.188 0.674 137
-0.250 -22.099 0.661 142
-0.206 -22.306 0.674 134
-0.231 -22.191 0.667 141
-0.213 -22.253 0.665 152
-0.257 -22.088 0.667 153
-0.266 -22.100 0.682 160
-0.255 -22.074 0.659 143
-0.268 -22.118 0.692 20
-0.267 -22.137 0.698 21
-0.242 -22.219 0.693 156
-0.267 -22.196 0.718 22
-0.193 -22.323 0.662 162
-0.236 -22.217 0.683 125
-0.249 -22.091 0.656 149
-0.225 -22.234 0.674 139
-0.234 -22.163 0.609 114
-0.217 -22.237 0.611 49
-0.247 -22.122 0.559 36
-0.244 -22.136 0.562 37
-0.213 -22.250 0.616 58
-0.238 -22.132 0.649 139
-0.223 -22.220 0.585 73
-0.207 -22.274 0.620 60
-0.257 -22.058 0.620 79
-0.202 -22.284 0.653 68
-0.224 -22.210 0.593 103
-0.212 -22.253 0.617 58
-0.207 -22.268 0.635 62
-0.210 -22.269 0.597 65
-0.248 -22.132 0.529 43
-0.214 -22.238 0.635 65
-0.227 -22.189 0.616 76
-0.251 -22.080 0.631 111
-0.249 -22.117 0.560 36
-0.234 -22.144 0.655 150
-0.235 -22.141 0.653 150
-0.239 -22.152 0.577 45
-0.236 -22.143 0.641 56
-0.248 -22.115 0.573 40
-0.235 -22.161 0.601 93
-0.239 -22.153 0.570 41
-0.239 -22.129 0.643 55
-0.229 -22.194 0.584 52
-0.231 -22.193 0.565 42
-0.255 -22.071 0.612 64
-0.215 -22.239 0.628 58
-0.246 -22.127 0.562 36
-0.220 -22.231 0.582 72
-0.238 -22.183 0.498 41
-0.224 -22.202 0.615 59
-0.245 -22.101 0.645 64
-0.239 -22.159 0.555 37
-0.217 -22.244 0.581 80
-0.196 -22.312 0.655 162
-0.246 -22.147 0.513 51
-0.231 -22.191 0.567 42
-0.225 -22.200 0.612 74
-0.259 -22.055 0.610 58
-0.215 -22.235 0.641 65
-0.217 -22.228 0.632 59
-0.229 -22.198 0.568 42
-0.209 -22.262 0.638 62
-0.223 -22.221 0.582 59
-0.234 -22.179 0.565 42
-0.254 -22.067 0.631 111
-0.235 -22.189 0.528 34
-0.228 -22.214 0.539 35
-0.226 -22.198 0.608 87
-0.215 -22.248 0.601 67
-0.201 -22.295 0.630 61
-0.232 -22.159 0.640 59
-0.240 -22.143 0.589 54
-0.212 -22.252 0.631 62
-0.244 -22.115 0.623 103
-0.232 -22.205 0.510 42
-0.254 -22.083 0.589 46
-0.239 -22.143 0.603 75
-0.234 -22.185 0.543 36
-0.243 -22.117 0.631 77
-0.237 -22.136 0.643 54
-0.247 -22.098 0.634 86
-0.231 -22.172 0.622 64
-0.248 -22.101 0.615 86
-0.248 -22.116 0.572 39
-0.241 -22.147 0.575 41
-0.213 -22.241 0.648 60
-0.248 -22.097 0.627 104
-0.233 -22.159 0.633 58
-0.246 -22.111 0.604 62
-0.235 -22.177 0.560 38
-0.248 -22.107 0.596 55
-0.227 -22.190 0.616 72
-0.236 -22.147 0.633 59
-0.225 -22.188 0.641 64
-0.226 -22.192 0.620 59
-0.238 -22.164 0.559 38
-0.258 -22.047 0.642 106
-0.206 -22.276 0.635 62
-0.257 -22.070 0.596 53
-0.257 -22.063 0.607 59
-0.223 -22.222 0.578 50
-0.238 -22.164 0.561 40
-0.236 -22.186 0.520 38
-0.244 -22.125 0.595 56
-0.252 -22.074 0.641 95
-0.245 -22.108 0.630 85
-0.226 -22.192 0.619 60
-0.228 -22.219 0.526 34
-0.234 -22.176 0.568 43
-0.227 -22.214 0.549 38
-0.221 -22.223 0.596 105
-0.231 -22.191 0.571 42
-0.237 -22.167 0.564 40
-0.251 -22.079 0.636 98
-0.200 -22.301 0.632 59
-0.255 -22.067 0.621 82
-0.238 -22.185 0.493 34
-0.254 -22.078 0.605 60
-0.246 -22.139 0.534 36
-0.230 -22.178 0.609 109
-0.222 -22.208 0.627 57
-0.204 -22.279 0.649 55
-0.251 -22.082 0.633 105
-0.217 -22.221 0.655 168
-0.233 -22.182 0.571 43
-0.226 -22.224 0.535 34
-0.224 -22.192 0.651 158
-0.213 -22.242 0.637 64
-0.234 -22.164 0.600 87
-0.258 -22.052 0.629 109
-0.246 -22.106 0.624 104
-0.218 -22.216 0.649 70
-0.247 -22.131 0.535 37
-0.250 -22.109 0.561 39
-0.223 -22.215 0.590 89
-0.205 -22.277 0.643 64
-0.237 -22.135 0.651 139
-0.227 -22.200 0.596 107
-0.206 -22.285 0.603 44
-0.246 -22.129 0.560 36
-0.243 -22.133 0.586 51
-0.236 -22.160 0.597 62
-0.213 -22.238 0.653 160
-0.232 -22.203 0.523 35
-0.238 -22.158 0.568 40
-0.236 -22.174 0.554 36
-0.255 -22.065 0.625 93
-0.231 -22.162 0.649 67
-0.204 -22.285 0.635 62
-0.204 -22.289 0.616 57
-0.231 -22.175 0.606 114
-0.219 -22.211 0.653 160
-0.236 -22.167 0.572 44
-0.239 -22.161 0.553 36
-0.245 -22.139 0.544 34
-0.234 -22.186 0.543 36
-0.238 -22.129 0.654 149
-0.239 -22.180 0.497 36
-0.215 -22.237 0.628 57
-0.244 -22.132 0.579 46
-0.230 -22.210 0.526 34
-0.249 -22.112 0.567 39
-0.209 -22.258 0.645 65
-0.226 -22.197 0.606 99
-0.240 -22.170 0.516 44
-0.212 -22.263 0.598 61
-0.247 -22.134 0.532 38
-0.243 -22.164 0.496 31
-0.210 -22.252 0.647 61
-0.217 -22.238 0.600 85
-0.227 -22.198 0.595 97
-0.244 -22.147 0.528 38
-0.239 -22.168 0.531 35
-0.228 -22.184 0.627 53
-0.236 -22.155 0.610 112
-0.228 -22.176 0.647 60
-0.259 -22.047 0.633 115
-0.234 -22.186 0.541 38
-0.217 -22.231 0.618 55
-0.228 -22.213 0.537 35
-0.262 -22.030 0.644 116
-0.225 -22.190 0.635 62
-0.244 -22.142 0.539 34
-0.230 -22.174 0.625 64
-0.243 -22.136 0.570 39
-0.194 -22.320 0.655 164
-0.238 -22.163 0.562 40
-0.244 -22.155 0.510 50
-0.218 -22.236 0.597 90
-0.206 -22.275 0.629 62
-0.227 -22.183 0.632 62
-0.200 -22.303 0.627 61
-0.210 -22.261 0.624 60
-0.239 -22.180 0.503 45
-0.233 -22.162 0.618 88
-0.209 -22.256 0.647 60
-0.218 -22.234 0.606 60
-0.257 -22.067 0.602 57
-0.240 -22.121 0.652 147
-0.239 -22.164 0.544 35
-0.195 -22.317 0.649 54
-0.220 -22.206 0.652 159
-0.253 -22.067 0.647 141
-0.213 -22.251 0.615 54
-0.207 -22.274 0.619 60
-0.216 -22.233 0.635 65
-0.222 -22.212 0.616 53
-0.249 -22.098 0.611 68
-0.232 -22.160 0.647 67
-0.259 -22.044 0.636 118
-0.244 -22.123 0.598 59
-0.254 -22.079 0.597 53
-0.227 -22.221 0.536 35
-0.247 -22.125 0.560 36
-0.227 -22.188 0.619 65
-0.237 -22.190 0.498 44
-0.245 -22.124 0.587 49
-0.204 -22.273 0.658 164
-0.254 -22.060 0.650 148
-0.209 -22.260 0.635 61
-0.229 -22.177 0.634 58
-0.233 -22.181 0.567 42
-0.228 -22.178 0.640 65
-0.209 -22.266 0.619 58
-0.215 -22.240 0.626 55
-0.252 -22.092 0.590 47
-0.232 -22.185 0.564 42
-0.210 -22.252 0.654 161
-0.242 -22.168 0.499 36
-0.215 -22.241 0.614 51
-0.243 -22.153 0.528 37
-0.209 -22.257 0.643 65
-0.228 -22.210 0.549 38
-0.244 -22.155 0.506 45
-0.230 -22.211 0.521 35
-0.237 -22.184 0.512 46
-0.220 -22.221 0.609 60
-0.207 -22.263 0.650 69
-0.246 -22.133 0.551 38
-0.241 -22.142 0.587 52
-0.212 -22.267 0.584 113
-0.250 -22.116 0.548 38
-0.251 -22.080 0.637 98
-0.213 -22.244 0.635 64
-0.233 -22.159 0.631 60
-0.234 -22.183 0.549 33
-0.193 -22.323 0.659 171
-0.245 -22.145 0.525 43
-0.252 -22.076 0.637 103
-0.253 -22.096 0.570 40
-0.213 -22.258 0.600 65
-0.226 -22.214 0.569 41
-0.215 -22.251 0.589 105
-0.211 -22.267 0.595 65
-0.240 -22.168 0.520 43
-0.227 -22.182 0.638 66
-0.246 -22.139 0.533 38
-0.220 -22.219 0.616 50
-0.242 -22.161 0.513 49
-0.207 -22.281 0.610 61
-0.213 -22.248 0.621 55
-0.247 -22.098 0.638 75
-0.251 -22.095 0.590 47
-0.258 -22.046 0.639 119
-0.249 -22.090 0.636 82
-0.202 -22.286 0.650 53
-0.236 -22.150 0.622 82
-0.247 -22.130 0.539 35
-0.238 -22.171 0.541 35
-0.245 -22.107 0.626 102
-0.234 -22.155 0.626 67
-0.195 -22.313 0.660 158
-0.215 -22.252 0.582 110
-0.235 -22.173 0.566 42
-0.224 -22.192 0.647 59
-0.237 -22.172 0.551 35
-0.248 -22.108 0.592 48
-0.246 -22.096 0.653 148
-0.233 -22.203 0.506 48
-0.213 -22.261 0.584 114
-0.234 -22.176 0.569 43
-0.230 -22.163 0.655 151
-0.234 -22.191 0.524 35
-0.259 -22.052 0.612 59
-0.250 -22.097 0.598 57
-0.236 -22.155 0.605 99
-0.233 -22.189 0.545 38
-0.219 -22.234 0.587 99
-0.239 -22.174 0.512 47
-0.220 -22.231 0.591 107
-0.236 -22.156 0.596 58
-0.239 -22.159 0.555 37
-0.254 -22.072 0.627 110
-0.238 -22.136 0.635 60
-0.213 -22.244 0.632 61
-0.197 -22.308 0.649 53
-0.262 -22.028 0.645 116
-0.220 -22.210 0.644 66
-0.211 -22.264 0.605 47
-0.241 -22.146 0.567 39
-0.230 -22.202 0.542 36
-0.230 -22.191 0.573 42
-0.214 -22.233 0.658 166
-0.224 -22.209 0.599 108
-0.201 -22.298 0.633 61
-0.255 -22.078 0.589 45
-0.262 -22.036 0.631 105
-0.232 -22.200 0.528 34
-0.230 -22.165 0.648 68
-0.228 -22.178 0.637 65
-0.276 -22.138 0.744 23
-0.276 -22.038 0.725 25
-0.266 -22.036 0.662 144
-0.276 -22.139 0.745 23
-0.271 -22.121 0.711 23
-0.276 -22.009 0.718 24
-0.277 -22.070 0.734 28
-0.280 -22.061 0.753 27
-0.282 -22.076 0.768 27
-0.278 -22.047 0.739 28
-0.273 -22.191 0.731 17
-0.289 -22.036 0.809 22
-0.275 -22.094 0.731 24
-0.290 -22.017 0.812 22
-0.271 -22.109 0.707 22
-0.272 -22.094 0.711 24
-0.268 -22.009 0.672 146
-0.270 -22.131 0.701 21
-0.281 -22.058 0.763 27
-0.268 -22.057 0.678 175
-0.272 -22.127 0.712 23
-0.277 -22.073 0.739 28
-0.269 -22.027 0.680 168
-0.276 -22.012 0.721 25
-0.275 -22.107 0.731 24
-0.279 -22.034 0.742 28
-0.279 -22.135 0.759 26
-0.276 -22.082 0.732 27
-0.275 -22.117 0.730 24
-0.275 -22.070 0.727 25
-0.280 -22.134 0.765 25
-0.277 -22.120 0.745 25
-0.271 -22.156 0.713 21
-0.287 -22.002 0.788 24
-0.270 -22.147 0.706 20
-0.283 -22.100 0.779 27
-0.272 -22.170 0.726 21
-0.271 -22.057 0.697 26
-0.283 -22.034 0.767 26
-0.273 -22.183 0.730 19
-0.277 -22.010 0.729 26
-0.285 -22.027 0.778 24
-0.278 -22.020 0.734 26
-0.277 -22.032 0.732 25
-0.274 -22.012 0.707 18
-0.274 -22.101 0.723 24
-0.291 -21.999 0.812 21
-0.276 -22.031 0.724 25
-0.288 -22.051 0.801 23
-0.280 -22.029 0.751 27
-0.274 -22.012 0.708 18
-0.280 -22.128 0.767 26
-0.290 -22.011 0.806 22
-0.277 -22.113 0.746 25
-0.273 -22.082 0.715 20
-0.272 -22.099 0.712 22
-0.290 -22.001 0.807 21
-0.272 -22.132 0.713 22
-0.279 -22.041 0.746 28
-0.279 -22.135 0.758 25
-0.269 -22.112 0.691 18
-0.274 -22.151 0.732 19
-0.282 -22.045 0.762 26
-0.278 -22.000 0.731 25
-0.278 -22.113 0.751 26
-0.279 -22.056 0.748 28
-0.285 -21.992 0.774 29
-0.277 -22.048 0.732 27
-0.272 -22.174 0.723 20
-0.281 -22.058 0.760 27
-0.267 -22.047 0.669 145
-0.270 -22.015 0.685 108
-0.289 -22.030 0.805 22
-0.273 -22.172 0.729 17
-0.267 -22.053 0.673 161
-0.277 -22.099 0.744 26
-0.291 -21.976 0.811 20
-0.281 -21.993 0.751 25
-0.274 -22.165 0.736 22
-0.270 -22.066 0.690 19
-0.280 -22.004 0.745 26
-0.289 -21.979 0.798 24
-0.275 -22.103 0.728 23
-0.267 -22.026 0.665 144
-0.288 -21.989 0.791 26
-0.277 -22.055 0.732 27
-0.275 -22.003 0.711 17
-0.290 -22.001 0.805 22
-0.283 -22.077 0.774 27
-0.286 -22.035 0.788 25
-0.284 -22.055 0.780 26
-0.269 -22.073 0.687 92
-0.277 -22.028 0.731 27
-0.277 -22.005 0.727 25
-0.271 -22.134 0.712 22
-0.271 -22.083 0.701 22
-0.277 -22.130 0.747 25
-0.272 -22.183 0.724 21
-0.287 -22.055 0.796 24
-0.271 -22.059 0.699 27
-0.286 -22.020 0.783 25
-0.275 -22.019 0.717 24
-0.275 -22.132 0.738 24
-0.276 -22.022 0.719 24
-0.274 -22.136 0.729 22
-0.289 -21.993 0.800 21
-0.285 -22.061 0.784 26
-0.273 -22.043 0.706 16
-0.273 -22.094 0.716 23
-0.288 -22.023 0.800 24
-0.282 -22.045 0.766 26
-0.280 -22.008 0.745 27
-0.273 -22.018 0.701 21
-0.274 -22.061 0.718 21
-0.288 -22.029 0.798 23
-0.273 -22.146 0.727 20
-0.283 -22.059 0.771 27
-0.269 -22.020 0.677 158
-0.278 -22.149 0.756 24
-0.272 -22.027 0.696 25
-0.272 -22.040 0.698 26
-0.271 -22.007 0.688 43
-0.277 -22.109 0.745 26
-0.282 -22.055 0.763 27
-0.272 -22.062 0.702 23
-0.271 -22.145 0.715 22
-0.274 -22.085 0.719 21
-0.280 -22.100 0.761 28
-0.269 -22.031 0.681 170
-0.276 -22.115 0.740 25
-0.272 -22.076 0.709 21
-0.282 -22.107 0.776 27
-0.269 -22.019 0.675 158
-0.288 -22.002 0.792 24
-0.274 -22.132 0.731 22
-0.279 -22.036 0.745 28
-0.277 -22.044 0.730 26
-0.272 -22.171 0.722 22
-0.289 -22.023 0.804 22
-0.272 -22.042 0.699 21
-0.286 -21.996 0.780 27
-0.287 -22.011 0.788 24
-0.282 -22.002 0.759 25
-0.274 -22.037 0.709 20
-0.280 -22.030 0.752 27
-0.280 -22.039 0.749 27
-0.280 -22.108 0.765 29
-0.273 -22.147 0.726 19
-0.292 -21.981 0.819 20
-0.277 -22.040 0.730 26
-0.289 -21.998 0.799 23
-0.285 -22.083 0.788 27
-0.275 -22.166 0.738 22
-0.274 -22.152 0.733 19
-0.292 -22.001 0.821 20
-0.284 -21.992 0.766 27
-0.279 -22.017 0.739 27
-0.274 -22.045 0.716 20
-0.283 -22.038 0.769 25
-0.275 -22.032 0.715 23
-0.283 -22.055 0.770 26
-0.281 -22.014 0.749 27
-0.285 -22.031 0.778 25
-0.282 -22.044 0.766 25
-0.273 -22.032 0.708 18
-0.285 -22.075 0.789 26
-0.279 -22.051 0.745 28
-0.286 -22.055 0.788 25
-0.279 -22.047 0.742 28
-0.272 -22.121 0.711 22
-0.280 -22.032 0.746 28
-0.282 -22.007 0.756 26
-0.270 -22.122 0.703 23
-0.275 -22.075 0.726 25
-0.277 -22.020 0.728 26
-0.277 -22.058 0.732 27
-0.269 -22.093 0.693 22
-0.272 -22.150 0.719 22
-0.271 -22.134 0.710 21
-0.278 -22.006 0.732 25
-0.271 -22.088 0.700 23
-0.278 -22.070 0.744 28
-0.268 -22.059 0.679 181
-0.283 -22.014 0.764 26
-0.291 -21.991 0.814 20
-0.287 -21.995 0.787 27
-0.273 -22.170 0.727 20
-0.274 -22.021 0.711 19
-0.292 -22.006 0.822 21
-0.273 -22.027 0.701 20
-0.269 -22.081 0.686 103
-0.274 -22.054 0.714 20
-0.278 -21.999 0.731 25
-0.269 -22.042 0.683 160
-0.270 -22.030 0.683 155
-0.275 -22.133 0.733 23
-0.279 -22.126 0.758 25
-0.279 -22.084 0.749 27
-0.272 -22.102 0.710 24
-0.280 -22.091 0.762 27
-0.290 -22.018 0.812 22
-0.282 -22.020 0.759 28
-0.287 -22.059 0.799 24
-0.282 -22.064 0.767 27
-0.284 -22.017 0.774 26
-0.274 -22.018 0.705 21
-0.276 -22.148 0.742 22
-0.278 -22.275 0.782 18
-0.294 -22.361 0.818 19
-0.284 -22.294 0.779 19
-0.284 -22.281 0.766 19
-0.291 -22.378 0.852 27
-0.286 -22.294 0.772 19
-0.277 -22.261 0.767 19
-0.277 -22.238 0.742 16
-0.290 -22.312 0.777 18
-0.299 -22.353 0.793 14
-0.304 -22.376 0.800 25
-0.298 -22.382 0.831 32
-0.311 -22.404 0.803 124
-0.277 -22.264 0.774 18
-0.286 -22.333 0.820 16
-0.283 -22.301 0.791 18
-0.293 -22.326 0.783 16
-0.283 -22.304 0.798 17
-0.304 -22.378 0.803 25
-0.300 -22.350 0.783 17
-0.281 -22.308 0.809 19
-0.304 -22.390 0.814 42
-0.303 -22.395 0.824 73
-0.276 -22.243 0.752 19
-0.279 -22.305 0.812 19
-0.289 -22.320 0.791 17
-0.303 -22.380 0.807 31
-0.275 -22.231 0.740 17
-0.310 -22.402 0.805 124
-0.283 -22.357 0.858 17
-0.294 -22.384 0.848 43
-0.287 -22.334 0.816 16
-0.295 -22.343 0.794 18
-0.281 -22.291 0.788 21
-0.305 -22.399 0.822 102
-0.289 -22.365 0.844 19
-0.285 -22.327 0.815 17
-0.295 -22.340 0.792 14
-0.296 -22.376 0.829 26
-0.298 -22.385 0.832 38
-0.279 -22.274 0.776 18
-0.295 -22.367 0.824 18
-0.282 -22.315 0.814 19
-0.299 -22.391 0.836 47
-0.292 -22.370 0.837 22
-0.285 -22.338 0.828 17
-0.280 -22.279 0.778 18
-0.291 -22.373 0.845 31
-0.291 -22.340 0.807 17
-0.306 -22.395 0.814 62
-0.289 -22.297 0.763 19
-0.292 -22.366 0.836 21
-0.294 -22.342 0.799 16
-0.279 -22.252 0.749 19
-0.295 -22.383 0.839 31
-0.293 -22.346 0.805 17
-0.281 -22.261 0.752 20
-0.285 -22.326 0.816 17
-0.294 -22.329 0.783 16
-0.283 -22.273 0.757 20
-0.277 -22.271 0.782 18
-0.297 -22.354 0.801 17
-0.277 -22.263 0.772 18
-0.284 -22.281 0.765 19
-0.290 -22.312 0.778 18
-0.302 -22.388 0.822 41
-0.287 -22.298 0.773 19
-0.279 -22.302 0.809 19
-0.289 -22.320 0.793 17
-0.284 -22.349 0.846 18
-0.283 -22.334 0.830 18
-0.293 -22.374 0.839 25
-0.283 -22.294 0.784 18
-0.283 -22.314 0.807 18
-0.276 -22.254 0.766 19
-0.288 -22.295 0.764 19
-0.304 -22.396 0.821 64
-0.288 -22.302 0.775 19
-0.288 -22.299 0.770 19
-0.296 -22.385 0.841 36
-0.286 -22.314 0.795 17
-0.296 -22.354 0.804 16
-0.290 -22.365 0.842 19
-0.291 -22.351 0.822 16
-0.279 -22.268 0.767 19
-0.278 -22.258 0.761 19
-0.289 -22.300 0.766 19
-0.279 -22.272 0.773 18
-0.282 -22.352 0.856 17
-0.284 -22.181 0.816 24
-0.285 -22.248 0.846 21
-0.286 -22.250 0.850 21
-0.276 -22.252 0.772 17
-0.281 -22.209 0.799 21
-0.286 -22.275 0.859 19
-0.280 -22.283 0.816 21
-0.275 -22.218 0.755 18
-0.284 -22.102 0.786 28
-0.276 -22.272 0.784 19
-0.288 -22.064 0.807 24
-0.284 -22.177 0.809 25
-0.284 -22.245 0.834 20
-0.291 -22.035 0.820 22
-0.285 -22.175 0.816 24
-0.286 -22.173 0.826 24
-0.281 -22.182 0.791 23
-0.276 -22.257 0.779 17
-0.284 -22.283 0.846 20
-0.278 -22.290 0.804 20
-0.292 -22.023 0.828 21
-0.279 -22.161 0.770 23
-0.290 -22.132 0.845 23
-0.290 -22.146 0.846 22
-0.278 -22.268 0.793 20
-0.282 -22.133 0.783 26
-0.281 -22.312 0.835 17
-0.284 -22.353 0.868 17
-0.285 -22.249 0.845 21
-0.286 -22.269 0.857 20
-0.283 -22.155 0.794 25
-0.284 -22.202 0.818 21
-0.286 -22.145 0.820 25
-0.277 -22.170 0.752 22
-0.282 -22.285 0.828 20
-0.273 -22.222 0.744 18
-0.288 -22.212 0.858 23
-0.280 -22.263 0.810 19
-0.282 -22.257 0.825 20
-0.287 -22.215 0.852 23
-0.276 -22.261 0.777 19
-0.284 -22.144 0.801 25
-0.288 -22.231 0.860 23
-0.286 -22.121 0.812 26
-0.290 -22.115 0.839 22
-0.282 -22.202 0.809 20
-0.279 -22.231 0.792 19
-0.282 -22.227 0.810 20
-0.287 -22.157 0.826 24
-0.286 -22.203 0.833 24
-0.285 -22.314 0.862 19
-0.280 -22.251 0.809 22
-0.294 -22.046 0.846 23
-0.277 -22.179 0.755 22
-0.288 -22.183 0.842 22
-0.280 -22.174 0.783 23
-0.277 -22.265 0.784 19
-0.283 -22.258 0.829 20
-0.275 -22.204 0.748 18
-0.280 -22.263 0.809 19
-0.288 -22.118 0.824 24
-0.277 -22.211 0.772 18
-0.292 -22.048 0.830 22
-0.288 -22.207 0.850 22
-0.279 -22.168 0.770 24
-0.285 -22.122 0.806 27
-0.285 -22.256 0.845 20
-0.281 -22.328 0.838 17
-0.294 -22.020 0.841 20
-0.280 -22.244 0.803 20
-0.291 -22.133 0.853 21
-0.283 -22.301 0.848 18
-0.289 -22.095 0.821 24
-0.277 -22.259 0.788 20
-0.281 -22.136 0.774 26
-0.284 -22.174 0.814 25
-0.277 -22.238 0.775 18
-0.287 -22.249 0.857 21
-0.282 -22.351 0.856 17
-0.284 -22.300 0.850 18
-0.292 -22.103 0.849 23
-0.283 -22.253 0.829 20
-0.280 -22.221 0.796 20
-0.284 -22.175 0.811 25
-0.281 -22.128 0.771 26
-0.280 -22.208 0.788 20
-0.281 -22.308 0.831 17
-0.291 -22.067 0.829 21
-0.281 -22.223 0.806 20
-0.282 -22.159 0.794 25
-0.285 -22.225 0.836 21
-0.286 -22.199 0.839 22
-0.282 -22.208 0.803 20
-0.293 -22.052 0.840 23
-0.279 -22.175 0.775 24
-0.285 -22.204 0.827 23
-0.278 -22.201 0.775 19
-0.291 -22.108 0.842 23
-0.284 -22.228 0.832 21
-0.289 -22.156 0.847 23
-0.281 -22.153 0.780 25
-0.287 -22.224 0.848 22
-0.282 -22.270 0.830 20
-0.291 -22.102 0.841 22
-0.283 -22.242 0.829 20
-0.285 -22.173 0.821 24
-0.273 -22.223 0.745 18
-0.296 -21.985 0.840 19
-0.282 -22.246 0.816 19
-0.294 -22.031 0.841 21
-0.279 -22.294 0.809 19
-0.291 -22.040 0.824 22
-0.282 -22.297 0.836 17
-0.289 -22.156 0.848 23
-0.283 -22.307 0.849 19
-0.287 -22.132 0.819 25
-0.277 -22.231 0.777 18
-0.288 -22.110 0.823 24
-0.281 -22.328 0.838 17
-0.282 -22.125 0.781 27
-0.282 -22.344 0.851 17
-0.285 -22.314 0.862 19
-0.284 -22.119 0.795 27
-0.285 -22.131 0.809 26
-0.284 -22.249 0.832 19
-0.281 -22.244 0.811 20
-0.285 -22.297 0.859 19
-0.289 -22.086 0.822 23
-0.284 -22.138 0.797 26
-0.277 -22.212 0.770 18
-0.282 -22.241 0.818 20
-0.277 -22.244 0.782 18
-0.281 -22.273 0.819 21
-0.279 -22.222 0.787 19
-0.288 -22.149 0.831 23
-0.283 -22.209 0.812 20
-0.279 -22.193 0.782 20
-0.285 -22.134 0.803 26
-0.287 -22.213 0.850 22
-0.287 -22.218 0.848 23
-0.283 -22.300 0.844 18
-0.285 -22.256 0.847 20
-0.284 -22.304 0.856 19
-0.281 -22.123 0.772 26
-0.288 -22.226 0.860 22
-0.280 -22.159 0.779 25
-0.283 -22.256 0.830 20
-0.287 -22.189 0.840 23
-0.284 -22.335 0.864 18
-0.275 -22.232 0.758 17
-0.286 -22.159 0.823 24
-0.291 -22.108 0.844 23
-0.277 -22.180 0.761 22
-0.290 -22.146 0.851 22
-0.289 -22.113 0.830 23
-0.291 -22.075 0.834 22
-0.276 -22.176 0.753 22
-0.290 -22.131 0.841 23
-0.282 -22.187 0.799 23
-0.286 -22.196 0.835 23
-0.276 -22.194 0.756 18
-0.283 -22.112 0.786 28
-0.289 -22.182 0.857 24
-0.282 -22.182 0.795 23
-0.285 -22.126 0.805 26
-0.275 -22.191 0.748 18
-0.279 -22.302 0.816 19
-0.287 -22.247 0.858 21
-0.291 -22.027 0.817 22
-0.281 -22.255 0.818 18
-0.291 -22.104 0.844 23
-0.294 -21.987 0.832 18
-0.295 -22.006 0.842 20
-0.284 -22.344 0.866 18
-0.289 -22.105 0.825 24
-0.286 -22.201 0.839 22
-0.283 -22.262 0.834 20
-0.286 -22.098 0.801 26
-0.277 -22.244 0.782 18
-0.279 -22.265 0.800 21
-0.283 -22.281 0.835 19
-0.280 -22.268 0.808 20
-0.285 -22.177 0.823 24
-0.275 -22.230 0.762 18
-0.279 -22.251 0.796 20
-0.278 -22.231 0.786 18
-0.284 -22.337 0.861 18
-0.285 -22.172 0.820 24
-0.277 -22.236 0.774 18
-0.278 -22.253 0.791 21
-0.286 -22.240 0.852 22
-0.281 -22.246 0.808 23
-0.290 -22.162 0.851 23
-0.282 -22.293 0.831 18
-0.278 -22.211 0.779 18
-0.284 -22.190 0.819 22
-0.286 -22.201 0.835 23
-0.286 -22.131 0.813 25
-0.281 -22.279 0.825 21
-0.278 -22.247 0.786 20
-0.289 -22.187 0.854 25
-0.283 -22.157 0.798 25
-0.291 -22.111 0.846 23
-0.280 -22.315 0.830 19
-0.281 -22.329 0.836 17
-0.288 -22.191 0.849 22
-0.282 -22.121 0.780 28
-0.289 -22.155 0.847 23
-0.279 -22.232 0.793 19
-0.281 -22.219 0.803 21
-0.280 -22.301 0.819 19
-0.288 -22.107 0.821 24
-0.279 -22.201 0.782 19
-0.292 -22.083 0.844 22
-0.282 -22.278 0.832 19
-0.283 -22.218 0.821 21
-0.286 -22.272 0.863 20
-0.291 -22.103 0.846 23
-0.282 -22.226 0.811 20
-0.288 -22.125 0.829 24
-0.279 -22.186 0.773 23
-0.290 -22.079 0.829 22
-0.289 -22.089 0.821 23
-0.286 -22.079 0.797 25
-0.284 -22.193 0.819 22
-0.287 -22.113 0.817 24
-0.286 -22.094 0.805 25
-0.286 -22.276 0.857 20
-0.286 -22.237 0.844 21
-0.286 -22.202 0.833 24
-0.283 -22.208 0.818 21
-0.294 -21.992 0.835 18
-0.285 -22.182 0.824 24
-0.283 -22.200 0.816 21
-0.279 -22.210 0.781 18
-0.278 -22.291 0.803 20
-0.276 -22.247 0.775 18
-0.290 -22.178 0.856 24
-0.291 -22.127 0.848 22
-0.280 -22.231 0.798 19
-0.282 -22.330 0.842 17
-0.284 -22.201 0.820 21
-0.290 -22.103 0.838 22
-0.276 -22.233 0.767 18
-0.289 -22.070 0.817 23
-0.279 -22.303 0.813 19
-0.275 -22.204 0.752 18
-0.278 -22.192 0.770 20
-0.283 -22.179 0.809 24
-0.273 -22.215 0.736 17
-0.281 -22.183 0.792 23
-0.292 -22.052 0.837 23
-0.274 -22.200 0.738 17
-0.278 -22.282 0.802 21
-0.282 -22.326 0.842 17
-0.281 -22.139 0.776 27
-0.277 -22.188 0.759 22
-0.284 -22.218 0.828 21
-0.286 -22.292 0.862 19
-0.282 -22.236 0.814 20
-0.359 -22.111 0.876 19
-0.299 -22.245 0.867 22
-0.397 -22.064 0.885 22
-0.330 -22.265 0.880 23
-0.342 -22.032 0.862 20
-0.377 -22.098 0.881 20
-0.392 -22.049 0.882 22
-0.307 -22.186 0.864 21
-0.303 -22.132 0.857 22
-0.324 -22.037 0.856 21
-0.315 -22.168 0.865 21
-0.318 -22.253 0.874 24
-0.343 -22.143 0.873 20
-0.351 -22.154 0.877 19
-0.344 -22.226 0.881 24
-0.313 -22.019 0.851 20
-0.301 -21.984 0.843 16
-0.310 -22.009 0.849 20
-0.332 -22.191 0.874 22
-0.321 -22.109 0.862 21
-0.382 -22.134 0.887 19
-0.317 -22.125 0.862 20
-0.297 -22.070 0.850 22
-0.342 -22.029 0.862 20
-0.312 -22.104 0.858 22
-0.314 -22.221 0.870 26
-0.365 -22.185 0.885 20
-0.344 -22.069 0.867 21
-0.376 -22.040 0.876 20
-0.322 -22.077 0.859 21
-0.373 -22.040 0.874 19
-0.291 -22.342 0.873 18
-0.393 -22.070 0.884 21
-0.389 -22.080 0.884 21
-0.305 -22.209 0.866 23
-0.359 -22.053 0.871 20
-0.361 -22.116 0.877 19
-0.334 -21.997 0.856 21
-0.398 -22.102 0.889 21
-0.321 -22.126 0.864 20
-0.298 -22.030 0.846 19
-0.306 -22.042 0.850 20
-0.303 -22.173 0.862 22
-0.374 -22.100 0.881 20
-0.329 -22.261 0.879 23
-0.295 -22.195 0.861 22
-0.326 -21.995 0.853 20
-0.328 -22.064 0.860 21
-0.300 -22.287 0.871 21
-0.308 -22.029 0.850 21
-0.352 -22.167 0.879 20
-0.336 -22.082 0.865 21
-0.361 -22.178 0.883 20
-0.322 -22.278 0.879 22
-0.297 -22.325 0.874 19
-0.296 -22.082 0.850 22
-0.347 -22.165 0.877 20
-0.373 -22.145 0.884 18
-0.363 -22.036 0.870 20
-0.367 -22.157 0.883 18
-0.314 -22.083 0.857 21
-0.291 -22.183 0.858 23
-0.350 -22.024 0.865 19
-0.313 -22.092 0.857 21
-0.298 -22.056 0.849 20
-0.353 -22.017 0.865 19
-0.369 -22.153 0.884 18
-0.327 -22.274 0.880 22
-0.302 -22.024 0.847 19
-0.324 -22.049 0.858 21
-0.339 -22.108 0.869 21
-0.332 -22.102 0.866 20
-0.336 -22.075 0.864 21
-0.350 -22.174 0.879 21
-0.378 -22.124 0.884 20
-0.328 -22.203 0.874 24
-0.322 -22.099 0.861 21
-0.303 -22.184 0.862 24
-0.326 -22.238 0.876 23
-0.293 -22.209 0.861 23
-0.303 -22.305 0.874 20
-0.322 -22.163 0.867 21
-0.311 -22.228 0.870 26
-0.361 -22.150 0.881 18
-0.390 -22.067 0.883 21
-0.388 -22.126 0.888 19
-0.388 -22.043 0.880 22
-0.377 -22.108 0.882 20
-0.358 -22.196 0.884 22
-0.310 -22.285 0.875 21
-0.302 -22.115 0.856 23
-0.324 -22.163 0.868 21
-0.386 -22.034 0.879 21
-0.319 -22.117 0.862 20
-0.350 -22.052 0.867 21
-0.295 -22.269 0.868 21
-0.357 -22.116 0.876 19
-0.372 -22.160 0.885 18
-0.408 -22.059 0.889 24
-0.293 -22.205 0.861 23
-0.353 -22.062 0.869 21
-0.346 -22.163 0.876 20
-0.313 -22.149 0.863 21
-0.328 -22.133 0.867 21
-0.359 -22.163 0.881 19
-0.296 -22.130 0.855 19
-0.298 -22.033 0.846 21
-0.312 -22.247 0.872 23
-0.357 -22.172 0.881 19
-0.317 -22.090 0.859 21
-0.305 -21.985 0.844 17
-0.304 -22.017 0.847 19
-0.308 -22.177 0.864 22
-0.334 -22.194 0.875 23
-0.304 -22.124 0.857 22
-0.295 -22.283 0.869 20
-0.288 -22.315 0.869 20
-0.294 -22.132 0.854 21
-0.303 -22.306 0.874 20
-0.324 -22.126 0.865 21
-0.368 -22.031 0.872 19
-0.365 -22.083 0.876 20
-0.291 -22.150 0.855 24
-0.371 -22.168 0.886 19
-0.370 -22.083 0.877 20
-0.397 -22.074 0.887 22
-0.345 -22.105 0.870 19
-0.307 -22.232 0.869 27
-0.366 -22.084 0.876 20
-0.306 -22.287 0.873 21
-0.301 -22.061 0.850 19
-0.293 -22.207 0.861 24
-0.324 -22.062 0.859 21
-0.309 -22.127 0.859 21
-0.342 -22.067 0.866 21
-0.333 -22.064 0.862 21
-0.296 -22.236 0.865 22
-0.326 -22.026 0.856 21
-0.327 -22.018 0.856 20
-0.318 -22.074 0.858 21
-0.345 -22.126 0.872 20
-0.395 -22.052 0.884 22
-0.350 -22.129 0.875 19
-0.333 -22.066 0.862 20
-0.291 -22.277 0.867 21
-0.332 -22.172 0.872 21
-0.305 -22.090 0.854 21
-0.308 -22.026 0.849 21
-0.355 -22.131 0.876 18
-0.326 -22.109 0.864 20
-0.345 -22.137 0.874 20
-0.349 -22.095 0.871 20
-0.410 -22.068 0.891 23
-0.373 -22.063 0.877 21
-0.389 -22.100 0.886 19
-0.289 -22.298 0.868 20
-0.294 -22.035 0.845 23
-0.322 -22.064 0.858 21
-0.301 -21.996 0.844 17
-0.354 -22.167 0.879 19
-0.300 -22.006 0.844 17
-0.323 -22.117 0.864 21
-0.313 -22.148 0.863 21
-0.343 -22.145 0.874 20
-0.350 -22.119 0.874 19
-0.374 -22.107 0.881 20
-0.315 -22.074 0.857 21
-0.349 -22.081 0.870 21
-0.363 -22.104 0.877 20
-0.378 -22.150 0.887 18
-0.290 -22.328 0.872 19
-0.358 -22.067 0.872 19
-0.314 -22.230 0.871 26
-0.335 -22.237 0.879 23
-0.320 -22.079 0.859 21
-0.338 -22.094 0.867 20
-0.373 -22.060 0.876 21
-0.378 -22.132 0.885 19
-0.293 -22.270 0.867 21
-0.307 -22.185 0.864 21
-0.330 -22.184 0.873 22
-0.321 -22.011 0.853 21
-0.379 -22.072 0.880 19
-0.362 -22.130 0.879 19
-0.353 -22.058 0.869 21
-0.359 -22.180 0.883 20
-0.318 -22.196 0.869 24
-0.389 -22.092 0.885 19
-0.374 -22.037 0.875 20
-0.411 -22.051 0.889 22
-0.292 -22.129 0.853 23
-0.361 -22.187 0.884 21
-0.346 -22.165 0.876 20
-0.297 -22.207 0.862 23
-0.309 -22.142 0.861 21
-0.378 -22.033 0.876 20
-0.316 -22.108 0.860 21
-0.315 -22.207 0.869 24
-0.299 -22.195 0.862 22
-0.395 -22.088 0.887 22
-0.319 -22.001 0.851 20
-0.294 -22.240 0.865 22
-0.351 -22.119 0.874 19
-0.319 -22.139 0.864 20
-0.364 -22.086 0.876 20
-0.347 -22.064 0.867 21
-0.356 -22.042 0.868 21
-0.293 -22.106 0.852 24
-0.338 -22.066 0.864 21
-0.287 -22.280 0.866 23
-0.357 -22.132 0.877 18
-0.347 -22.212 0.881 23
-0.343 -22.029 0.862 20
-0.296 -22.305 0.871 20
-0.354 -22.074 0.871 21
-0.388 -22.091 0.885 19
-0.327 -22.090 0.862 21
-0.299 -22.124 0.856 20
-0.355 -22.066 0.870 21
-0.369 -22.040 0.873 19
-0.373 -22.027 0.873 19
-0.324 -22.146 0.867 20
-0.339 -22.208 0.878 24
-0.383 -22.131 0.887 19
-0.322 -22.204 0.871 24
-0.324 -22.143 0.866 20
-0.333 -22.183 0.873 22
-0.293 -22.143 0.855 22
-0.369 -22.113 0.880 19
-0.301 -22.190 0.862 22
-0.383 -22.133 0.887 20
-0.341 -22.178 0.876 21
-0.395 -22.103 0.888 20
-0.339 -22.000 0.858 20
-0.350 -22.057 0.868 21
-0.296 -22.261 0.867 22
-0.324 -22.078 0.860 22
-0.342 -22.189 0.877 22
-0.383 -22.052 0.879 20
-0.380 -22.091 0.882 19
-0.349 -22.045 0.866 21
-0.290 -22.284 0.867 20
-0.355 -22.209 0.884 24
-0.340 -22.090 0.867 20
-0.351 -22.101 0.872 19
-0.308 -22.055 0.852 22
-0.303 -22.117 0.856 23
-0.390 -22.122 0.888 19
-0.381 -22.058 0.879 20
-0.354 -22.015 0.865 19
-0.366 -22.037 0.871 19
-0.367 -22.083 0.876 20
-0.368 -22.115 0.880 19
-0.382 -22.101 0.884 20
-0.300 -22.097 0.853 20
-0.369 -22.101 0.879 20
-0.334 -22.187 0.874 22
-0.350 -22.015 0.864 19
-0.363 -22.146 0.881 18
-0.330 -22.132 0.867 20
-0.380 -22.081 0.881 20
-0.347 -22.094 0.870 20
-0.334 -22.071 0.863 21
-0.336 -22.024 0.859 20
-0.314 -22.226 0.871 26
-0.364 -22.188 0.885 22
-0.311 -21.989 0.847 20
-0.370 -22.057 0.875 20
-0.324 -22.083 0.861 22
-0.314 -22.081 0.857 21
-0.295 -22.289 0.869 20
-0.357 -22.115 0.876 19
-0.309 -21.983 0.846 20
-0.301 -22.161 0.860 22
-0.390 -22.071 0.884 21
-0.361 -22.129 0.878 19
-0.370 -22.246 0.889 27
-0.360 -22.250 0.887 25
-0.409 -22.192 0.897 27
-0.389 -22.194 0.892 22
-0.388 -22.199 0.892 23
-0.352 -22.276 0.886 24
-0.384 -22.162 0.889 19
-0.389 -22.166 0.891 19
-0.325 -22.289 0.880 21
-0.419 -22.180 0.899 46
-0.413 -22.203 0.898 39
-0.347 -22.296 0.886 22
-0.391 -22.210 0.893 23
-0.308 -22.339 0.878 19
-0.389 -22.149 0.890 19
-0.319 -22.314 0.880 20
-0.377 -22.171 0.888 20
-0.408 -22.157 0.895 22
-0.365 -22.260 0.889 25
-0.380 -22.243 0.892 29
-0.392 -22.223 0.894 28
-0.387 -22.171 0.890 20
-0.374 -22.191 0.888 21
-0.367 -22.265 0.890 26
-0.388 -22.189 0.891 21
-0.325 -22.316 0.881 20
-0.412 -22.149 0.896 24
-0.406 -22.119 0.893 20
-0.383 -22.196 0.891 22
-0.315 -22.331 0.879 20
-0.406 -22.168 0.895 23
-0.407 -22.195 0.897 27
-0.410 -22.084 0.892 23
-0.384 -22.208 0.891 24
-0.354 -22.265 0.886 25
-0.379 -22.231 0.891 27
-0.319 -22.318 0.880 20
-0.391 -22.141 0.890 18
-0.332 -22.280 0.881 23
-0.316 -22.326 0.879 20
-0.386 -22.180 0.890 21
-0.411 -22.151 0.896 24
-0.422 -22.082 0.895 35
-0.416 -22.138 0.896 28
-0.392 -22.166 0.891 20
-0.390 -22.237 0.894 28
-0.382 -22.230 0.892 26
-0.361 -22.237 0.887 23
-0.321 -22.289 0.879 21
-0.369 -22.259 0.890 28
-0.379 -22.172 0.888 20
-0.401 -22.184 0.894 20
-0.385 -22.164 0.890 19
-0.419 -22.185 0.899 46
-0.373 -22.191 0.888 21
-0.419 -22.069 0.894 26
-0.373 -22.237 0.890 26
-0.390 -22.231 0.894 28
-0.399 -22.173 0.893 21
-0.414 -22.209 0.899 56
-0.356 -22.226 0.885 23
-0.328 -22.316 0.882 21
-0.400 -22.112 0.891 20
-0.366 -22.186 0.886 21
-0.371 -22.195 0.887 22
-0.369 -22.231 0.888 25
-0.350 -22.235 0.884 22
-0.324 -22.304 0.880 21
-0.409 -22.164 0.896 23
-0.327 -22.302 0.881 21
-0.355 -22.252 0.886 26
-0.377 -22.222 0.890 25
-0.411 -22.232 0.899 57
-0.412 -22.186 0.897 31
-0.350 -22.255 0.885 24
-0.339 -22.260 0.882 23
-0.373 -22.268 0.891 28
-0.372 -22.261 0.891 29
-0.413 -22.218 0.899 45
-0.389 -22.202 0.892 24
-0.362 -22.243 0.887 24
-0.366 -22.203 0.886 22
-0.332 -22.274 0.881 23
-0.406 -22.132 0.893 17
-0.387 -22.172 0.890 20
-0.292 -22.356 0.875 19
-0.338 -22.313 0.884 21
-0.310 -22.324 0.878 21
-0.384 -22.219 0.892 27
-0.341 -22.286 0.884 23
-0.378 -22.269 0.892 30
-0.418 -22.181 0.899 46
-0.346 -22.301 0.886 22
-0.336 -22.304 0.883 21
-0.379 -22.229 0.891 26
-0.384 -22.229 0.892 26
-0.419 -22.187 0.899 67
-0.309 -22.334 0.878 20
-0.405 -22.201 0.896 26
-0.340 -22.263 0.883 24
-0.370 -22.226 0.889 25
-0.391 -22.140 0.890 17
-0.334 -22.299 0.883 21
-0.387 -22.152 0.889 19
-0.411 -22.097 0.893 23
-0.402 -22.141 0.893 20
-0.411 -22.180 0.897 29
-0.395 -22.217 0.895 25
-0.328 -22.321 0.882 20
-0.343 -22.251 0.883 24
-0.396 -22.165 0.892 20
-0.374 -22.267 0.891 28
-0.395 -22.208 0.894 23
-0.360 -22.265 0.888 25
-0.389 -22.244 0.894 30
-0.403 -22.185 0.895 21
-0.392 -22.190 0.892 21
-0.148 -22.161 0.032 99
-0.165 -22.136 0.032 172
-0.143 -22.172 0.041 55
-0.172 -22.129 0.036 144
-0.158 -22.150 0.037 179
-0.322 -21.983 0.839 19
-0.363 -22.008 0.847 20
-0.304 -21.958 0.794 22
-0.315 -21.961 0.786 22
-0.299 -21.964 0.819 19
-0.375 -22.015 0.848 19
-0.402 -22.038 0.873 20
-0.381 -22.023 0.863 19
-0.349 -21.999 0.844 19
-0.312 -21.938 0.727 19
-0.360 -21.998 0.825 19
-0.408 -22.045 0.883 25
-0.364 -22.000 0.822 19
-0.369 -22.018 0.865 20
-0.337 -21.963 0.761 28
-0.316 -21.982 0.845 19
-0.327 -21.966 0.782 26
-0.308 -21.943 0.745 20
-0.367 -22.010 0.846 20
-0.329 -21.985 0.833 19
-0.360 -22.005 0.843 20
-0.333 -21.971 0.787 22
-0.408 -22.045 0.885 25
-0.324 -21.966 0.789 23
-0.318 -21.945 0.738 18
-0.302 -21.956 0.791 21
-0.320 -21.954 0.759 28
-0.357 -21.991 0.808 19
-0.360 -21.994 0.813 19
-0.359 -21.997 0.823 19
-0.310 -21.953 0.771 21
-0.375 -22.005 0.822 19
-0.418 -22.053 0.891 23
-0.349 -21.993 0.827 19
-0.373 -22.005 0.826 20
-0.350 -22.006 0.860 19
-0.303 -21.958 0.798 21
-0.309 -21.956 0.781 21
-0.380 -22.021 0.860 19
-0.321 -21.979 0.829 20
-0.344 -21.989 0.824 19
-0.302 -21.968 0.826 19
-0.355 -22.007 0.857 19
-0.313 -21.939 0.727 20
-0.317 -21.978 0.832 20
-0.316 -21.973 0.819 19
-0.318 -21.965 0.794 23
-0.348 -21.999 0.846 19
-0.376 -22.016 0.849 20
-0.316 -21.964 0.794 23
-0.348 -21.992 0.824 19
-0.298 -21.967 0.830 18
-0.363 -21.994 0.808 19
-0.325 -21.984 0.837 19
-0.307 -21.934 0.724 17
-0.324 -21.962 0.776 22
-0.375 -22.009 0.833 21
-0.375 -22.012 0.841 20
-0.346 -21.996 0.839 18
-0.401 -22.038 0.875 21
-0.321 -21.986 0.848 18
-0.312 -21.960 0.788 22
-0.348 -21.992 0.824 19
-0.318 -21.977 0.828 19
-0.323 -21.961 0.776 22
-0.374 -22.014 0.849 19
-0.321 -21.953 0.756 27
-0.317 -21.978 0.832 20
-0.330 -21.970 0.789 22
-0.383 -22.021 0.854 19
-0.341 -21.973 0.782 22
-0.313 -21.949 0.757 24
-0.346 -21.977 0.786 20
-0.350 -21.981 0.790 20
-0.341 -21.976 0.790 20
-0.375 -22.023 0.873 19
-0.326 -21.981 0.826 19
-0.326 -21.987 0.844 18
-0.328 -21.957 0.755 27
-0.337 -21.983 0.817 19
-0.366 -22.001 0.823 19
-0.311 -21.971 0.820 20
-0.338 -21.970 0.777 25
-0.353 -22.006 0.857 19
-0.347 -21.979 0.788 20
-0.352 -21.981 0.789 20
-0.353 -21.986 0.800 20
-0.330 -21.973 0.798 20
-0.363 -21.995 0.810 19
-0.354 -22.004 0.851 19
-0.312 -21.944 0.743 20
-0.335 -21.970 0.783 24
-0.380 -22.018 0.850 20
-0.314 -21.939 0.727 20
-0.316 -21.956 0.770 24
-0.313 -21.941 0.733 18
-0.337 -21.982 0.813 19
-0.315 -21.951 0.760 26
-0.377 -22.015 0.845 20
-0.319 -21.975 0.821 18
-0.320 -22.013 0.702 24
-0.318 -21.977 0.709 25
-0.316 -21.989 0.704 23
-0.296 -21.977 0.689 15
-0.335 -22.037 0.709 26
-0.292 -21.985 0.683 23
-0.308 -21.994 0.696 21
-0.326 -22.033 0.702 23
-0.313 -22.014 0.695 20
-0.293 -21.962 0.690 21
-0.286 -22.015 0.670 155
-0.301 -22.005 0.686 24
-0.325 -21.992 0.711 26
-0.319 -22.027 0.697 21
-0.302 -21.940 0.704 19
-0.295 -21.981 0.687 24
-0.314 -21.965 0.709 20
-0.308 -21.989 0.697 21
-0.326 -22.026 0.704 24
-0.313 -22.020 0.693 21
-0.300 -21.948 0.700 19
-0.315 -21.965 0.710 21
-0.316 -22.009 0.699 22
-0.335 -22.033 0.711 26
-0.328 -22.007 0.710 26
-0.307 -21.993 0.695 21
-0.310 -21.981 0.701 20
-0.320 -21.986 0.709 25
-0.323 -22.026 0.701 23
-0.307 -22.007 0.691 21
-0.297 -21.963 0.694 18
-0.271 -22.013 0.657 147
-0.320 -22.011 0.702 23
-0.302 -22.023 0.683 25
-0.304 -21.966 0.699 22
-0.296 -21.998 0.684 24
-0.315 -21.971 0.708 19
-0.280 -22.006 0.667 148
-0.302 -21.976 0.695 21
-0.331 -22.029 0.707 25
-0.308 -22.009 0.691 20
-0.315 -21.960 0.710 19
-0.286 -21.991 0.676 164
-0.291 -22.015 0.675 156
-0.304 -22.016 0.686 24
-0.304 -21.951 0.702 20
-0.310 -21.966 0.704 20
-0.298 -22.021 0.679 32
-0.305 -21.972 0.699 21
-0.306 -22.000 0.692 20
-0.367 -22.000 0.804 20
-0.338 -21.964 0.760 28
-0.324 -21.963 0.729 23
-0.363 -22.000 0.795 22
-0.407 -22.041 0.868 20
-0.395 -22.035 0.846 20
-0.362 -22.039 0.766 24
-0.347 -22.016 0.746 26
-0.341 -21.984 0.754 29
-0.370 -22.009 0.804 21
-0.335 -21.978 0.744 26
-0.325 -21.953 0.738 23
-0.407 -22.049 0.864 19
-0.406 -22.044 0.864 19
-0.344 -21.985 0.760 26
-0.394 -22.035 0.843 21
-0.385 -22.015 0.835 21
-0.374 -22.035 0.796 22
-0.340 -21.978 0.757 29
-0.362 -22.019 0.780 23
-0.360 -22.016 0.776 24
-0.351 -22.013 0.758 25
-0.334 -21.973 0.746 27
-0.346 -22.034 0.731 28
-0.374 -22.012 0.812 21
-0.388 -22.048 0.819 22
-0.357 -22.010 0.773 24
-0.333 -21.979 0.738 26
-0.309 -21.936 0.713 15
-0.337 -22.029 0.715 28
-0.348 -22.004 0.758 25
-0.338 -21.995 0.740 26
-0.352 -22.002 0.767 24
-0.326 -21.966 0.731 24
-0.372 -22.028 0.797 22
-0.335 -21.968 0.751 29
-0.333 -22.002 0.723 27
-0.327 -21.975 0.728 25
-0.397 -22.051 0.839 20
-0.332 -21.969 0.743 26
-0.312 -21.940 0.717 19
-0.370 -22.045 0.780 24
-0.393 -22.048 0.832 21
-0.367 -22.045 0.774 24
-0.371 -22.022 0.797 22
-0.357 -22.011 0.772 24
-0.362 -22.012 0.783 22
-0.325 -21.990 0.712 25
-0.364 -22.036 0.771 24
-0.357 -21.989 0.790 22
-0.339 -21.996 0.742 26
-0.399 -22.041 0.850 20
-0.313 -21.953 0.711 19
-0.401 -22.044 0.853 21
-0.365 -22.003 0.797 21
-0.372 -22.034 0.792 23
-0.368 -22.036 0.782 23
-0.317 -21.952 0.721 19
-0.311 -21.944 0.711 16
-0.354 -21.987 0.782 21
-0.342 -21.988 0.754 28
-0.408 -22.043 0.870 20
-0.381 -22.029 0.817 20
-0.335 -21.991 0.736 27
-0.330 -22.005 0.714 27
-0.317 -21.950 0.723 18
-0.368 -22.016 0.796 22
-0.409 -22.053 0.866 20
-0.387 -22.018 0.838 21
-0.326 -21.951 0.741 23
-0.372 -22.002 0.815 20
-0.364 -21.999 0.799 22
-0.322 -21.950 0.734 22
-0.344 -21.985 0.760 26
-0.331 -21.991 0.727 26
-0.372 -22.012 0.808 21
-0.330 -21.975 0.735 25
-0.348 -22.016 0.750 26
-0.347 -22.030 0.736 28
-0.383 -22.043 0.812 21
-0.321 -21.975 0.714 23
-0.324 -21.957 0.734 23
-0.369 -22.018 0.796 22
-0.341 -21.978 0.759 28
-0.348 -21.999 0.760 25
-0.362 -22.000 0.792 22
-0.409 -22.050 0.867 20
-0.366 -22.001 0.801 21
-0.323 -21.952 0.735 22
-0.402 -22.052 0.851 21
-0.379 -22.030 0.811 21
-0.387 -22.048 0.817 22
-0.391 -22.049 0.826 21
-0.352 -21.988 0.777 22
-0.360 -22.012 0.780 23
-0.365 -22.009 0.793 22
-0.351 -22.024 0.749 25
-0.331 -22.013 0.712 27
-0.351 -21.985 0.777 22
-0.345 -21.998 0.753 27
-0.315 -21.953 0.716 19
-0.345 -22.028 0.734 28
-0.361 -21.998 0.791 22
-0.351 -21.997 0.768 22
-0.377 -22.046 0.796 22
-0.357 -22.006 0.778 24
-0.363 -21.993 0.800 20
-0.351 -22.032 0.746 26
-0.389 -22.048 0.822 21
-0.329 -21.994 0.720 28
-0.381 -22.028 0.817 21
-0.404 -22.050 0.854 21
-0.333 -22.015 0.715 28
-0.288 -22.379 0.716 20
-0.244 -22.367 0.723 12
-0.250 -22.353 0.665 134
-0.274 -22.373 0.713 18
-0.254 -22.366 0.711 11
-0.234 -22.335 0.614 196
-0.234 -22.360 0.710 8
-0.223 -22.354 0.700 21
-0.260 -22.345 0.623 169
-0.234 -22.358 0.702 11
-0.245 -22.361 0.700 11
-0.264 -22.331 0.565 196
-0.284 -22.370 0.688 13
-0.200 -22.333 0.649 178
-0.263 -22.354 0.653 102
-0.210 -22.338 0.652 159
-0.262 -22.359 0.672 18
-0.293 -22.392 0.759 47
-0.262 -22.361 0.678 21
-0.297 -22.393 0.761 55
-0.247 -22.364 0.709 16
-0.253 -22.334 0.589 203
-0.259 -22.367 0.704 14
-0.284 -22.364 0.667 20
-0.247 -22.347 0.645 144
-0.264 -22.369 0.708 14
-0.243 -22.345 0.641 148
-0.242 -22.331 0.590 201
-0.262 -22.346 0.625 166
-0.263 -22.372 0.718 17
-0.275 -22.383 0.747 34
-0.260 -22.361 0.684 16
-0.232 -22.349 0.670 157
-0.270 -22.364 0.683 13
-0.260 -22.348 0.634 148
-0.255 -22.344 0.626 165
-0.226 -22.341 0.646 161
-0.259 -22.336 0.589 200
-0.205 -22.338 0.660 146
-0.230 -22.352 0.684 46
-0.281 -22.390 0.765 43
-0.240 -22.340 0.626 186
-0.264 -22.359 0.672 19
-0.276 -22.352 0.631 159
-0.207 -22.334 0.642 179
-0.261 -22.373 0.726 19
-0.242 -22.344 0.638 153
-0.225 -22.333 0.616 196
-0.255 -22.347 0.637 145
-0.236 -22.339 0.628 182
-0.238 -22.336 0.615 193
-0.305 -22.399 0.772 79
-0.223 -22.335 0.630 188
-0.262 -22.357 0.666 28
-0.287 -22.374 0.700 23
-0.283 -22.358 0.644 80
-0.251 -22.358 0.681 21
-0.281 -22.362 0.662 18
-0.253 -22.346 0.634 162
-0.280 -22.379 0.726 31
-0.252 -22.352 0.657 148
-0.226 -22.337 0.630 185
-0.262 -22.364 0.693 13
-0.259 -22.331 0.571 196
-0.284 -22.377 0.715 18
-0.254 -22.366 0.707 13
-0.285 -22.383 0.737 32
-0.253 -22.355 0.668 45
-0.294 -22.391 0.755 46
-0.269 -22.354 0.646 159
-0.260 -22.349 0.637 148
-0.262 -22.362 0.684 16
-0.262 -22.378 0.742 24
-0.222 -22.352 0.694 34
-0.268 -22.361 0.673 21
-0.281 -22.388 0.758 42
-0.222 -22.347 0.675 142
-0.262 -22.340 0.602 196
-0.247 -22.337 0.609 198
-0.302 -22.399 0.777 81
-0.219 -22.348 0.682 171
-0.223 -22.334 0.626 188
-0.238 -22.362 0.710 16
-0.268 -22.370 0.708 17
-0.242 -22.353 0.674 62
-0.220 -22.343 0.661 136
-0.253 -22.341 0.618 191
-0.228 -22.355 0.696 20
-0.220 -22.337 0.640 175
-0.289 -22.369 0.679 11
-0.273 -22.360 0.662 17
-0.269 -22.367 0.693 14
-0.300 -22.398 0.775 75
-0.226 -22.354 0.697 15
-0.281 -22.381 0.732 26
-0.276 -22.346 0.607 194
-0.268 -22.373 0.718 17
-0.261 -22.372 0.722 18
-0.300 -22.389 0.743 40
-0.233 -22.333 0.610 197
-0.277 -22.363 0.671 21
-0.250 -22.352 0.662 119
-0.289 -22.379 0.719 19
-0.270 -22.365 0.687 13
-0.237 -22.338 0.625 186
-0.237 -22.338 0.622 191
-0.233 -22.358 0.703 12
-0.222 -22.353 0.694 34
-0.256 -22.329 0.570 196
-0.287 -22.390 0.761 43
-0.235 -22.344 0.647 145
-0.237 -22.350 0.669 149
-0.276 -22.383 0.748 36
-0.273 -22.362 0.673 22
-0.271 -22.374 0.720 18
-0.299 -22.390 0.745 42
-0.264 -22.353 0.649 173
-0.252 -22.368 0.718 17
-0.257 -22.360 0.683 20
-0.274 -22.346 0.611 187
-0.262 -22.377 0.742 24
-0.211 -22.332 0.631 191
-0.218 -22.340 0.654 150
-0.217 -22.333 0.629 190
-0.260 -22.351 0.645 172
-0.207 -22.344 0.679 134
-0.287 -22.382 0.731 29
-0.282 -22.372 0.699 18
-0.229 -22.357 0.704 11
-0.260 -22.350 0.644 156
-0.291 -22.388 0.749 35
-0.367 -22.300 0.871 21
-0.303 -22.365 0.861 20
-0.305 -22.389 0.833 45
-0.331 -22.342 0.859 18
-0.337 -22.351 0.844 20
-0.387 -22.262 0.894 32
-0.379 -22.274 0.888 28
-0.350 -22.322 0.864 19
-0.352 -22.339 0.843 19
-0.356 -22.333 0.846 18
-0.350 -22.343 0.840 17
-0.332 -22.372 0.825 21
-0.321 -22.342 0.869 20
-0.316 -22.390 0.822 42
-0.389 -22.264 0.890 30
-0.299 -22.369 0.861 24
-0.342 -22.324 0.870 20
-0.292 -22.378 0.859 33
-0.304 -22.353 0.873 18
-0.347 -22.321 0.868 20
-0.396 -22.260 0.888 30
-0.320 -22.360 0.851 20
-0.361 -22.292 0.886 24
-0.291 -22.374 0.863 28
-0.377 -22.286 0.877 23
-0.308 -22.367 0.856 22
-0.372 -22.281 0.888 24
-0.393 -22.271 0.879 25
-0.309 -22.371 0.850 24
-0.360 -22.319 0.857 19
-0.289 -22.371 0.869 28
-0.376 -22.290 0.873 21
-0.332 -22.325 0.877 20
-0.339 -22.336 0.858 18
-0.344 -22.343 0.847 19
-0.321 -22.370 0.840 23
-0.349 -22.343 0.841 17
-0.365 -22.312 0.860 20
-0.309 -22.373 0.847 23
-0.345 -22.318 0.872 19
-0.328 -22.377 0.824 26
-0.376 -22.278 0.888 27
-0.324 -22.362 0.845 17
-0.343 -22.354 0.835 11
-0.301 -22.377 0.851 27
-0.308 -22.388 0.832 43
-0.310 -22.382 0.836 33
-0.317 -22.337 0.880 20
-0.312 -22.366 0.852 21
-0.401 -22.255 0.888 30
-0.389 -22.277 0.875 23
-0.355 -22.299 0.885 22
-0.329 -22.375 0.826 24
-0.348 -22.318 0.870 20
-0.373 -22.279 0.889 27
-0.320 -22.378 0.831 24
-0.310 -22.353 0.868 18
-0.347 -22.327 0.861 19
-0.333 -22.335 0.865 19
-0.326 -22.339 0.868 20
-0.345 -22.336 0.853 18
-0.375 -22.283 0.882 24
-0.307 -22.349 0.875 19
-0.414 -22.234 0.899 58
-0.309 -22.399 0.818 74
-0.322 -22.385 0.822 35
-0.299 -22.358 0.873 18
-0.334 -22.364 0.833 20
-0.353 -22.307 0.878 21
-0.324 -22.338 0.871 20
-0.375 -22.289 0.876 22
-0.326 -22.344 0.863 18
-0.333 -22.375 0.822 23
-0.369 -22.289 0.881 22
-0.317 -22.393 0.817 61
-0.320 -22.392 0.815 53
-0.336 -22.319 0.880 20
-0.346 -22.335 0.853 18
-0.310 -22.397 0.820 73
-0.318 -22.388 0.822 37
-0.323 -22.369 0.839 21
-0.336 -22.350 0.846 18
-0.111 -22.216 0.031 95
-0.114 -22.246 0.032 88
-0.121 -22.219 0.036 131
-0.116 -22.197 0.034 73
-0.111 -22.237 0.031 103
-0.120 -22.222 0.036 149
-0.113 -22.282 0.031 119
-0.115 -22.260 0.032 134
-0.132 -22.211 0.042 149
-0.113 -22.248 0.032 110
-0.136 -22.191 0.044 52
-0.129 -22.223 0.040 133
-0.124 -22.232 0.037 107
-0.115 -22.244 0.033 98
-0.122 -22.213 0.037 134
-0.125 -22.218 0.038 125
-0.129 -22.203 0.041 101
-0.116 -22.220 0.034 126
-0.130 -22.209 0.041 118
-0.121 -22.187 0.034 52
-0.124 -22.184 0.035 51
-0.133 -22.179 0.040 59
-0.180 -22.231 0.719 95
-0.192 -22.013 0.494 45
-0.190 -22.008 0.493 45
-0.177 -22.010 0.486 50
-0.166 -22.040 0.475 50
-0.188 -21.999 0.494 47
-0.152 -21.978 0.473 54
-0.161 -21.969 0.480 56
-0.200 -22.002 0.500 44
-0.160 -21.980 0.478 59
-0.188 -21.999 0.494 47
-0.163 -22.041 0.474 50
-0.192 -21.996 0.496 45
-0.170 -22.016 0.481 52
-0.185 -22.043 0.487 44
-0.173 -22.034 0.480 47
-0.172 -21.994 0.484 55
-0.180 -22.023 0.486 47
-0.196 -22.022 0.496 44
-0.156 -22.003 0.473 59
-0.179 -22.057 0.482 43
-0.197 -22.021 0.497 44
-0.184 -22.007 0.490 46
-0.153 -21.990 0.473 56
-0.187 -22.004 0.492 47
-0.179 -21.969 0.491 56
-0.157 -21.996 0.474 58
-0.173 -22.055 0.479 46
-0.178 -21.994 0.488 52
-0.150 -21.981 0.472 55
-0.173 -21.995 0.484 54
-0.196 -22.008 0.498 44
-0.185 -21.987 0.493 50
-0.189 -22.034 0.491 44
-0.176 -22.003 0.486 52
-0.163 -21.991 0.479 58
-0.190 -22.039 0.490 43
-0.169 -21.997 0.482 54
-0.182 -22.018 0.488 47
-0.181 -22.000 0.489 50
-0.187 -22.000 0.493 47
-0.169 -21.975 0.484 58
-0.176 -22.006 0.485 50
-0.172 -22.238 0.704 129
-0.181 -22.253 0.698 131
-0.234 -22.239 0.713 17
-0.201 -22.313 0.673 130
-0.190 -22.257 0.698 129
-0.187 -22.254 0.699 131
-0.189 -22.317 0.669 147
-0.180 -22.284 0.684 139
-0.244 -22.234 0.716 19
-0.186 -22.313 0.671 148
-0.254 -22.217 0.726 19
-0.222 -22.257 0.702 111
-0.194 -22.313 0.672 142
-0.213 -22.296 0.683 133
-0.198 -22.269 0.693 133
-0.211 -22.244 0.707 110
-0.206 -22.306 0.677 132
-0.169 -22.239 0.703 130
-0.176 -22.240 0.704 129
-0.242 -22.230 0.718 19
-0.266 -22.219 0.727 18
-0.253 -22.218 0.725 19
-0.221 -22.245 0.708 21
-0.235 -22.254 0.706 14
-0.218 -22.243 0.709 28
-0.265 -22.216 0.728 17
-0.210 -22.248 0.705 148
-0.196 -22.248 0.703 137
-0.235 -22.262 0.702 27
-0.236 -22.244 0.711 13
-0.183 -22.234 0.708 133
-0.243 -22.228 0.719 19
-0.207 -22.264 0.697 139
-0.208 -22.305 0.678 128
-0.239 -22.243 0.712 14
-0.262 -22.215 0.728 18
-0.220 -22.275 0.694 140
-0.168 -22.247 0.699 129
-0.228 -22.248 0.708 18
-0.248 -22.221 0.723 18
-0.189 -22.244 0.704 135
-0.199 -22.306 0.676 138
-0.202 -22.290 0.684 134
-0.241 -22.220 0.723 17
-0.185 -22.278 0.687 131
-0.182 -22.236 0.706 133
-0.226 -22.276 0.694 139
-0.193 -22.262 0.696 127
-0.207 -22.285 0.687 137
-0.229 -22.263 0.701 70
-0.232 -22.239 0.713 17
-0.230 -22.241 0.711 14
-0.210 -22.286 0.687 137
-0.238 -22.245 0.710 13
-0.233 -22.226 0.719 19
-0.214 -22.233 0.712 17
-0.224 -22.230 0.716 14
-0.220 -22.269 0.697 143
-0.205 -22.298 0.681 129
-0.177 -22.275 0.687 140
-0.208 -22.214 0.724 17
-0.200 -22.215 0.723 13
-0.257 -22.214 0.728 19
-0.204 -22.221 0.719 13
-0.238 -22.218 0.724 18
-0.214 -22.215 0.724 17
-0.194 -22.227 0.713 103
-0.175 -22.232 0.708 131
-0.201 -22.229 0.713 71
-0.242 -22.218 0.725 18
-0.080 -22.214 0.034 33
-0.080 -22.215 0.043 36
-0.072 -22.223 0.032 77
-0.082 -22.213 0.042 37
-0.086 -22.208 0.035 29
-0.187 -22.049 0.487 43
-0.241 -22.071 0.482 32
-0.204 -22.072 0.478 39
-0.182 -22.073 0.476 42
-0.201 -22.045 0.489 41
-0.227 -22.068 0.482 38
-0.233 -22.063 0.485 36
-0.228 -22.072 0.481 37
-0.200 -22.076 0.476 39
-0.219 -22.030 0.497 40
-0.198 -22.058 0.484 41
-0.224 -22.060 0.485 39
-0.223 -22.057 0.486 39
-0.217 -22.010 0.506 40
-0.234 -22.063 0.485 36
-0.226 -22.032 0.497 38
-0.213 -22.017 0.502 41
-0.236 -22.068 0.483 34
-0.230 -22.064 0.484 37
-0.203 -22.039 0.492 41
-0.199 -22.034 0.494 42
-0.203 -22.039 0.492 42
-0.227 -22.037 0.495 37
-0.201 -22.070 0.479 40
-0.206 -22.040 0.492 41
-0.218 -22.044 0.491 38
-0.179 -22.062 0.480 44
-0.229 -22.080 0.477 36
-0.221 -22.017 0.503 40
-0.205 -22.053 0.486 40
-0.219 -22.080 0.477 38
-0.208 -22.057 0.485 40
-0.211 -22.031 0.496 40
-0.223 -22.024 0.500 39
-0.248 -22.069 0.483 30
-0.192 -22.072 0.478 41
-0.235 -22.063 0.485 36
-0.181 -22.071 0.477 42
