-0.136 -19.128 0.743 9
-0.132 -19.152 0.743 16
-0.141 -19.185 0.742 9
-0.143 -19.281 0.742 62
-0.136 -19.210 0.742 13
-0.134 -19.205 0.742 14
-0.137 -19.150 0.743 15
-0.141 -19.355 0.741 129
-0.144 -19.331 0.742 40
-0.143 -19.267 0.742 20
-0.142 -19.387 0.741 145
-0.143 -19.250 0.742 11
-0.140 -19.393 0.741 173
-0.138 -19.132 0.743 4
-0.135 -19.195 0.742 13
-0.144 -19.145 0.743 7
-0.142 -19.154 0.743 7
-0.144 -19.283 0.742 62
-0.144 -19.394 0.741 146
-0.138 -19.089 0.744 124
-0.136 -19.111 0.742 151
-0.140 -19.088 0.744 107
-0.119 -18.872 0.753 164
-0.112 -18.884 0.752 161
-0.108 -18.898 0.750 141
-0.113 -18.890 0.752 153
-0.146 -19.129 0.743 7
-0.129 -19.008 0.747 143
-0.115 -18.876 0.753 168
-0.110 -18.872 0.752 187
-0.135 -19.024 0.747 96
-0.125 -18.929 0.751 121
-0.115 -18.873 0.753 168
-0.134 -18.922 0.766 20
-0.168 -19.010 0.803 23
-0.165 -18.905 0.819 17
-0.180 -18.860 0.853 74
-0.151 -18.929 0.791 21
-0.160 -18.871 0.818 19
-0.170 -18.909 0.827 17
-0.147 -19.110 0.746 30
-0.148 -19.094 0.752 22
-0.168 -18.976 0.809 23
-0.174 -18.917 0.831 16
-0.174 -18.895 0.836 15
-0.131 -18.916 0.763 20
-0.150 -19.019 0.771 24
-0.151 -18.945 0.789 21
-0.159 -18.973 0.795 23
-0.178 -18.949 0.831 21
-0.127 -18.894 0.760 23
-0.158 -18.864 0.817 25
-0.150 -19.047 0.766 22
-0.154 -19.017 0.778 23
-0.127 -18.887 0.762 18
-0.147 -19.113 0.746 29
-0.129 -18.869 0.769 24
-0.164 -18.895 0.820 17
-0.131 -18.899 0.765 19
-0.153 -18.974 0.785 24
-0.162 -18.925 0.811 21
-0.187 -18.852 0.866 79
-0.140 -18.881 0.784 18
-0.180 -18.862 0.854 77
-0.153 -19.028 0.774 23
-0.135 -18.975 0.756 30
-0.137 -18.930 0.769 21
-0.175 -18.965 0.823 22
-0.151 -19.056 0.764 23
-0.137 -18.994 0.755 24
-0.163 -19.024 0.791 24
-0.156 -18.899 0.805 17
-0.157 -18.947 0.798 23
-0.168 -18.969 0.811 23
-0.147 -19.127 0.743 92
-0.171 -18.895 0.831 16
-0.129 -18.893 0.764 17
-0.155 -19.015 0.779 23
-0.182 -18.890 0.851 16
-0.123 -18.867 0.759 32
-0.141 -19.010 0.759 24
-0.161 -19.056 0.782 22
-0.150 -18.923 0.791 22
-0.153 -18.883 0.804 12
-0.177 -18.862 0.849 72
-0.138 -19.024 0.751 27
-0.142 -18.997 0.762 17
-0.185 -18.855 0.863 82
-0.185 -18.905 0.852 17
-0.146 -19.109 0.745 29
-0.154 -18.868 0.810 23
-0.135 -18.872 0.779 20
-0.152 -18.873 0.805 15
-0.158 -18.916 0.806 20
-0.154 -19.069 0.767 22
-0.153 -18.905 0.800 20
-0.159 -18.988 0.792 24
-0.126 -18.890 0.759 25
-0.162 -18.884 0.818 15
-0.188 -18.892 0.860 15
-0.153 -18.923 0.796 22
-0.138 -18.885 0.780 20
-0.130 -18.947 0.753 46
-0.173 -18.901 0.834 17
-0.184 -18.848 0.862 71
-0.155 -19.044 0.774 22
-0.145 -18.921 0.783 23
-0.153 -18.981 0.783 24
-0.157 -19.033 0.779 22
-0.169 -18.971 0.811 23
-0.159 -19.055 0.779 22
-0.140 -18.995 0.760 15
-0.132 -18.975 0.751 67
-0.164 -18.867 0.826 29
-0.171 -18.927 0.825 18
-0.159 -18.963 0.798 23
-0.158 -18.878 0.814 17
-0.163 -18.952 0.806 23
-0.139 -18.975 0.762 15
-0.142 -18.927 0.777 22
-0.181 -18.859 0.855 95
-0.193 -18.855 0.876 91
-0.183 -18.926 0.844 17
-0.159 -18.876 0.816 17
-0.157 -18.914 0.804 20
-0.143 -18.862 0.793 29
-0.132 -18.972 0.752 61
-0.147 -18.903 0.790 20
-0.138 -18.863 0.784 29
-0.160 -18.945 0.803 23
-0.165 -18.884 0.824 17
-0.166 -18.993 0.803 23
-0.157 -18.925 0.803 22
-0.192 -18.887 0.868 13
-0.162 -18.942 0.807 22
-0.153 -18.975 0.784 24
-0.143 -19.026 0.758 19
-0.188 -18.901 0.857 17
-0.176 -18.913 0.836 15
-0.156 -19.064 0.771 22
-0.156 -18.909 0.804 19
-0.196 -18.864 0.878 51
-0.170 -18.935 0.822 21
-0.184 -18.903 0.850 16
-0.139 -18.870 0.784 25
-0.166 -18.979 0.805 23
-0.167 -18.994 0.804 23
-0.156 -19.083 0.767 22
-0.165 -18.948 0.810 23
-0.150 -19.086 0.756 22
-0.135 -18.984 0.755 24
-0.160 -18.921 0.808 20
-0.199 -18.849 0.887 92
-0.182 -18.949 0.837 21
-0.143 -19.055 0.752 21
-0.152 -18.873 0.805 15
-0.175 -18.982 0.820 23
-0.140 -19.039 0.751 24
-0.155 -18.874 0.810 16
-0.177 -18.892 0.841 16
-0.184 -18.874 0.858 22
-0.146 -19.068 0.753 22
-0.150 -19.075 0.760 22
-0.144 -18.885 0.790 17
-0.147 -18.861 0.799 37
-0.131 -18.911 0.763 23
-0.143 -19.049 0.752 19
-0.165 -18.854 0.831 73
-0.157 -18.961 0.794 23
-0.197 -18.863 0.880 84
-0.157 -18.938 0.800 23
-0.174 -18.959 0.823 22
-0.165 -18.985 0.803 24
-0.164 -18.913 0.815 18
-0.189 -18.871 0.865 27
-0.130 -18.901 0.764 18
-0.154 -18.886 0.806 17
-0.136 -18.932 0.766 23
-0.168 -18.916 0.822 18
-0.152 -18.866 0.807 27
-0.147 -18.899 0.791 20
-0.193 -18.850 0.876 84
-0.185 -18.891 0.855 17
-0.148 -19.077 0.756 22
-0.167 -18.855 0.834 75
-0.159 -19.028 0.784 23
-0.194 -18.857 0.876 91
-0.145 -18.884 0.791 18
-0.149 -18.928 0.788 22
-0.141 -18.914 0.779 22
-0.195 -18.862 0.877 83
-0.153 -19.050 0.769 22
-0.162 -19.046 0.785 22
-0.162 -19.044 0.785 22
-0.182 -18.932 0.841 18
-0.176 -18.869 0.845 23
-0.126 -18.898 0.757 29
-0.131 -18.937 0.758 27
-0.171 -18.880 0.835 19
-0.162 -18.993 0.795 24
-0.151 -18.863 0.806 27
-0.159 -18.872 0.816 19
-0.145 -19.016 0.764 19
-0.167 -18.986 0.806 24
-0.152 -19.040 0.771 22
-0.135 -18.897 0.772 18
-0.147 -19.065 0.756 22
-0.150 -19.059 0.763 22
-0.134 -18.997 0.749 80
-0.175 -18.958 0.824 22
-0.163 -18.946 0.807 22
-0.143 -18.874 0.791 20
-0.150 -18.880 0.801 15
-0.156 -18.968 0.792 23
-0.151 -18.952 0.787 24
-0.154 -18.920 0.799 22
-0.156 -19.014 0.783 24
-0.148 -18.952 0.782 22
-0.177 -18.968 0.825 21
-0.177 -18.856 0.849 89
-0.146 -19.060 0.756 20
-0.126 -18.874 0.763 24
-0.148 -18.974 0.778 24
-0.135 -18.960 0.759 26
-0.124 -18.895 0.756 64
-0.156 -18.977 0.790 23
-0.177 -18.881 0.843 19
-0.170 -19.004 0.807 24
-0.141 -19.002 0.760 24
-0.131 -18.861 0.773 35
-0.184 -18.924 0.847 17
-0.140 -18.865 0.788 30
-0.154 -18.922 0.798 22
-0.195 -18.862 0.878 83
-0.136 -18.997 0.752 37
-0.153 -18.916 0.798 21
-0.151 -18.994 0.779 23
-0.160 -19.049 0.782 21
-0.194 -18.868 0.875 35
-0.138 -18.952 0.766 18
-0.189 -18.898 0.861 15
-0.179 -18.944 0.833 19
-0.183 -18.856 0.859 87
-0.149 -18.876 0.799 15
-0.151 -18.888 0.800 17
-0.183 -18.873 0.856 24
-0.175 -18.916 0.833 16
-0.135 -18.969 0.758 26
-0.135 -18.916 0.769 22
-0.168 -19.006 0.802 23
-0.146 -19.077 0.752 24
-0.132 -18.860 0.776 37
-0.166 -18.888 0.825 17
-0.148 -19.262 0.733 117
-0.155 -19.300 0.762 21
-0.151 -19.172 0.757 24
-0.147 -19.262 0.724 116
-0.149 -19.353 0.727 224
-0.142 -19.259 0.703 134
-0.162 -19.264 0.802 23
-0.156 -19.319 0.764 24
-0.155 -19.196 0.772 24
-0.148 -19.294 0.726 114
-0.156 -19.289 0.769 18
-0.145 -19.225 0.718 124
-0.150 -19.347 0.729 188
-0.161 -19.236 0.797 24
-0.157 -19.348 0.765 51
-0.158 -19.356 0.767 62
-0.147 -19.316 0.719 126
-0.150 -19.198 0.747 25
-0.175 -19.343 0.855 45
-0.157 -19.281 0.776 19
-0.163 -19.355 0.793 93
-0.144 -19.211 0.718 127
-0.156 -19.305 0.765 22
-0.146 -19.279 0.720 122
-0.156 -19.265 0.769 18
-0.165 -19.321 0.810 27
-0.176 -19.340 0.862 64
-0.160 -19.280 0.788 23
-0.170 -19.320 0.832 26
-0.151 -19.159 0.756 22
-0.152 -19.369 0.739 134
-0.151 -19.235 0.748 22
-0.156 -19.277 0.770 15
-0.177 -19.359 0.864 135
-0.149 -19.173 0.748 27
-0.148 -19.274 0.729 114
-0.150 -19.196 0.748 25
-0.169 -19.328 0.825 29
-0.151 -19.254 0.746 22
-0.141 -19.362 0.683 203
-0.153 -19.245 0.756 20
-0.150 -19.188 0.750 26
-0.143 -19.342 0.697 195
-0.151 -19.286 0.743 31
-0.162 -19.328 0.793 29
-0.152 -19.226 0.753 23
-0.151 -19.255 0.746 22
-0.158 -19.260 0.779 24
-0.161 -19.282 0.792 24
-0.159 -19.268 0.784 24
-0.146 -19.328 0.711 133
-0.151 -19.212 0.753 20
-0.173 -19.333 0.849 27
-0.150 -19.254 0.742 46
-0.158 -19.281 0.776 19
-0.158 -19.284 0.776 18
-0.161 -19.355 0.786 82
-0.147 -19.215 0.731 121
-0.165 -19.261 0.816 23
-0.142 -19.363 0.690 202
-0.154 -19.307 0.757 26
-0.143 -19.249 0.709 131
-0.159 -19.340 0.777 26
-0.158 -19.257 0.782 26
-0.164 -19.297 0.808 25
-0.156 -19.305 0.763 22
-0.143 -19.266 0.705 131
-0.149 -19.316 0.732 120
-0.164 -19.345 0.799 52
-0.148 -19.291 0.726 114
-0.147 -19.253 0.725 114
-0.158 -19.293 0.775 19
-0.160 -19.355 0.778 67
-0.167 -19.330 0.816 30
-0.170 -19.310 0.834 25
-0.158 -19.273 0.779 22
-0.162 -19.299 0.796 23
-0.146 -19.356 0.710 217
-0.151 -19.291 0.742 36
-0.153 -19.239 0.759 22
-0.162 -19.239 0.802 24
-0.167 -19.278 0.824 25
-0.154 -19.272 0.758 15
-0.153 -19.227 0.762 22
-0.146 -19.352 0.709 212
-0.171 -19.338 0.835 27
-0.150 -19.176 0.753 27
-0.151 -19.356 0.732 223
-0.143 -19.342 0.697 195
-0.154 -19.314 0.752 25
-0.147 -19.212 0.731 122
-0.156 -19.284 0.769 17
-0.163 -19.300 0.803 25
-0.156 -19.304 0.767 21
-0.149 -19.177 0.746 30
-0.163 -19.274 0.802 24
-0.160 -19.263 0.789 24
-0.150 -19.211 0.746 26
-0.154 -19.183 0.771 22
-0.162 -19.237 0.803 24
-0.165 -19.322 0.806 28
-0.158 -19.351 0.768 57
-0.144 -19.327 0.702 152
-0.157 -19.349 0.763 47
-0.160 -19.310 0.787 26
-0.158 -19.334 0.771 23
-0.151 -19.180 0.756 23
-0.149 -19.342 0.727 129
-0.153 -19.210 0.763 19
-0.147 -19.176 0.734 140
-0.153 -19.291 0.751 25
-0.154 -19.200 0.770 24
-0.150 -19.301 0.736 102
-0.170 -19.333 0.830 30
-0.150 -19.249 0.741 49
-0.161 -19.330 0.788 29
-0.160 -19.258 0.789 28
-0.168 -19.319 0.824 25
-0.151 -19.368 0.732 226
-0.165 -19.288 0.813 26
-0.159 -19.274 0.784 23
-0.152 -19.175 0.763 19
-0.148 -19.320 0.726 109
-0.144 -19.348 0.700 197
-0.163 -19.257 0.806 24
-0.159 -19.319 0.780 24
-0.146 -19.275 0.720 121
-0.148 -19.188 0.740 117
-0.148 -19.175 0.743 58
-0.146 -19.281 0.716 124
-0.167 -19.340 0.819 29
-0.143 -19.254 0.704 132
-0.155 -19.288 0.764 18
-0.149 -19.337 0.726 129
-0.165 -19.340 0.805 28
-0.144 -19.248 0.711 129
-0.148 -19.225 0.737 124
-0.155 -19.194 0.773 24
-0.175 -19.341 0.855 45
-0.147 -19.359 0.716 226
-0.172 -19.355 0.842 139
-0.162 -19.242 0.802 24
-0.159 -19.297 0.780 20
-0.144 -19.369 0.697 203
-0.148 -19.156 0.742 45
-0.145 -19.188 0.726 128
-0.165 -19.344 0.807 50
-0.154 -19.254 0.764 24
-0.148 -19.151 0.746 27
-0.150 -19.266 0.742 51
-0.154 -19.258 0.760 18
-0.160 -19.348 0.779 61
-0.152 -19.253 0.751 21
-0.148 -19.277 0.727 116
-0.153 -19.225 0.762 22
-0.166 -19.327 0.811 32
-0.141 -19.366 0.685 204
-0.152 -19.246 0.753 20
-0.148 -19.160 0.742 52
-0.174 -19.342 0.849 54
-0.153 -19.366 0.745 35
-0.148 -19.232 0.736 112
-0.144 -19.273 0.710 128
-0.161 -19.232 0.799 24
-0.153 -19.182 0.766 19
-0.157 -19.245 0.778 24
-0.148 -19.347 0.723 203
-0.163 -19.278 0.803 25
-0.147 -19.223 0.730 115
-0.162 -19.342 0.791 34
-0.162 -19.343 0.791 45
-0.175 -19.355 0.853 141
-0.163 -19.288 0.803 25
-0.150 -19.196 0.749 24
-0.165 -19.303 0.811 30
-0.163 -19.302 0.802 25
-0.146 -19.227 0.723 123
-0.148 -19.373 0.717 215
-0.145 -19.333 0.706 160
-0.149 -19.165 0.746 28
-0.146 -19.213 0.727 121
-0.148 -19.277 0.730 115
-0.173 -19.362 0.842 117
-0.159 -19.267 0.783 24
-0.148 -19.347 0.718 202
-0.151 -19.179 0.753 26
-0.138 -19.371 0.669 192
-0.157 -19.246 0.780 25
-0.156 -19.276 0.770 15
-0.155 -19.273 0.766 13
-0.150 -19.170 0.752 29
-0.151 -19.240 0.748 23
-0.146 -19.200 0.728 127
-0.152 -19.301 0.747 24
-0.147 -19.284 0.722 123
-0.145 -19.282 0.715 124
-0.155 -19.232 0.770 25
-0.158 -19.234 0.785 23
-0.164 -19.341 0.799 36
-0.146 -19.336 0.711 159
-0.150 -19.316 0.734 118
-0.150 -19.239 0.745 20
-0.146 -19.257 0.721 120
-0.162 -19.346 0.790 62
-0.147 -19.355 0.716 224
-0.153 -19.343 0.748 21
-0.144 -19.287 0.705 131
-0.145 -19.288 0.713 129
-0.146 -19.293 0.715 126
-0.145 -19.345 0.703 198
-0.159 -19.320 0.777 24
-0.164 -19.258 0.812 24
-0.160 -19.342 0.783 29
-0.148 -19.309 0.724 123
-0.157 -19.360 0.764 63
-0.167 -19.316 0.819 27
-0.148 -19.293 0.725 115
-0.147 -19.246 0.729 116
-0.177 -19.359 0.865 145
-0.159 -19.226 0.792 22
-0.167 -19.296 0.824 27
-0.165 -19.351 0.804 94
-0.149 -19.368 0.725 225
-0.162 -19.285 0.797 24
-0.148 -19.235 0.733 123
-0.151 -19.227 0.750 23
-0.150 -19.300 0.738 68
-0.169 -19.303 0.832 25
-0.155 -19.364 0.751 43
-0.157 -19.268 0.773 20
-0.149 -19.166 0.748 26
-0.142 -19.360 0.687 206
-0.156 -19.303 0.766 22
-0.169 -19.323 0.829 29
-0.156 -19.324 0.764 23
-0.145 -19.238 0.717 125
-0.163 -19.336 0.795 29
-0.152 -19.332 0.742 22
-0.145 -19.236 0.717 125
-0.153 -19.206 0.762 20
-0.156 -19.343 0.762 31
-0.163 -19.256 0.809 24
-0.151 -19.330 0.737 72
-0.163 -19.270 0.804 23
-0.159 -19.209 0.789 20
-0.186 -19.196 0.880 25
-0.164 -19.057 0.789 23
-0.196 -18.966 0.887 18
-0.187 -19.156 0.877 26
-0.195 -18.920 0.878 16
-0.189 -19.058 0.873 28
-0.157 -19.134 0.774 19
-0.177 -19.065 0.833 27
-0.194 -18.915 0.874 15
-0.194 -18.960 0.877 18
-0.167 -19.261 0.824 24
-0.190 -19.069 0.876 27
-0.151 -19.124 0.755 19
-0.156 -19.131 0.773 19
-0.194 -19.015 0.885 23
-0.178 -19.077 0.838 29
-0.173 -19.138 0.828 24
-0.188 -18.988 0.862 21
-0.186 -19.191 0.880 25
-0.172 -19.112 0.821 26
-0.157 -19.156 0.777 22
-0.188 -19.162 0.882 26
-0.173 -19.193 0.836 24
-0.174 -19.211 0.841 24
-0.186 -19.058 0.864 28
-0.178 -19.195 0.852 24
-0.190 -18.965 0.865 18
-0.184 -19.136 0.865 26
-0.174 -19.320 0.852 32
-0.184 -19.092 0.859 27
-0.159 -19.109 0.779 24
-0.151 -19.114 0.754 20
-0.171 -19.187 0.827 24
-0.183 -19.263 0.875 28
-0.178 -19.019 0.831 24
-0.161 -19.141 0.790 25
-0.181 -19.199 0.863 25
-0.170 -19.064 0.810 24
-0.181 -19.224 0.865 25
-0.166 -19.110 0.802 21
-0.173 -19.273 0.844 24
-0.186 -19.006 0.858 20
-0.189 -18.932 0.857 18
-0.174 -19.220 0.840 25
-0.154 -19.138 0.766 16
-0.163 -19.179 0.798 23
-0.171 -19.067 0.814 24
-0.176 -19.079 0.834 24
-0.193 -18.900 0.867 12
-0.161 -19.110 0.786 23
-0.198 -18.889 0.882 14
-0.185 -19.135 0.868 27
-0.184 -18.959 0.844 21
-0.166 -19.211 0.814 24
-0.167 -19.227 0.820 25
-0.153 -19.138 0.763 16
-0.190 -19.073 0.879 28
-0.193 -18.924 0.872 17
-0.181 -19.234 0.866 25
-0.162 -19.057 0.783 22
-0.177 -19.075 0.833 27
-0.154 -19.162 0.769 19
-0.188 -19.163 0.881 26
-0.180 -19.314 0.872 29
-0.176 -19.061 0.831 26
-0.178 -19.296 0.862 25
-0.181 -19.145 0.858 24
-0.166 -19.238 0.817 24
-0.160 -19.197 0.791 23
-0.172 -19.133 0.824 24
-0.180 -19.186 0.858 24
-0.173 -19.276 0.844 24
-0.189 -19.038 0.870 27
-0.163 -19.117 0.794 22
-0.195 -18.885 0.873 17
-0.182 -19.044 0.847 25
-0.150 -19.120 0.750 19
-0.198 -18.906 0.886 15
-0.172 -19.203 0.834 25
-0.200 -18.871 0.887 31
-0.180 -18.989 0.837 23
-0.177 -19.261 0.855 25
-0.177 -19.097 0.836 27
-0.179 -19.244 0.860 25
-0.162 -19.101 0.788 24
-0.172 -19.063 0.815 24
-0.164 -19.059 0.788 23
-0.175 -19.248 0.849 25
-0.158 -19.138 0.777 20
-0.171 -19.151 0.822 25
-0.182 -19.062 0.851 26
-0.151 -19.144 0.756 22
-0.173 -19.299 0.849 26
-0.184 -18.952 0.843 20
-0.175 -19.020 0.823 24
-0.154 -19.108 0.762 21
-0.188 -19.161 0.881 26
-0.177 -19.310 0.862 27
-0.169 -19.047 0.807 25
-0.161 -19.099 0.786 23
-0.168 -19.023 0.800 24
-0.180 -19.063 0.844 26
-0.168 -19.243 0.825 24
-0.174 -19.149 0.833 23
-0.182 -19.175 0.864 24
-0.182 -19.284 0.874 28
-0.165 -19.192 0.808 23
-0.194 -18.911 0.872 14
-0.190 -18.958 0.865 17
-0.169 -19.195 0.822 24
-0.186 -19.148 0.873 26
-0.154 -19.136 0.764 15
-0.169 -19.086 0.808 23
-0.158 -19.199 0.785 24
-0.168 -19.074 0.804 22
-0.153 -19.130 0.763 20
-0.180 -18.964 0.831 23
-0.171 -19.083 0.816 25
-0.181 -19.214 0.865 26
-0.188 -18.994 0.863 21
-0.183 -18.950 0.841 21
-0.196 -18.977 0.888 18
-0.169 -19.185 0.822 23
-0.190 -19.063 0.875 27
-0.175 -19.130 0.833 24
-0.172 -19.014 0.811 24
-0.185 -18.983 0.852 22
-0.191 -18.920 0.865 18
-0.185 -19.004 0.853 21
-0.169 -19.103 0.812 25
-0.191 -18.991 0.872 19
-0.187 -19.156 0.877 26
-0.154 -19.165 0.770 19
-0.192 -19.004 0.876 21
-0.186 -18.989 0.854 23
-0.152 -19.164 0.761 17
-0.164 -19.139 0.799 24
-0.163 -19.120 0.792 23
-0.188 -19.067 0.871 27
-0.165 -19.216 0.812 24
-0.164 -19.189 0.805 23
-0.179 -19.167 0.851 25
-0.190 -18.950 0.864 16
-0.179 -19.226 0.859 25
-0.187 -19.050 0.866 26
-0.173 -19.127 0.828 24
-0.178 -19.009 0.831 24
-0.188 -19.059 0.870 28
-0.195 -18.961 0.880 18
-0.179 -18.969 0.830 23
-0.178 -19.284 0.862 26
-0.175 -19.265 0.849 25
-0.173 -19.219 0.838 25
-0.187 -18.977 0.856 21
-0.172 -19.098 0.822 26
-0.168 -19.035 0.799 23
-0.168 -19.136 0.812 25
-0.182 -19.054 0.849 26
-0.180 -19.302 0.869 28
-0.183 -19.058 0.853 26
-0.171 -19.196 0.829 25
-0.173 -19.255 0.841 25
-0.183 -18.961 0.841 22
-0.183 -19.150 0.864 25
-0.196 -18.929 0.881 17
-0.161 -19.189 0.793 23
-0.170 -19.269 0.835 25
-0.179 -19.045 0.838 24
-0.171 -19.132 0.822 25
-0.199 -18.885 0.886 21
-0.175 -19.250 0.847 25
-0.184 -19.103 0.860 26
-0.173 -19.148 0.831 23
-0.159 -19.169 0.786 27
-0.176 -19.254 0.853 25
-0.165 -19.065 0.794 24
-0.182 -19.138 0.859 25
-0.187 -19.067 0.868 27
-0.189 -19.013 0.868 22
-0.173 -19.301 0.848 24
-0.178 -19.108 0.842 27
-0.174 -19.135 0.833 24
-0.195 -18.928 0.877 17
-0.167 -19.033 0.797 23
-0.187 -18.997 0.858 22
-0.181 -19.300 0.875 28
-0.182 -19.148 0.860 25
-0.183 -19.023 0.849 21
-0.184 -19.166 0.868 24
-0.157 -19.173 0.780 27
-0.181 -19.302 0.875 28
-0.177 -19.313 0.861 27
-0.152 -19.159 0.760 18
-0.198 -18.903 0.886 17
-0.175 -19.045 0.824 24
-0.176 -19.310 0.859 24
-0.187 -19.075 0.867 28
-0.188 -18.942 0.856 18
-0.175 -19.260 0.848 25
-0.158 -19.084 0.772 22
-0.180 -19.110 0.849 26
-0.183 -19.255 0.876 27
-0.157 -19.121 0.773 21
-0.179 -19.107 0.845 27
-0.186 -19.041 0.862 26
-0.184 -19.091 0.860 27
-0.176 -19.208 0.846 24
-0.178 -19.202 0.852 24
-0.178 -19.289 0.861 23
-0.160 -19.086 0.781 23
-0.177 -19.312 0.863 27
-0.179 -19.349 0.873 161
-0.194 -18.937 0.875 16
-0.187 -19.079 0.869 28
-0.162 -19.106 0.789 24
-0.188 -18.976 0.861 20
-0.172 -19.308 0.844 25
-0.185 -18.999 0.852 21
-0.193 -18.901 0.869 12
-0.174 -19.179 0.835 25
-0.157 -19.120 0.774 21
-0.157 -19.106 0.773 22
-0.174 -19.262 0.847 25
-0.173 -19.246 0.841 25
-0.175 -19.199 0.844 24
-0.171 -19.184 0.826 24
-0.181 -18.968 0.837 24
-0.186 -18.986 0.855 22
-0.168 -19.046 0.802 24
-0.186 -19.134 0.870 27
-0.156 -19.146 0.773 21
-0.171 -19.133 0.820 25
-0.161 -19.206 0.798 23
-0.183 -19.135 0.861 25
-0.191 -19.019 0.874 24
-0.184 -19.036 0.855 25
-0.175 -19.181 0.841 24
-0.160 -19.091 0.780 25
-0.173 -19.135 0.827 24
-0.177 -19.178 0.848 24
-0.187 -19.168 0.877 26
-0.181 -19.284 0.874 28
-0.194 -18.926 0.875 17
-0.175 -19.233 0.846 26
-0.183 -19.014 0.847 20
-0.179 -19.153 0.850 23
-0.175 -19.064 0.828 26
-0.177 -19.001 0.825 23
-0.161 -19.160 0.790 27
-0.175 -19.149 0.837 24
-0.176 -19.030 0.827 22
-0.153 -19.124 0.762 20
-0.187 -18.993 0.860 22
-0.171 -19.277 0.839 24
-0.170 -19.096 0.816 25
-0.182 -19.289 0.875 28
-0.169 -19.147 0.816 23
-0.161 -19.106 0.786 23
-0.157 -19.153 0.776 20
-0.185 -19.111 0.867 28
-0.163 -19.110 0.792 24
-0.185 -19.227 0.878 26
-0.177 -19.270 0.858 25
-0.159 -19.164 0.786 24
-0.187 -19.012 0.860 20
-0.167 -19.173 0.813 23
-0.166 -19.131 0.805 25
-0.184 -19.117 0.863 27
-0.164 -19.072 0.790 24
-0.173 -19.002 0.814 23
-0.168 -19.260 0.827 24
-0.182 -19.197 0.867 25
-0.177 -19.270 0.858 25
-0.149 -19.143 0.750 15
-0.176 -19.024 0.827 25
-0.170 -19.227 0.828 24
-0.187 -18.928 0.850 17
-0.188 -19.094 0.875 29
-0.189 -18.972 0.864 19
-0.185 -19.101 0.866 27
-0.175 -19.325 0.856 33
-0.185 -19.112 0.865 28
-0.179 -19.219 0.856 25
-0.168 -19.098 0.808 21
-0.188 -19.000 0.864 21
-0.182 -19.126 0.859 26
-0.181 -19.194 0.861 24
-0.178 -19.247 0.859 25
-0.197 -18.884 0.881 21
-0.175 -19.207 0.844 24
-0.179 -19.167 0.851 25
-0.185 -19.045 0.859 26
-0.187 -19.075 0.869 28
-0.177 -19.088 0.838 24
-0.179 -18.977 0.830 23
-0.162 -19.226 0.802 25
-0.157 -19.100 0.772 20
-0.174 -19.237 0.842 25
-0.186 -19.049 0.862 26
-0.160 -19.155 0.787 25
-0.172 -19.118 0.821 26
-0.162 -19.125 0.790 25
-0.184 -19.150 0.866 25
-0.188 -19.136 0.880 27
-0.191 -19.002 0.872 22
-0.159 -19.136 0.782 23
-0.181 -19.220 0.865 26
-0.179 -19.252 0.860 25
-0.185 -19.190 0.876 25
-0.179 -19.028 0.835 24
-0.186 -19.069 0.864 28
-0.176 -19.001 0.821 23
-0.175 -19.171 0.839 24
-0.192 -19.025 0.878 25
-0.168 -19.080 0.805 24
-0.150 -19.141 0.752 19
-0.163 -19.189 0.802 23
-0.193 -18.959 0.873 17
-0.196 -18.964 0.887 18
-0.161 -19.171 0.791 28
-0.190 -19.082 0.878 28
-0.177 -19.221 0.853 26
-0.186 -19.110 0.870 28
-0.161 -19.199 0.795 23
-0.163 -19.058 0.786 23
-0.178 -19.282 0.861 23
-0.197 -18.890 0.881 14
-0.166 -19.073 0.799 22
-0.184 -18.990 0.850 23
-0.186 -19.191 0.877 25
-0.165 -19.069 0.794 24
-0.180 -19.118 0.848 25
-0.164 -19.240 0.811 24
-0.185 -19.028 0.855 21
-0.178 -19.340 0.869 59
-0.181 -19.183 0.861 24
-0.197 -18.931 0.884 17
-0.190 -18.932 0.862 18
-0.177 -19.269 0.856 25
-0.187 -19.063 0.867 27
-0.192 -19.048 0.882 26
-0.187 -18.939 0.854 17
-0.186 -19.110 0.870 28
-0.171 -19.292 0.838 28
-0.177 -19.001 0.828 23
-0.173 -19.043 0.817 25
-0.180 -19.104 0.847 27
-0.181 -18.981 0.838 23
-0.154 -19.151 0.767 22
-0.173 -19.292 0.847 25
-0.172 -19.014 0.811 24
-0.157 -19.164 0.779 21
-0.164 -19.098 0.796 24
-0.169 -19.248 0.827 24
-0.155 -19.093 0.764 21
-0.193 -18.935 0.872 18
-0.186 -19.196 0.880 25
-0.181 -19.313 0.875 31
-0.181 -18.978 0.836 23
-0.166 -19.141 0.805 26
-0.165 -19.138 0.801 25
-0.186 -19.076 0.865 27
-0.184 -19.061 0.856 26
-0.174 -19.106 0.829 28
-0.170 -19.246 0.831 24
-0.177 -19.179 0.845 24
-0.168 -19.172 0.815 24
-0.185 -19.124 0.868 28
-0.180 -18.983 0.833 22
-0.181 -19.114 0.852 26
-0.197 -18.916 0.884 17
-0.188 -19.093 0.873 28
-0.179 -19.346 0.871 132
-0.183 -19.075 0.856 28
-0.183 -19.170 0.866 24
-0.173 -19.131 0.829 24
-0.174 -19.148 0.833 23
-0.134 -18.916 0.537 12
-0.174 -18.896 0.624 82
-0.169 -18.905 0.579 77
-0.135 -18.920 0.520 11
-0.156 -18.903 0.593 55
-0.151 -18.907 0.576 39
-0.147 -18.910 0.564 26
-0.168 -18.892 0.644 42
-0.151 -18.905 0.587 45
-0.136 -18.917 0.530 14
-0.164 -18.898 0.618 73
-0.149 -18.910 0.564 26
-0.150 -18.913 0.548 22
-0.154 -18.908 0.570 44
-0.136 -18.909 0.575 15
-0.149 -18.907 0.579 39
-0.168 -18.903 0.588 79
-0.163 -18.895 0.632 148
-0.167 -18.904 0.582 72
-0.170 -18.919 0.507 65
-0.157 -18.909 0.561 44
-0.150 -18.913 0.545 20
-0.146 -18.914 0.540 16
-0.150 -18.919 0.514 18
-0.176 -18.907 0.562 74
-0.158 -18.918 0.514 39
-0.173 -18.886 0.674 128
-0.142 -18.916 0.535 16
-0.172 -18.898 0.613 75
-0.159 -18.898 0.619 64
-0.165 -18.908 0.566 61
-0.162 -18.919 0.508 42
-0.156 -18.902 0.600 59
-0.151 -18.906 0.583 44
-0.149 -18.914 0.541 15
-0.177 -18.916 0.516 114
-0.159 -18.909 0.560 44
-0.150 -18.920 0.510 17
-0.154 -18.912 0.551 31
-0.175 -18.899 0.607 75
-0.177 -18.916 0.514 104
-0.164 -18.904 0.585 70
-0.164 -18.894 0.637 154
-0.174 -18.895 0.627 83
-0.131 -18.914 0.549 14
-0.167 -18.895 0.628 81
-0.177 -18.887 0.664 70
-0.161 -18.898 0.616 80
-0.147 -18.912 0.551 20
-0.149 -18.914 0.539 14
-0.138 -18.915 0.542 15
-0.171 -18.915 0.523 75
-0.143 -18.908 0.577 21
-0.157 -18.912 0.547 34
-0.173 -18.910 0.550 79
-0.166 -18.919 0.506 63
-0.170 -18.912 0.543 70
-0.136 -18.919 0.525 12
-0.146 -19.205 0.742 65
-0.146 -19.171 0.742 59
-0.187 -19.021 0.592 74
-0.186 -19.012 0.597 77
-0.193 -19.011 0.632 83
-0.194 -18.999 0.648 86
-0.183 -19.014 0.580 70
-0.177 -18.977 0.582 73
-0.204 -19.034 0.672 74
-0.193 -18.942 0.703 103
-0.179 -18.931 0.636 70
-0.185 -19.020 0.581 72
-0.188 -18.990 0.628 81
-0.190 -19.028 0.602 77
-0.200 -18.977 0.706 60
-0.195 -19.017 0.640 84
-0.196 -18.961 0.699 56
-0.193 -18.996 0.649 85
-0.205 -19.038 0.672 74
-0.211 -19.038 0.705 32
-0.196 -18.963 0.699 56
-0.190 -19.019 0.609 80
-0.179 -18.997 0.573 72
-0.188 -18.995 0.620 80
-0.192 -18.994 0.646 82
-0.185 -18.970 0.629 89
-0.201 -19.006 0.682 74
-0.197 -19.038 0.629 76
-0.185 -18.935 0.665 90
-0.183 -18.981 0.608 85
-0.201 -19.015 0.672 78
-0.190 -19.008 0.622 85
-0.185 -18.987 0.617 81
-0.200 -19.014 0.668 80
-0.188 -18.989 0.629 78
-0.214 -19.040 0.715 24
-0.181 -19.037 0.547 65
-0.197 -19.020 0.646 82
-0.190 -18.948 0.677 68
-0.195 -19.037 0.618 75
-0.209 -19.028 0.700 44
-0.190 -18.960 0.666 75
-0.189 -19.039 0.583 73
-0.209 -19.024 0.705 20
-0.200 -19.017 0.666 81
-0.192 -18.953 0.683 60
-0.182 -18.974 0.611 83
-0.183 -18.908 0.678 156
-0.186 -18.918 0.687 73
-0.186 -18.945 0.658 73
-0.186 -19.034 0.576 70
-0.197 -19.039 0.630 77
-0.201 -19.040 0.648 79
-0.195 -19.020 0.637 87
-0.184 -18.934 0.661 88
-0.199 -18.998 0.678 64
-0.202 -18.992 0.701 51
-0.184 -18.909 0.685 122
-0.200 -19.009 0.672 78
-0.187 -19.020 0.590 74
-0.202 -19.021 0.672 76
-0.203 -19.035 0.662 78
-0.191 -18.938 0.696 68
-0.184 -18.975 0.623 73
-0.186 -19.030 0.580 73
-0.197 -19.029 0.638 83
-0.195 -18.955 0.696 53
-0.179 -18.977 0.590 80
-0.185 -18.900 0.696 140
-0.183 -18.984 0.606 84
-0.192 -19.037 0.601 73
-0.204 -18.994 0.708 58
-0.183 -19.028 0.565 71
-0.206 -19.029 0.683 72
-0.184 -18.903 0.688 147
-0.200 -19.011 0.671 79
-0.187 -18.937 0.671 71
-0.189 -18.938 0.680 61
-0.186 -19.038 0.569 69
-0.192 -18.972 0.663 66
-0.181 -19.043 0.536 69
-0.193 -19.022 0.623 81
-0.187 -18.970 0.638 102
-0.179 -18.939 0.631 77
-0.190 -18.937 0.692 60
-0.184 -18.977 0.618 81
-0.188 -18.949 0.669 79
-0.186 -18.945 0.660 75
-0.209 -19.021 0.709 27
-0.190 -18.945 0.681 63
-0.186 -18.951 0.653 73
-0.187 -19.013 0.598 78
-0.213 -19.035 0.717 20
-0.184 -18.966 0.627 100
-0.195 -19.006 0.648 81
-0.197 -19.041 0.629 78
-0.183 -18.989 0.600 82
-0.185 -18.898 0.699 138
-0.183 -18.938 0.650 76
-0.191 -18.980 0.653 64
-0.186 -18.934 0.670 61
-0.191 -18.965 0.668 69
-0.186 -18.937 0.670 71
-0.190 -19.017 0.610 82
-0.189 -19.011 0.613 82
-0.193 -18.981 0.664 65
-0.198 -18.964 0.705 62
-0.205 -19.032 0.676 77
-0.178 -18.965 0.598 84
-0.210 -19.040 0.695 63
-0.207 -19.035 0.688 73
-0.197 -18.984 0.684 59
-0.184 -18.980 0.615 78
-0.178 -18.956 0.608 91
-0.183 -18.970 0.618 74
-0.185 -18.973 0.629 79
-0.192 -18.993 0.647 82
-0.192 -18.963 0.674 73
-0.179 -18.951 0.619 91
-0.187 -18.945 0.668 66
-0.196 -19.012 0.651 79
-0.201 -19.032 0.658 80
-0.181 -19.009 0.570 75
-0.186 -19.008 0.600 79
-0.187 -19.041 0.570 68
-0.176 -19.034 0.520 68
-0.203 -19.032 0.666 75
-0.180 -18.962 0.611 80
-0.206 -19.005 0.710 63
-0.200 -19.038 0.643 80
-0.194 -18.992 0.660 76
-0.175 -19.004 0.546 66
-0.177 -19.026 0.534 67
-0.196 -18.972 0.689 53
-0.187 -18.978 0.633 70
-0.175 -19.012 0.538 70
-0.201 -19.027 0.660 81
-0.199 -19.036 0.642 80
-0.195 -19.040 0.618 75
-0.193 -19.014 0.629 85
-0.184 -19.002 0.597 79
-0.193 -19.008 0.638 83
-0.191 -18.968 0.664 71
-0.202 -19.011 0.682 75
-0.187 -18.962 0.651 78
-0.179 -19.043 0.529 67
-0.181 -18.911 0.669 84
-0.195 -18.966 0.686 53
-0.181 -18.906 0.672 110
-0.185 -18.940 0.662 78
-0.187 -19.031 0.582 73
-0.194 -19.000 0.650 86
-0.195 -19.039 0.615 75
-0.200 -19.038 0.642 79
-0.180 -19.032 0.544 68
-0.182 -18.938 0.646 78
-0.196 -18.950 0.707 130
-0.199 -18.992 0.682 44
-0.188 -19.016 0.600 77
-0.190 -19.029 0.599 77
-0.198 -18.970 0.697 53
-0.193 -19.001 0.645 83
-0.180 -18.905 0.669 87
-0.195 -19.018 0.635 84
-0.192 -18.958 0.678 77
-0.185 -18.919 0.682 123
-0.198 -19.026 0.644 82
-0.180 -19.017 0.560 71
-0.175 -19.041 0.506 66
-0.202 -19.021 0.673 76
-0.202 -19.027 0.664 79
-0.192 -18.964 0.673 76
-0.192 -18.939 0.699 81
-0.180 -18.943 0.628 78
-0.185 -18.927 0.670 45
-0.195 -18.987 0.666 58
-0.181 -19.029 0.555 70
-0.201 -19.009 0.676 76
-0.190 -18.931 0.693 71
-0.197 -18.988 0.675 54
-0.186 -18.931 0.673 45
-0.204 -19.017 0.685 71
-0.185 -18.916 0.682 124
-0.184 -18.929 0.666 69
-0.184 -18.935 0.661 88
-0.183 -18.917 0.673 101
-0.193 -18.975 0.666 65
-0.190 -18.993 0.634 82
-0.189 -18.968 0.654 69
-0.186 -19.175 0.670 50
-0.202 -19.103 0.681 64
-0.179 -19.213 0.642 61
-0.160 -19.281 0.671 109
-0.206 -19.085 0.694 61
-0.152 -19.353 0.537 37
-0.174 -19.220 0.683 42
-0.152 -19.369 0.496 97
-0.147 -19.376 0.529 30
-0.158 -19.285 0.676 91
-0.153 -19.359 0.514 36
-0.186 -19.168 0.690 49
-0.149 -19.360 0.558 13
-0.161 -19.306 0.581 79
-0.151 -19.335 0.614 63
-0.174 -19.234 0.635 64
-0.162 -19.292 0.610 81
-0.148 -19.367 0.550 15
-0.177 -19.235 0.588 81
-0.147 -19.346 0.637 50
-0.142 -19.370 0.613 10
-0.149 -19.358 0.570 24
-0.159 -19.322 0.542 75
-0.186 -19.179 0.654 49
-0.180 -19.200 0.673 44
-0.186 -19.176 0.670 50
-0.196 -19.132 0.678 60
-0.151 -19.331 0.633 63
-0.178 -19.226 0.611 74
-0.164 -19.296 0.571 75
-0.184 -19.198 0.621 67
-0.170 -19.255 0.616 82
-0.184 -19.191 0.640 56
-0.158 -19.311 0.596 72
-0.184 -19.198 0.624 65
-0.147 -19.346 0.636 50
-0.193 -19.145 0.670 58
-0.169 -19.264 0.608 87
-0.152 -19.364 0.502 76
-0.150 -19.333 0.631 63
-0.190 -19.160 0.657 54
-0.153 -19.350 0.537 43
-0.192 -19.146 0.677 53
-0.172 -19.243 0.630 73
-0.170 -19.247 0.643 62
-0.148 -19.348 0.616 51
-0.207 -19.078 0.695 64
-0.144 -19.358 0.628 33
-0.171 -19.234 0.671 42
-0.159 -19.290 0.654 49
-0.138 -19.376 0.648 9
-0.163 -19.271 0.655 58
-0.162 -19.313 0.532 49
-0.146 -19.347 0.639 46
-0.161 -19.279 0.668 80
-0.162 -19.276 0.664 65
-0.172 -19.259 0.575 82
-0.199 -19.121 0.671 63
-0.196 -19.126 0.691 57
-0.210 -19.064 0.706 59
-0.151 -19.349 0.567 46
-0.206 -19.082 0.706 63
-0.164 -19.300 0.551 68
-0.170 -19.244 0.658 49
-0.173 -19.242 0.623 71
-0.153 -19.329 0.610 67
-0.180 -19.200 0.672 44
-0.195 -19.144 0.652 62
-0.176 -19.232 0.611 74
-0.149 -19.340 0.623 59
-0.164 -19.284 0.600 84
-0.194 -19.146 0.648 61
-0.203 -19.093 0.710 62
-0.190 -19.149 0.696 52
-0.176 -19.226 0.636 62
-0.153 -19.335 0.592 69
-0.170 -19.236 0.684 41
-0.194 -19.147 0.658 59
-0.173 -19.233 0.650 53
-0.156 -19.325 0.573 71
-0.143 -19.366 0.617 7
-0.162 -19.270 0.679 117
-0.172 -19.239 0.640 64
-0.180 -19.194 0.690 47
-0.159 -19.303 0.614 86
-0.169 -19.258 0.625 77
-0.175 -19.238 0.614 74
-0.149 -19.359 0.566 16
-0.155 -19.319 0.607 47
-0.184 -19.201 0.615 69
-0.192 -19.159 0.645 59
-0.161 -19.302 0.588 90
-0.150 -19.325 0.653 32
-0.181 -19.206 0.638 61
-0.165 -19.299 0.550 68
-0.197 -19.121 0.702 61
-0.139 -19.370 0.656 14
-0.177 -19.212 0.665 46
-0.178 -19.205 0.672 44
-0.184 -19.194 0.628 61
-0.171 -19.243 0.654 55
-0.149 -19.328 0.670 16
-0.166 -19.258 0.669 51
-0.182 -19.210 0.612 70
-0.182 -19.185 0.685 50
-0.145 -19.368 0.581 15
-0.177 -19.234 0.590 81
-0.169 -19.262 0.612 87
-0.169 -19.258 0.619 80
-0.167 -19.277 0.583 87
-0.164 -19.284 0.601 89
-0.174 -19.241 0.616 75
-0.151 -19.355 0.550 25
-0.148 -19.338 0.643 46
-0.160 -19.324 0.525 80
-0.175 -19.246 0.579 84
-0.156 -19.297 0.665 132
-0.162 -19.272 0.670 60
-0.145 -19.343 0.661 125
-0.158 -19.314 0.592 54
-0.162 -19.303 0.569 77
-0.160 -19.317 0.545 71
-0.201 -19.105 0.701 62
-0.166 -19.262 0.657 48
-0.182 -19.201 0.637 59
-0.152 -19.353 0.545 30
-0.159 -19.303 0.610 87
-0.142 -19.365 0.635 21
-0.178 -19.205 0.673 44
-0.172 -19.229 0.675 43
-0.170 -19.245 0.649 60
-0.172 -19.258 0.588 87
-0.172 -19.259 0.584 86
-0.149 -19.373 0.513 30
-0.186 -19.174 0.675 50
-0.163 -19.266 0.675 150
-0.160 -19.305 0.589 89
-0.160 -19.304 0.593 91
-0.164 -19.275 0.641 65
-0.170 -19.244 0.664 41
-0.181 -19.214 0.612 71
-0.200 -19.114 0.681 64
-0.169 -19.251 0.644 62
-0.155 -19.340 0.544 69
-0.155 -19.347 0.526 60
-0.169 -19.240 0.683 40
-0.167 -19.285 0.570 77
-0.175 -19.225 0.653 52
-0.148 -19.370 0.533 18
-0.147 -19.363 0.581 4
-0.156 -19.299 0.658 57
-0.161 -19.303 0.582 86
-0.152 -19.330 0.617 69
-0.148 -19.339 0.647 24
-0.205 -19.085 0.710 63
-0.148 -19.335 0.662 35
-0.153 -19.354 0.530 42
-0.150 -19.351 0.568 36
-0.164 -19.286 0.598 85
-0.164 -19.302 0.552 63
-0.148 -19.334 0.661 105
-0.141 -19.367 0.645 21
-0.156 -19.297 0.667 132
-0.148 -19.372 0.535 24
-0.165 -19.300 0.545 64
-0.149 -19.359 0.566 16
-0.181 -19.209 0.620 66
-0.162 -19.310 0.542 49
-0.147 -19.366 0.569 13
-0.202 -19.099 0.699 62
-0.150 -19.336 0.622 66
-0.185 -19.188 0.638 56
-0.207 -19.080 0.696 64
-0.167 -19.288 0.553 65
-0.199 -19.118 0.676 63
-0.185 -19.185 0.650 50
-0.174 -19.220 0.674 42
-0.173 -19.248 0.596 83
-0.186 -19.176 0.669 50
-0.172 -19.262 0.575 83
-0.171 -19.233 0.676 38
-0.186 -19.170 0.683 50
-0.187 -19.163 0.693 48
-0.190 -19.151 0.696 50
-0.150 -19.355 0.566 24
-0.164 -19.292 0.574 75
-0.195 -19.130 0.698 58
-0.179 -19.203 0.671 44
-0.154 -19.330 0.586 68
-0.167 -19.280 0.575 88
-0.183 -19.184 0.672 52
-0.164 -19.303 0.543 60
-0.166 -19.295 0.545 69
-0.176 -19.242 0.582 84
-0.151 -19.372 0.500 123
-0.175 -19.234 0.618 70
-0.153 -19.314 0.651 20
-0.175 -19.233 0.625 71
-0.157 -19.307 0.624 86
-0.149 -19.338 0.630 60
-0.166 -19.279 0.596 87
-0.155 -19.302 0.674 1
-0.179 -19.219 0.618 66
-0.173 -19.244 0.623 72
-0.174 -19.225 0.669 43
-0.155 -19.327 0.581 71
-0.158 -19.310 0.598 75
-0.160 -19.284 0.665 71
-0.155 -19.317 0.619 50
-0.205 -19.084 0.705 62
-0.195 -19.132 0.685 58
-0.190 -19.155 0.676 48
-0.168 -19.264 0.618 82
-0.167 -19.263 0.635 71
-0.155 -19.335 0.554 66
-0.152 -19.355 0.540 36
-0.155 -19.323 0.604 75
-0.180 -19.214 0.615 69
-0.161 -19.288 0.637 75
-0.158 -19.297 0.647 48
-0.154 -19.338 0.562 67
-0.203 -19.101 0.679 65
-0.181 -19.192 0.679 46
-0.153 -19.331 0.596 70
-0.170 -19.272 0.563 80
-0.183 -19.199 0.632 58
-0.162 -19.278 0.650 42
-0.180 -19.217 0.607 76
-0.183 -19.183 0.679 51
-0.169 -19.243 0.675 26
-0.171 -19.251 0.621 78
-0.152 -19.339 0.590 65
-0.146 -19.357 0.606 33
-0.157 -19.319 0.588 69
-0.177 -19.209 0.679 43
-0.141 -19.364 0.646 36
-0.144 -19.352 0.657 57
-0.161 -19.293 0.619 76
-0.168 -19.260 0.633 73
-0.175 -19.244 0.586 83
-0.171 -19.249 0.619 78
-0.166 -19.280 0.598 87
-0.199 -19.116 0.678 63
-0.146 -19.371 0.561 21
-0.165 -19.300 0.542 63
-0.151 -19.323 0.655 100
-0.155 -19.323 0.600 74
-0.145 -19.350 0.642 48
-0.180 -19.201 0.657 47
-0.201 -19.105 0.701 62
-0.149 -19.372 0.523 22
-0.170 -19.269 0.579 85
-0.181 -19.210 0.622 67
-0.162 -19.273 0.667 52
-0.146 -19.355 0.623 40
-0.170 -19.275 0.560 80
-0.161 -19.287 0.638 75
-0.213 -19.048 0.718 51
-0.163 -19.278 0.635 73
-0.148 -19.356 0.593 36
-0.184 -19.194 0.638 58
-0.146 -19.370 0.563 21
-0.171 -19.252 0.613 81
-0.200 -19.109 0.698 62
-0.151 -19.349 0.562 42
-0.145 -19.361 0.611 32
-0.144 -19.369 0.598 7
-0.150 -19.341 0.600 64
-0.145 -19.374 0.566 21
-0.158 -19.319 0.568 74
-0.143 -19.360 0.642 27
-0.181 -19.212 0.617 69
-0.170 -19.256 0.621 76
-0.166 -19.285 0.574 73
-0.144 -19.361 0.618 21
-0.141 -19.373 0.618 8
-0.166 -19.268 0.628 78
-0.148 -19.333 0.656 64
-0.170 -19.245 0.661 45
-0.198 -19.127 0.667 64
-0.189 -19.152 0.698 51
-0.148 -19.355 0.586 41
-0.150 -19.326 0.657 174
-0.181 -19.203 0.640 58
-0.162 -19.312 0.544 44
-0.176 -19.226 0.632 63
-0.151 -19.372 0.497 123
-0.180 -19.216 0.616 69
-0.148 -19.355 0.583 40
-0.174 -19.223 0.667 44
-0.200 -19.116 0.674 63
-0.146 -19.350 0.636 45
-0.155 -19.331 0.569 71
-0.203 -19.092 0.705 60
-0.153 -19.341 0.564 65
-0.187 -19.176 0.648 50
-0.153 -19.344 0.559 59
-0.169 -19.272 0.578 84
-0.164 -19.261 0.678 147
-0.164 -19.274 0.636 67
-0.187 -19.161 0.694 49
-0.164 -19.269 0.658 57
-0.186 -19.192 0.617 66
-0.173 -19.081 0.507 59
-0.200 -19.052 0.642 77
-0.185 -19.146 0.594 65
-0.166 -19.221 0.516 57
-0.172 -19.250 0.559 76
-0.179 -19.116 0.552 62
-0.168 -19.129 0.498 60
-0.166 -19.248 0.526 67
-0.173 -19.055 0.499 61
-0.167 -19.265 0.536 70
-0.189 -19.060 0.587 69
-0.167 -19.143 0.499 62
-0.174 -19.127 0.529 65
-0.163 -19.300 0.529 60
-0.209 -19.058 0.695 62
-0.190 -19.159 0.625 62
-0.203 -19.079 0.672 68
-0.188 -19.173 0.622 65
-0.183 -19.124 0.578 63
-0.162 -19.212 0.496 53
-0.182 -19.160 0.585 66
-0.161 -19.312 0.525 62
-0.183 -19.087 0.563 64
-0.165 -19.231 0.515 57
-0.157 -19.342 0.509 67
-0.171 -19.095 0.502 63
-0.185 -19.118 0.588 65
-0.170 -19.123 0.509 60
-0.173 -19.137 0.530 61
-0.158 -19.274 0.495 65
-0.171 -19.183 0.535 65
-0.179 -19.064 0.536 66
-0.192 -19.114 0.624 61
-0.163 -19.250 0.513 58
-0.184 -19.167 0.598 65
-0.171 -19.134 0.514 60
-0.160 -19.291 0.512 60
-0.165 -19.255 0.523 61
-0.210 -19.062 0.700 62
-0.196 -19.058 0.625 73
-0.170 -19.177 0.527 61
-0.170 -19.140 0.513 61
-0.165 -19.171 0.493 61
-0.162 -19.255 0.510 54
-0.197 -19.047 0.625 74
-0.174 -19.100 0.521 57
-0.204 -19.077 0.676 66
-0.192 -19.132 0.631 59
-0.190 -19.081 0.603 63
-0.168 -19.134 0.501 62
-0.177 -19.192 0.568 67
-0.174 -19.056 0.503 61
-0.168 -19.243 0.535 65
-0.201 -19.094 0.666 62
-0.187 -19.147 0.606 64
-0.166 -19.181 0.505 59
-0.194 -19.093 0.624 63
-0.189 -19.131 0.610 62
-0.170 -19.270 0.557 80
-0.189 -19.058 0.585 70
-0.210 -19.052 0.697 63
-0.182 -19.066 0.552 63
-0.180 -19.171 0.577 64
-0.160 -19.264 0.500 53
-0.182 -19.099 0.564 66
-0.194 -19.083 0.623 65
-0.163 -19.302 0.531 60
-0.172 -19.141 0.524 61
-0.156 -19.338 0.507 64
-0.175 -19.049 0.506 63
-0.178 -19.165 0.562 62
-0.179 -19.058 0.535 66
-0.164 -19.253 0.518 59
-0.200 -19.044 0.642 79
-0.176 -19.090 0.528 61
-0.195 -19.080 0.625 66
-0.191 -19.060 0.597 68
-0.204 -19.053 0.667 69
-0.182 -19.162 0.583 66
-0.194 -19.139 0.644 60
-0.159 -19.312 0.512 70
-0.168 -19.142 0.504 59
-0.175 -19.182 0.556 65
-0.157 -19.292 0.495 55
-0.186 -19.097 0.584 65
-0.181 -19.189 0.591 69
-0.164 -19.231 0.512 56
-0.170 -19.271 0.558 80
-0.206 -19.065 0.680 65
-0.187 -19.082 0.583 65
-0.203 -19.081 0.672 68
-0.197 -19.093 0.644 64
-0.167 -19.239 0.533 63
-0.175 -19.190 0.555 67
-0.165 -19.233 0.518 59
-0.168 -19.154 0.506 58
-0.177 -19.180 0.563 67
-0.179 -19.214 0.586 74
-0.184 -19.054 0.561 66
-0.193 -19.149 0.642 60
-0.168 -19.183 0.517 62
-0.169 -19.184 0.521 64
-0.201 -19.100 0.665 65
-0.163 -19.262 0.519 58
-0.173 -19.151 0.532 61
-0.198 -19.049 0.634 78
-0.158 -19.334 0.515 71
-0.159 -19.247 0.490 51
-0.156 -19.343 0.504 65
-0.178 -19.125 0.549 61
-0.174 -19.154 0.541 61
-0.161 -19.234 0.496 56
-0.204 -19.047 0.664 73
-0.160 -19.297 0.514 54
-0.192 -19.136 0.628 59
-0.185 -19.097 0.577 66
-0.198 -19.100 0.650 62
-0.197 -19.097 0.643 63
-0.177 -19.066 0.522 64
-0.207 -19.080 0.690 63
-0.173 -19.252 0.565 79
-0.172 -19.158 0.530 61
-0.191 -19.051 0.593 70
-0.170 -19.125 0.506 55
-0.157 -19.283 0.494 55
-0.178 -19.097 0.540 61
-0.174 -19.189 0.549 66
-0.184 -19.122 0.583 64
-0.189 -19.096 0.602 66
-0.160 -19.252 0.495 51
-0.172 -19.119 0.518 59
-0.173 -19.164 0.536 60
-0.167 -19.283 0.547 72
-0.163 -19.269 0.521 59
-0.166 -19.169 0.500 62
-0.189 -19.067 0.590 67
-0.200 -19.063 0.648 73
-0.208 -19.064 0.691 62
-0.180 -19.182 0.579 66
-0.201 -19.049 0.647 76
-0.178 -19.046 0.521 66
-0.203 -19.089 0.672 66
-0.171 -19.163 0.524 61
-0.189 -19.129 0.609 62
-0.178 -19.052 0.524 66
-0.207 -19.044 0.679 78
-0.156 -19.326 0.499 74
-0.159 -19.267 0.498 51
-0.210 -19.053 0.701 62
-0.183 -19.153 0.588 64
-0.178 -19.120 0.549 61
-0.174 -19.140 0.532 61
-0.183 -19.075 0.558 68
-0.186 -19.150 0.603 64
-0.175 -19.172 0.550 62
-0.171 -19.089 0.500 69
-0.163 -19.289 0.524 66
-0.159 -19.295 0.507 59
-0.186 -19.139 0.596 64
-0.193 -19.048 0.605 67
-0.176 -19.229 0.575 77
-0.184 -19.051 0.560 66
-0.193 -19.087 0.620 64
-0.180 -19.055 0.539 69
-0.173 -19.169 0.541 61
-0.193 -19.056 0.607 70
-0.163 -19.230 0.507 55
-0.203 -19.063 0.665 68
-0.183 -19.107 0.573 66
-0.152 -19.360 0.488 129
-0.169 -19.202 0.526 58
-0.199 -19.043 0.636 78
-0.167 -19.139 0.496 58
-0.158 -19.282 0.496 62
-0.178 -19.175 0.568 64
-0.162 -19.266 0.511 55
-0.191 -19.051 0.595 70
-0.167 -19.206 0.519 58
-0.187 -19.160 0.608 65
-0.163 -19.303 0.533 55
-0.167 -19.167 0.504 61
-0.171 -19.193 0.535 65
-0.197 -19.082 0.636 68
-0.182 -19.105 0.567 65
-0.182 -19.126 0.575 63
-0.195 -19.063 0.619 71
-0.175 -19.143 0.541 59
-0.182 -19.125 0.570 64
-0.195 -19.121 0.639 61
-0.165 -19.285 0.535 65
-0.154 -19.316 0.489 79
-0.201 -19.094 0.664 63
-0.169 -19.129 0.504 63
-0.160 -19.285 0.510 59
-0.192 -19.124 0.625 61
-0.169 -19.110 0.496 68
-0.182 -19.088 0.561 64
-0.205 -19.070 0.678 66
-0.185 -19.064 0.570 66
-0.200 -19.073 0.653 70
-0.169 -19.189 0.523 64
-0.211 -19.049 0.701 62
-0.179 -19.223 0.592 75
-0.193 -19.136 0.634 60
-0.171 -19.125 0.514 60
-0.194 -19.108 0.633 62
-0.170 -19.250 0.550 75
-0.192 -19.109 0.619 63
-0.176 -19.240 0.577 80
-0.188 -19.096 0.592 64
-0.176 -19.083 0.527 60
-0.165 -19.192 0.503 56
-0.183 -19.134 0.580 63
-0.163 -19.203 0.499 54
-0.210 -19.063 0.702 62
-0.156 -19.323 0.502 70
-0.168 -19.257 0.544 72
-0.171 -19.271 0.560 80
-0.212 -19.057 0.708 56
-0.173 -19.205 0.550 68
-0.169 -19.238 0.540 65
-0.175 -19.060 0.511 61
-0.193 -19.097 0.621 63
-0.176 -19.145 0.548 61
-0.167 -19.177 0.508 58
-0.166 -19.226 0.520 61
-0.157 -19.298 0.497 57
-0.175 -19.137 0.536 60
-0.172 -19.197 0.544 65
-0.209 -19.063 0.699 62
-0.174 -19.229 0.563 77
-0.171 -19.250 0.557 76
-0.209 -19.053 0.695 63
-0.184 -19.058 0.562 66
-0.167 -19.162 0.506 57
-0.173 -19.099 0.514 61
-0.201 -19.102 0.664 65
-0.171 -19.153 0.521 65
-0.170 -19.138 0.514 61
-0.165 -19.295 0.537 67
-0.184 -19.100 0.574 64
-0.200 -19.065 0.648 73
-0.171 -19.199 0.539 65
-0.194 -19.105 0.632 63
-0.201 -19.088 0.663 64
-0.180 -19.063 0.543 65
-0.184 -19.060 0.559 70
-0.168 -19.145 0.506 57
-0.175 -19.107 0.528 60
-0.174 -19.054 0.507 61
-0.182 -19.164 0.587 66
-0.190 -19.131 0.616 60
-0.166 -19.212 0.513 57
-0.159 -19.313 0.513 70
-0.170 -19.156 0.518 61
-0.185 -19.169 0.602 67
-0.185 -19.164 0.604 64
-0.170 -19.253 0.553 76
-0.188 -19.110 0.600 64
-0.204 -19.067 0.672 63
-0.177 -19.117 0.544 62
-0.170 -19.130 0.509 63
-0.163 -19.285 0.522 64
-0.163 -19.293 0.525 63
-0.172 -19.070 0.499 63
-0.158 -19.314 0.506 82
-0.180 -19.095 0.553 63
-0.172 -19.207 0.544 69
-0.165 -19.203 0.508 54
-0.180 -19.046 0.532 66
-0.182 -19.091 0.559 65
-0.173 -19.131 0.526 63
-0.182 -19.155 0.580 65
-0.187 -19.123 0.599 62
-0.170 -19.218 0.540 68
-0.160 -19.282 0.509 59
-0.154 -19.339 0.495 73
-0.210 -19.063 0.703 60
-0.209 -19.050 0.692 67
-0.183 -19.136 0.582 63
-0.203 -19.050 0.660 73
-0.172 -19.259 0.566 84
-0.192 -19.129 0.628 60
-0.181 -19.209 0.597 75
-0.167 -19.138 0.496 59
-0.173 -19.106 0.518 63
-0.166 -19.246 0.528 66
-0.184 -19.128 0.584 63
-0.157 -19.341 0.511 66
-0.186 -19.159 0.606 67
-0.194 -19.044 0.611 72
-0.182 -19.156 0.584 65
-0.207 -19.042 0.681 69
-0.168 -19.143 0.502 59
-0.198 -19.124 0.656 61
-0.196 -19.108 0.641 62
-0.170 -19.268 0.559 83
-0.176 -19.204 0.568 70
-0.172 -19.148 0.528 60
-0.162 -19.243 0.502 56
-0.199 -19.100 0.656 62
-0.177 -19.233 0.581 80
-0.181 -19.138 0.571 64
-0.204 -19.057 0.667 68
-0.182 -19.117 0.568 65
-0.177 -19.050 0.517 69
-0.159 -19.266 0.496 51
-0.176 -19.150 0.549 59
-0.177 -19.148 0.552 61
-0.196 -19.057 0.626 72
-0.178 -19.188 0.572 68
-0.174 -19.248 0.569 82
-0.167 -19.251 0.533 64
-0.200 -19.079 0.651 68
-0.158 -19.294 0.499 62
-0.172 -19.178 0.538 62
-0.197 -19.122 0.649 59
-0.170 -19.222 0.539 68
-0.169 -19.187 0.522 65
-0.156 -19.320 0.500 73
-0.176 -19.196 0.563 69
-0.201 -19.110 0.668 64
-0.173 -19.049 0.495 68
-0.195 -19.121 0.641 61
-0.168 -19.223 0.530 63
-0.178 -19.110 0.546 63
-0.170 -19.183 0.525 59
-0.192 -19.107 0.622 64
-0.179 -19.145 0.564 64
-0.171 -19.094 0.501 63
-0.171 -19.104 0.508 62
-0.167 -19.150 0.498 59
-0.166 -19.254 0.532 61
-0.157 -19.297 0.494 58
-0.170 -19.202 0.535 63
-0.203 -19.067 0.667 66
-0.198 -19.072 0.641 69
-0.169 -19.144 0.510 60
-0.185 -19.047 0.560 67
-0.191 -19.081 0.604 64
-0.161 -19.311 0.521 43
-0.180 -19.044 0.532 69
-0.160 -19.300 0.516 56
-0.177 -19.120 0.544 63
-0.196 -19.131 0.650 60
-0.178 -19.089 0.537 61
-0.184 -19.153 0.595 67
-0.170 -19.220 0.541 69
-0.193 -19.095 0.620 63
-0.183 -19.204 0.605 70
-0.172 -19.061 0.494 67
-0.166 -19.200 0.509 54
-0.197 -19.093 0.644 64
-0.191 -19.129 0.622 60
-0.185 -19.074 0.569 64
-0.197 -19.097 0.645 63
-0.168 -19.149 0.502 56
-0.194 -19.044 0.608 70
-0.172 -19.059 0.497 61
-0.164 -19.223 0.508 54
-0.209 -19.059 0.693 62
-0.190 -19.045 0.589 72
-0.171 -19.248 0.553 76
-0.208 -19.043 0.686 70
-0.192 -19.048 0.598 71
-0.168 -19.252 0.541 72
-0.197 -19.103 0.648 62
-0.163 -19.287 0.523 66
-0.174 -19.057 0.504 60
-0.173 -19.113 0.521 65
-0.176 -19.099 0.530 60
-0.175 -19.191 0.559 69
-0.167 -19.179 0.512 59
-0.170 -19.193 0.528 63
-0.158 -19.328 0.513 70
-0.156 -19.327 0.499 74
-0.168 -19.137 0.503 57
-0.176 -19.094 0.530 61
-0.196 -19.052 0.624 74
-0.168 -19.221 0.532 64
-0.168 -19.268 0.547 75
-0.235 -19.289 0.838 40
-0.189 -19.196 0.714 50
-0.156 -19.298 0.677 17
-0.149 -19.367 0.684 34
-0.213 -19.203 0.765 55
-0.232 -19.149 0.788 59
-0.213 -19.119 0.741 57
-0.206 -19.198 0.749 55
-0.222 -19.315 0.818 44
-0.223 -19.207 0.787 51
-0.208 -19.195 0.754 55
-0.168 -19.282 0.696 90
-0.182 -19.332 0.740 66
-0.211 -19.307 0.793 49
-0.212 -19.301 0.793 51
-0.232 -19.234 0.815 49
-0.219 -19.094 0.745 55
-0.190 -19.191 0.713 52
-0.232 -19.235 0.816 49
-0.201 -19.250 0.755 54
-0.184 -19.183 0.700 49
-0.192 -19.256 0.739 48
-0.163 -19.285 0.688 96
-0.204 -19.302 0.778 49
-0.228 -19.162 0.784 59
-0.185 -19.291 0.734 48
-0.154 -19.351 0.689 48
-0.180 -19.312 0.731 42
-0.236 -19.184 0.808 54
-0.202 -19.256 0.759 54
-0.246 -19.228 0.842 48
-0.205 -19.298 0.778 49
-0.145 -19.355 0.671 42
-0.164 -19.303 0.694 24
-0.182 -19.240 0.714 44
-0.173 -19.314 0.718 43
-0.215 -19.163 0.758 58
-0.237 -19.213 0.818 51
-0.214 -19.284 0.794 45
-0.179 -19.315 0.729 39
-0.185 -19.172 0.698 49
-0.221 -19.302 0.813 53
-0.218 -19.125 0.752 61
-0.190 -19.296 0.747 55
-0.258 -19.286 0.885 55
-0.220 -19.307 0.812 48
-0.166 -19.284 0.692 95
-0.173 -19.233 0.691 41
-0.149 -19.335 0.674 17
-0.236 -19.206 0.815 51
-0.199 -19.122 0.711 60
-0.173 -19.271 0.703 40
-0.257 -19.295 0.886 54
-0.162 -19.321 0.696 20
-0.196 -19.174 0.722 50
-0.183 -19.265 0.724 45
-0.237 -19.260 0.833 48
-0.166 -19.303 0.700 35
-0.210 -19.293 0.787 48
-0.186 -19.327 0.748 25
-0.176 -19.305 0.721 56
-0.239 -19.299 0.849 45
-0.228 -19.270 0.819 48
-0.152 -19.348 0.685 60
-0.190 -19.311 0.750 41
-0.225 -19.225 0.798 51
-0.180 -19.338 0.738 55
-0.243 -19.309 0.861 47
-0.178 -19.332 0.734 67
-0.154 -19.349 0.688 55
-0.212 -19.307 0.797 50
-0.184 -19.301 0.736 51
-0.237 -19.310 0.848 51
-0.211 -19.144 0.744 56
-0.240 -19.229 0.829 47
-0.195 -19.232 0.737 52
-0.205 -19.151 0.733 51
-0.199 -19.178 0.729 52
-0.204 -19.260 0.764 53
-0.202 -19.190 0.740 56
-0.168 -19.345 0.717 51
-0.229 -19.248 0.813 48
-0.214 -19.063 0.724 62
-0.255 -19.294 0.882 52
-0.224 -19.215 0.792 53
-0.197 -19.201 0.733 53
-0.199 -19.203 0.736 54
-0.175 -19.318 0.723 32
-0.236 -19.294 0.841 46
-0.230 -19.292 0.829 44
-0.206 -19.316 0.787 41
-0.199 -19.187 0.733 55
-0.203 -19.153 0.730 50
-0.228 -19.275 0.820 47
-0.204 -19.309 0.780 43
-0.171 -19.345 0.723 55
-0.238 -19.228 0.826 47
-0.237 -19.229 0.823 48
-0.212 -19.067 0.722 64
-0.249 -19.296 0.869 53
-0.209 -19.212 0.760 55
-0.172 -19.266 0.700 64
-0.153 -19.326 0.678 58
-0.212 -19.236 0.773 55
-0.208 -19.187 0.750 56
-0.235 -19.263 0.829 48
-0.214 -19.153 0.753 58
-0.177 -19.344 0.735 53
-0.213 -19.156 0.752 57
-0.210 -19.254 0.774 50
-0.223 -19.238 0.798 52
-0.185 -19.234 0.717 48
-0.235 -19.196 0.808 52
-0.163 -19.271 0.682 107
-0.249 -19.297 0.870 53
-0.214 -19.159 0.754 58
-0.220 -19.163 0.767 58
-0.220 -19.135 0.758 65
-0.220 -19.180 0.774 58
-0.169 -19.327 0.713 36
-0.222 -19.147 0.767 63
-0.206 -19.129 0.728 54
-0.209 -19.127 0.733 57
-0.219 -19.213 0.781 58
-0.201 -19.325 0.778 22
-0.223 -19.283 0.810 45
-0.222 -19.276 0.808 45
-0.183 -19.257 0.719 46
-0.175 -19.346 0.730 52
-0.225 -19.153 0.776 62
-0.194 -19.136 0.705 59
-0.230 -19.267 0.822 48
-0.217 -19.321 0.811 35
-0.174 -19.298 0.715 61
-0.207 -19.193 0.750 57
-0.248 -19.271 0.859 41
-0.221 -19.079 0.744 58
-0.199 -19.162 0.724 49
-0.210 -19.185 0.754 57
-0.222 -19.274 0.806 44
-0.180 -19.233 0.706 46
-0.166 -19.280 0.693 87
-0.236 -19.191 0.810 52
-0.224 -19.150 0.772 62
-0.184 -19.177 0.698 48
-0.204 -19.130 0.725 53
-0.207 -19.114 0.726 59
-0.234 -19.267 0.829 48
-0.253 -19.257 0.867 50
-0.232 -19.297 0.834 41
-0.225 -19.144 0.772 65
-0.218 -19.211 0.778 59
-0.233 -19.270 0.828 47
-0.213 -19.091 0.732 57
-0.207 -19.162 0.741 53
-0.187 -19.244 0.724 45
-0.228 -19.114 0.770 62
-0.209 -19.306 0.789 48
-0.176 -19.261 0.706 44
-0.218 -19.083 0.740 56
-0.234 -19.192 0.805 54
-0.226 -19.255 0.810 49
-0.194 -19.142 0.708 57
-0.148 -19.332 0.672 4
-0.200 -19.314 0.772 43
-0.225 -19.234 0.799 50
-0.156 -19.295 0.677 62
-0.202 -19.206 0.744 55
-0.227 -19.128 0.771 65
-0.220 -19.172 0.770 57
-0.200 -19.264 0.757 53
-0.244 -19.295 0.859 41
-0.203 -19.123 0.721 56
-0.197 -19.146 0.716 55
-0.150 -19.332 0.675 20
-0.237 -19.311 0.850 50
-0.247 -19.220 0.842 49
-0.211 -19.080 0.725 60
-0.180 -19.299 0.727 55
-0.209 -19.201 0.757 53
-0.249 -19.304 0.872 54
-0.189 -19.298 0.746 51
-0.239 -19.187 0.815 55
-0.185 -19.272 0.730 44
-0.201 -19.264 0.759 53
-0.157 -19.336 0.690 61
-0.219 -19.267 0.799 47
-0.215 -19.174 0.761 59
-0.216 -19.278 0.795 45
-0.224 -19.213 0.792 51
-0.195 -19.145 0.710 58
-0.179 -19.234 0.705 46
-0.227 -19.141 0.776 66
-0.206 -19.180 0.744 54
-0.244 -19.272 0.851 41
-0.177 -19.340 0.733 54
-0.177 -19.253 0.706 46
-0.193 -19.268 0.744 48
-0.212 -19.308 0.796 50
-0.208 -19.216 0.760 56
-0.202 -19.249 0.756 54
-0.218 -19.316 0.810 50
-0.183 -19.272 0.724 46
-0.209 -19.092 0.723 60
-0.213 -19.324 0.803 33
-0.174 -19.300 0.714 61
-0.166 -19.324 0.706 19
-0.149 -19.370 0.685 43
-0.231 -19.226 0.811 49
-0.199 -19.250 0.752 51
-0.233 -19.201 0.807 52
-0.199 -19.234 0.747 52
-0.228 -19.126 0.773 67
-0.220 -19.123 0.756 63
-0.143 -19.355 0.668 53
-0.191 -19.147 0.703 54
-0.228 -19.286 0.823 45
-0.197 -19.144 0.715 55
-0.189 -19.255 0.732 46
-0.202 -19.305 0.774 44
-0.204 -19.321 0.783 35
-0.224 -19.104 0.759 58
-0.254 -19.280 0.875 57
-0.174 -19.224 0.690 43
-0.236 -19.255 0.829 47
-0.190 -19.249 0.732 45
-0.243 -19.268 0.848 44
-0.197 -19.296 0.761 50
-0.195 -19.133 0.706 59
-0.216 -19.069 0.731 59
-0.233 -19.290 0.833 42
-0.201 -19.118 0.715 60
-0.192 -19.280 0.746 44
-0.186 -19.263 0.727 43
-0.197 -19.269 0.752 48
-0.182 -19.229 0.709 47
-0.207 -19.124 0.730 57
-0.222 -19.313 0.819 47
-0.228 -19.130 0.774 68
-0.205 -19.207 0.751 56
-0.230 -19.154 0.785 60
-0.194 -19.282 0.751 44
-0.209 -19.270 0.778 49
-0.178 -19.236 0.702 46
-0.167 -19.251 0.684 157
-0.218 -19.211 0.780 58
-0.167 -19.325 0.708 19
-0.223 -19.276 0.808 45
-0.221 -19.108 0.753 62
-0.209 -19.266 0.776 48
-0.203 -19.317 0.780 40
-0.241 -19.307 0.856 52
-0.218 -19.168 0.766 57
-0.243 -19.239 0.839 48
-0.204 -19.226 0.754 54
-0.195 -19.291 0.755 47
-0.171 -19.296 0.708 56
-0.217 -19.169 0.764 58
-0.181 -19.294 0.727 55
-0.226 -19.286 0.818 45
-0.243 -19.216 0.832 48
-0.205 -19.184 0.743 54
-0.173 -19.340 0.725 54
-0.213 -19.242 0.777 53
-0.245 -19.214 0.837 51
-0.205 -19.149 0.733 51
-0.211 -19.223 0.768 60
-0.251 -19.267 0.864 46
-0.160 -19.334 0.695 56
-0.233 -19.300 0.837 44
-0.229 -19.309 0.831 51
-0.176 -19.273 0.711 45
-0.258 -19.280 0.882 56
-0.167 -19.345 0.714 49
-0.190 -19.213 0.720 49
-0.150 -19.354 0.680 18
-0.224 -19.268 0.809 46
-0.203 -19.221 0.750 52
-0.162 -19.277 0.683 94
-0.227 -19.120 0.768 64
-0.222 -19.139 0.765 66
-0.250 -19.280 0.865 53
-0.205 -19.185 0.743 55
-0.178 -19.273 0.715 54
-0.220 -19.324 0.817 39
-0.223 -19.149 0.770 62
-0.188 -19.209 0.715 48
-0.227 -19.301 0.824 49
-0.192 -19.206 0.722 49
-0.193 -19.151 0.708 56
-0.162 -19.346 0.705 50
-0.198 -19.168 0.723 49
-0.251 -19.264 0.864 44
-0.225 -19.190 0.786 56
-0.215 -19.249 0.785 48
-0.153 -19.357 0.689 47
-0.164 -19.270 0.684 102
-0.231 -19.192 0.799 54
-0.203 -19.104 0.714 59
-0.237 -19.290 0.842 43
-0.155 -19.342 0.688 59
-0.181 -19.314 0.733 41
-0.209 -19.109 0.729 57
-0.172 -19.272 0.703 66
-0.169 -19.333 0.715 64
-0.216 -19.315 0.807 48
-0.187 -19.297 0.742 54
-0.214 -19.313 0.802 48
-0.211 -19.278 0.786 47
-0.221 -19.282 0.806 44
-0.191 -19.180 0.713 50
-0.161 -19.304 0.688 20
-0.209 -19.255 0.773 50
-0.225 -19.141 0.771 65
-0.191 -19.208 0.721 49
-0.209 -19.143 0.739 55
-0.229 -19.194 0.796 55
-0.215 -19.101 0.739 58
-0.239 -19.274 0.841 44
-0.213 -19.216 0.770 61
-0.218 -19.077 0.738 61
-0.229 -19.149 0.781 61
-0.212 -19.144 0.746 56
-0.206 -19.313 0.785 41
-0.220 -19.209 0.782 53
-0.207 -19.289 0.779 43
-0.169 -19.296 0.704 28
-0.255 -19.300 0.883 52
-0.257 -19.280 0.881 56
-0.163 -19.309 0.694 32
-0.204 -19.113 0.719 60
-0.210 -19.102 0.729 58
-0.175 -19.268 0.706 44
-0.213 -19.242 0.778 52
-0.223 -19.203 0.787 51
-0.162 -19.299 0.690 17
-0.210 -19.126 0.736 56
-0.160 -19.293 0.684 35
-0.206 -19.200 0.750 54
-0.199 -19.165 0.724 48
-0.231 -19.260 0.820 48
-0.203 -19.160 0.733 49
-0.189 -19.177 0.709 50
-0.195 -19.181 0.721 49
-0.219 -19.213 0.782 54
-0.158 -19.301 0.682 0
-0.183 -19.211 0.707 47
-0.222 -19.229 0.793 50
-0.226 -19.298 0.821 49
-0.219 -19.104 0.748 61
-0.194 -19.164 0.714 49
-0.234 -19.192 0.805 54
-0.208 -19.076 0.716 59
-0.234 -19.310 0.841 50
-0.188 -19.161 0.702 50
-0.187 -19.306 0.744 51
-0.221 -19.319 0.818 42
-0.156 -19.322 0.683 10
-0.237 -19.199 0.814 53
-0.204 -19.086 0.712 63
-0.182 -19.282 0.725 51
-0.204 -19.182 0.740 54
-0.203 -19.135 0.724 54
-0.166 -19.338 0.710 58
-0.190 -19.153 0.702 51
-0.163 -19.276 0.684 94
-0.173 -19.250 0.696 41
-0.201 -19.102 0.710 63
-0.221 -19.203 0.783 52
-0.207 -19.157 0.738 53
-0.201 -19.259 0.758 53
-0.202 -19.163 0.731 49
-0.240 -19.292 0.848 45
-0.211 -19.092 0.728 57
-0.222 -19.246 0.798 50
-0.209 -19.085 0.721 60
-0.188 -19.303 0.745 49
-0.223 -19.262 0.804 46
-0.230 -19.151 0.785 60
-0.158 -19.355 0.698 42
-0.243 -19.244 0.840 47
-0.256 -19.297 0.885 54
-0.217 -19.238 0.786 49
-0.210 -19.242 0.771 55
-0.217 -19.114 0.747 59
-0.223 -19.103 0.756 59
-0.228 -19.141 0.778 65
-0.176 -19.346 0.733 51
-0.249 -19.237 0.852 45
-0.193 -19.214 0.728 47
-0.213 -19.049 0.718 51
-0.223 -19.140 0.768 65
-0.184 -19.234 0.715 48
-0.198 -19.160 0.722 50
-0.174 -19.295 0.714 62
-0.238 -19.177 0.810 57
-0.161 -19.289 0.685 109
-0.229 -19.308 0.831 54
-0.243 -19.201 0.827 51
-0.234 -19.260 0.826 49
-0.179 -19.319 0.732 37
-0.211 -19.151 0.746 56
-0.171 -19.286 0.704 37
-0.161 -19.324 0.694 33
-0.222 -19.182 0.778 57
-0.190 -19.296 0.746 53
-0.219 -19.297 0.806 46
-0.209 -19.300 0.787 51
-0.196 -19.302 0.761 48
-0.189 -19.186 0.711 51
-0.247 -19.224 0.844 48
-0.209 -19.263 0.776 48
-0.158 -19.315 0.685 22
-0.232 -19.174 0.796 54
-0.194 -19.164 0.714 47
-0.188 -19.247 0.727 45
-0.234 -19.300 0.840 45
-0.227 -19.063 0.778 64
-0.249 -19.189 0.860 53
-0.230 -19.090 0.789 58
-0.259 -19.271 0.889 56
-0.239 -19.092 0.836 56
-0.246 -19.197 0.841 50
-0.245 -19.137 0.854 47
-0.236 -19.129 0.806 59
-0.247 -19.186 0.847 49
-0.236 -19.145 0.804 58
-0.240 -19.095 0.840 55
-0.253 -19.222 0.873 56
-0.247 -19.177 0.851 46
-0.253 -19.224 0.868 55
-0.243 -19.125 0.844 54
-0.248 -19.200 0.851 47
-0.252 -19.237 0.859 45
-0.239 -19.109 0.831 56
-0.257 -19.270 0.879 55
-0.230 -19.125 0.779 67
-0.232 -19.111 0.792 61
-0.241 -19.170 0.824 56
-0.236 -19.110 0.813 59
-0.256 -19.243 0.880 53
-0.228 -19.110 0.769 60
-0.243 -19.139 0.842 53
-0.239 -19.151 0.814 58
-0.226 -19.075 0.768 61
-0.250 -19.223 0.856 47
-0.242 -19.115 0.845 52
-0.252 -19.209 0.869 57
-0.223 -19.061 0.760 59
-0.237 -19.143 0.808 60
-0.247 -19.183 0.852 46
-0.255 -19.247 0.875 58
-0.240 -19.118 0.829 59
-0.252 -19.204 0.869 58
-0.246 -19.207 0.836 50
-0.252 -19.240 0.858 45
-0.235 -19.103 0.808 58
-0.240 -19.090 0.842 54
-0.250 -19.226 0.853 43
-0.242 -19.160 0.830 57
-0.245 -19.200 0.835 50
-0.222 -19.069 0.750 59
-0.227 -19.067 0.776 63
-0.224 -19.060 0.762 55
-0.234 -19.093 0.806 56
-0.220 -19.061 0.740 56
-0.243 -19.122 0.845 53
-0.223 -19.065 0.757 57
-0.244 -19.148 0.846 50
-0.229 -19.118 0.773 65
-0.238 -19.143 0.816 57
-0.221 -19.056 0.748 63
-0.236 -19.127 0.808 59
-0.250 -19.189 0.865 60
-0.241 -19.163 0.825 56
-0.226 -19.069 0.769 62
-0.242 -19.108 0.846 52
-0.247 -19.195 0.848 50
-0.243 -19.191 0.824 53
-0.243 -19.133 0.846 52
-0.243 -19.113 0.849 52
-0.241 -19.105 0.841 53
-0.241 -19.134 0.835 54
-0.236 -19.098 0.814 58
-0.243 -19.173 0.832 55
-0.251 -19.208 0.864 54
-0.240 -19.095 0.839 55
-0.230 -19.123 0.780 62
-0.238 -19.129 0.818 58
-0.246 -19.150 0.852 46
-0.242 -19.113 0.842 53
-0.248 -19.199 0.852 46
-0.239 -19.136 0.823 59
-0.249 -19.167 0.864 56
-0.243 -19.185 0.829 56
-0.247 -19.159 0.858 54
-0.234 -19.126 0.796 64
-0.245 -19.152 0.848 49
-0.259 -19.279 0.887 56
-0.245 -19.148 0.849 49
-0.239 -19.145 0.817 57
-0.231 -19.085 0.795 63
-0.242 -19.101 0.847 53
-0.234 -19.090 0.810 56
-0.239 -19.160 0.815 58
-0.246 -19.182 0.844 49
-0.249 -19.194 0.859 52
-0.253 -19.206 0.874 57
-0.216 -19.050 0.725 48
-0.249 -19.173 0.863 54
-0.236 -19.140 0.806 60
-0.228 -19.111 0.772 61
-0.233 -19.126 0.792 64
-0.235 -19.086 0.817 57
-0.246 -19.147 0.853 46
-0.230 -19.092 0.785 59
-0.246 -19.207 0.839 50
-0.249 -19.177 0.860 50
-0.240 -19.164 0.818 59
-0.251 -19.236 0.858 47
-0.229 -19.104 0.776 59
-0.241 -19.142 0.830 59
-0.235 -19.097 0.809 57
-0.237 -19.100 0.823 59
-0.228 -19.064 0.786 58
-0.255 -19.232 0.880 57
-0.240 -19.177 0.816 57
-0.235 -19.102 0.811 57
-0.235 -19.148 0.795 60
-0.223 -19.074 0.757 55
-0.225 -19.059 0.769 58
-0.238 -19.102 0.825 60
-0.240 -19.142 0.823 59
-0.240 -19.127 0.830 56
-0.235 -19.085 0.816 57
-0.229 -19.093 0.779 59
-0.255 -19.235 0.879 56
-0.229 -19.085 0.783 58
-0.240 -19.159 0.821 59
-0.242 -19.140 0.834 54
-0.188 -19.296 0.879 28
-0.205 -19.200 0.885 23
-0.194 -19.041 0.886 28
-0.205 -18.972 0.890 18
-0.200 -18.991 0.889 19
-0.220 -19.295 0.887 28
-0.221 -19.060 0.892 23
-0.198 -19.144 0.884 27
-0.198 -19.055 0.887 27
-0.226 -19.268 0.889 30
-0.222 -19.109 0.891 30
-0.200 -19.201 0.884 26
-0.239 -19.124 0.895 29
-0.227 -19.139 0.892 28
-0.201 -18.994 0.889 18
-0.224 -19.271 0.888 28
-0.221 -19.280 0.887 29
-0.221 -19.313 0.887 27
-0.201 -18.894 0.891 26
-0.200 -19.155 0.885 27
-0.196 -19.309 0.880 30
-0.229 -19.125 0.893 30
-0.202 -19.175 0.885 26
-0.223 -19.032 0.893 21
-0.218 -19.028 0.892 20
-0.213 -19.100 0.889 29
-0.196 -19.269 0.881 27
-0.200 -18.999 0.889 18
-0.213 -19.122 0.889 29
-0.199 -19.182 0.884 26
-0.233 -19.144 0.893 28
-0.218 -19.106 0.891 30
-0.189 -19.230 0.880 27
-0.207 -19.120 0.887 29
-0.221 -19.198 0.889 27
-0.192 -19.191 0.882 27
-0.212 -19.307 0.884 29
-0.201 -19.234 0.883 24
-0.221 -19.116 0.891 31
-0.219 -19.192 0.889 26
-0.227 -19.282 0.889 29
-0.231 -19.166 0.892 27
-0.196 -19.156 0.884 28
-0.232 -19.230 0.891 26
-0.234 -19.098 0.895 28
-0.193 -19.222 0.881 27
-0.225 -19.248 0.889 28
-0.242 -19.253 0.893 28
-0.185 -19.322 0.877 29
-0.240 -19.246 0.893 28
-0.244 -19.228 0.894 28
-0.240 -19.174 0.894 27
-0.192 -19.158 0.883 28
-0.216 -18.959 0.893 17
-0.209 -18.970 0.891 18
-0.242 -19.259 0.893 28
-0.218 -19.248 0.887 28
-0.199 -18.966 0.889 19
-0.229 -19.266 0.889 29
-0.238 -19.161 0.894 28
-0.220 -19.326 0.886 33
-0.254 -19.295 0.895 30
-0.211 -19.179 0.887 25
-0.230 -19.239 0.890 27
-0.229 -19.089 0.894 26
-0.202 -19.210 0.884 25
-0.192 -19.274 0.880 29
-0.228 -19.141 0.892 28
-0.238 -19.141 0.895 29
-0.221 -19.026 0.893 20
-0.228 -19.284 0.889 29
-0.210 -18.957 0.892 18
-0.200 -19.180 0.884 26
-0.208 -19.120 0.888 29
-0.207 -19.055 0.889 24
-0.222 -19.242 0.888 27
-0.216 -19.268 0.886 28
-0.209 -18.921 0.892 18
-0.212 -19.056 0.890 24
-0.209 -19.238 0.885 24
-0.203 -19.094 0.887 29
-0.219 -19.217 0.888 27
-0.205 -18.995 0.890 18
-0.196 -19.332 0.880 35
-0.200 -19.154 0.885 27
-0.185 -19.260 0.879 28
-0.203 -19.097 0.887 29
-0.203 -19.180 0.885 27
-0.233 -19.212 0.892 27
-0.198 -19.198 0.883 25
-0.197 -19.006 0.888 20
-0.227 -19.149 0.892 28
-0.224 -19.081 0.893 25
-0.226 -19.077 0.893 24
-0.217 -19.001 0.893 18
-0.215 -18.955 0.893 17
-0.214 -19.149 0.888 25
-0.226 -19.301 0.888 29
-0.201 -19.285 0.882 26
-0.201 -18.947 0.890 20
-0.202 -19.246 0.883 25
-0.203 -19.317 0.882 30
-0.206 -19.108 0.888 29
-0.219 -19.277 0.887 29
-0.203 -19.039 0.888 25
-0.217 -19.133 0.890 28
-0.220 -19.202 0.889 28
-0.193 -19.109 0.884 29
-0.206 -19.182 0.886 25
-0.229 -19.107 0.893 29
-0.209 -19.211 0.886 25
-0.250 -19.271 0.895 26
-0.232 -19.091 0.894 27
-0.196 -19.337 0.880 31
-0.207 -18.942 0.891 18
-0.204 -19.196 0.885 23
-0.207 -19.029 0.889 22
-0.225 -19.193 0.890 27
-0.197 -19.052 0.886 29
-0.192 -19.212 0.881 26
-0.219 -19.063 0.892 24
-0.203 -19.088 0.887 28
-0.232 -19.144 0.893 28
-0.203 -19.130 0.886 28
-0.185 -19.336 0.877 37
-0.202 -18.866 0.892 54
-0.213 -19.204 0.887 25
-0.193 -19.328 0.879 31
-0.242 -19.169 0.895 28
-0.227 -19.138 0.892 28
-0.209 -19.160 0.887 25
-0.208 -19.118 0.888 29
-0.195 -19.174 0.883 27
-0.210 -19.112 0.888 29
-0.211 -19.327 0.884 26
-0.218 -19.268 0.887 28
-0.200 -19.283 0.882 26
-0.219 -19.131 0.890 28
-0.216 -19.295 0.886 28
-0.242 -19.288 0.892 31
-0.206 -18.929 0.891 18
-0.228 -19.156 0.892 28
-0.210 -19.323 0.883 27
-0.211 -19.159 0.888 25
-0.221 -19.099 0.891 29
-0.223 -19.200 0.890 27
-0.203 -19.026 0.889 23
-0.210 -19.034 0.890 22
-0.244 -19.198 0.895 28
-0.201 -19.344 0.881 51
-0.237 -19.204 0.893 27
-0.209 -19.153 0.887 25
-0.225 -19.273 0.888 28
-0.206 -18.929 0.891 18
-0.199 -19.100 0.886 30
-0.209 -19.322 0.883 27
-0.255 -19.252 0.896 28
-0.244 -19.177 0.895 28
-0.220 -19.234 0.888 26
-0.238 -19.312 0.891 26
-0.238 -19.293 0.891 27
-0.234 -19.234 0.892 27
-0.211 -19.000 0.891 18
-0.216 -19.184 0.888 26
-0.207 -19.214 0.885 25
-0.204 -19.266 0.883 25
-0.236 -19.302 0.890 29
-0.249 -19.250 0.895 30
-0.228 -19.114 0.893 30
-0.198 -19.320 0.881 32
-0.244 -19.224 0.894 28
-0.226 -19.190 0.891 27
-0.191 -19.252 0.880 27
-0.216 -19.303 0.885 27
-0.238 -19.193 0.894 27
-0.232 -19.293 0.890 27
-0.199 -19.252 0.882 27
-0.202 -18.899 0.891 25
-0.232 -19.170 0.893 27
-0.225 -19.265 0.889 28
-0.226 -19.121 0.892 31
-0.203 -18.880 0.892 21
-0.204 -19.146 0.886 25
-0.202 -18.894 0.891 25
-0.200 -18.917 0.890 17
-0.203 -18.994 0.889 18
-0.186 -19.232 0.880 28
-0.242 -19.228 0.894 28
-0.201 -19.011 0.889 21
-0.226 -19.156 0.891 27
-0.223 -19.314 0.887 27
-0.216 -19.103 0.890 30
-0.224 -19.317 0.887 32
-0.195 -19.056 0.886 30
-0.243 -19.173 0.895 28
-0.208 -18.937 0.892 18
-0.193 -19.125 0.884 29
-0.192 -19.181 0.882 27
-0.210 -19.066 0.889 25
-0.226 -19.124 0.892 30
-0.210 -19.178 0.887 25
-0.219 -19.250 0.887 27
-0.202 -18.938 0.890 19
-0.198 -19.148 0.884 27
-0.216 -18.997 0.893 18
-0.242 -19.242 0.894 28
-0.196 -18.989 0.888 19
-0.192 -19.307 0.879 28
-0.207 -19.269 0.884 25
-0.188 -19.185 0.881 27
-0.207 -18.948 0.891 19
-0.250 -19.244 0.895 28
-0.237 -19.117 0.895 30
-0.237 -19.095 0.884 58
-0.234 -19.048 0.854 59
-0.216 -18.944 0.891 60
-0.220 -18.974 0.890 61
-0.254 -19.219 0.881 56
-0.248 -19.180 0.886 56
-0.233 -19.074 0.891 59
-0.248 -19.180 0.888 56
-0.248 -19.166 0.871 56
-0.232 -19.045 0.870 58
-0.225 -19.009 0.886 57
-0.234 -19.062 0.867 56
-0.248 -19.160 0.863 58
-0.219 -18.957 0.879 59
-0.229 -19.026 0.870 58
-0.239 -19.083 0.854 58
-0.221 -18.968 0.871 60
-0.247 -19.169 0.878 57
-0.259 -19.272 0.891 57
-0.226 -19.017 0.883 58
-0.238 -19.083 0.863 59
-0.212 -18.915 0.890 58
-0.211 -18.906 0.886 55
-0.230 -19.037 0.878 54
-0.224 -19.004 0.885 59
-0.247 -19.160 0.873 57
-0.211 -18.912 0.893 60
-0.236 -19.061 0.852 62
-0.238 -19.113 0.894 56
-0.232 -19.050 0.872 52
-0.248 -19.192 0.895 57
-0.237 -19.075 0.857 60
-0.216 -18.942 0.886 61
-0.245 -19.162 0.892 59
-0.205 -18.869 0.892 59
-0.240 -19.081 0.845 53
-0.236 -19.065 0.854 59
-0.251 -19.195 0.873 57
-0.244 -19.160 0.893 59
-0.229 -19.041 0.884 56
-0.236 -19.097 0.889 56
-0.235 -19.050 0.850 56
-0.227 -19.019 0.878 55
-0.246 -19.171 0.889 55
-0.240 -19.116 0.882 55
-0.206 -18.872 0.889 61
-0.226 -19.014 0.880 57
-0.218 -18.947 0.874 58
-0.258 -19.264 0.891 56
-0.246 -19.153 0.867 58
-0.244 -19.138 0.871 58
-0.220 -18.974 0.884 59
-0.250 -19.191 0.881 58
-0.218 -18.952 0.877 58
-0.238 -19.078 0.854 59
-0.245 -19.158 0.889 57
-0.209 -18.886 0.886 59
-0.239 -19.098 0.871 60
-0.253 -19.218 0.884 56
-0.246 -19.174 0.891 55
-0.242 -19.097 0.847 53
-0.223 -18.999 0.893 59
-0.246 -19.154 0.874 56
-0.237 -19.106 0.893 57
-0.241 -19.107 0.859 61
-0.237 -19.106 0.891 57
-0.241 -19.138 0.892 58
-0.230 -19.034 0.869 58
-0.233 -19.064 0.884 56
-0.223 -18.982 0.871 61
-0.244 -19.132 0.866 58
-0.242 -19.112 0.861 60
-0.243 -19.149 0.892 58
-0.229 -19.030 0.880 55
-0.232 -19.035 0.855 57
-0.242 -19.112 0.858 61
-0.217 -18.943 0.880 59
-0.235 -19.056 0.858 59
-0.244 -19.127 0.863 58
-0.208 -18.887 0.890 61
-0.249 -19.176 0.876 60
-0.229 -19.030 0.879 55
-0.239 -19.108 0.877 57
-0.232 -19.035 0.858 58
-0.226 -19.019 0.889 57
-0.245 -19.166 0.895 59
-0.221 -18.960 0.869 58
-0.242 -19.121 0.873 58
-0.254 -19.235 0.892 57
-0.253 -19.216 0.885 56
-0.255 -19.228 0.882 56
-0.242 -19.146 0.893 58
-0.241 -19.109 0.862 60
-0.219 -18.952 0.876 58
-0.229 -19.016 0.863 60
-0.236 -19.069 0.865 60
-0.218 -18.950 0.880 57
-0.240 -19.122 0.887 55
-0.220 -18.963 0.878 58
-0.256 -19.240 0.885 55
-0.248 -19.184 0.886 55
-0.245 -19.138 0.863 58
-0.240 -19.132 0.894 54
-0.236 -19.095 0.887 58
-0.231 -19.035 0.862 58
-0.220 -18.974 0.887 59
-0.237 -19.068 0.851 55
-0.233 -19.068 0.885 56
-0.211 -18.905 0.890 55
-0.236 -19.088 0.880 56
-0.242 -19.113 0.859 61
-0.213 -18.920 0.889 58
-0.234 -19.079 0.887 57
-0.252 -19.218 0.893 56
-0.227 -19.023 0.883 56
-0.243 -19.148 0.892 58
-0.243 -19.112 0.855 55
-0.233 -19.057 0.877 55
-0.222 -18.993 0.891 60
-0.168 -18.876 0.705 17
-0.112 -18.858 0.753 186
-0.122 -18.862 0.717 121
-0.175 -18.878 0.699 119
-0.150 -18.871 0.713 34
-0.136 -18.866 0.707 26
-0.111 -18.859 0.708 183
-0.117 -18.860 0.732 202
-0.132 -18.865 0.737 29
-0.119 -18.861 0.714 199
-0.133 -18.865 0.702 28
-0.128 -18.864 0.704 35
-0.120 -18.861 0.747 191
-0.141 -19.344 0.731 203
-0.145 -19.206 0.735 126
-0.138 -19.387 0.686 198
-0.142 -19.279 0.728 118
-0.139 -19.392 0.690 192
-0.143 -19.246 0.712 130
-0.145 -19.207 0.736 129
-0.143 -19.261 0.735 124
-0.138 -19.377 0.700 209
-0.140 -19.360 0.734 223
-0.144 -19.230 0.725 119
-0.146 -19.185 0.740 119
-0.144 -19.224 0.718 124
-0.145 -19.207 0.731 121
-0.144 -19.225 0.720 124
-0.143 -19.280 0.736 111
-0.140 -19.388 0.735 235
-0.143 -19.260 0.717 121
-0.140 -19.395 0.734 248
-0.145 -19.215 0.739 107
-0.144 -19.223 0.738 127
-0.140 -19.383 0.731 234
-0.144 -19.210 0.724 121
-0.139 -19.395 0.696 178
-0.138 -19.367 0.677 208
-0.139 -19.356 0.699 202
-0.146 -19.178 0.732 137
-0.143 -19.259 0.736 124
-0.139 -19.383 0.727 229
-0.140 -19.359 0.716 225
-0.145 -19.209 0.730 121
-0.140 -19.380 0.741 154
-0.146 -19.172 0.738 120
-0.137 -19.378 0.668 174
-0.143 -19.232 0.712 127
-0.137 -19.378 0.664 167
-0.145 -19.189 0.731 126
-0.142 -19.269 0.710 131
-0.139 -19.394 0.693 170
-0.139 -19.387 0.715 228
-0.145 -19.186 0.730 130
-0.139 -19.389 0.726 242
-0.144 -19.244 0.733 122
-0.138 -19.373 0.678 213
-0.144 -19.260 0.740 102
-0.143 -19.266 0.732 116
-0.141 -19.351 0.740 211
-0.139 -19.392 0.718 237
-0.137 -19.379 0.665 167
-0.140 -19.368 0.738 224
-0.142 -19.266 0.716 121
-0.143 -19.269 0.738 102
-0.142 -19.265 0.704 134
-0.143 -19.253 0.719 124
-0.140 -19.396 0.724 224
-0.143 -19.225 0.713 127
-0.138 -19.361 0.686 203
-0.140 -19.353 0.716 223
-0.137 -19.383 0.673 183
-0.144 -19.222 0.729 119
-0.140 -19.366 0.719 218
-0.145 -19.195 0.741 73
-0.143 -19.246 0.707 132
-0.139 -19.374 0.716 223
-0.139 -19.357 0.707 210
-0.144 -19.221 0.729 122
-0.145 -19.217 0.737 129
-0.142 -19.260 0.707 132
-0.140 -19.360 0.718 225
-0.143 -19.260 0.719 121
-0.139 -19.381 0.719 230
-0.142 -19.259 0.702 136
-0.143 -19.246 0.713 130
-0.139 -19.378 0.712 222
-0.140 -19.365 0.729 224
-0.143 -19.239 0.710 129
-0.139 -19.360 0.691 206
-0.145 -19.192 0.727 124
-0.149 -19.373 0.716 27
-0.156 -19.369 0.737 40
-0.232 -19.318 0.845 48
-0.202 -19.344 0.870 40
-0.197 -19.340 0.775 57
-0.169 -19.358 0.724 48
-0.240 -19.313 0.861 51
-0.184 -19.352 0.806 37
-0.222 -19.328 0.876 49
-0.225 -19.326 0.873 53
-0.234 -19.320 0.887 54
-0.158 -19.369 0.753 42
-0.178 -19.357 0.798 37
-0.212 -19.332 0.833 51
-0.255 -19.303 0.886 54
-0.208 -19.335 0.817 48
-0.208 -19.340 0.874 23
-0.192 -19.347 0.822 38
-0.215 -19.334 0.878 34
-0.189 -19.350 0.825 36
-0.177 -19.361 0.839 84
-0.142 -19.376 0.686 45
-0.217 -19.332 0.869 38
-0.169 -19.358 0.725 42
-0.211 -19.332 0.819 61
-0.214 -19.330 0.820 34
-0.160 -19.366 0.738 43
-0.185 -19.348 0.765 50
-0.228 -19.320 0.837 41
-0.222 -19.324 0.823 40
-0.236 -19.318 0.885 53
-0.195 -19.344 0.806 49
-0.160 -19.367 0.746 41
-0.224 -19.324 0.843 29
-0.200 -19.346 0.880 35
-0.188 -19.351 0.817 36
-0.172 -19.362 0.798 43
-0.200 -19.338 0.784 61
-0.172 -19.364 0.827 140
-0.202 -19.338 0.793 50
-0.195 -19.346 0.832 39
-0.203 -19.337 0.798 57
-0.197 -19.343 0.809 50
-0.139 -19.377 0.670 68
-0.156 -19.370 0.751 50
-0.175 -19.362 0.827 42
-0.248 -19.308 0.874 56
-0.163 -19.363 0.723 42
-0.193 -19.351 0.875 36
-0.178 -19.362 0.863 170
-0.185 -19.350 0.776 44
-0.213 -19.331 0.816 54
-0.211 -19.332 0.814 58
-0.164 -19.364 0.751 42
-0.194 -19.348 0.847 35
-0.239 -19.316 0.888 53
-0.160 -19.369 0.769 52
-0.229 -19.323 0.873 52
-0.194 -19.345 0.807 49
-0.219 -19.328 0.843 48
-0.190 -19.346 0.785 44
-0.225 -19.325 0.871 57
-0.212 -19.334 0.858 21
-0.184 -19.355 0.827 25
-0.200 -19.346 0.872 37
-0.205 -19.339 0.835 39
-0.181 -19.354 0.790 39
-0.192 -19.343 0.771 53
-0.187 -19.354 0.853 32
-0.237 -19.317 0.889 53
-0.170 -19.357 0.724 48
-0.177 -19.355 0.772 40
-0.181 -19.358 0.847 45
-0.166 -19.364 0.778 44
-0.174 -19.360 0.806 39
-0.175 -19.358 0.776 32
-0.176 -19.361 0.825 34
-0.230 -19.319 0.846 44
-0.193 -19.344 0.785 48
-0.172 -19.358 0.756 41
-0.212 -19.334 0.849 47
-0.230 -19.321 0.861 48
-0.203 -19.342 0.863 39
-0.156 -19.370 0.748 73
-0.211 -19.336 0.866 15
-0.211 -19.334 0.835 56
-0.163 -19.367 0.776 47
-0.169 -19.365 0.808 173
-0.196 -19.348 0.863 36
-0.215 -19.334 0.880 39
-0.247 -19.310 0.891 52
-0.183 -19.351 0.781 39
-0.187 -19.353 0.835 34
-0.205 -19.338 0.832 45
-0.212 -19.335 0.868 21
-0.224 -19.327 0.878 51
-0.171 -19.362 0.797 43
-0.188 -19.352 0.828 38
-0.164 -19.362 0.730 37
-0.187 -19.347 0.770 46
-0.239 -19.315 0.880 55
-0.177 -19.355 0.771 42
-0.159 -19.364 0.713 39
-0.194 -19.348 0.845 37
-0.229 -19.323 0.882 56
-0.163 -19.365 0.762 47
-0.166 -19.361 0.742 44
-0.152 -18.867 0.742 31
-0.150 -18.858 0.788 15
-0.150 -18.858 0.789 14
-0.174 -18.873 0.729 89
-0.194 -18.852 0.849 24
-0.155 -18.856 0.800 19
-0.144 -18.866 0.745 25
-0.156 -18.859 0.787 17
-0.181 -18.860 0.799 29
-0.155 -18.854 0.810 16
-0.180 -18.866 0.768 63
-0.176 -18.875 0.723 136
-0.189 -18.851 0.853 19
-0.172 -18.868 0.755 55
-0.135 -18.860 0.769 16
-0.194 -18.847 0.877 20
-0.184 -18.852 0.841 22
-0.166 -18.852 0.829 19
-0.148 -18.855 0.800 16
-0.168 -18.861 0.786 28
-0.166 -18.858 0.802 19
-0.170 -18.869 0.748 43
-0.172 -18.851 0.840 17
-0.179 -18.866 0.769 50
-0.166 -18.853 0.823 16
-0.131 -18.859 0.770 30
-0.177 -18.856 0.817 20
-0.179 -18.870 0.748 154
-0.161 -18.870 0.736 40
-0.161 -18.870 0.735 40
-0.189 -18.862 0.795 58
-0.165 -18.863 0.774 30
-0.185 -18.851 0.850 18
-0.166 -18.865 0.767 32
-0.175 -18.871 0.740 66
-0.149 -18.860 0.779 14
-0.172 -18.874 0.723 31
-0.174 -18.872 0.733 10
-0.153 -18.866 0.751 29
-0.189 -18.861 0.802 49
-0.174 -18.868 0.755 55
-0.187 -18.855 0.828 28
-0.171 -18.857 0.808 20
-0.186 -18.868 0.761 83
-0.187 -18.854 0.836 24
-0.167 -18.873 0.726 57
-0.178 -18.877 0.713 138
-0.184 -18.876 0.723 86
-0.158 -18.861 0.778 21
-0.167 -18.863 0.777 30
-0.168 -18.863 0.777 32
-0.159 -18.873 0.722 49
-0.164 -18.864 0.767 32
-0.176 -18.863 0.779 43
-0.160 -18.859 0.793 19
-0.175 -18.871 0.739 66
-0.181 -18.866 0.772 63
-0.165 -18.870 0.738 49
-0.182 -18.868 0.761 82
-0.141 -18.858 0.784 23
-0.182 -18.860 0.803 27
-0.192 -18.847 0.874 20
-0.184 -18.860 0.803 30
-0.152 -18.871 0.727 32
-0.154 -18.867 0.746 28
-0.179 -18.859 0.802 24
-0.182 -18.866 0.770 70
-0.187 -18.860 0.803 38
-0.182 -19.383 0.859 98
-0.185 -19.395 0.832 139
-0.182 -19.380 0.860 104
-0.185 -19.395 0.831 139
-0.182 -19.382 0.874 127
-0.184 -19.395 0.871 123
0.125 -18.900 0.460 31
0.017 -18.925 0.470 21
0.070 -18.936 0.477 14
-0.024 -18.945 0.479 10
0.047 -18.943 0.480 15
-0.019 -18.950 0.481 9
0.054 -18.954 0.486 13
-0.005 -18.952 0.483 10
0.106 -18.914 0.466 24
0.069 -18.947 0.482 13
0.028 -18.948 0.482 13
-0.065 -18.954 0.482 9
-0.045 -18.961 0.487 9
0.116 -18.892 0.455 26
0.008 -18.953 0.484 11
0.060 -18.927 0.472 19
0.022 -18.927 0.471 19
-0.030 -18.947 0.480 10
-0.060 -18.960 0.485 9
0.141 -18.887 0.453 27
0.048 -18.932 0.474 17
0.029 -18.924 0.469 22
0.107 -18.909 0.464 21
-0.014 -18.940 0.476 13
-0.056 -18.961 0.486 9
0.065 -18.920 0.468 23
0.030 -18.945 0.480 15
0.097 -18.917 0.468 23
0.007 -18.942 0.478 12
0.071 -18.938 0.478 16
-0.074 -18.960 0.485 8
0.120 -18.894 0.456 24
0.074 -18.939 0.479 17
0.020 -18.941 0.478 14
-0.035 -18.958 0.485 10
0.031 -18.928 0.472 19
0.035 -18.931 0.473 17
0.054 -18.931 0.474 18
0.005 -18.954 0.484 11
-0.032 -18.961 0.487 8
0.021 -18.933 0.474 17
0.040 -18.954 0.485 12
0.059 -18.914 0.465 29
-0.024 -18.944 0.478 10
0.057 -18.933 0.475 17
0.016 -18.931 0.472 19
-0.003 -18.937 0.475 14
0.071 -18.933 0.475 15
-0.039 -18.946 0.479 11
0.065 -18.910 0.463 33
0.064 -18.936 0.477 16
0.031 -18.954 0.485 11
0.069 -18.921 0.469 22
-0.014 -18.947 0.480 10
0.121 -18.899 0.459 37
-0.003 -18.960 0.487 9
0.020 -18.947 0.481 11
0.079 -18.931 0.475 18
0.069 -18.946 0.482 13
0.053 -18.960 0.489 11
0.104 -18.909 0.463 23
0.073 -18.908 0.462 33
0.143 -18.884 0.452 25
0.019 -18.947 0.481 11
0.059 -18.946 0.481 13
0.049 -18.953 0.485 13
0.135 -18.885 0.452 23
0.036 -18.938 0.477 15
0.041 -18.946 0.481 13
-0.030 -18.963 0.488 8
0.080 -18.919 0.468 21
-0.083 -18.962 0.486 6
-0.011 -18.941 0.477 13
0.021 -18.943 0.479 13
0.047 -18.930 0.473 18
0.132 -18.889 0.454 24
0.128 -18.893 0.456 34
0.048 -18.937 0.477 17
-0.071 -18.951 0.481 9
0.045 -18.880 0.455 56
0.005 -18.923 0.469 24
-0.004 -18.902 0.464 34
0.054 -18.861 0.449 21
0.046 -18.908 0.463 31
0.065 -18.872 0.452 18
0.082 -18.877 0.452 25
0.082 -18.887 0.455 21
0.068 -18.882 0.454 25
0.031 -18.911 0.464 30
0.096 -18.882 0.453 45
0.135 -18.881 0.451 25
0.107 -18.892 0.455 48
0.007 -18.924 0.469 22
-0.005 -18.893 0.461 32
0.030 -18.889 0.458 31
0.016 -18.876 0.455 67
-0.027 -18.912 0.468 35
-0.014 -18.904 0.465 35
0.089 -18.894 0.457 27
0.062 -18.906 0.461 32
0.018 -18.901 0.462 34
-0.024 -18.910 0.467 36
0.119 -18.884 0.452 22
0.050 -18.882 0.455 19
0.030 -18.908 0.464 32
0.021 -18.877 0.455 25
0.022 -18.872 0.454 16
0.025 -18.906 0.463 33
0.073 -18.879 0.453 24
-0.023 -18.905 0.465 34
-0.062 -18.942 0.478 9
0.023 -18.900 0.462 33
0.020 -18.920 0.467 26
0.012 -18.898 0.462 35
-0.025 -18.922 0.470 23
-0.009 -18.894 0.462 32
0.034 -18.892 0.459 32
0.041 -18.870 0.452 27
0.044 -18.901 0.461 33
-0.047 -18.940 0.476 13
0.133 -18.878 0.450 30
0.078 -18.886 0.455 23
-0.047 -18.940 0.477 13
-0.064 -18.937 0.477 11
-0.018 -18.931 0.472 18
-0.035 -18.914 0.469 31
-0.012 -18.899 0.463 37
-0.023 -18.927 0.472 21
-0.007 -18.925 0.470 23
0.112 -18.876 0.450 61
0.053 -18.883 0.455 25
0.056 -18.894 0.458 30
-0.008 -18.931 0.472 19
-0.038 -18.939 0.476 14
0.041 -18.872 0.453 52
0.015 -18.888 0.459 30
0.131 -18.878 0.450 21
0.092 -18.876 0.451 55
0.018 -18.920 0.467 25
-0.084 -18.951 0.482 8
0.064 -18.883 0.455 27
0.050 -18.891 0.458 29
-0.023 -18.922 0.470 23
0.085 -18.867 0.449 54
-0.001 -18.889 0.460 29
0.065 -18.903 0.460 34
0.124 -18.886 0.453 22
0.074 -18.898 0.459 30
-0.045 -18.933 0.475 16
-0.073 -18.944 0.479 10
0.002 -18.911 0.466 29
-0.037 -18.940 0.476 14
0.019 -18.903 0.463 33
0.009 -18.916 0.467 25
0.006 -18.886 0.459 28
0.037 -18.895 0.460 31
0.047 -18.903 0.461 33
0.028 -18.890 0.458 31
-0.032 -18.901 0.474 32
-0.085 -18.913 0.506 9
-0.068 -18.924 0.486 12
-0.089 -18.934 0.496 8
-0.036 -18.894 0.482 31
-0.097 -18.950 0.492 5
-0.061 -18.923 0.481 15
-0.062 -18.932 0.476 12
-0.022 -18.901 0.467 37
0.023 -18.869 0.454 13
-0.032 -18.894 0.479 32
-0.037 -18.898 0.480 31
-0.037 -18.913 0.471 28
-0.064 -18.934 0.476 11
-0.048 -18.900 0.487 27
-0.059 -18.913 0.486 20
-0.042 -18.890 0.489 33
0.017 -18.866 0.460 46
-0.093 -18.916 0.510 7
-0.000 -18.885 0.460 35
0.011 -18.871 0.461 58
-0.086 -18.948 0.484 7
-0.041 -18.903 0.479 29
0.018 -18.869 0.457 36
-0.080 -18.906 0.507 10
-0.013 -18.887 0.468 32
-0.082 -18.921 0.498 10
-0.092 -18.935 0.497 7
-0.047 -18.912 0.478 27
-0.084 -18.929 0.495 11
-0.041 -18.909 0.475 30
-0.051 -18.923 0.474 21
-0.087 -18.933 0.495 9
-0.099 -18.926 0.507 8
-0.080 -18.931 0.491 9
-0.001 -18.882 0.463 35
-0.044 -18.890 0.490 32
-0.078 -18.934 0.487 9
-0.005 -18.877 0.469 27
-0.050 -18.920 0.475 21
-0.003 -18.882 0.465 28
-0.010 -18.891 0.463 31
-0.068 -18.935 0.479 10
-0.106 -18.939 0.505 10
-0.074 -18.932 0.486 9
-0.110 -18.928 0.515 7
-0.054 -18.912 0.483 23
-0.091 -18.945 0.490 7
-0.011 -18.888 0.466 29
-0.080 -18.917 0.499 10
-0.079 -18.916 0.500 10
-0.091 -18.937 0.495 7
-0.098 -18.930 0.505 8
-0.065 -18.925 0.483 13
-0.002 -18.885 0.462 28
0.009 -19.090 0.046 24
0.006 -19.087 0.053 24
-0.036 -19.096 0.049 164
-0.062 -19.103 0.048 127
-0.020 -19.095 0.047 22
-0.017 -19.089 0.055 19
-0.023 -19.090 0.054 37
-0.059 -19.101 0.049 124
-0.125 -18.919 0.529 9
-0.122 -18.919 0.530 10
-0.123 -18.919 0.529 10
-0.117 -18.920 0.527 12
0.020 -19.070 0.057 93
0.040 -19.070 0.046 48
0.034 -19.058 0.056 75
0.079 -19.035 0.046 42
0.151 -18.970 0.045 53
0.017 -19.086 0.049 49
0.003 -19.077 0.062 29
0.006 -19.083 0.057 23
0.077 -19.038 0.045 41
0.032 -19.080 0.045 49
0.059 -19.044 0.051 46
0.051 -19.047 0.053 91
0.033 -19.070 0.050 64
0.039 -19.065 0.050 59
0.063 -19.045 0.048 48
0.029 -19.081 0.046 47
0.034 -19.075 0.046 55
0.029 -19.079 0.047 53
0.144 -18.975 0.045 40
0.035 -19.056 0.055 130
0.051 -19.045 0.052 120
0.121 -18.994 0.045 36
0.091 -19.014 0.050 28
0.112 -18.998 0.049 37
0.076 -19.027 0.049 68
0.050 -19.046 0.051 120
0.006 -19.075 0.061 38
0.099 -19.010 0.046 65
0.009 -19.072 0.061 67
0.052 -19.053 0.046 92
0.062 -19.044 0.045 77
0.017 -19.085 0.049 60
0.035 -19.075 0.045 51
0.027 -19.066 0.054 91
0.020 -19.072 0.055 99
0.001 -19.080 0.061 20
0.029 -19.073 0.049 76
0.026 -19.074 0.050 66
0.052 -19.052 0.046 92
-0.005 -19.105 0.183 58
-0.007 -19.110 0.115 59
-0.008 -19.116 0.093 111
-0.010 -19.124 0.057 31
-0.004 -19.096 0.168 61
-0.009 -19.124 0.077 59
-0.011 -19.134 0.104 81
-0.007 -19.113 0.106 52
-0.006 -19.106 0.154 52
-0.006 -19.110 0.162 48
-0.005 -19.094 0.062 72
-0.010 -19.129 0.099 85
-0.006 -19.102 0.091 127
-0.010 -19.128 0.116 53
-0.005 -19.093 0.111 53
-0.011 -19.131 0.064 34
-0.010 -19.126 0.055 30
-0.011 -19.137 0.089 44
-0.004 -19.101 0.205 54
-0.009 -19.126 0.118 40
-0.013 -19.148 0.046 107
-0.009 -19.121 0.112 35
-0.004 -19.101 0.211 58
-0.014 -19.154 0.045 119
-0.012 -19.139 0.065 40
-0.012 -19.141 0.053 37
-0.009 -19.120 0.087 124
-0.005 -19.091 0.073 151
-0.004 -19.092 0.132 61
-0.009 -19.122 0.075 54
-0.005 -19.105 0.208 59
-0.005 -19.103 0.185 52
-0.008 -19.120 0.102 103
-0.008 -19.112 0.083 128
-0.006 -19.108 0.131 54
-0.006 -19.100 0.092 127
-0.009 -19.123 0.125 46
-0.006 -19.108 0.147 58
-0.008 -19.117 0.130 48
-0.009 -19.120 0.067 41
-0.005 -19.093 0.069 67
-0.010 -19.128 0.112 87
-0.006 -19.107 0.184 52
-0.006 -19.110 0.164 54
-0.007 -19.110 0.134 48
-0.004 -19.092 0.104 48
-0.005 -19.090 0.064 71
-0.008 -19.119 0.132 47
-0.007 -19.107 0.058 39
-0.009 -19.126 0.133 49
-0.007 -19.104 0.078 147
-0.004 -19.096 0.170 61
-0.006 -19.096 0.065 66
-0.006 -19.104 0.110 56
-0.006 -19.100 0.079 144
-0.005 -19.094 0.068 67
-0.004 -19.093 0.155 74
-0.007 -19.108 0.094 113
-0.006 -19.113 0.179 46
-0.009 -19.118 0.059 43
-0.007 -19.108 0.125 48
-0.011 -19.135 0.065 32
-0.005 -19.103 0.160 56
-0.015 -19.117 0.051 78
-0.053 -19.106 0.050 126
-0.014 -19.144 0.044 127
-0.021 -19.136 0.045 116
-0.072 -19.106 0.047 141
-0.031 -19.101 0.054 95
-0.060 -19.110 0.048 133
-0.057 -19.107 0.049 151
-0.021 -19.140 0.044 122
-0.037 -19.113 0.050 57
-0.023 -19.108 0.053 78
-0.053 -19.108 0.049 126
-0.070 -19.114 0.045 130
-0.032 -19.100 0.054 95
-0.049 -19.124 0.045 49
-0.028 -19.114 0.050 145
-0.038 -19.113 0.050 57
-0.013 -19.144 0.044 127
-0.015 -19.099 0.056 6
-0.018 -19.132 0.047 118
-0.027 -19.114 0.051 145
-0.053 -19.104 0.050 129
-0.079 -19.108 0.046 170
-0.066 -19.104 0.049 133
-0.072 -19.107 0.047 146
-0.040 -19.123 0.046 71
-0.020 -19.130 0.047 149
-0.047 -19.118 0.047 101
0.005 -19.164 0.045 65
0.018 -19.155 0.079 85
-0.007 -19.154 0.054 67
0.047 -19.170 0.079 100
0.078 -19.192 0.069 89
0.033 -19.143 0.121 45
-0.002 -19.144 0.080 47
-0.012 -19.153 0.048 107
0.031 -19.175 0.052 37
0.068 -19.185 0.072 86
0.023 -19.148 0.098 37
0.041 -19.158 0.100 38
0.043 -19.170 0.077 85
0.006 -19.131 0.116 44
-0.000 -19.158 0.052 54
0.018 -19.163 0.063 155
0.010 -19.147 0.087 147
0.011 -19.130 0.124 34
0.008 -19.153 0.072 75
0.057 -19.182 0.066 87
-0.005 -19.158 0.047 93
-0.005 -19.154 0.054 73
0.058 -19.172 0.088 80
0.034 -19.172 0.061 38
0.041 -19.159 0.095 45
0.002 -19.148 0.076 51
0.025 -19.133 0.132 39
0.013 -19.133 0.118 33
0.039 -19.174 0.063 106
0.054 -19.170 0.088 74
0.018 -19.169 0.050 159
0.011 -19.158 0.065 120
0.056 -19.168 0.095 52
0.010 -19.165 0.049 64
0.032 -19.143 0.120 45
0.068 -19.182 0.078 83
0.032 -19.162 0.080 95
0.018 -19.153 0.083 91
0.022 -19.129 0.137 36
0.060 -19.170 0.093 58
0.052 -19.172 0.082 78
0.048 -19.171 0.079 89
0.048 -19.174 0.074 74
0.071 -19.186 0.074 86
0.030 -19.173 0.055 31
0.062 -19.180 0.075 76
0.049 -19.168 0.087 76
0.054 -19.182 0.062 81
0.028 -19.153 0.093 65
0.044 -19.158 0.101 42
-0.005 -19.148 0.067 54
0.024 -19.145 0.107 51
-0.004 -19.151 0.062 57
0.031 -19.156 0.092 39
0.010 -19.164 0.051 64
0.017 -19.151 0.086 94
0.055 -19.168 0.092 67
0.007 -19.162 0.051 61
0.062 -19.183 0.068 78
-0.000 -19.139 0.092 95
0.061 -19.187 0.060 85
0.005 -19.113 0.176 43
0.002 -19.115 0.170 47
-0.001 -19.122 0.148 48
0.001 -19.127 0.129 45
-0.004 -19.112 0.185 41
0.001 -19.115 0.170 45
-0.005 -19.118 0.165 43
-0.010 -19.140 0.093 91
0.002 -19.125 0.135 47
0.007 -19.126 0.132 39
-0.010 -19.146 0.071 34
0.003 -19.129 0.123 41
-0.001 -19.127 0.133 51
-0.008 -19.136 0.104 71
0.010 -19.117 0.159 47
0.001 -19.107 0.199 52
0.003 -19.125 0.134 45
-0.001 -19.128 0.129 45
-0.000 -19.117 0.164 42
0.007 -19.122 0.142 50
0.005 -19.114 0.173 44
0.212 -18.897 0.440 30
0.204 -18.937 0.419 22
0.227 -18.908 0.434 26
0.212 -18.909 0.434 25
0.169 -18.889 0.444 27
0.202 -18.940 0.418 21
0.253 -18.917 0.429 24
0.249 -18.904 0.436 29
0.188 -18.906 0.435 33
0.236 -18.915 0.430 26
0.206 -18.917 0.430 27
0.243 -18.913 0.431 26
0.193 -18.920 0.428 27
0.221 -18.908 0.434 28
0.235 -18.918 0.429 26
0.239 -18.907 0.434 31
0.195 -18.898 0.439 30
0.205 -18.925 0.425 23
0.188 -18.929 0.424 27
0.176 -18.886 0.446 37
0.230 -18.926 0.424 24
0.163 -18.892 0.443 28
0.171 -18.898 0.439 26
0.168 -18.886 0.446 35
0.169 -18.884 0.447 52
0.240 -18.908 0.434 29
0.228 -18.912 0.432 26
0.169 -18.885 0.446 52
0.164 -18.894 0.442 28
0.232 -18.929 0.423 23
0.213 -18.941 0.417 21
0.196 -18.936 0.420 23
0.204 -18.936 0.420 22
0.215 -18.933 0.421 21
0.184 -18.928 0.424 26
0.258 -18.910 0.432 24
0.194 -18.937 0.419 24
0.226 -18.923 0.426 25
0.229 -18.917 0.429 27
0.207 -18.903 0.437 27
0.188 -18.921 0.427 27
0.170 -18.895 0.441 24
0.078 -19.181 0.061 88
0.065 -19.167 0.077 86
0.044 -19.148 0.105 49
0.057 -19.165 0.093 43
0.053 -19.164 0.101 33
0.068 -19.162 0.060 76
0.039 -19.139 0.106 38
0.055 -19.163 0.097 32
0.064 -19.164 0.074 72
0.070 -19.162 0.055 76
0.056 -19.155 0.084 44
0.036 -19.143 0.117 53
0.047 -19.157 0.108 49
0.056 -19.162 0.090 35
0.056 -19.157 0.085 37
0.047 -19.147 0.096 40
0.042 -19.148 0.109 61
0.061 -19.164 0.081 73
0.067 -19.166 0.068 88
0.062 -19.166 0.083 73
0.081 -19.182 0.054 79
0.072 -19.173 0.065 80
0.019 -19.126 0.140 36
0.060 -19.171 0.093 59
0.074 -19.169 0.053 78
0.070 -19.167 0.062 84
0.064 -19.162 0.072 80
0.052 -19.160 0.099 39
0.044 -19.141 0.096 37
0.037 -19.123 0.095 39
0.062 -19.148 0.061 91
0.048 -19.121 0.068 78
0.037 -19.123 0.095 30
0.045 -19.123 0.077 69
0.051 -19.110 0.052 83
0.037 -19.130 0.100 40
0.058 -19.124 0.047 44
0.060 -19.133 0.050 68
0.028 -19.130 0.122 43
0.054 -19.147 0.077 38
0.045 -19.142 0.093 36
0.060 -19.140 0.058 68
0.018 -19.120 0.137 46
0.045 -19.116 0.071 73
0.064 -19.147 0.055 77
0.056 -19.149 0.075 38
0.041 -19.123 0.087 49
0.050 -19.125 0.066 59
0.042 -19.140 0.099 41
0.049 -19.118 0.061 84
0.015 -19.121 0.144 47
0.047 -19.135 0.083 35
0.069 -19.157 0.053 81
0.055 -19.134 0.063 34
0.042 -19.122 0.082 59
0.054 -19.136 0.068 31
0.048 -19.144 0.088 35
0.031 -19.130 0.114 41
0.040 -19.115 0.081 32
0.039 -19.135 0.101 35
0.018 -19.120 0.136 47
0.060 -19.142 0.059 70
0.070 -19.154 0.046 73
0.020 -19.124 0.135 38
0.016 -19.107 0.106 44
0.007 -19.091 0.074 125
0.032 -19.097 0.049 94
0.002 -19.092 0.087 124
0.017 -19.089 0.050 148
0.044 -19.110 0.064 56
0.018 -19.105 0.094 45
0.013 -19.113 0.126 46
0.013 -19.117 0.138 54
0.051 -19.107 0.045 86
0.019 -19.102 0.083 50
0.008 -19.104 0.111 43
0.023 -19.109 0.096 45
0.018 -19.107 0.100 47
0.018 -19.112 0.116 43
0.013 -19.116 0.136 49
0.015 -19.102 0.092 46
0.020 -19.116 0.125 51
0.020 -19.108 0.099 45
0.013 -19.118 0.141 56
0.030 -19.110 0.089 47
0.014 -19.106 0.105 48
0.036 -19.110 0.080 43
0.002 -19.086 0.067 151
0.035 -19.104 0.064 49
0.026 -19.096 0.057 97
0.014 -19.093 0.068 115
0.026 -19.113 0.105 35
0.024 -19.109 0.098 43
0.023 -19.108 0.096 45
0.002 -19.087 0.069 141
0.074 -19.181 0.051 74
0.066 -19.185 0.056 82
0.051 -19.172 0.046 88
0.044 -19.175 0.049 106
0.058 -19.184 0.055 104
0.031 -19.175 0.050 32
0.015 -19.165 0.045 61
0.048 -19.170 0.045 93
0.068 -19.171 0.044 73
0.065 -19.183 0.054 79
0.070 -19.174 0.046 84
0.036 -19.176 0.051 34
