19.439 1.444 0.157 116
19.437 1.412 0.156 165
19.437 1.420 0.157 148
19.436 1.408 0.150 195
19.438 1.437 0.157 114
19.436 1.412 0.153 178
19.436 1.413 0.149 200
19.436 1.406 0.148 205
19.437 1.428 0.153 159
19.440 1.458 0.159 95
19.437 1.421 0.154 170
19.437 1.417 0.153 173
19.437 1.422 0.150 180
19.441 1.470 0.164 178
19.432 1.714 0.159 116
19.435 1.734 0.102 95
19.439 1.737 0.109 139
19.441 1.742 0.110 179
19.436 1.731 0.116 81
19.434 1.722 0.143 131
19.433 1.731 0.096 115
19.444 1.746 0.114 184
19.434 1.738 0.075 164
19.438 1.730 0.136 131
19.439 1.738 0.109 139
19.431 1.723 0.118 173
19.434 1.724 0.137 71
19.432 1.726 0.111 78
19.435 1.724 0.144 154
19.439 1.738 0.113 141
19.441 1.737 0.128 181
19.431 1.717 0.138 43
19.436 1.738 0.089 130
19.433 1.722 0.135 56
19.432 1.730 0.094 107
19.439 1.749 0.085 219
19.431 1.419 0.146 196
19.433 1.443 0.151 200
19.434 1.395 0.143 207
19.428 1.395 0.141 195
19.423 1.391 0.139 194
19.418 1.399 0.138 189
19.436 1.448 0.153 176
19.419 1.389 0.137 199
19.431 1.391 0.142 203
19.433 1.440 0.151 200
19.408 1.449 0.153 196
19.420 1.455 0.155 198
19.414 1.405 0.139 198
19.385 1.455 0.155 192
19.404 1.412 0.141 200
19.346 1.442 0.152 191
19.427 1.446 0.152 194
19.368 1.442 0.152 187
19.396 1.444 0.152 200
19.327 1.445 0.153 187
19.421 1.446 0.152 197
19.411 1.397 0.137 206
19.371 1.437 0.150 190
19.367 1.445 0.152 187
19.344 1.447 0.154 190
19.355 1.447 0.153 188
19.338 1.439 0.151 188
19.397 1.421 0.145 201
19.345 1.430 0.148 192
19.368 1.437 0.150 191
19.403 1.394 0.136 204
19.337 1.428 0.147 187
19.436 1.456 0.155 151
19.413 1.419 0.144 194
19.343 1.432 0.149 192
19.393 1.423 0.145 200
19.319 1.440 0.152 186
19.405 1.399 0.137 203
19.385 1.443 0.152 194
19.385 1.405 0.139 201
19.376 1.420 0.144 196
19.377 1.450 0.154 187
19.389 1.433 0.148 198
19.375 1.425 0.146 192
19.332 1.432 0.149 186
19.303 1.445 0.153 187
19.398 1.403 0.139 202
19.327 1.441 0.152 186
19.366 1.432 0.148 192
19.415 1.413 0.142 194
19.355 1.430 0.148 191
19.375 1.435 0.149 190
19.399 1.426 0.146 202
19.397 1.419 0.144 200
19.417 1.405 0.139 197
19.373 1.438 0.150 190
19.359 1.435 0.150 189
19.388 1.399 0.138 201
19.410 1.395 0.136 208
19.435 1.452 0.154 170
19.419 1.417 0.143 195
19.333 1.440 0.151 187
19.386 1.440 0.151 194
19.322 1.427 0.143 193
19.344 1.414 0.138 188
19.379 1.403 0.138 195
19.380 1.404 0.139 195
19.367 1.408 0.140 197
19.314 1.433 0.146 189
19.331 1.415 0.134 189
19.375 1.399 0.133 194
19.362 1.406 0.136 193
19.344 1.419 0.142 189
19.341 1.415 0.137 187
19.330 1.413 0.132 189
19.341 1.412 0.135 186
19.382 1.396 0.133 197
19.250 1.512 0.146 206
19.290 1.446 0.149 189
19.276 1.489 0.152 199
19.233 1.513 0.140 214
19.236 1.579 0.153 215
19.259 1.518 0.151 198
19.244 1.536 0.149 211
19.244 1.596 0.159 207
19.265 1.549 0.159 196
19.268 1.467 0.145 196
19.261 1.550 0.157 199
19.230 1.544 0.145 232
19.258 1.579 0.161 205
19.253 1.582 0.160 209
19.237 1.464 0.133 211
19.270 1.485 0.149 198
19.256 1.458 0.139 194
19.231 1.534 0.143 222
19.267 1.451 0.142 193
19.246 1.512 0.145 210
19.250 1.577 0.158 209
19.282 1.456 0.148 193
19.245 1.534 0.148 210
19.249 1.516 0.147 206
19.242 1.494 0.140 205
19.277 1.519 0.158 194
19.265 1.466 0.144 197
19.243 1.587 0.157 211
19.240 1.473 0.135 213
19.238 1.586 0.155 213
19.270 1.534 0.157 195
19.232 1.662 0.167 205
19.234 1.589 0.154 212
19.265 1.540 0.157 196
19.231 1.457 0.129 213
19.265 1.555 0.160 196
19.238 1.587 0.155 213
19.231 1.556 0.147 225
19.250 1.535 0.150 209
19.237 1.608 0.159 208
19.242 1.610 0.161 208
19.255 1.563 0.158 205
19.231 1.541 0.144 232
19.237 1.545 0.147 219
19.235 1.599 0.157 206
19.260 1.573 0.161 206
19.238 1.572 0.153 211
19.233 1.539 0.145 224
19.245 1.577 0.156 207
19.248 1.605 0.162 205
19.262 1.457 0.141 197
19.243 1.562 0.153 209
19.268 1.540 0.158 195
19.242 1.500 0.141 209
19.260 1.562 0.159 203
19.234 1.576 0.152 213
19.300 1.451 0.154 189
19.259 1.544 0.156 205
19.245 1.571 0.155 208
19.259 1.505 0.148 200
19.234 1.604 0.157 209
19.236 1.561 0.150 217
19.240 1.549 0.149 211
19.232 1.632 0.161 208
19.238 1.504 0.140 207
19.257 1.465 0.141 198
19.282 1.452 0.148 188
19.271 1.523 0.156 192
19.258 1.495 0.146 204
19.238 1.516 0.143 213
19.236 1.575 0.153 213
19.250 1.493 0.143 203
19.229 1.625 0.159 210
19.233 1.560 0.149 220
19.242 1.637 0.166 204
19.260 1.537 0.154 201
19.279 1.502 0.155 189
19.240 1.515 0.143 213
19.229 1.665 0.166 205
19.243 1.534 0.148 210
19.239 1.479 0.136 210
19.236 1.493 0.138 205
19.232 1.630 0.161 208
19.252 1.489 0.143 200
19.233 1.585 0.153 215
19.243 1.461 0.134 204
19.272 1.512 0.154 197
19.247 1.581 0.158 209
19.242 1.585 0.156 212
19.404 1.591 0.162 208
19.377 1.520 0.158 197
19.416 1.554 0.161 201
19.416 1.606 0.163 208
19.422 1.672 0.166 204
19.425 1.656 0.165 221
19.320 1.471 0.155 187
19.381 1.563 0.160 199
19.365 1.502 0.157 198
19.434 1.544 0.161 158
19.402 1.560 0.161 206
19.387 1.552 0.160 203
19.397 1.558 0.161 207
19.333 1.484 0.156 191
19.421 1.577 0.162 203
19.421 1.634 0.164 203
19.355 1.516 0.158 195
19.406 1.577 0.162 204
19.394 1.512 0.159 196
19.391 1.567 0.161 205
19.381 1.476 0.157 190
19.434 1.506 0.159 180
19.406 1.648 0.165 208
19.338 1.478 0.156 190
19.410 1.507 0.159 201
19.401 1.556 0.161 208
19.399 1.640 0.164 208
19.422 1.651 0.165 217
19.429 1.517 0.160 208
19.403 1.470 0.157 195
19.326 1.462 0.155 185
19.420 1.577 0.162 203
19.371 1.578 0.161 203
19.382 1.604 0.162 206
19.409 1.555 0.161 204
19.401 1.483 0.157 196
19.388 1.463 0.156 192
19.405 1.484 0.158 199
19.412 1.657 0.165 204
19.364 1.476 0.156 188
19.347 1.456 0.155 185
19.368 1.555 0.160 199
19.399 1.597 0.162 209
19.379 1.468 0.156 187
19.377 1.581 0.161 204
19.376 1.478 0.157 192
19.377 1.561 0.160 199
19.401 1.580 0.162 204
19.335 1.460 0.155 186
19.349 1.481 0.156 192
19.387 1.527 0.159 198
19.422 1.486 0.158 200
19.358 1.481 0.156 192
19.400 1.625 0.164 205
19.374 1.542 0.159 197
19.332 1.460 0.155 185
19.405 1.633 0.164 204
19.403 1.550 0.160 205
19.424 1.524 0.160 202
19.411 1.526 0.160 200
19.354 1.487 0.156 195
19.370 1.473 0.156 185
19.427 1.543 0.161 202
19.383 1.573 0.161 203
19.393 1.488 0.157 197
19.423 1.537 0.160 199
19.375 1.505 0.158 196
19.430 1.475 0.158 201
19.391 1.546 0.160 204
19.418 1.500 0.159 202
19.412 1.561 0.161 204
19.395 1.495 0.158 197
19.366 1.487 0.157 196
19.388 1.525 0.159 198
19.383 1.614 0.163 207
19.394 1.557 0.160 207
19.424 1.557 0.161 202
19.404 1.542 0.160 203
19.391 1.485 0.157 197
19.424 1.496 0.159 201
19.365 1.538 0.159 200
19.423 1.658 0.166 220
19.384 1.584 0.161 205
19.417 1.590 0.162 209
19.419 1.679 0.166 203
19.409 1.477 0.157 198
19.329 1.464 0.155 186
19.346 1.498 0.157 195
19.413 1.635 0.164 202
19.428 1.640 0.165 211
19.370 1.533 0.159 199
19.359 1.515 0.158 195
19.378 1.560 0.160 198
19.424 1.609 0.163 217
19.322 1.485 0.156 191
19.364 1.502 0.157 198
19.344 1.487 0.156 194
19.399 1.610 0.163 209
19.425 1.512 0.159 198
19.345 1.497 0.157 196
19.415 1.518 0.159 201
19.409 1.596 0.163 206
19.356 1.525 0.158 200
19.426 1.555 0.161 207
19.369 1.537 0.159 196
19.417 1.601 0.163 212
19.415 1.598 0.163 207
19.343 1.498 0.157 191
19.382 1.603 0.162 206
19.339 1.501 0.157 190
19.398 1.630 0.164 207
19.428 1.626 0.164 202
19.403 1.641 0.164 207
19.344 1.529 0.158 202
19.396 1.507 0.158 198
19.422 1.561 0.161 200
19.416 1.495 0.158 198
19.397 1.561 0.161 207
19.366 1.551 0.160 198
19.326 1.480 0.155 189
19.399 1.482 0.157 195
19.393 1.485 0.157 196
19.355 1.472 0.156 187
19.400 1.489 0.158 197
19.424 1.675 0.166 214
19.432 1.518 0.160 167
19.408 1.495 0.158 199
19.415 1.496 0.158 198
19.398 1.485 0.157 195
19.416 1.538 0.160 204
19.422 1.536 0.160 200
19.375 1.584 0.161 204
19.399 1.521 0.159 203
19.424 1.491 0.158 202
19.338 1.451 0.154 187
19.386 1.562 0.160 201
19.377 1.558 0.160 198
19.324 1.477 0.155 189
19.406 1.565 0.161 204
19.356 1.533 0.158 199
19.384 1.566 0.161 203
19.429 1.463 0.157 205
19.412 1.626 0.164 201
19.436 1.495 0.159 132
19.393 1.627 0.163 208
19.431 1.531 0.160 200
19.351 1.472 0.156 186
19.385 1.541 0.160 200
19.394 1.588 0.162 206
19.378 1.533 0.159 198
19.340 1.465 0.155 185
19.423 1.648 0.165 219
19.323 1.472 0.155 187
19.427 1.483 0.158 208
19.411 1.553 0.161 202
19.332 1.506 0.157 192
19.343 1.482 0.156 192
19.351 1.519 0.158 197
19.422 1.612 0.164 200
19.370 1.498 0.157 196
19.370 1.545 0.159 198
19.430 1.469 0.158 201
19.354 1.510 0.157 195
19.262 1.589 0.163 201
19.294 1.482 0.156 191
19.312 1.608 0.163 207
19.304 1.680 0.168 205
19.313 1.667 0.167 206
19.270 1.661 0.167 201
19.321 1.628 0.164 208
19.256 1.595 0.163 202
19.271 1.667 0.167 202
19.331 1.628 0.164 208
19.232 1.682 0.169 199
19.304 1.542 0.159 199
19.352 1.591 0.162 204
19.308 1.534 0.159 196
19.331 1.530 0.158 199
19.314 1.569 0.161 200
19.285 1.510 0.158 188
19.355 1.597 0.162 204
19.312 1.610 0.163 207
19.289 1.593 0.163 204
19.334 1.668 0.167 209
19.277 1.547 0.160 196
19.351 1.554 0.159 200
19.322 1.599 0.163 207
19.345 1.611 0.163 203
19.280 1.551 0.160 196
19.335 1.561 0.160 202
19.338 1.668 0.167 210
19.289 1.674 0.168 204
19.275 1.608 0.164 204
19.389 1.630 0.164 207
19.299 1.575 0.161 201
19.259 1.667 0.168 201
19.388 1.649 0.165 211
19.326 1.629 0.164 208
19.321 1.485 0.156 191
19.301 1.653 0.166 205
19.323 1.613 0.163 207
19.355 1.648 0.165 208
19.321 1.591 0.162 206
19.301 1.553 0.160 201
19.268 1.632 0.165 205
19.322 1.654 0.166 207
19.318 1.683 0.168 195
19.321 1.562 0.160 200
19.347 1.544 0.159 200
19.363 1.684 0.167 198
19.262 1.663 0.167 202
19.279 1.566 0.161 200
19.241 1.668 0.168 200
19.332 1.658 0.166 207
19.328 1.602 0.163 207
19.249 1.639 0.166 199
19.315 1.517 0.158 195
19.352 1.645 0.165 207
19.310 1.658 0.166 205
19.379 1.649 0.165 211
19.320 1.655 0.166 206
19.296 1.610 0.164 204
19.316 1.626 0.164 208
19.376 1.646 0.165 209
19.315 1.538 0.159 197
19.298 1.517 0.158 191
19.374 1.692 0.168 193
19.297 1.635 0.165 206
19.358 1.648 0.165 208
19.385 1.661 0.166 209
19.319 1.669 0.167 208
19.399 1.683 0.167 196
19.296 1.600 0.163 205
19.301 1.655 0.166 205
19.307 1.482 0.156 190
19.253 1.632 0.166 200
19.355 1.662 0.166 206
19.267 1.567 0.161 200
19.375 1.644 0.165 209
19.402 1.691 0.167 194
19.256 1.672 0.168 203
19.380 1.692 0.167 193
19.299 1.493 0.156 192
19.296 1.578 0.162 202
19.355 1.580 0.161 204
19.323 1.624 0.164 207
19.277 1.620 0.164 202
19.278 1.607 0.164 204
19.297 1.578 0.162 202
19.384 1.650 0.165 211
19.291 1.606 0.163 205
19.302 1.471 0.155 186
19.365 1.641 0.165 208
19.389 1.636 0.164 211
19.347 1.667 0.166 208
19.397 1.690 0.167 192
19.407 1.664 0.165 208
19.330 1.539 0.159 199
19.343 1.555 0.160 202
19.310 1.621 0.164 207
19.286 1.630 0.165 203
19.274 1.605 0.164 203
19.319 1.501 0.157 192
19.335 1.624 0.164 207
19.300 1.593 0.163 203
19.264 1.656 0.167 201
19.300 1.568 0.161 202
19.260 1.610 0.164 202
19.353 1.655 0.166 206
19.352 1.578 0.161 204
19.329 1.626 0.164 208
19.271 1.579 0.162 201
19.368 1.644 0.165 207
19.315 1.563 0.160 200
19.298 1.459 0.154 189
19.319 1.579 0.161 203
19.322 1.563 0.160 200
19.243 1.672 0.168 203
19.327 1.597 0.162 207
19.327 1.667 0.167 207
19.325 1.529 0.158 198
19.268 1.653 0.167 201
19.328 1.531 0.158 198
19.368 1.630 0.164 207
19.263 1.619 0.165 200
19.321 1.593 0.162 206
19.406 1.688 0.167 194
19.310 1.622 0.164 207
19.275 1.661 0.167 203
19.350 1.632 0.164 206
19.290 1.524 0.158 194
19.283 1.584 0.162 202
19.328 1.518 0.157 199
19.349 1.690 0.168 190
19.296 1.519 0.158 191
19.363 1.678 0.167 202
19.346 1.598 0.162 203
19.300 1.484 0.156 190
19.333 1.650 0.166 208
19.342 1.622 0.164 205
19.284 1.508 0.157 190
19.318 1.671 0.167 208
19.289 1.490 0.156 192
19.309 1.465 0.155 184
19.345 1.553 0.159 200
19.252 1.642 0.166 198
19.288 1.588 0.162 204
19.250 1.631 0.166 201
19.358 1.690 0.168 195
19.384 1.655 0.165 210
19.304 1.641 0.165 206
19.247 1.635 0.166 203
19.382 1.666 0.166 208
19.335 1.570 0.161 203
19.281 1.683 0.168 204
19.345 1.599 0.162 203
19.317 1.483 0.155 192
19.317 1.488 0.156 193
19.414 1.695 0.167 193
19.354 1.648 0.165 208
19.275 1.572 0.162 200
19.309 1.523 0.158 197
19.281 1.610 0.164 205
19.303 1.554 0.160 201
19.262 1.655 0.167 200
19.284 1.631 0.165 203
19.326 1.498 0.156 191
19.297 1.606 0.163 205
19.372 1.683 0.167 201
19.399 1.656 0.165 212
19.302 1.673 0.167 204
19.297 1.499 0.157 188
19.300 1.631 0.165 206
19.318 1.631 0.165 208
19.360 1.691 0.168 192
19.397 1.679 0.166 201
19.394 1.655 0.165 212
19.238 1.672 0.168 200
19.314 1.576 0.161 203
19.359 1.594 0.162 204
19.268 1.563 0.161 199
19.331 1.614 0.163 207
19.376 1.622 0.163 205
19.302 1.591 0.162 203
19.346 1.571 0.161 204
19.317 1.502 0.157 192
19.325 1.682 0.168 207
19.253 1.630 0.165 200
19.287 1.564 0.161 201
19.266 1.625 0.165 202
19.319 1.534 0.159 197
19.291 1.564 0.161 202
19.263 1.648 0.166 202
19.344 1.681 0.167 201
19.232 1.674 0.168 199
19.339 1.612 0.163 205
19.314 1.568 0.161 200
19.376 1.651 0.165 208
19.350 1.579 0.161 204
19.275 1.540 0.160 196
19.337 1.670 0.167 209
19.303 1.575 0.161 202
19.283 1.545 0.160 196
19.293 1.520 0.158 192
19.250 1.626 0.165 201
19.315 1.563 0.160 200
19.336 1.577 0.161 205
19.327 1.577 0.161 203
19.284 1.568 0.161 201
19.316 1.590 0.162 206
19.393 1.687 0.167 195
19.350 1.587 0.161 205
19.307 1.679 0.168 205
19.335 1.616 0.163 206
19.302 1.513 0.158 188
19.274 1.546 0.160 196
19.306 1.477 0.155 188
19.280 1.615 0.164 203
19.343 1.631 0.164 206
19.305 1.461 0.154 185
19.274 1.579 0.162 201
19.312 1.541 0.159 196
19.385 1.678 0.167 202
19.359 1.575 0.161 203
19.357 1.630 0.164 206
19.319 1.484 0.156 192
19.270 1.591 0.163 203
19.346 1.668 0.166 208
19.331 1.648 0.165 208
19.315 1.657 0.166 206
19.402 1.667 0.166 209
19.312 1.601 0.163 207
19.293 1.587 0.162 204
19.297 1.484 0.156 190
19.260 1.614 0.164 200
19.348 1.631 0.164 206
19.292 1.672 0.167 203
19.351 1.621 0.164 206
19.287 1.555 0.160 199
19.343 1.682 0.167 201
19.433 1.649 0.166 109
19.440 1.575 0.163 125
19.434 1.618 0.164 107
19.433 1.608 0.164 94
19.434 1.616 0.164 107
19.443 1.541 0.162 138
19.437 1.655 0.167 112
19.439 1.479 0.158 107
19.430 1.632 0.165 156
19.439 1.479 0.158 107
19.432 1.666 0.167 94
19.428 1.690 0.167 228
19.434 1.616 0.164 107
19.442 1.516 0.160 126
19.438 1.591 0.164 146
19.437 1.528 0.160 104
19.431 1.657 0.166 149
19.443 1.478 0.159 120
19.434 1.559 0.162 157
19.433 1.574 0.162 141
19.429 1.633 0.165 160
19.444 1.484 0.159 162
19.440 1.473 0.158 104
19.429 1.664 0.166 151
19.428 1.687 0.167 219
19.433 1.593 0.163 126
19.426 1.702 0.167 198
19.228 1.447 0.125 226
19.176 1.512 0.058 184
19.172 1.518 0.053 188
19.226 1.457 0.120 195
19.178 1.536 0.049 152
19.196 1.518 0.071 64
19.173 1.498 0.062 185
19.170 1.518 0.051 194
19.189 1.496 0.075 66
19.196 1.520 0.070 49
19.178 1.524 0.055 195
19.186 1.507 0.069 189
19.181 1.501 0.067 185
19.190 1.518 0.067 190
19.171 1.518 0.052 193
19.195 1.477 0.088 82
19.188 1.490 0.077 49
19.182 1.516 0.061 186
19.169 1.566 0.030 196
19.211 1.476 0.101 190
19.203 1.495 0.087 98
19.190 1.494 0.076 59
19.184 1.498 0.071 38
19.173 1.509 0.058 186
19.190 1.511 0.070 27
19.187 1.511 0.067 177
19.190 1.479 0.083 67
19.180 1.526 0.055 192
19.173 1.520 0.053 188
19.184 1.529 0.057 200
19.222 1.461 0.115 208
19.173 1.563 0.035 202
19.184 1.488 0.075 55
19.185 1.511 0.066 187
19.156 1.516 0.026 97
19.159 1.529 0.026 101
19.162 1.535 0.032 82
19.164 1.484 0.053 183
19.163 1.538 0.032 86
19.158 1.493 0.038 179
19.160 1.489 0.044 182
19.159 1.495 0.038 175
19.165 1.532 0.039 151
19.162 1.531 0.033 80
19.164 1.517 0.042 175
19.159 1.489 0.041 182
19.160 1.519 0.033 146
19.160 1.495 0.041 175
19.157 1.524 0.024 100
19.163 1.530 0.036 110
19.151 1.485 0.025 95
19.163 1.514 0.041 169
19.195 1.589 0.081 137
19.209 1.649 0.122 139
19.199 1.514 0.075 54
19.229 1.583 0.150 231
19.229 1.607 0.155 217
19.225 1.512 0.128 196
19.219 1.617 0.137 209
19.226 1.643 0.156 212
19.195 1.540 0.072 193
19.216 1.649 0.138 252
19.226 1.505 0.130 199
19.189 1.566 0.066 204
19.220 1.473 0.110 231
19.182 1.593 0.056 199
19.210 1.496 0.094 125
19.216 1.515 0.110 239
19.222 1.631 0.146 229
19.217 1.513 0.113 241
19.215 1.651 0.135 255
19.205 1.544 0.094 196
19.215 1.577 0.120 198
19.194 1.539 0.070 197
19.229 1.526 0.140 235
19.216 1.609 0.129 109
19.192 1.541 0.067 194
19.226 1.539 0.136 187
19.213 1.568 0.116 193
19.211 1.528 0.103 255
19.202 1.612 0.101 135
19.182 1.590 0.055 197
19.204 1.620 0.108 216
19.226 1.632 0.155 218
19.226 1.517 0.131 201
19.200 1.537 0.082 190
19.229 1.599 0.154 208
19.223 1.570 0.137 199
19.205 1.511 0.088 116
19.192 1.606 0.079 209
19.227 1.524 0.136 220
19.194 1.534 0.070 185
19.206 1.507 0.088 109
19.211 1.535 0.104 241
19.185 1.582 0.060 182
19.193 1.613 0.083 93
19.203 1.640 0.109 185
19.185 1.574 0.058 208
19.217 1.657 0.140 249
19.170 1.576 0.028 222
19.171 1.584 0.033 215
19.213 1.516 0.105 237
19.228 1.524 0.138 232
19.206 1.605 0.108 208
19.208 1.513 0.093 112
19.225 1.528 0.132 183
19.220 1.629 0.142 238
19.210 1.609 0.116 205
19.224 1.547 0.133 178
19.215 1.616 0.129 125
19.199 1.577 0.088 197
19.210 1.554 0.107 198
19.225 1.474 0.122 205
19.218 1.654 0.141 246
19.199 1.568 0.087 201
19.198 1.527 0.077 71
19.221 1.629 0.143 238
19.215 1.575 0.121 198
19.197 1.583 0.085 206
19.223 1.618 0.145 235
19.222 1.607 0.141 239
19.193 1.535 0.068 197
19.229 1.559 0.146 228
19.190 1.561 0.066 200
19.222 1.482 0.115 223
19.222 1.540 0.128 176
19.219 1.546 0.123 222
19.198 1.562 0.083 200
19.205 1.530 0.090 114
19.202 1.516 0.083 101
19.219 1.540 0.122 236
19.223 1.672 0.157 211
19.207 1.536 0.096 184
19.187 1.565 0.060 199
19.183 1.548 0.049 205
19.225 1.533 0.133 178
19.226 1.506 0.130 197
19.228 1.508 0.134 205
19.220 1.481 0.112 228
19.199 1.520 0.077 41
19.223 1.656 0.153 216
19.220 1.646 0.145 224
19.222 1.523 0.124 193
19.217 1.623 0.135 206
19.217 1.615 0.133 172
19.214 1.516 0.106 243
19.199 1.610 0.095 197
19.225 1.533 0.134 176
19.180 1.588 0.051 196
19.228 1.509 0.135 217
19.226 1.645 0.156 212
19.180 1.569 0.048 197
19.196 1.520 0.071 75
19.224 1.594 0.143 240
19.217 1.563 0.122 196
19.210 1.540 0.104 241
19.226 1.532 0.135 178
19.213 1.599 0.120 204
19.212 1.535 0.106 241
19.175 1.598 0.044 197
19.181 1.561 0.048 210
19.229 1.491 0.134 212
19.215 1.654 0.137 255
19.186 1.593 0.064 171
19.197 1.627 0.093 218
19.179 1.587 0.049 196
19.223 1.471 0.117 199
19.223 1.534 0.129 163
19.214 1.547 0.112 238
19.212 1.617 0.123 167
19.216 1.635 0.134 230
19.227 1.565 0.143 232
19.208 1.623 0.116 187
19.195 1.595 0.084 64
19.226 1.460 0.121 200
19.200 1.626 0.100 157
19.208 1.535 0.099 196
19.193 1.572 0.075 198
19.193 1.542 0.070 196
19.184 1.546 0.052 200
19.224 1.596 0.144 240
19.206 1.528 0.094 124
19.212 1.577 0.115 202
19.177 1.575 0.042 204
19.228 1.528 0.138 235
19.209 1.527 0.099 194
19.211 1.576 0.113 202
19.213 1.572 0.116 204
19.205 1.609 0.106 217
19.213 1.627 0.127 127
19.207 1.605 0.111 204
19.191 1.599 0.076 187
19.170 1.592 0.032 217
19.193 1.546 0.069 193
19.205 1.549 0.096 161
19.227 1.482 0.127 211
19.207 1.520 0.093 132
19.214 1.566 0.118 203
19.221 1.651 0.148 221
19.206 1.564 0.100 166
19.184 1.590 0.060 174
19.197 1.536 0.076 187
19.215 1.494 0.104 224
19.204 1.509 0.086 114
19.219 1.645 0.143 239
19.205 1.598 0.104 213
19.222 1.657 0.151 223
19.203 1.600 0.101 125
19.221 1.552 0.128 190
19.220 1.587 0.133 202
19.196 1.563 0.080 199
19.218 1.585 0.130 201
19.210 1.580 0.111 203
19.182 1.609 0.059 194
19.206 1.608 0.108 205
19.229 1.553 0.146 228
19.218 1.566 0.125 197
19.197 1.622 0.093 190
19.217 1.507 0.110 240
19.225 1.488 0.124 193
19.208 1.644 0.121 141
19.185 1.561 0.057 203
19.229 1.537 0.142 227
19.182 1.575 0.054 203
19.176 1.644 0.037 206
19.214 1.686 0.131 216
19.183 1.671 0.052 143
19.191 1.710 0.065 243
19.197 1.642 0.092 189
19.184 1.706 0.047 80
19.180 1.614 0.055 199
19.195 1.696 0.077 191
19.174 1.634 0.034 195
19.173 1.658 0.027 196
19.203 1.674 0.104 217
19.182 1.633 0.055 198
19.191 1.636 0.078 199
19.181 1.684 0.043 123
19.177 1.675 0.033 204
19.203 1.657 0.107 186
19.183 1.706 0.045 80
19.174 1.679 0.026 183
19.199 1.700 0.087 201
19.191 1.679 0.071 233
19.192 1.696 0.069 235
19.182 1.689 0.044 116
19.195 1.672 0.081 116
19.173 1.643 0.030 185
19.185 1.659 0.058 195
19.194 1.631 0.089 157
19.181 1.660 0.047 207
19.176 1.619 0.042 194
19.177 1.662 0.036 201
19.175 1.637 0.035 205
19.175 1.604 0.042 199
19.180 1.681 0.041 201
19.203 1.669 0.104 222
19.197 1.701 0.081 140
19.177 1.605 0.049 203
19.180 1.696 0.039 120
19.183 1.666 0.051 211
19.189 1.698 0.062 245
19.196 1.681 0.084 139
19.184 1.691 0.049 108
19.178 1.712 0.030 124
19.187 1.680 0.059 243
19.200 1.649 0.101 211
19.184 1.626 0.061 173
19.192 1.679 0.073 198
19.182 1.649 0.052 204
19.197 1.650 0.093 177
19.174 1.644 0.033 193
19.176 1.695 0.028 149
19.199 1.673 0.092 203
19.184 1.697 0.049 91
19.189 1.639 0.073 134
19.178 1.620 0.048 206
19.210 1.663 0.124 130
19.207 1.695 0.109 203
19.198 1.677 0.089 216
19.210 1.674 0.122 147
19.179 1.682 0.039 128
19.194 1.690 0.076 192
19.196 1.640 0.091 164
19.167 1.592 0.024 152
19.198 1.654 0.094 175
19.204 1.659 0.109 180
19.184 1.651 0.058 176
19.187 1.640 0.068 182
19.214 1.682 0.131 225
19.185 1.651 0.060 176
19.184 1.700 0.046 67
19.208 1.659 0.120 174
19.191 1.637 0.079 199
19.222 1.679 0.154 215
19.193 1.651 0.082 129
19.185 1.654 0.060 173
19.214 1.666 0.134 228
19.168 1.591 0.026 213
19.221 1.678 0.151 217
19.203 1.686 0.100 198
19.205 1.659 0.110 180
19.187 1.684 0.058 208
19.189 1.694 0.061 237
19.211 1.678 0.123 148
19.197 1.662 0.089 191
19.187 1.626 0.071 151
19.186 1.625 0.068 190
19.175 1.612 0.042 202
19.186 1.669 0.058 227
19.206 1.668 0.113 163
19.169 1.598 0.029 226
19.172 1.610 0.033 209
19.180 1.710 0.034 124
19.193 1.681 0.076 167
19.179 1.703 0.034 126
19.186 1.631 0.066 202
19.190 1.693 0.064 246
19.189 1.702 0.059 246
19.185 1.682 0.055 170
19.193 1.643 0.082 126
19.199 1.673 0.092 203
19.196 1.632 0.092 188
19.205 1.674 0.109 205
19.204 1.664 0.107 208
19.175 1.648 0.034 196
19.217 1.665 0.143 233
19.222 1.674 0.153 214
19.180 1.694 0.039 118
19.190 1.699 0.063 245
19.192 1.631 0.083 72
19.194 1.701 0.074 211
19.194 1.639 0.087 132
19.268 1.718 0.097 191
19.373 1.710 0.135 190
19.257 1.707 0.119 189
19.296 1.703 0.134 186
19.256 1.701 0.132 185
19.330 1.711 0.122 182
19.337 1.693 0.164 191
19.314 1.703 0.138 188
19.258 1.732 0.064 76
19.347 1.697 0.157 190
19.274 1.689 0.161 186
19.328 1.697 0.152 189
19.255 1.690 0.154 187
19.289 1.690 0.162 185
19.309 1.694 0.156 189
19.344 1.692 0.167 186
19.357 1.701 0.149 191
19.325 1.692 0.164 190
19.299 1.715 0.110 164
19.327 1.710 0.126 186
19.410 1.700 0.163 193
19.370 1.710 0.134 187
19.334 1.707 0.134 188
19.318 1.697 0.152 187
19.369 1.698 0.160 193
19.256 1.715 0.100 173
19.349 1.708 0.134 188
19.263 1.718 0.096 184
19.317 1.718 0.106 172
19.378 1.708 0.139 192
19.368 1.705 0.144 191
19.336 1.699 0.150 188
19.319 1.702 0.141 188
19.303 1.691 0.162 187
19.265 1.718 0.095 186
19.350 1.701 0.148 191
19.329 1.703 0.141 188
19.248 1.694 0.145 183
19.265 1.702 0.132 187
19.254 1.725 0.079 165
19.246 1.705 0.122 188
19.290 1.704 0.130 182
19.254 1.694 0.147 184
19.369 1.701 0.152 191
19.359 1.694 0.167 192
19.383 1.696 0.165 190
19.253 1.694 0.147 183
19.253 1.724 0.080 162
19.401 1.702 0.156 200
19.300 1.698 0.145 185
19.386 1.705 0.147 193
19.286 1.715 0.106 164
19.291 1.714 0.109 167
19.392 1.700 0.160 200
19.318 1.697 0.153 187
19.331 1.718 0.109 156
19.253 1.686 0.164 188
19.252 1.700 0.133 185
19.260 1.693 0.150 186
19.266 1.699 0.138 187
19.289 1.716 0.105 148
19.317 1.689 0.168 194
19.257 1.716 0.098 173
19.249 1.702 0.129 186
19.237 1.693 0.144 183
19.372 1.703 0.149 191
19.279 1.715 0.104 165
19.281 1.716 0.104 164
19.328 1.702 0.144 188
19.320 1.716 0.110 161
19.318 1.713 0.116 167
19.359 1.699 0.155 191
19.360 1.706 0.141 190
19.326 1.699 0.149 186
19.274 1.697 0.144 183
19.248 1.708 0.114 195
19.265 1.730 0.070 168
19.264 1.704 0.126 185
19.317 1.706 0.132 187
19.263 1.732 0.065 105
19.282 1.704 0.130 184
19.266 1.722 0.087 173
19.286 1.725 0.084 158
19.239 1.699 0.132 188
19.260 1.722 0.087 173
19.259 1.712 0.108 171
19.298 1.710 0.120 188
19.280 1.693 0.154 186
19.266 1.713 0.106 169
19.285 1.699 0.141 185
19.243 1.693 0.146 183
19.349 1.715 0.118 166
19.282 1.693 0.153 186
19.284 1.692 0.157 184
19.323 1.705 0.134 188
19.302 1.699 0.143 188
19.309 1.700 0.143 185
19.338 1.700 0.148 188
19.396 1.703 0.153 193
19.315 1.702 0.139 188
19.248 1.717 0.096 141
19.327 1.690 0.168 196
19.254 1.724 0.081 141
19.272 1.698 0.140 185
19.317 1.694 0.158 189
19.363 1.697 0.161 192
19.277 1.693 0.152 188
19.310 1.694 0.156 189
19.350 1.708 0.134 188
19.313 1.700 0.144 185
19.256 1.694 0.146 183
19.324 1.720 0.102 178
19.348 1.703 0.144 187
19.356 1.697 0.158 192
19.276 1.716 0.103 159
19.381 1.704 0.148 193
19.267 1.722 0.087 173
19.268 1.716 0.100 175
19.372 1.695 0.166 193
19.181 1.721 0.031 211
19.201 1.728 0.030 203
19.240 1.712 0.101 178
19.229 1.710 0.097 158
19.216 1.707 0.095 101
19.235 1.725 0.064 184
19.228 1.690 0.148 186
19.229 1.695 0.135 184
19.218 1.701 0.110 203
19.191 1.722 0.036 203
19.233 1.724 0.064 188
19.229 1.705 0.109 200
19.226 1.702 0.114 192
19.238 1.727 0.062 136
19.194 1.709 0.071 126
19.222 1.691 0.139 178
19.228 1.697 0.130 188
19.201 1.713 0.066 189
19.233 1.719 0.079 151
19.201 1.706 0.084 85
19.230 1.704 0.114 193
19.244 1.728 0.065 193
19.207 1.711 0.077 167
19.235 1.713 0.096 175
19.223 1.687 0.152 180
19.191 1.725 0.028 199
19.224 1.709 0.096 168
19.197 1.724 0.036 209
19.217 1.727 0.044 198
19.233 1.716 0.085 181
19.246 1.724 0.075 168
19.214 1.718 0.066 164
19.223 1.710 0.093 165
19.239 1.729 0.057 133
19.214 1.729 0.037 96
19.200 1.708 0.079 170
19.214 1.702 0.107 216
19.224 1.707 0.102 164
19.227 1.721 0.068 104
19.209 1.726 0.040 79
19.208 1.723 0.047 77
19.180 1.721 0.031 211
19.209 1.714 0.070 165
19.229 1.702 0.117 192
19.207 1.722 0.050 59
19.228 1.700 0.123 189
19.253 1.730 0.066 73
19.194 1.720 0.043 218
19.217 1.705 0.099 104
19.202 1.718 0.056 70
19.224 1.691 0.141 182
19.222 1.689 0.145 183
19.227 1.691 0.143 184
19.206 1.713 0.071 170
19.235 1.695 0.139 186
19.213 1.699 0.112 217
19.201 1.723 0.041 107
19.240 1.726 0.066 190
19.345 1.717 0.114 160
19.344 1.722 0.100 178
19.424 1.731 0.085 162
19.419 1.723 0.105 180
19.409 1.719 0.115 162
19.308 1.731 0.073 166
19.385 1.708 0.140 193
19.380 1.727 0.092 164
19.295 1.734 0.063 157
19.421 1.731 0.087 145
19.390 1.711 0.133 195
19.329 1.722 0.097 179
19.299 1.733 0.068 128
19.340 1.731 0.077 183
19.408 1.727 0.095 125
19.318 1.727 0.085 160
19.335 1.734 0.069 141
19.352 1.722 0.102 181
19.310 1.735 0.062 179
19.391 1.707 0.142 192
19.382 1.732 0.078 117
19.385 1.717 0.117 162
19.374 1.727 0.091 148
19.349 1.720 0.105 173
19.362 1.720 0.106 181
19.387 1.732 0.078 134
19.426 1.718 0.119 141
19.344 1.721 0.101 178
19.369 1.733 0.074 117
19.334 1.721 0.102 176
19.339 1.724 0.094 177
19.346 1.723 0.097 175
19.338 1.728 0.083 177
19.301 1.730 0.074 157
19.424 1.736 0.073 102
19.356 1.731 0.079 167
19.333 1.728 0.083 171
19.421 1.703 0.158 198
19.392 1.708 0.142 192
19.369 1.734 0.073 117
19.375 1.715 0.122 175
19.321 1.735 0.065 154
19.392 1.708 0.140 192
19.354 1.735 0.068 143
19.395 1.726 0.096 165
19.340 1.728 0.083 167
19.295 1.730 0.074 176
19.428 1.729 0.093 149
19.412 1.705 0.151 193
19.399 1.736 0.070 180
19.390 1.725 0.099 171
19.340 1.722 0.099 185
19.358 1.718 0.110 164
19.286 1.734 0.062 143
19.338 1.720 0.104 189
19.371 1.720 0.108 166
19.366 1.735 0.070 160
19.329 1.732 0.074 143
19.349 1.727 0.088 166
19.274 1.731 0.068 153
19.383 1.725 0.098 173
19.430 1.730 0.091 143
19.420 1.731 0.085 170
19.313 1.730 0.075 126
19.365 1.730 0.081 178
19.421 1.712 0.135 198
19.363 1.737 0.063 176
19.324 1.736 0.063 188
19.315 1.728 0.081 172
19.410 1.736 0.072 150
19.425 1.710 0.139 201
19.423 1.702 0.161 203
19.409 1.723 0.106 172
19.324 1.731 0.074 145
19.285 1.732 0.067 95
19.343 1.734 0.070 141
19.414 1.721 0.112 159
19.396 1.711 0.134 195
19.349 1.717 0.114 163
19.398 1.715 0.124 168
19.394 1.709 0.139 192
19.347 1.726 0.090 170
19.307 1.725 0.087 150
19.341 1.730 0.078 183
19.390 1.709 0.137 193
19.361 1.717 0.115 160
19.422 1.737 0.071 82
19.414 1.715 0.125 179
19.419 1.721 0.111 173
19.390 1.718 0.114 159
19.375 1.736 0.069 150
19.266 1.734 0.060 169
19.375 1.720 0.107 174
19.385 1.737 0.066 177
19.323 1.733 0.068 124
19.431 1.727 0.097 83
19.392 1.709 0.139 192
19.334 1.724 0.093 170
19.338 1.749 0.056 172
19.426 1.748 0.061 96
19.322 1.741 0.058 162
19.332 1.760 0.051 171
19.280 1.746 0.054 160
19.333 1.756 0.052 184
19.337 1.751 0.055 179
19.339 1.747 0.057 187
19.303 1.742 0.057 172
19.282 1.748 0.053 191
19.386 1.740 0.062 186
19.348 1.748 0.057 118
19.405 1.745 0.061 184
19.300 1.740 0.057 175
19.317 1.737 0.060 187
19.338 1.744 0.058 189
19.382 1.745 0.060 125
19.311 1.748 0.054 175
19.407 1.747 0.060 146
19.281 1.749 0.052 191
19.300 1.740 0.057 175
19.370 1.745 0.059 132
19.353 1.745 0.058 119
19.413 1.751 0.059 171
19.291 1.759 0.049 146
19.293 1.752 0.052 141
19.353 1.757 0.053 172
19.303 1.742 0.057 172
19.287 1.750 0.052 170
19.280 1.736 0.058 182
19.287 1.749 0.053 163
19.369 1.746 0.058 130
19.255 1.760 0.025 49
19.238 1.745 0.033 169
19.265 1.742 0.054 183
19.271 1.757 0.040 162
19.255 1.747 0.041 121
19.262 1.750 0.042 150
19.228 1.746 0.025 179
19.224 1.745 0.024 169
19.293 1.764 0.046 182
19.265 1.767 0.024 44
19.257 1.755 0.034 124
19.260 1.739 0.055 170
19.224 1.740 0.029 180
19.258 1.737 0.055 171
19.274 1.754 0.045 117
19.256 1.757 0.031 53
19.249 1.746 0.039 130
19.236 1.751 0.024 109
19.257 1.745 0.046 152
19.278 1.764 0.036 60
19.277 1.753 0.049 131
19.218 1.732 0.036 103
19.254 1.745 0.043 127
19.247 1.744 0.039 120
