18.257 5.712 0.460 92
18.307 5.694 0.466 111
18.247 5.715 0.458 95
18.327 5.687 0.468 78
18.275 5.701 0.459 100
18.282 5.699 0.460 104
18.335 5.683 0.468 18
18.312 5.690 0.464 113
18.353 5.672 0.466 83
18.251 5.719 0.463 73
18.216 5.739 0.465 71
18.264 5.716 0.466 75
18.307 5.697 0.468 112
18.295 5.702 0.467 108
18.248 5.720 0.462 72
18.314 5.691 0.466 109
18.633 5.595 0.445 103
18.622 5.579 0.452 128
18.588 5.579 0.443 123
18.635 5.592 0.447 105
18.617 5.583 0.448 133
18.598 5.583 0.443 124
18.607 5.586 0.444 132
18.632 5.601 0.441 154
18.625 5.594 0.444 147
18.581 5.637 0.457 46
18.593 5.599 0.446 44
18.562 5.587 0.449 120
18.577 5.603 0.450 39
18.581 5.617 0.452 45
18.586 5.612 0.450 39
18.561 5.630 0.459 50
18.616 5.624 0.447 84
18.597 5.597 0.445 88
18.565 5.588 0.449 127
18.544 5.640 0.465 54
18.595 5.628 0.452 24
18.583 5.612 0.451 40
18.576 5.587 0.446 121
18.603 5.664 0.459 57
18.560 5.628 0.459 50
18.609 5.592 0.441 148
18.604 5.605 0.445 35
18.586 5.592 0.446 127
18.604 5.709 0.469 44
18.538 5.631 0.464 55
18.560 5.579 0.447 130
18.591 5.627 0.453 30
18.611 5.607 0.444 32
18.589 5.618 0.451 30
18.604 5.642 0.454 52
18.559 5.651 0.464 52
18.556 5.582 0.449 113
18.569 5.607 0.452 45
18.548 5.614 0.458 53
18.564 5.610 0.454 50
18.566 5.596 0.450 59
18.587 5.633 0.455 41
18.624 5.603 0.441 129
18.571 5.601 0.451 44
18.630 5.613 0.442 41
18.553 5.633 0.461 50
18.623 5.629 0.447 89
18.555 5.614 0.457 54
18.586 5.589 0.445 127
18.565 5.602 0.452 41
18.608 5.677 0.461 74
18.593 5.659 0.460 55
18.621 5.653 0.453 79
18.590 5.588 0.444 128
18.538 5.630 0.464 55
18.603 5.660 0.458 54
18.576 5.649 0.461 49
18.571 5.618 0.454 52
18.595 5.630 0.453 23
18.610 5.643 0.453 80
18.591 5.589 0.444 126
18.547 5.594 0.453 58
18.590 5.602 0.447 28
18.608 5.615 0.447 54
18.601 5.642 0.454 36
18.557 5.602 0.453 51
18.628 5.610 0.442 28
18.606 5.654 0.456 63
18.525 5.617 0.463 61
18.570 5.588 0.448 126
18.544 5.636 0.464 53
18.601 5.696 0.467 50
18.608 5.691 0.464 57
18.538 5.611 0.459 57
18.592 5.663 0.461 51
18.548 5.590 0.452 77
18.553 5.640 0.463 51
18.589 5.609 0.449 25
18.608 5.665 0.458 77
18.533 5.621 0.462 56
18.577 5.590 0.447 106
18.538 5.621 0.461 56
18.634 5.614 0.442 25
18.612 5.657 0.456 77
18.591 5.666 0.462 52
18.551 5.608 0.456 57
18.627 5.609 0.442 71
18.570 5.650 0.462 50
18.551 5.595 0.453 47
18.596 5.683 0.465 56
18.552 5.593 0.452 47
18.534 5.620 0.462 56
18.554 5.605 0.455 54
18.513 5.581 0.457 59
18.558 5.649 0.464 51
18.614 5.646 0.453 78
18.576 5.655 0.462 53
18.594 5.609 0.448 18
18.553 5.581 0.449 111
18.506 5.582 0.458 70
18.586 5.614 0.451 39
18.603 5.677 0.462 50
18.515 5.596 0.460 62
18.584 5.667 0.463 55
18.543 5.590 0.453 64
18.573 5.653 0.462 53
18.608 5.670 0.459 75
18.623 5.635 0.449 92
18.561 5.627 0.459 50
18.624 5.613 0.443 64
18.505 5.589 0.460 75
18.565 5.665 0.466 59
18.576 5.627 0.456 49
18.532 5.581 0.453 86
18.445 5.631 0.466 77
18.548 5.649 0.466 54
18.520 5.686 0.470 65
18.464 5.676 0.470 82
18.435 5.618 0.465 69
18.495 5.602 0.462 67
18.560 5.698 0.470 46
18.468 5.659 0.468 73
18.536 5.685 0.469 66
18.420 5.658 0.469 90
18.501 5.648 0.467 62
18.476 5.629 0.465 63
18.434 5.650 0.468 81
18.446 5.661 0.469 86
18.542 5.650 0.466 57
18.450 5.639 0.467 79
18.470 5.646 0.467 69
18.457 5.618 0.465 71
18.521 5.652 0.467 60
18.499 5.603 0.462 66
18.480 5.615 0.464 67
18.406 5.634 0.467 90
18.482 5.631 0.465 63
18.467 5.596 0.462 75
18.416 5.597 0.464 74
18.421 5.621 0.466 75
18.403 5.616 0.466 80
18.439 5.648 0.468 80
18.470 5.661 0.468 72
18.424 5.633 0.467 79
18.576 5.686 0.469 59
18.439 5.581 0.462 73
18.481 5.587 0.461 79
18.409 5.628 0.467 86
18.522 5.667 0.468 59
18.421 5.620 0.466 75
18.407 5.631 0.467 86
18.459 5.634 0.466 71
18.488 5.673 0.469 72
18.501 5.659 0.468 64
18.479 5.625 0.465 65
18.435 5.577 0.461 86
18.493 5.592 0.461 75
18.416 5.611 0.465 71
18.515 5.684 0.470 63
18.509 5.663 0.468 63
18.524 5.676 0.469 64
18.563 5.703 0.471 57
18.505 5.645 0.466 59
18.562 5.686 0.469 63
18.475 5.636 0.466 66
18.529 5.693 0.470 54
18.417 5.641 0.468 80
18.504 5.637 0.465 58
18.417 5.578 0.462 82
18.580 5.701 0.470 45
18.439 5.657 0.469 85
18.556 5.701 0.470 40
18.556 5.668 0.467 60
18.477 5.647 0.467 68
18.482 5.606 0.463 72
18.568 5.701 0.470 57
18.415 5.632 0.467 78
18.405 5.647 0.468 88
18.557 5.682 0.469 58
18.442 5.641 0.467 75
18.473 5.643 0.467 66
18.490 5.586 0.461 77
18.472 5.668 0.469 72
18.430 5.663 0.469 84
18.469 5.615 0.464 68
18.399 5.626 0.467 80
18.480 5.644 0.467 65
18.545 5.665 0.467 62
18.438 5.644 0.468 77
18.506 5.644 0.466 58
18.512 5.651 0.467 59
18.533 5.680 0.469 62
18.473 5.627 0.465 68
18.495 5.602 0.462 68
18.495 5.660 0.468 65
18.475 5.659 0.468 73
18.542 5.663 0.467 60
18.457 5.653 0.468 79
18.429 5.611 0.465 70
18.563 5.692 0.469 55
18.471 5.583 0.461 68
18.441 5.641 0.467 75
18.399 5.620 0.466 80
18.534 5.641 0.465 56
18.427 5.606 0.464 73
18.495 5.619 0.464 61
18.449 5.595 0.463 74
18.487 5.652 0.467 66
18.537 5.644 0.465 57
18.528 5.660 0.467 57
18.484 5.630 0.465 63
18.404 5.623 0.466 80
18.533 5.679 0.469 62
18.562 5.696 0.470 46
18.476 5.656 0.468 72
18.464 5.578 0.461 82
18.462 5.652 0.468 73
18.471 5.644 0.467 68
18.419 5.649 0.468 82
18.462 5.655 0.468 77
18.436 5.631 0.466 75
18.447 5.586 0.462 72
18.417 5.649 0.468 84
18.441 5.580 0.461 74
18.495 5.643 0.466 62
18.463 5.589 0.462 82
18.490 5.616 0.464 64
18.463 5.595 0.462 81
18.434 5.639 0.467 76
18.474 5.618 0.464 69
18.463 5.636 0.466 72
18.405 5.593 0.463 70
18.459 5.630 0.466 70
18.509 5.661 0.468 62
18.488 5.666 0.469 70
18.474 5.598 0.462 70
18.409 5.604 0.464 72
18.453 5.640 0.467 76
18.475 5.661 0.468 73
18.448 5.666 0.469 83
18.503 5.633 0.465 59
18.452 5.632 0.466 76
18.434 5.586 0.462 73
18.454 5.597 0.463 74
18.420 5.580 0.462 73
18.565 5.679 0.468 60
18.497 5.609 0.463 61
18.421 5.628 0.466 76
18.503 5.595 0.462 73
18.446 5.626 0.466 78
18.525 5.657 0.467 59
18.507 5.657 0.467 62
18.527 5.664 0.468 60
18.540 5.638 0.465 55
18.569 5.689 0.469 60
18.405 5.600 0.464 75
18.410 5.620 0.466 78
18.409 5.608 0.465 72
18.457 5.605 0.463 71
18.536 5.651 0.466 56
18.466 5.600 0.463 76
18.509 5.679 0.469 66
18.507 5.678 0.469 66
18.508 5.630 0.465 60
18.409 5.644 0.468 87
18.636 5.635 0.447 23
18.613 5.692 0.464 71
18.631 5.672 0.457 52
18.635 5.668 0.456 26
18.634 5.650 0.451 87
18.610 5.701 0.466 46
18.620 5.690 0.463 86
18.619 5.683 0.461 78
18.637 5.634 0.447 22
18.630 5.627 0.445 64
18.635 5.663 0.455 37
18.634 5.661 0.454 57
18.615 5.686 0.462 74
18.429 5.747 0.452 71
18.541 5.735 0.464 67
18.552 5.735 0.465 61
18.542 5.733 0.464 63
18.539 5.765 0.462 81
18.556 5.751 0.465 65
18.538 5.726 0.464 59
18.594 5.723 0.470 71
18.477 5.751 0.457 69
18.504 5.736 0.460 63
18.434 5.739 0.453 75
18.534 5.749 0.462 67
18.537 5.756 0.462 68
18.544 5.744 0.464 65
18.511 5.758 0.460 88
18.546 5.732 0.464 62
18.459 5.752 0.455 65
18.482 5.746 0.457 70
18.544 5.741 0.464 63
18.591 5.737 0.469 74
18.549 5.751 0.464 66
18.493 5.755 0.458 71
18.587 5.721 0.469 66
18.423 5.746 0.452 76
18.536 5.731 0.464 64
18.519 5.753 0.461 79
18.520 5.752 0.461 79
18.490 5.750 0.458 71
18.553 5.730 0.465 63
18.531 5.749 0.462 67
18.562 5.732 0.466 65
18.447 5.735 0.454 73
18.527 5.763 0.461 80
18.476 5.755 0.456 66
18.555 5.758 0.464 65
18.585 5.721 0.469 65
18.547 5.755 0.464 65
18.557 5.750 0.465 65
18.472 5.754 0.456 64
18.537 5.742 0.463 65
18.513 5.759 0.460 88
18.483 5.754 0.457 64
18.543 5.753 0.463 68
18.547 5.748 0.464 67
18.475 5.744 0.457 65
18.487 5.733 0.459 70
18.488 5.747 0.458 72
18.497 5.742 0.459 78
18.506 5.741 0.460 77
18.571 5.753 0.466 67
18.551 5.726 0.465 63
18.589 5.734 0.469 68
18.497 5.744 0.459 75
18.465 5.694 0.466 85
18.403 5.724 0.454 103
18.401 5.733 0.452 102
18.417 5.692 0.463 96
18.462 5.678 0.470 82
18.505 5.717 0.463 68
18.563 5.709 0.470 61
18.503 5.699 0.468 69
18.414 5.722 0.455 95
18.397 5.705 0.458 98
18.438 5.723 0.457 94
18.395 5.687 0.463 103
18.539 5.722 0.465 62
18.416 5.732 0.453 101
18.442 5.729 0.456 75
18.575 5.715 0.469 66
18.415 5.691 0.463 96
18.412 5.702 0.460 97
18.430 5.675 0.468 89
18.430 5.679 0.467 89
18.413 5.700 0.461 97
18.399 5.708 0.458 99
18.474 5.707 0.464 71
18.497 5.700 0.467 68
18.520 5.720 0.464 67
18.438 5.727 0.456 87
18.434 5.722 0.457 90
18.410 5.664 0.470 93
18.406 5.707 0.458 99
18.399 5.713 0.457 99
18.425 5.714 0.458 93
18.406 5.721 0.455 100
18.470 5.700 0.465 76
18.396 5.682 0.464 102
18.510 5.702 0.468 71
18.440 5.697 0.464 90
18.449 5.723 0.458 77
18.420 5.696 0.462 95
18.434 5.676 0.468 91
18.487 5.688 0.469 78
18.484 5.704 0.465 71
18.498 5.722 0.462 66
18.482 5.716 0.462 70
18.523 5.708 0.467 63
18.398 5.701 0.459 98
18.533 5.698 0.470 42
18.398 5.691 0.462 97
18.401 5.678 0.466 95
18.437 5.698 0.463 89
18.483 5.713 0.463 70
18.467 5.728 0.458 69
18.397 5.660 0.470 97
18.478 5.698 0.466 74
18.453 5.733 0.456 71
18.460 5.709 0.462 82
18.454 5.726 0.457 71
18.512 5.693 0.470 66
18.554 5.709 0.469 48
18.498 5.715 0.464 67
18.483 5.725 0.460 66
18.415 5.701 0.461 97
18.458 5.685 0.468 84
18.419 5.679 0.467 95
18.460 5.688 0.467 84
18.519 5.700 0.469 73
18.440 5.691 0.465 87
18.415 5.716 0.457 96
18.513 5.705 0.467 67
18.449 5.685 0.467 87
18.537 5.712 0.467 64
18.402 5.688 0.463 94
18.419 5.731 0.453 100
18.515 5.712 0.465 66
18.428 5.735 0.453 84
18.395 5.697 0.460 96
18.394 5.693 0.461 101
18.553 5.712 0.468 60
18.495 5.725 0.461 70
18.475 5.701 0.465 75
18.562 5.714 0.468 65
18.449 5.679 0.469 87
18.407 5.686 0.464 97
18.512 5.696 0.469 46
18.517 5.694 0.470 57
18.440 5.679 0.468 88
18.453 5.734 0.455 71
18.425 5.693 0.464 89
18.445 5.696 0.464 90
18.430 5.706 0.461 88
18.424 5.714 0.458 93
18.490 5.714 0.463 69
18.195 5.609 0.433 64
18.305 5.575 0.411 43
18.262 5.589 0.420 69
18.326 5.568 0.410 75
18.269 5.586 0.421 54
18.296 5.578 0.412 22
18.309 5.575 0.407 64
18.310 5.574 0.406 80
18.237 5.597 0.424 57
18.183 5.613 0.437 56
18.289 5.582 0.405 16
18.258 5.591 0.414 62
18.335 5.566 0.407 90
18.258 5.590 0.420 66
18.273 5.586 0.413 31
18.268 5.586 0.419 61
18.304 5.575 0.411 43
18.336 5.566 0.405 105
18.194 5.614 0.429 63
18.191 5.618 0.426 59
18.213 5.617 0.413 60
18.217 5.607 0.422 53
18.248 5.602 0.408 59
18.180 5.615 0.436 55
18.203 5.617 0.419 65
18.209 5.615 0.417 61
18.279 5.586 0.404 40
18.216 5.616 0.411 57
18.194 5.619 0.422 59
18.241 5.597 0.417 56
18.244 5.603 0.408 60
18.197 5.613 0.427 61
18.208 5.620 0.412 64
18.251 5.599 0.409 64
18.254 5.599 0.407 64
18.183 5.614 0.435 56
18.249 5.605 0.403 58
18.222 5.614 0.410 56
18.223 5.620 0.403 57
18.570 5.637 0.806 111
18.551 5.620 0.802 114
18.583 5.637 0.807 119
18.603 5.621 0.803 109
18.557 5.626 0.803 116
18.543 5.615 0.801 102
18.565 5.615 0.801 106
18.596 5.635 0.806 120
18.611 5.625 0.804 109
18.589 5.622 0.803 109
18.576 5.632 0.805 121
18.620 5.629 0.805 123
18.577 5.644 0.808 118
18.570 5.635 0.806 112
18.595 5.623 0.803 113
18.598 5.634 0.806 125
18.562 5.622 0.803 110
18.542 5.615 0.800 102
18.372 5.581 0.422 89
18.369 5.609 0.439 97
18.384 5.654 0.467 91
18.386 5.654 0.467 90
18.364 5.653 0.466 97
18.361 5.600 0.433 86
18.328 5.581 0.421 84
18.328 5.636 0.455 102
18.262 5.627 0.449 100
18.384 5.644 0.461 85
18.358 5.581 0.421 83
18.333 5.609 0.439 93
18.309 5.582 0.422 38
18.292 5.626 0.449 96
18.316 5.617 0.443 102
18.273 5.609 0.438 92
18.273 5.618 0.444 99
18.354 5.573 0.416 96
18.353 5.599 0.433 78
18.314 5.583 0.422 25
18.286 5.580 0.420 17
18.263 5.609 0.437 91
18.297 5.577 0.419 21
18.186 5.617 0.441 85
18.369 5.635 0.455 95
18.315 5.577 0.418 93
18.286 5.584 0.422 11
18.369 5.581 0.421 90
18.336 5.594 0.429 78
18.310 5.616 0.443 101
18.295 5.611 0.439 100
18.335 5.623 0.448 100
18.366 5.589 0.427 80
18.257 5.606 0.435 79
18.212 5.610 0.438 97
18.316 5.599 0.432 80
18.268 5.631 0.452 92
18.346 5.643 0.460 99
18.330 5.620 0.445 97
18.359 5.629 0.451 99
18.341 5.589 0.426 78
18.325 5.578 0.419 91
18.267 5.620 0.445 99
18.207 5.617 0.442 108
18.383 5.643 0.460 85
18.371 5.568 0.414 15
18.217 5.606 0.435 113
18.303 5.639 0.457 95
18.317 5.594 0.429 69
18.350 5.587 0.425 87
18.353 5.576 0.419 98
18.332 5.617 0.444 97
18.372 5.594 0.429 60
18.253 5.601 0.433 104
18.340 5.616 0.443 98
18.372 5.639 0.458 96
18.337 5.578 0.419 104
18.278 5.604 0.435 72
18.349 5.583 0.423 82
18.280 5.622 0.446 95
18.353 5.627 0.450 101
18.381 5.621 0.446 95
18.363 5.588 0.426 86
18.243 5.626 0.448 103
18.361 5.616 0.443 101
18.233 5.618 0.443 100
18.382 5.572 0.416 32
18.379 5.569 0.414 19
18.358 5.612 0.441 102
18.297 5.610 0.439 100
18.290 5.615 0.442 96
18.289 5.584 0.423 16
18.308 5.617 0.444 101
18.236 5.618 0.443 105
18.367 5.588 0.426 80
18.254 5.626 0.448 103
18.318 5.618 0.444 102
18.219 5.614 0.440 93
18.266 5.607 0.437 91
18.347 5.572 0.416 89
18.358 5.609 0.439 102
18.288 5.596 0.430 98
18.279 5.617 0.443 94
18.353 5.585 0.424 84
18.285 5.603 0.435 58
18.368 5.578 0.419 96
18.341 5.579 0.420 80
18.201 5.618 0.442 85
18.219 5.608 0.437 100
18.298 5.614 0.442 105
18.329 5.574 0.417 78
18.365 5.572 0.416 82
18.379 5.578 0.420 101
18.174 5.615 0.440 56
18.320 5.578 0.419 90
18.359 5.651 0.465 94
18.356 5.615 0.442 102
18.359 5.617 0.444 101
18.371 5.616 0.443 98
18.347 5.586 0.425 85
18.192 5.613 0.439 100
18.348 5.601 0.434 89
18.364 5.634 0.454 97
18.367 5.642 0.459 98
18.311 5.632 0.453 97
18.332 5.583 0.423 72
18.291 5.585 0.423 16
18.288 5.621 0.446 95
18.351 5.591 0.428 85
18.358 5.608 0.438 98
18.309 5.640 0.458 97
18.383 5.607 0.438 90
18.275 5.602 0.434 76
18.373 5.568 0.414 15
18.262 5.631 0.452 97
18.377 5.585 0.424 77
18.383 5.597 0.431 58
18.379 5.654 0.467 91
18.320 5.572 0.416 80
18.378 5.596 0.431 63
18.320 5.590 0.427 17
18.365 5.583 0.423 83
18.303 5.589 0.426 9
18.299 5.578 0.419 19
18.252 5.628 0.449 103
18.295 5.619 0.444 96
18.303 5.640 0.458 99
18.274 5.629 0.451 91
18.303 5.622 0.446 100
18.315 5.656 0.462 103
18.230 5.639 0.451 98
18.257 5.695 0.462 121
18.277 5.655 0.458 87
18.276 5.686 0.463 102
18.217 5.713 0.461 114
18.220 5.704 0.460 93
18.238 5.645 0.452 93
18.198 5.632 0.447 116
18.232 5.653 0.453 98
18.302 5.695 0.467 97
18.198 5.662 0.451 94
18.251 5.645 0.454 87
18.251 5.723 0.466 78
18.219 5.707 0.460 100
18.197 5.652 0.450 103
18.306 5.645 0.459 100
18.201 5.642 0.448 104
18.209 5.681 0.455 92
18.310 5.649 0.460 102
18.257 5.638 0.453 91
18.201 5.714 0.460 82
18.194 5.640 0.447 96
18.292 5.669 0.462 105
18.228 5.670 0.455 110
18.208 5.709 0.460 90
18.244 5.715 0.464 108
18.224 5.671 0.455 99
18.279 5.642 0.456 90
18.277 5.646 0.457 89
18.237 5.648 0.453 93
18.203 5.679 0.454 57
18.284 5.702 0.466 116
18.216 5.673 0.455 97
18.216 5.715 0.461 111
18.197 5.671 0.453 54
18.287 5.655 0.459 98
18.199 5.667 0.452 102
18.311 5.652 0.461 100
18.312 5.665 0.463 101
18.224 5.716 0.462 86
18.309 5.661 0.462 109
18.193 5.683 0.454 93
18.351 5.657 0.466 95
18.220 5.699 0.459 112
18.273 5.711 0.467 120
18.193 5.664 0.451 96
18.356 5.654 0.466 95
18.224 5.701 0.460 104
18.201 5.623 0.445 87
18.296 5.694 0.466 92
18.305 5.659 0.462 109
18.319 5.676 0.465 102
18.349 5.668 0.467 99
18.317 5.644 0.460 105
18.228 5.643 0.451 93
18.384 5.659 0.469 93
18.191 5.676 0.453 17
18.231 5.675 0.457 99
18.306 5.681 0.465 102
18.249 5.642 0.453 92
18.207 5.704 0.459 116
18.204 5.656 0.451 99
18.250 5.723 0.466 78
18.287 5.656 0.459 98
18.210 5.667 0.453 123
18.184 5.657 0.449 66
18.263 5.671 0.459 98
18.219 5.720 0.462 99
18.218 5.680 0.456 89
18.335 5.682 0.468 95
18.202 5.712 0.460 82
18.332 5.651 0.463 99
18.301 5.677 0.464 103
18.206 5.725 0.462 114
18.347 5.668 0.467 99
18.186 5.651 0.448 96
18.320 5.670 0.465 100
18.241 5.669 0.457 112
18.262 5.686 0.462 92
18.243 5.659 0.455 96
18.331 5.678 0.467 98
18.181 5.649 0.448 77
18.262 5.661 0.458 94
18.205 5.700 0.458 106
18.195 5.629 0.446 114
18.344 5.662 0.466 97
18.322 5.684 0.467 98
18.286 5.664 0.460 100
18.235 5.728 0.465 113
18.272 5.679 0.461 88
18.294 5.696 0.466 88
18.274 5.708 0.466 102
18.207 5.721 0.461 108
18.346 5.658 0.465 100
18.176 5.624 0.443 100
18.262 5.668 0.458 102
18.375 5.666 0.469 88
18.288 5.664 0.460 100
18.210 5.714 0.461 101
18.341 5.658 0.465 99
18.325 5.672 0.465 104
18.296 5.685 0.465 103
18.223 5.686 0.457 93
18.216 5.635 0.449 101
18.227 5.666 0.455 94
18.347 5.674 0.468 100
18.284 5.661 0.460 98
18.276 5.663 0.459 96
18.292 5.693 0.465 96
18.260 5.654 0.456 91
18.278 5.689 0.464 96
18.270 5.680 0.461 88
18.242 5.724 0.465 95
18.203 5.703 0.458 117
18.247 5.724 0.466 81
18.240 5.690 0.460 119
18.287 5.666 0.461 100
18.218 5.723 0.463 104
18.218 5.646 0.451 101
18.252 5.686 0.460 114
18.329 5.655 0.463 108
18.219 5.640 0.450 93
18.310 5.649 0.460 102
18.342 5.672 0.467 100
18.297 5.645 0.458 99
18.221 5.629 0.448 103
18.202 5.632 0.447 108
18.219 5.657 0.452 92
18.200 5.682 0.455 110
18.321 5.655 0.462 102
18.248 5.685 0.460 110
18.216 5.696 0.458 112
18.401 5.580 0.456 69
18.399 5.602 0.461 77
18.391 5.632 0.457 86
18.393 5.582 0.440 52
18.389 5.622 0.451 93
18.387 5.578 0.427 62
18.397 5.578 0.447 55
18.392 5.585 0.440 42
18.388 5.625 0.450 92
18.387 5.587 0.431 83
18.395 5.569 0.439 26
18.403 5.577 0.457 83
18.400 5.576 0.450 63
18.396 5.581 0.445 45
18.398 5.600 0.458 75
18.387 5.615 0.444 92
18.392 5.596 0.445 78
18.401 5.604 0.464 77
18.388 5.582 0.432 65
18.395 5.592 0.449 54
18.392 5.579 0.438 30
18.389 5.571 0.429 21
18.190 5.709 0.449 98
18.197 5.705 0.457 108
18.179 5.666 0.444 25
18.201 5.718 0.459 110
18.180 5.678 0.442 15
18.170 5.626 0.441 34
18.185 5.689 0.446 109
18.171 5.635 0.440 26
18.178 5.670 0.442 19
18.182 5.704 0.441 107
18.188 5.679 0.451 36
18.182 5.709 0.440 104
18.177 5.666 0.441 14
18.180 5.681 0.442 17
18.178 5.677 0.441 11
18.183 5.686 0.445 86
18.175 5.646 0.443 34
18.186 5.669 0.451 18
18.152 5.647 0.440 12
18.173 5.688 0.438 28
18.152 5.645 0.440 13
18.162 5.630 0.441 45
18.150 5.635 0.441 59
18.166 5.637 0.440 26
18.135 5.639 0.441 67
18.153 5.659 0.439 21
18.154 5.638 0.440 25
18.141 5.634 0.441 60
18.156 5.634 0.441 38
18.146 5.663 0.439 11
18.138 5.632 0.441 58
18.147 5.628 0.441 57
18.170 5.652 0.440 24
18.154 5.663 0.439 18
18.172 5.671 0.439 4
18.159 5.633 0.441 34
18.149 5.665 0.439 14
18.153 5.640 0.440 36
18.167 5.675 0.438 15
18.136 5.635 0.441 64
18.155 5.635 0.440 38
18.233 5.867 0.444 62
18.269 5.871 0.442 78
18.289 5.879 0.440 76
18.284 5.873 0.442 84
18.246 5.868 0.444 69
18.279 5.871 0.442 85
18.288 5.882 0.439 72
18.269 5.869 0.443 74
18.259 5.866 0.444 71
18.274 5.870 0.443 81
18.287 5.877 0.441 80
18.289 5.881 0.439 76
18.261 5.873 0.442 73
18.299 5.869 0.443 89
18.423 5.915 0.439 93
18.363 5.893 0.442 87
18.417 5.906 0.442 98
18.388 5.905 0.439 89
18.384 5.902 0.440 89
18.394 5.907 0.439 90
18.401 5.905 0.441 92
18.369 5.902 0.439 86
18.383 5.897 0.443 90
18.380 5.901 0.440 88
18.362 5.898 0.440 87
18.373 5.908 0.436 84
18.398 5.912 0.437 89
18.397 5.900 0.443 94
18.371 5.894 0.443 90
18.404 5.908 0.440 91
18.360 5.901 0.438 87
18.410 5.919 0.436 83
18.411 5.917 0.436 89
18.417 5.897 0.447 110
18.228 5.914 0.445 60
18.235 5.882 0.443 61
18.222 5.940 0.446 53
18.246 5.951 0.444 55
18.273 5.902 0.440 65
18.212 5.891 0.446 55
18.234 5.946 0.445 54
18.215 5.897 0.446 54
18.276 5.912 0.440 62
18.218 5.967 0.448 60
18.292 5.895 0.437 67
18.219 5.916 0.446 60
18.202 5.966 0.449 58
18.223 5.949 0.447 54
18.294 5.893 0.437 67
18.234 5.939 0.445 52
18.213 5.951 0.448 53
18.209 5.933 0.448 54
18.195 6.007 0.451 66
18.237 5.955 0.445 56
18.240 5.944 0.445 55
18.268 5.906 0.440 61
18.221 5.979 0.448 62
18.228 5.909 0.445 60
18.274 5.905 0.440 64
18.214 5.891 0.446 55
18.258 5.902 0.441 61
18.237 5.887 0.443 62
18.273 5.887 0.439 70
18.241 5.886 0.443 63
18.204 6.002 0.450 66
18.223 5.902 0.445 59
18.249 5.942 0.443 54
18.267 5.926 0.441 58
18.204 6.000 0.450 65
18.256 5.905 0.442 59
18.270 5.925 0.441 60
18.281 5.910 0.439 65
18.250 5.881 0.442 64
18.270 5.916 0.440 60
18.236 5.888 0.443 62
18.215 5.963 0.448 58
18.210 5.963 0.448 57
18.226 5.954 0.446 55
18.274 5.903 0.440 65
18.249 5.953 0.444 57
18.220 5.963 0.447 58
18.241 5.899 0.443 62
18.236 5.878 0.443 58
18.222 5.881 0.445 59
18.241 5.939 0.444 53
18.216 5.903 0.446 60
18.256 5.902 0.442 61
18.234 5.938 0.445 52
18.200 6.002 0.451 66
18.238 5.907 0.444 60
18.197 6.012 0.451 65
18.206 5.909 0.447 62
18.248 5.945 0.444 54
18.212 5.865 0.445 49
18.209 5.886 0.446 55
18.250 5.948 0.444 55
18.196 6.005 0.451 66
18.232 5.923 0.445 57
18.236 5.922 0.444 56
18.272 5.914 0.440 62
18.234 5.916 0.444 59
18.199 5.989 0.450 63
18.202 5.986 0.450 64
18.252 5.907 0.442 58
18.239 5.921 0.444 56
18.213 5.909 0.447 64
18.226 5.950 0.446 54
18.206 5.885 0.446 51
18.180 5.927 0.440 39
18.201 5.880 0.444 43
18.209 5.872 0.446 50
18.204 5.868 0.444 43
18.198 5.914 0.445 57
18.204 5.868 0.444 43
18.176 5.850 0.433 20
18.194 5.968 0.448 54
18.194 5.936 0.446 49
18.172 5.849 0.432 19
18.188 5.976 0.447 51
18.184 5.950 0.444 45
18.204 5.875 0.444 45
18.192 6.006 0.450 65
18.186 5.875 0.438 27
18.185 5.883 0.439 28
18.174 5.864 0.434 20
18.205 5.872 0.444 48
18.185 5.855 0.437 22
18.198 5.911 0.445 56
18.195 5.913 0.444 52
18.189 5.918 0.443 49
18.188 5.869 0.439 30
18.184 5.898 0.439 27
18.179 5.876 0.436 23
18.202 5.902 0.446 53
18.193 5.876 0.441 32
18.199 5.913 0.446 57
18.194 5.964 0.448 55
18.210 5.868 0.446 47
18.182 5.880 0.438 25
18.166 5.836 0.429 13
18.177 5.891 0.437 24
18.171 5.864 0.433 18
18.185 5.894 0.439 29
18.189 5.870 0.439 30
18.177 5.888 0.436 23
18.196 5.992 0.451 62
18.189 5.983 0.447 51
18.413 6.000 0.542 87
18.433 5.992 0.551 87
18.408 6.012 0.534 80
18.415 6.014 0.534 81
18.385 6.002 0.535 79
18.408 6.014 0.533 80
18.444 6.027 0.532 90
18.432 6.028 0.529 93
18.451 6.009 0.545 91
18.408 6.015 0.532 82
18.381 5.997 0.537 82
18.432 6.023 0.532 91
18.404 5.995 0.543 84
18.440 6.008 0.543 92
18.441 6.016 0.539 93
18.391 6.002 0.536 78
18.439 6.031 0.529 95
18.406 6.000 0.541 85
18.421 6.016 0.534 88
18.424 6.009 0.539 87
18.426 6.006 0.541 90
18.416 6.014 0.534 81
18.391 6.000 0.538 78
18.404 5.994 0.544 84
18.393 5.998 0.539 81
18.257 5.975 0.446 71
18.326 5.920 0.438 80
18.376 5.922 0.437 79
18.411 5.926 0.436 79
18.256 5.954 0.444 59
18.310 5.897 0.436 75
18.357 5.924 0.438 78
18.292 5.938 0.441 70
18.344 5.921 0.438 77
18.289 5.959 0.443 81
18.307 5.948 0.441 84
18.232 5.982 0.447 65
18.340 5.939 0.440 79
18.304 5.925 0.439 74
18.336 5.956 0.441 83
18.390 5.927 0.437 78
18.350 5.928 0.438 77
18.299 5.966 0.444 93
18.315 5.942 0.441 82
18.213 5.999 0.449 63
18.402 5.919 0.436 83
18.306 5.933 0.440 76
18.334 5.939 0.440 81
18.284 5.929 0.440 64
18.266 5.976 0.446 79
18.252 5.977 0.446 71
18.395 5.923 0.436 80
18.235 5.979 0.447 64
18.219 5.998 0.449 65
18.403 5.924 0.436 81
18.280 5.922 0.440 64
18.341 5.928 0.438 77
18.352 5.914 0.437 81
18.380 5.918 0.436 80
18.370 5.911 0.436 82
18.374 5.922 0.437 79
18.367 5.941 0.439 79
18.383 5.934 0.438 80
18.293 5.913 0.439 69
18.277 5.976 0.445 87
18.408 5.919 0.435 83
18.264 5.976 0.446 79
18.304 5.924 0.439 74
18.248 5.970 0.445 64
18.318 5.931 0.439 77
18.306 5.919 0.439 78
18.223 6.006 0.450 70
18.301 5.938 0.441 78
18.373 5.921 0.437 79
18.219 6.001 0.449 65
18.246 5.976 0.446 67
18.242 5.998 0.448 71
18.318 5.956 0.442 87
18.285 5.946 0.442 73
18.245 5.981 0.447 68
18.374 5.929 0.437 77
18.401 5.922 0.436 81
18.346 5.953 0.441 82
18.256 5.950 0.443 58
18.291 5.946 0.442 75
18.387 5.934 0.437 79
18.337 5.952 0.441 83
18.284 5.927 0.440 64
18.284 5.939 0.441 67
18.271 5.985 0.446 83
18.246 5.973 0.446 65
18.304 5.919 0.439 75
18.354 5.926 0.438 77
18.389 5.931 0.437 79
18.318 5.939 0.440 81
18.350 5.932 0.439 77
18.261 5.965 0.445 68
18.337 5.911 0.437 85
18.254 5.950 0.443 57
18.384 5.939 0.438 81
18.363 5.942 0.439 79
18.296 5.969 0.444 94
18.301 5.939 0.441 78
18.269 5.935 0.441 57
18.324 5.910 0.437 83
18.272 5.928 0.441 60
18.261 5.950 0.443 60
18.301 5.931 0.440 73
18.365 5.938 0.439 79
18.298 5.902 0.437 73
18.273 5.936 0.441 61
18.300 5.966 0.443 93
18.332 5.919 0.438 81
18.392 5.920 0.436 80
18.364 5.922 0.437 78
18.287 5.975 0.445 93
18.272 5.975 0.445 83
18.248 5.969 0.445 63
18.595 6.005 0.528 73
18.603 5.991 0.542 67
18.605 5.982 0.553 126
18.599 5.996 0.537 54
18.606 5.981 0.554 126
18.599 5.999 0.533 33
18.593 6.006 0.528 109
18.583 6.007 0.535 133
18.587 6.013 0.523 140
18.605 5.987 0.545 90
18.561 6.028 0.522 128
18.579 6.017 0.524 142
18.580 6.014 0.527 146
18.505 6.022 0.530 106
18.528 6.005 0.542 101
18.497 5.986 0.558 53
18.536 6.008 0.539 124
18.548 6.042 0.512 114
18.543 6.037 0.517 113
18.529 6.011 0.537 106
18.478 5.995 0.552 59
18.504 6.016 0.535 109
18.466 5.990 0.556 44
18.511 5.989 0.555 53
18.515 6.012 0.537 108
18.521 6.000 0.546 79
18.597 5.986 0.553 108
18.546 5.992 0.551 62
18.570 6.003 0.541 98
18.543 5.995 0.549 64
18.541 6.044 0.511 114
18.546 6.041 0.513 115
18.568 6.008 0.537 108
18.570 5.986 0.554 81
18.545 5.981 0.560 62
18.522 6.019 0.531 115
18.536 6.040 0.514 114
18.539 6.014 0.535 121
18.551 6.022 0.528 127
18.504 6.019 0.533 107
18.491 5.994 0.552 50
18.520 5.985 0.558 71
18.503 6.003 0.545 87
18.504 6.009 0.540 110
18.514 6.000 0.547 71
18.553 6.024 0.526 130
18.531 5.989 0.554 67
18.559 6.016 0.532 136
18.521 6.027 0.525 114
18.518 6.019 0.532 116
18.540 6.003 0.543 94
18.522 5.988 0.555 70
18.523 6.031 0.522 110
18.566 6.015 0.532 134
18.605 5.974 0.561 183
18.558 6.030 0.521 119
18.532 6.025 0.526 107
18.543 6.016 0.533 124
18.568 5.980 0.559 99
18.489 6.000 0.548 87
18.479 6.004 0.545 97
18.544 6.027 0.524 110
18.521 6.025 0.527 116
18.480 5.997 0.551 64
18.565 6.001 0.543 100
18.552 6.024 0.526 123
18.551 6.012 0.535 134
18.552 5.985 0.556 68
18.587 5.985 0.554 96
18.571 5.994 0.548 83
18.484 6.005 0.544 102
18.570 5.991 0.550 84
18.497 6.016 0.535 105
18.530 5.990 0.553 67
18.491 6.004 0.545 100
18.555 6.002 0.542 101
18.552 5.995 0.548 66
18.569 6.009 0.536 108
18.568 6.020 0.528 135
18.526 5.926 0.446 73
18.556 5.989 0.455 74
18.555 5.951 0.451 68
18.487 5.966 0.445 79
18.526 5.963 0.449 73
18.569 5.967 0.454 72
18.552 5.954 0.451 71
18.531 5.931 0.447 74
18.570 6.013 0.458 79
18.430 5.925 0.436 85
18.498 5.959 0.446 78
18.555 5.952 0.451 69
18.565 5.979 0.455 76
18.524 5.968 0.450 75
18.521 5.960 0.449 74
18.516 5.974 0.449 80
18.544 5.937 0.449 71
18.573 5.931 0.452 68
18.546 5.959 0.451 74
18.518 5.960 0.448 75
18.502 5.927 0.444 76
18.567 5.942 0.452 67
18.520 5.989 0.451 81
18.465 5.933 0.440 84
18.498 5.963 0.446 78
18.567 6.015 0.458 80
18.464 5.928 0.440 84
18.496 5.951 0.445 80
18.545 5.941 0.449 71
18.568 6.004 0.457 78
18.515 5.933 0.446 74
18.497 5.944 0.445 80
18.509 5.933 0.445 74
18.537 5.960 0.450 73
18.508 5.926 0.444 74
18.539 6.000 0.454 80
18.470 5.945 0.442 81
18.477 5.947 0.443 82
18.524 5.986 0.451 81
18.490 5.936 0.443 78
18.534 5.967 0.451 74
18.531 5.986 0.452 75
18.507 5.939 0.445 75
18.557 5.924 0.449 65
18.485 5.940 0.443 81
18.560 6.014 0.457 83
18.462 5.934 0.440 84
18.557 6.000 0.456 75
18.502 5.932 0.444 76
18.472 5.933 0.441 82
18.505 5.946 0.446 78
18.560 5.969 0.453 74
18.544 5.987 0.453 74
18.550 6.003 0.455 78
18.520 5.936 0.446 73
18.562 6.003 0.456 76
18.529 5.949 0.449 74
18.496 5.927 0.443 77
18.531 5.936 0.448 73
18.539 5.979 0.452 74
18.553 5.963 0.452 73
18.436 5.930 0.437 85
18.455 5.930 0.439 84
18.477 5.947 0.443 81
18.520 5.927 0.446 74
18.569 5.974 0.455 75
18.494 5.943 0.444 80
18.512 5.953 0.447 74
18.562 5.928 0.450 65
18.538 5.999 0.454 80
18.554 5.965 0.452 74
18.531 5.935 0.448 73
18.541 5.957 0.450 74
18.492 5.956 0.445 80
18.501 5.935 0.444 75
18.542 5.955 0.450 74
18.553 5.975 0.453 74
18.517 5.968 0.449 78
18.492 6.023 0.468 92
18.472 6.032 0.474 83
18.513 6.067 0.483 117
18.467 5.960 0.445 77
18.487 6.030 0.471 95
18.449 5.992 0.460 79
18.487 6.028 0.470 94
18.443 5.975 0.454 73
18.540 6.032 0.466 96
18.559 6.028 0.462 90
18.513 6.023 0.465 95
18.490 6.032 0.471 93
18.508 6.018 0.464 96
18.559 6.031 0.463 95
18.531 6.041 0.470 93
18.452 5.963 0.448 76
18.485 6.037 0.474 91
18.495 6.062 0.483 133
18.434 5.940 0.441 81
18.489 6.018 0.466 92
18.513 6.040 0.472 93
18.471 5.990 0.457 83
18.476 5.975 0.450 81
18.454 6.000 0.463 78
18.501 6.058 0.481 118
18.502 6.046 0.476 88
18.554 6.016 0.457 86
18.464 5.957 0.444 77
18.489 6.056 0.482 114
18.481 5.996 0.458 88
18.490 6.053 0.480 114
18.497 6.041 0.474 89
18.483 6.037 0.474 91
18.500 6.035 0.472 93
18.492 6.053 0.480 106
18.445 5.975 0.454 73
18.491 6.017 0.466 92
18.506 6.025 0.467 93
18.563 6.021 0.458 89
18.463 6.018 0.469 89
18.539 6.013 0.458 82
18.525 6.001 0.455 86
18.492 6.031 0.471 92
18.497 5.993 0.455 88
18.491 5.974 0.448 80
18.486 6.073 0.489 124
18.454 5.945 0.441 79
18.474 6.045 0.479 96
18.448 5.962 0.448 75
18.489 6.001 0.459 90
18.470 5.994 0.459 85
18.512 6.055 0.478 102
18.522 6.027 0.466 95
18.475 6.050 0.481 110
18.462 5.956 0.444 78
18.472 5.978 0.452 82
18.510 6.022 0.465 95
18.548 6.028 0.463 89
18.514 5.996 0.454 85
18.480 6.050 0.480 101
18.487 6.027 0.470 94
18.483 5.967 0.446 79
18.529 6.015 0.460 93
18.477 6.031 0.473 88
18.490 6.023 0.468 93
18.466 5.953 0.442 80
18.447 5.939 0.439 81
18.481 6.068 0.487 124
18.529 6.033 0.467 99
18.527 6.050 0.474 85
18.489 6.046 0.478 90
18.507 6.071 0.485 129
18.484 5.994 0.457 87
18.476 5.973 0.449 79
18.529 6.032 0.467 98
18.473 6.047 0.480 105
18.442 5.936 0.438 83
18.541 6.026 0.463 87
18.534 6.040 0.470 94
18.458 5.983 0.456 82
18.479 6.050 0.480 106
18.501 5.988 0.452 86
18.520 6.061 0.480 110
18.451 5.966 0.449 78
18.507 6.016 0.463 92
18.488 6.085 0.493 110
18.506 6.040 0.473 92
18.521 5.997 0.454 86
18.447 5.979 0.455 77
18.544 6.036 0.466 92
18.521 6.050 0.475 95
18.553 6.036 0.466 93
18.507 5.994 0.454 88
18.511 6.050 0.476 95
18.461 5.980 0.454 83
18.464 6.005 0.464 85
18.458 5.956 0.445 76
18.502 6.044 0.475 88
18.470 6.009 0.465 89
18.435 5.933 0.438 84
18.475 5.971 0.449 79
18.423 5.992 0.452 77
18.436 5.968 0.450 74
18.427 5.944 0.442 76
18.442 6.004 0.461 80
18.415 6.015 0.456 74
18.427 6.032 0.464 79
18.420 6.005 0.455 72
18.440 6.043 0.470 79
18.429 6.025 0.463 78
18.464 6.066 0.483 130
18.409 6.039 0.460 75
18.463 6.056 0.481 112
18.454 6.050 0.476 92
18.426 6.042 0.466 79
18.411 6.007 0.453 76
18.395 6.014 0.450 80
18.435 6.025 0.464 82
18.441 5.993 0.458 82
18.440 6.024 0.466 84
18.421 5.933 0.437 80
18.428 5.952 0.444 73
18.423 6.065 0.471 64
18.438 6.046 0.471 81
18.420 5.937 0.438 80
18.396 6.022 0.452 93
18.425 5.996 0.454 75
18.434 6.045 0.469 80
18.432 6.043 0.468 80
18.428 6.067 0.473 61
18.473 6.062 0.485 129
18.458 6.064 0.481 128
18.433 6.033 0.466 82
18.480 6.079 0.492 110
18.456 6.048 0.476 94
18.423 6.060 0.470 83
18.415 5.963 0.443 81
18.423 5.964 0.446 72
18.427 6.028 0.463 79
18.403 6.011 0.451 74
18.419 6.002 0.454 72
18.417 6.049 0.465 72
18.424 5.988 0.452 78
18.422 6.044 0.465 77
18.465 6.040 0.477 98
18.422 5.986 0.451 74
18.421 5.974 0.447 73
18.417 5.994 0.451 74
18.427 6.048 0.468 77
18.458 6.051 0.478 100
18.450 6.016 0.467 86
18.433 6.027 0.464 82
18.413 6.057 0.466 82
18.464 6.063 0.483 130
18.466 6.073 0.486 128
18.444 6.069 0.478 126
18.438 6.064 0.475 109
18.445 6.062 0.477 112
18.471 6.061 0.484 129
18.455 6.034 0.473 79
18.436 5.984 0.454 77
18.413 6.007 0.453 78
18.395 6.029 0.454 41
18.422 5.959 0.444 77
18.453 6.078 0.483 56
18.441 6.062 0.476 103
18.429 6.026 0.463 78
18.414 6.027 0.459 76
18.424 6.001 0.455 74
18.419 5.984 0.449 72
18.468 6.054 0.481 117
18.447 6.002 0.462 86
18.423 6.037 0.464 82
18.430 5.958 0.446 73
18.459 6.066 0.482 130
18.414 5.980 0.447 68
18.426 5.966 0.447 73
18.458 6.035 0.474 80
18.426 6.043 0.466 78
18.463 6.058 0.481 118
18.433 6.048 0.469 79
18.456 6.038 0.474 77
18.218 6.010 0.450 64
18.378 5.954 0.440 82
18.278 6.016 0.451 76
18.363 5.991 0.446 81
18.337 6.027 0.452 100
18.230 6.018 0.451 67
18.276 5.998 0.448 84
18.320 6.011 0.450 95
18.315 6.001 0.448 99
18.279 6.032 0.453 31
18.347 6.015 0.450 90
18.318 6.022 0.451 108
18.280 5.990 0.447 87
18.401 5.971 0.443 82
18.321 5.983 0.445 93
18.304 5.985 0.446 97
18.369 5.973 0.443 80
18.402 5.973 0.443 81
18.314 5.996 0.447 97
18.391 5.943 0.439 83
18.403 5.943 0.438 84
18.371 6.005 0.448 81
18.299 6.022 0.452 95
18.328 6.036 0.453 23
18.247 6.000 0.449 74
18.374 5.997 0.447 80
18.273 6.017 0.451 70
18.333 6.033 0.453 38
18.355 6.005 0.448 87
18.275 6.006 0.449 81
18.276 5.993 0.447 84
18.316 6.001 0.448 99
18.336 6.000 0.448 94
18.372 6.030 0.452 43
18.350 6.041 0.454 18
18.246 6.011 0.450 69
18.350 6.020 0.451 98
18.280 6.019 0.451 82
18.362 5.955 0.441 81
18.360 6.033 0.453 13
18.413 5.949 0.439 82
18.331 5.965 0.443 88
18.291 6.017 0.451 85
18.320 5.985 0.446 94
18.283 6.001 0.448 86
18.305 5.996 0.448 97
18.400 5.939 0.438 84
18.374 5.988 0.446 83
18.317 6.035 0.453 34
18.400 5.974 0.443 81
18.317 6.004 0.449 98
18.365 6.006 0.448 83
18.395 5.983 0.445 81
18.261 6.009 0.450 74
18.275 6.008 0.450 80
18.225 6.007 0.450 70
18.269 6.032 0.453 32
18.313 6.025 0.452 99
18.377 5.942 0.439 80
18.389 6.026 0.451 67
18.251 6.021 0.452 73
18.379 5.967 0.442 82
18.406 5.959 0.441 84
18.349 5.999 0.447 85
18.369 6.050 0.455 78
18.410 5.963 0.441 84
18.334 6.009 0.449 96
18.242 6.020 0.452 61
18.374 5.994 0.447 81
18.257 6.024 0.452 81
18.344 5.961 0.442 83
18.348 5.960 0.442 82
18.317 6.012 0.450 95
18.359 6.006 0.448 87
18.398 5.945 0.439 84
18.320 5.999 0.448 99
18.305 5.988 0.446 98
18.374 6.038 0.453 17
18.231 6.022 0.452 70
18.324 5.972 0.444 93
18.243 6.020 0.452 61
18.361 5.998 0.447 84
18.343 6.041 0.454 18
18.338 5.995 0.447 92
18.343 5.975 0.444 87
18.365 5.963 0.442 83
18.412 5.949 0.439 82
18.349 5.981 0.445 86
18.238 6.004 0.449 72
18.391 5.956 0.441 82
18.319 5.969 0.443 92
18.350 6.000 0.448 86
18.288 6.007 0.449 88
18.297 6.037 0.454 13
18.395 5.980 0.444 81
18.323 5.982 0.445 92
18.391 6.015 0.449 79
18.384 6.000 0.447 77
18.272 5.987 0.447 82
18.398 5.961 0.441 84
18.294 5.983 0.446 95
18.258 6.004 0.449 74
18.298 6.035 0.453 27
18.357 5.982 0.445 84
18.281 6.011 0.450 82
18.302 6.036 0.454 25
18.349 6.029 0.452 70
18.266 5.998 0.448 79
18.232 6.022 0.452 71
18.361 6.026 0.451 81
18.364 6.022 0.451 96
18.276 6.014 0.451 74
18.401 5.990 0.446 78
18.327 5.981 0.445 91
18.388 5.960 0.441 82
18.318 6.019 0.451 105
18.253 6.002 0.449 73
18.217 6.011 0.451 64
18.299 5.979 0.445 96
18.340 5.999 0.448 89
18.384 6.035 0.453 28
18.357 6.007 0.449 90
18.388 5.984 0.445 81
18.331 6.010 0.449 96
18.274 5.998 0.448 81
18.375 5.998 0.447 80
18.342 6.044 0.454 36
18.384 5.988 0.445 82
18.257 6.022 0.452 71
18.357 5.973 0.443 84
18.389 5.953 0.440 82
18.528 6.045 0.508 110
18.495 6.017 0.534 105
18.529 6.043 0.511 110
18.487 6.018 0.533 104
18.525 6.043 0.511 107
18.527 6.041 0.513 110
18.480 6.011 0.539 103
18.523 6.037 0.517 107
18.493 6.023 0.528 105
18.500 6.025 0.526 105
18.464 6.011 0.541 94
18.494 6.034 0.519 104
18.452 6.011 0.543 91
18.486 6.021 0.529 102
18.461 6.033 0.527 93
18.498 6.034 0.518 105
18.466 6.009 0.542 95
18.472 6.011 0.539 101
18.454 6.030 0.531 94
18.466 6.023 0.533 93
18.482 6.030 0.524 98
18.454 6.003 0.549 85
18.482 6.019 0.532 102
18.464 6.006 0.544 98
18.452 6.011 0.544 91
18.483 6.035 0.521 100
18.452 6.021 0.536 91
18.478 6.033 0.523 99
18.422 6.029 0.518 89
18.432 6.031 0.524 86
18.422 6.029 0.519 89
18.434 6.036 0.516 90
18.414 6.021 0.529 79
18.389 6.019 0.513 99
18.374 6.005 0.527 87
18.361 5.999 0.529 75
18.376 6.008 0.525 90
18.390 6.014 0.522 99
18.400 6.021 0.517 110
18.360 5.997 0.532 79
18.401 6.017 0.526 82
18.409 6.029 0.508 127
18.422 6.028 0.521 89
18.400 6.016 0.526 82
18.425 6.036 0.508 98
18.390 6.018 0.516 99
18.419 6.025 0.524 82
18.411 6.033 0.502 126
18.410 6.084 0.456 32
18.404 6.064 0.463 67
18.421 6.081 0.465 41
18.399 6.068 0.459 63
18.415 6.070 0.466 53
18.462 6.084 0.487 36
18.395 6.082 0.449 42
18.401 6.074 0.457 61
18.436 6.077 0.475 54
18.385 6.063 0.453 67
18.456 6.083 0.484 34
18.447 6.083 0.479 38
18.391 6.071 0.452 56
18.438 6.081 0.474 46
18.396 6.073 0.454 57
18.393 6.058 0.460 70
18.400 6.071 0.457 59
18.406 6.074 0.488 119
18.412 6.084 0.483 103
18.414 6.081 0.483 131
18.420 6.082 0.481 137
18.419 6.074 0.484 131
18.415 6.043 0.493 128
18.417 6.059 0.488 131
18.415 6.076 0.484 132
18.378 6.021 0.515 107
18.391 6.057 0.499 77
18.407 6.045 0.496 128
18.404 6.039 0.498 121
18.393 6.044 0.502 124
18.393 6.040 0.503 117
18.389 6.025 0.509 103
18.399 6.040 0.501 115
18.398 6.076 0.490 53
18.388 6.040 0.505 119
18.402 6.063 0.492 129
18.394 6.059 0.497 91
18.401 6.047 0.497 120
18.402 6.066 0.492 124
18.378 6.034 0.511 68
18.386 6.071 0.497 74
18.409 6.037 0.497 126
18.386 6.028 0.510 108
18.385 6.040 0.506 122
18.403 6.071 0.490 110
18.388 6.070 0.496 74
18.388 6.024 0.510 100
18.403 6.066 0.491 124
18.393 6.051 0.500 121
18.397 6.076 0.491 53
18.389 6.027 0.509 102
18.346 6.030 0.520 91
18.346 6.050 0.512 95
18.363 6.028 0.518 79
18.342 6.077 0.502 97
18.376 6.080 0.496 78
18.327 6.045 0.517 96
18.341 6.030 0.521 92
18.324 6.061 0.511 94
18.345 6.073 0.503 98
18.316 6.066 0.510 93
18.333 6.045 0.516 96
18.361 6.047 0.511 89
18.366 6.066 0.503 84
18.348 6.062 0.507 97
18.339 6.078 0.502 96
18.321 6.070 0.508 90
18.381 6.074 0.497 74
18.377 6.057 0.505 73
18.333 6.063 0.509 96
18.354 6.039 0.515 91
18.360 6.014 0.524 78
18.388 6.085 0.492 81
18.347 6.075 0.502 99
18.356 6.041 0.514 90
18.313 6.077 0.506 91
18.324 6.064 0.510 93
18.386 6.086 0.492 81
18.346 6.024 0.523 90
18.374 6.084 0.494 82
18.322 6.070 0.507 91
18.332 6.053 0.513 96
18.377 6.062 0.503 73
18.314 6.083 0.503 87
18.337 6.080 0.501 96
18.325 6.052 0.514 95
18.320 6.074 0.506 90
18.322 6.069 0.508 91
18.349 6.080 0.499 100
18.387 6.083 0.493 79
18.329 5.996 0.536 92
18.326 6.030 0.523 100
18.328 6.003 0.534 96
18.286 6.058 0.518 97
18.268 6.005 0.541 103
18.284 6.047 0.522 98
18.304 6.018 0.531 100
18.297 6.001 0.539 93
18.286 6.079 0.509 96
18.280 5.997 0.543 93
18.277 5.999 0.542 95
18.313 6.028 0.525 101
18.313 6.042 0.520 98
18.307 6.047 0.519 97
18.305 6.061 0.513 96
18.298 6.007 0.536 96
18.279 6.016 0.535 98
18.324 6.011 0.531 103
18.295 6.027 0.528 98
18.302 6.009 0.535 97
18.295 6.048 0.520 97
18.293 6.043 0.522 98
18.339 6.010 0.529 89
18.282 6.031 0.529 98
18.311 6.058 0.514 96
18.303 5.996 0.540 92
18.302 6.009 0.535 97
18.295 6.037 0.524 98
18.284 6.012 0.536 96
18.306 6.030 0.526 100
18.301 6.040 0.523 99
18.348 6.002 0.531 83
18.335 6.001 0.533 89
18.267 6.008 0.540 103
18.322 5.999 0.536 99
18.333 6.008 0.531 93
18.279 6.023 0.532 99
18.327 6.004 0.533 96
18.343 6.001 0.532 86
18.283 6.016 0.534 97
18.313 6.024 0.527 102
18.328 6.016 0.528 100
18.283 6.035 0.527 98
18.288 6.068 0.513 97
18.289 6.013 0.535 95
18.310 6.073 0.508 93
18.316 6.039 0.521 99
18.310 6.000 0.537 96
18.328 6.003 0.534 96
18.335 6.005 0.532 90
18.341 6.005 0.531 86
18.331 6.019 0.527 98
18.280 6.017 0.534 97
18.304 6.056 0.516 97
18.305 6.036 0.523 99
18.244 6.027 0.536 101
18.265 6.081 0.512 104
18.237 6.029 0.537 81
18.264 6.026 0.533 104
18.230 6.048 0.530 75
18.258 6.068 0.518 108
18.241 6.063 0.523 95
18.275 6.074 0.513 100
18.249 6.009 0.543 111
18.231 6.064 0.524 81
18.273 6.067 0.516 101
18.239 6.052 0.527 85
18.248 6.042 0.530 107
18.227 6.051 0.529 79
18.261 6.064 0.519 106
18.255 6.028 0.534 115
18.261 6.047 0.526 109
18.272 6.046 0.524 102
18.248 6.057 0.524 105
18.262 6.031 0.532 108
18.259 6.079 0.513 106
18.278 6.073 0.513 99
18.260 5.999 0.544 106
18.261 6.075 0.515 105
18.246 6.062 0.522 104
18.258 6.046 0.527 111
18.254 6.047 0.527 111
18.255 6.022 0.537 117
18.262 6.060 0.521 106
18.263 6.031 0.532 108
18.261 6.013 0.539 106
18.257 6.064 0.520 108
18.277 6.051 0.521 101
18.234 6.052 0.528 80
18.232 6.031 0.537 72
18.258 6.033 0.532 114
18.250 6.069 0.519 106
18.249 6.042 0.530 107
18.259 6.070 0.517 106
18.284 6.082 0.508 95
18.378 6.073 0.455 56
18.382 6.065 0.453 67
18.382 6.061 0.454 71
18.385 6.080 0.449 51
18.381 6.058 0.455 82
18.381 6.075 0.453 53
18.319 6.083 0.432 39
18.342 6.084 0.445 30
18.337 6.078 0.441 50
18.334 6.085 0.441 27
18.320 6.079 0.432 47
18.318 6.082 0.432 42
18.322 6.075 0.431 53
18.325 6.084 0.436 38
18.318 6.077 0.430 53
18.338 6.085 0.443 29
18.324 6.079 0.434 45
18.324 6.078 0.433 48
18.328 6.080 0.436 44
18.363 6.082 0.455 43
18.376 6.065 0.457 71
18.271 6.081 0.419 48
18.256 6.050 0.439 36
18.283 6.045 0.446 31
18.262 6.061 0.432 43
18.265 6.077 0.421 41
18.299 6.059 0.439 57
18.256 6.061 0.432 31
18.227 6.039 0.443 30
18.262 6.047 0.442 26
18.246 6.051 0.437 34
18.261 6.050 0.439 45
18.214 6.027 0.449 58
18.284 6.042 0.449 21
18.340 6.063 0.442 59
18.266 6.065 0.430 43
18.329 6.064 0.440 56
18.237 6.047 0.438 25
18.238 6.028 0.452 68
18.249 6.036 0.448 28
18.248 6.045 0.442 21
18.363 6.055 0.452 81
18.316 6.051 0.447 57
18.320 6.071 0.434 50
18.358 6.058 0.449 73
18.287 6.042 0.449 19
18.290 6.085 0.419 48
18.269 6.055 0.437 54
18.241 6.029 0.452 69
18.317 6.066 0.437 56
18.297 6.071 0.430 50
18.278 6.066 0.431 51
18.348 6.056 0.449 76
18.243 6.037 0.446 30
18.224 6.040 0.441 23
18.271 6.050 0.441 51
18.272 6.048 0.443 40
18.255 6.056 0.435 44
18.268 6.064 0.430 45
18.255 6.048 0.441 28
18.293 6.060 0.437 57
18.309 6.063 0.438 54
18.250 6.033 0.450 46
18.298 6.053 0.443 65
18.227 6.042 0.441 21
18.306 6.054 0.444 62
18.261 6.071 0.425 33
18.236 6.047 0.438 25
18.254 6.043 0.443 23
18.247 6.029 0.453 76
18.255 6.042 0.445 23
18.326 6.055 0.446 70
18.309 6.045 0.450 32
18.259 6.068 0.427 31
18.224 6.035 0.445 41
18.277 6.063 0.432 50
18.274 6.069 0.428 49
18.305 6.043 0.451 31
18.262 6.040 0.447 16
18.206 6.024 0.450 54
18.335 6.064 0.441 55
18.277 6.070 0.428 51
18.232 6.031 0.449 59
18.275 6.063 0.432 50
18.266 6.076 0.422 41
18.217 6.039 0.441 28
18.256 6.078 0.422 40
18.210 6.052 0.438 28
18.220 6.072 0.430 30
18.217 6.048 0.438 24
18.208 6.050 0.439 26
18.220 6.076 0.429 35
18.241 6.074 0.426 32
18.246 6.076 0.424 37
18.213 6.048 0.439 24
18.231 6.074 0.428 33
18.225 6.066 0.431 25
18.233 6.072 0.428 29
18.221 6.055 0.435 28
18.232 6.069 0.429 27
18.214 6.043 0.440 20
18.227 6.069 0.430 26
18.236 6.072 0.427 29
18.486 6.080 0.602 84
18.533 6.080 0.587 78
18.527 6.080 0.580 70
18.516 6.080 0.584 79
18.493 6.080 0.609 86
18.479 6.080 0.597 83
18.510 6.080 0.605 85
18.517 6.080 0.596 82
18.473 6.080 0.599 83
18.484 6.080 0.595 82
18.486 6.080 0.603 84
18.512 6.080 0.596 82
18.524 6.080 0.590 79
18.479 6.080 0.583 73
18.514 6.080 0.592 80
18.505 6.080 0.585 75
18.486 6.080 0.590 79
18.526 6.080 0.586 78
18.469 6.080 0.594 82
18.430 6.086 0.548 36
18.424 6.086 0.540 57
18.423 6.086 0.538 61
18.453 6.085 0.573 71
18.443 6.086 0.562 62
18.446 6.081 0.579 71
18.435 6.085 0.574 74
18.420 6.086 0.554 50
18.437 6.086 0.578 75
18.563 6.087 0.567 62
18.557 6.087 0.563 63
18.535 6.081 0.574 66
18.538 6.081 0.574 66
18.530 6.086 0.567 66
18.535 6.087 0.565 67
18.544 6.084 0.569 66
18.505 6.080 0.579 73
18.541 6.086 0.566 65
18.533 6.082 0.572 65
18.548 6.085 0.566 64
18.650 6.076 0.032 36
18.642 6.083 0.032 28
18.641 6.084 0.032 24
18.634 6.064 0.031 29
18.637 6.075 0.032 27
18.634 6.063 0.031 29
18.640 6.080 0.032 28
18.629 6.064 0.035 26
18.624 6.033 0.032 45
18.622 6.026 0.031 45
18.632 6.076 0.036 24
18.631 6.045 0.031 40
18.630 6.047 0.032 40
18.633 6.069 0.033 26
18.629 6.056 0.034 36
18.624 6.051 0.033 26
18.628 6.071 0.036 24
18.623 6.050 0.033 26
18.622 6.058 0.033 22
18.659 6.087 0.033 38
18.672 6.079 0.033 32
18.164 5.992 0.645 92
18.180 5.995 0.703 108
18.162 5.991 0.638 84
18.166 6.009 0.645 125
18.168 5.986 0.661 118
18.165 6.006 0.642 127
18.180 6.004 0.700 113
18.169 6.008 0.658 114
18.164 6.003 0.642 118
18.171 6.016 0.662 117
18.168 6.016 0.649 122
18.174 6.008 0.674 110
18.161 5.977 0.636 37
18.178 6.000 0.694 105
18.166 6.008 0.644 125
18.174 5.989 0.681 105
18.161 5.978 0.637 37
18.169 6.018 0.655 110
18.179 6.004 0.694 109
18.167 6.000 0.651 123
18.173 5.991 0.676 119
18.185 5.998 0.717 115
18.166 5.992 0.652 112
18.165 6.034 0.635 102
18.161 6.031 0.625 95
18.175 6.043 0.666 109
18.198 6.061 0.738 118
18.163 6.033 0.630 104
18.185 6.048 0.698 115
18.161 6.031 0.622 100
18.168 6.039 0.644 102
18.178 6.035 0.677 109
18.167 6.024 0.645 117
18.171 6.030 0.655 111
18.188 6.051 0.707 115
18.208 6.042 0.751 116
18.208 6.052 0.752 113
18.223 6.050 0.769 109
18.208 6.056 0.752 114
18.229 6.056 0.776 105
18.212 6.050 0.757 111
18.236 6.063 0.785 99
18.200 6.056 0.742 119
18.187 6.001 0.724 111
18.217 6.035 0.761 111
18.199 6.017 0.739 113
18.221 6.051 0.766 110
18.196 6.040 0.737 113
18.198 6.034 0.739 115
18.212 6.039 0.755 114
18.212 6.058 0.757 110
18.208 6.031 0.750 120
18.195 6.025 0.734 113
18.200 6.051 0.742 119
18.231 6.053 0.778 102
18.158 5.996 0.624 61
18.159 6.010 0.623 85
18.164 6.013 0.636 114
18.160 6.003 0.628 86
18.166 6.021 0.643 118
18.165 6.017 0.641 119
18.160 6.020 0.624 104
18.161 6.024 0.624 103
18.160 6.026 0.621 103
18.190 6.021 0.725 112
18.184 6.008 0.712 115
18.189 6.043 0.712 114
18.181 6.011 0.698 113
18.193 6.040 0.729 111
18.177 6.014 0.684 107
18.179 6.020 0.687 114
18.193 6.041 0.727 112
18.184 6.015 0.707 115
18.197 6.053 0.737 113
18.180 6.028 0.688 113
18.175 6.026 0.672 115
18.184 6.025 0.705 120
18.188 6.037 0.713 113
18.172 6.018 0.665 117
18.170 6.023 0.657 114
18.191 6.031 0.726 113
18.193 6.044 0.726 113
18.196 6.054 0.734 112
18.186 6.008 0.718 115
18.180 6.033 0.685 112
18.197 6.049 0.738 113
18.174 6.018 0.672 111
18.181 6.020 0.696 117
18.182 6.020 0.698 117
18.193 6.051 0.724 113
18.186 6.003 0.722 111
18.179 6.015 0.689 113
18.255 6.085 0.788 107
18.265 6.080 0.796 101
18.247 6.069 0.791 98
18.233 6.081 0.777 98
18.246 6.082 0.784 104
18.268 6.077 0.799 101
18.247 6.076 0.788 102
18.276 6.083 0.800 105
18.224 6.077 0.771 105
18.212 6.085 0.757 112
18.227 6.072 0.774 103
18.209 6.079 0.753 109
18.220 6.071 0.766 106
18.231 6.066 0.779 104
18.220 6.072 0.766 107
18.239 6.085 0.567 62
18.226 6.077 0.549 101
18.229 6.072 0.556 92
18.223 6.064 0.549 99
18.230 6.073 0.557 82
18.242 6.067 0.578 64
18.217 6.054 0.542 89
18.223 6.067 0.547 96
18.241 6.073 0.574 63
18.217 6.053 0.543 89
18.228 6.082 0.549 99
18.220 6.069 0.542 94
18.242 6.071 0.577 64
18.443 6.081 0.582 56
18.418 6.083 0.573 69
18.412 6.083 0.572 63
18.431 6.085 0.578 69
18.590 5.979 0.664 41
18.607 6.004 0.703 178
18.588 5.983 0.676 47
18.602 5.998 0.696 141
18.597 5.986 0.674 88
18.599 5.985 0.665 50
18.610 5.996 0.677 200
18.590 5.983 0.674 47
18.590 5.980 0.666 41
18.600 5.993 0.686 126
18.611 5.998 0.682 213
18.603 5.988 0.669 91
18.609 5.996 0.682 202
18.605 5.989 0.667 94
18.598 6.001 0.710 99
18.599 5.996 0.697 118
18.589 5.974 0.652 67
18.606 5.989 0.667 94
18.606 5.989 0.666 71
18.599 6.003 0.714 96
18.519 6.007 0.708 103
18.498 6.012 0.709 103
18.573 5.987 0.683 86
18.538 5.994 0.684 96
18.453 6.019 0.704 102
18.555 5.999 0.705 99
18.417 6.021 0.691 95
18.571 5.997 0.709 105
18.458 6.015 0.698 103
18.576 5.993 0.700 94
18.536 5.999 0.695 101
18.585 5.994 0.709 74
18.457 6.014 0.695 103
18.553 6.005 0.720 106
18.566 5.994 0.697 96
18.533 5.991 0.671 93
18.490 6.005 0.686 98
18.586 5.994 0.707 76
18.574 6.002 0.724 108
18.581 5.996 0.710 72
18.454 6.011 0.683 102
18.577 5.998 0.714 86
18.560 5.995 0.697 93
18.557 5.990 0.683 96
18.529 5.993 0.676 95
18.560 5.989 0.680 94
18.582 5.994 0.706 74
18.450 6.012 0.683 101
18.515 6.002 0.691 98
18.490 6.007 0.692 103
18.551 6.003 0.713 105
18.579 5.985 0.680 78
18.448 6.021 0.708 104
18.538 6.002 0.703 100
18.460 6.019 0.710 106
18.533 5.998 0.689 98
18.584 5.977 0.661 46
18.484 6.015 0.711 101
18.535 5.993 0.679 92
18.437 6.017 0.690 98
18.420 6.025 0.704 102
18.490 6.010 0.701 103
18.501 6.000 0.680 105
18.566 5.996 0.702 96
18.479 6.008 0.690 104
18.478 6.014 0.705 102
18.549 5.983 0.658 81
18.585 6.000 0.725 85
18.578 5.979 0.664 68
18.468 6.012 0.694 105
18.509 6.004 0.694 101
18.544 6.005 0.715 107
18.544 5.992 0.679 96
18.558 5.986 0.673 103
18.558 5.993 0.692 91
18.480 6.006 0.684 100
18.495 6.007 0.695 102
18.498 6.005 0.692 103
18.432 6.023 0.706 102
18.408 6.025 0.697 98
18.571 5.979 0.658 94
18.552 5.989 0.677 103
18.506 6.000 0.680 97
18.566 5.978 0.654 97
18.547 5.997 0.695 100
18.582 5.981 0.670 56
18.570 5.991 0.691 99
18.535 6.006 0.714 102
18.504 6.009 0.705 103
18.421 6.023 0.700 99
18.448 6.013 0.685 100
18.545 5.990 0.675 90
18.529 5.990 0.665 98
18.483 6.012 0.701 102
18.434 6.022 0.703 100
18.461 6.016 0.700 104
18.497 6.010 0.704 102
18.396 6.028 0.699 97
18.429 6.021 0.696 98
18.456 6.020 0.710 105
18.436 6.022 0.704 102
18.557 5.986 0.672 103
18.495 6.006 0.691 103
18.575 6.000 0.719 102
18.454 6.013 0.690 101
18.455 6.014 0.691 102
18.510 6.000 0.684 94
18.560 5.989 0.681 94
18.554 5.989 0.676 103
18.444 6.016 0.692 100
18.606 5.973 0.569 197
18.587 5.972 0.647 49
18.517 5.995 0.637 92
18.473 6.005 0.672 99
18.487 6.003 0.643 93
18.559 5.980 0.653 88
18.388 6.029 0.697 97
18.396 6.027 0.693 97
18.441 6.014 0.680 98
18.592 5.972 0.626 88
18.514 5.996 0.637 91
18.405 6.025 0.686 93
18.418 6.021 0.687 95
18.469 6.007 0.668 96
18.540 5.986 0.658 101
18.517 5.993 0.652 95
18.574 5.978 0.625 86
18.441 6.015 0.666 96
18.535 5.989 0.639 90
18.536 5.987 0.654 94
18.420 6.021 0.685 94
18.523 5.991 0.655 97
18.409 6.024 0.685 91
18.570 5.982 0.590 56
18.473 6.006 0.658 95
18.548 5.987 0.612 76
18.490 6.002 0.649 93
18.578 5.979 0.598 58
18.514 5.996 0.634 93
18.512 5.993 0.666 100
18.576 5.976 0.637 70
18.563 5.982 0.617 70
18.501 5.998 0.657 96
18.464 6.008 0.675 100
18.596 5.974 0.592 92
18.555 5.985 0.613 84
18.455 6.012 0.657 101
18.602 5.974 0.569 186
18.499 5.998 0.664 95
18.587 5.972 0.645 49
18.548 5.987 0.606 68
18.537 5.987 0.651 94
18.557 5.984 0.618 84
18.569 5.977 0.647 96
18.529 5.990 0.644 91
18.496 5.998 0.667 97
18.494 6.000 0.651 95
18.576 5.980 0.588 56
18.466 6.009 0.651 96
18.467 6.009 0.652 96
18.542 5.988 0.619 84
18.519 5.996 0.618 88
18.591 5.974 0.605 63
18.445 6.014 0.666 96
18.532 5.990 0.629 89
18.541 5.986 0.652 98
18.593 5.974 0.602 79
18.529 5.991 0.629 88
18.577 5.979 0.600 62
18.430 6.018 0.674 96
18.544 5.984 0.656 99
18.513 5.995 0.647 93
18.431 6.018 0.680 96
18.517 5.993 0.650 95
18.563 5.981 0.629 82
18.588 5.976 0.600 53
18.462 6.009 0.668 97
18.389 6.029 0.696 97
18.553 5.985 0.611 74
18.546 5.986 0.633 92
18.492 6.002 0.644 94
18.594 5.973 0.609 108
18.595 5.973 0.603 77
18.453 6.013 0.660 100
18.537 5.989 0.627 92
18.550 5.986 0.619 88
18.527 5.993 0.621 90
18.581 5.979 0.581 40
18.566 5.980 0.626 77
18.518 5.993 0.654 97
18.577 5.975 0.643 62
18.571 5.981 0.603 64
18.468 6.007 0.667 96
18.531 5.989 0.654 94
18.510 5.994 0.665 99
18.410 6.021 0.669 93
18.466 6.008 0.644 91
18.482 6.004 0.635 93
18.405 6.019 0.656 93
18.398 6.023 0.673 91
18.421 6.016 0.651 91
18.476 5.996 0.591 66
18.488 6.000 0.618 83
18.465 5.994 0.575 79
18.495 5.993 0.589 64
18.465 6.001 0.608 80
18.483 5.994 0.589 66
18.488 5.988 0.563 54
18.472 5.994 0.581 70
18.449 6.003 0.611 83
18.486 5.995 0.595 73
18.413 6.018 0.657 92
18.417 6.021 0.676 95
18.453 6.003 0.611 83
18.434 6.012 0.644 88
18.440 6.011 0.639 87
18.445 6.009 0.633 87
18.432 6.005 0.609 82
18.487 5.995 0.593 71
18.427 6.012 0.638 88
18.540 5.981 0.563 83
18.578 5.976 0.562 99
18.447 6.003 0.605 79
18.455 5.996 0.579 75
18.478 6.000 0.612 81
18.454 5.998 0.588 73
18.505 5.992 0.594 68
18.421 6.016 0.654 91
18.479 5.989 0.560 48
18.408 6.023 0.678 94
18.497 5.994 0.599 76
18.429 6.015 0.652 91
18.439 6.008 0.628 87
18.476 5.996 0.591 66
18.409 6.024 0.683 91
18.533 5.982 0.561 85
18.546 5.984 0.579 83
18.590 5.976 0.572 37
18.450 6.006 0.623 85
18.458 6.011 0.653 99
18.498 5.988 0.568 70
18.483 5.998 0.608 81
18.522 5.985 0.569 90
18.483 5.991 0.575 76
18.465 6.005 0.630 91
18.492 5.989 0.570 86
18.481 6.000 0.614 82
18.451 6.011 0.649 97
18.412 6.022 0.677 94
18.533 5.985 0.579 56
18.450 6.002 0.605 78
18.504 5.992 0.591 65
18.512 5.993 0.602 77
18.430 6.006 0.612 83
18.462 5.992 0.566 45
18.565 5.977 0.561 117
18.542 5.985 0.582 58
18.603 5.973 0.565 187
18.403 6.025 0.686 93
18.477 5.998 0.604 77
18.509 5.997 0.618 88
18.432 6.013 0.643 87
18.466 5.999 0.601 77
18.510 5.988 0.579 54
18.443 6.009 0.635 87
18.412 6.021 0.672 94
18.552 5.986 0.591 48
18.512 5.996 0.618 85
18.412 6.019 0.660 93
18.465 5.992 0.566 47
18.562 5.984 0.590 60
18.436 6.007 0.619 85
18.542 5.989 0.600 70
18.505 5.985 0.559 56
18.422 6.015 0.649 90
18.521 5.991 0.598 73
18.394 6.026 0.682 91
18.594 5.974 0.564 88
18.551 5.982 0.572 128
18.459 6.003 0.616 82
18.548 5.981 0.565 109
18.564 5.979 0.567 155
18.505 5.985 0.560 56
18.490 5.993 0.585 63
18.430 6.011 0.636 88
18.451 5.997 0.584 68
18.409 6.016 0.647 90
18.542 5.987 0.590 53
18.482 5.995 0.590 66
18.395 6.027 0.686 92
18.574 5.980 0.578 100
18.505 5.997 0.617 87
18.487 6.003 0.632 92
18.490 5.993 0.585 63
18.441 6.008 0.625 88
18.559 5.981 0.575 135
18.484 6.004 0.637 93
18.606 5.973 0.564 190
18.561 5.983 0.584 68
18.499 5.995 0.600 76
18.506 5.992 0.592 68
18.501 5.988 0.572 76
18.393 6.028 0.691 97
18.563 5.980 0.574 145
18.500 5.991 0.584 60
18.564 5.981 0.579 96
18.589 5.977 0.572 46
18.409 6.019 0.660 93
18.425 6.019 0.671 97
18.482 6.004 0.634 93
18.517 5.986 0.569 82
18.430 6.016 0.659 93
18.485 5.989 0.563 52
18.308 5.992 0.548 67
18.321 5.992 0.547 72
18.412 5.992 0.552 47
18.370 5.993 0.539 76
18.318 5.992 0.548 71
18.440 5.992 0.554 30
18.308 5.992 0.546 79
18.335 5.992 0.544 74
18.336 5.992 0.545 61
18.336 5.992 0.544 71
18.405 5.991 0.553 65
18.407 5.992 0.550 55
18.395 5.992 0.546 88
18.390 5.993 0.544 81
18.429 5.992 0.551 36
18.394 5.993 0.543 78
18.346 5.992 0.551 53
18.365 6.000 0.584 66
18.379 6.004 0.599 71
18.384 6.006 0.608 74
18.347 6.009 0.615 76
18.334 6.012 0.624 72
18.405 6.018 0.652 91
18.300 5.992 0.550 68
18.292 5.993 0.554 60
18.376 6.006 0.606 74
18.390 6.000 0.585 59
18.370 5.996 0.567 80
18.359 6.023 0.669 89
18.383 6.004 0.600 70
18.317 6.004 0.597 74
18.409 6.008 0.614 79
18.402 5.995 0.566 67
18.368 5.994 0.562 88
18.310 6.001 0.582 68
18.311 5.994 0.557 46
18.377 6.023 0.670 92
18.362 6.003 0.594 71
18.372 5.998 0.577 66
18.382 6.000 0.584 64
18.355 5.997 0.573 64
18.385 6.012 0.629 79
18.291 5.998 0.570 53
18.375 6.006 0.605 74
18.426 5.995 0.568 69
18.361 6.010 0.619 82
18.393 5.995 0.566 80
18.376 5.993 0.559 100
18.348 5.998 0.575 63
18.356 6.016 0.640 87
18.327 6.006 0.602 75
18.324 6.007 0.606 74
18.383 6.025 0.675 90
18.360 6.016 0.642 88
18.379 5.993 0.557 104
18.394 6.009 0.620 76
18.353 5.992 0.555 62
18.320 5.996 0.568 60
18.424 6.007 0.613 83
18.303 5.997 0.570 58
18.413 6.003 0.597 74
18.364 6.015 0.639 88
18.395 6.001 0.588 62
18.383 6.015 0.641 86
18.280 5.993 0.553 67
18.361 6.013 0.633 86
18.375 6.003 0.597 70
18.381 6.013 0.633 83
18.325 6.006 0.604 75
18.343 6.012 0.625 57
18.391 6.010 0.620 75
18.393 6.015 0.639 86
18.384 5.992 0.554 103
18.410 5.999 0.581 68
18.390 6.020 0.660 97
18.412 5.996 0.573 70
18.390 6.005 0.602 71
18.309 6.005 0.599 74
18.400 6.017 0.648 90
18.351 6.011 0.621 74
18.383 6.021 0.663 94
18.428 5.999 0.582 81
18.429 5.993 0.561 64
18.288 5.994 0.558 47
18.375 6.009 0.617 77
18.293 5.996 0.563 48
18.368 6.012 0.629 85
18.362 6.002 0.589 68
18.408 5.996 0.572 64
18.429 5.994 0.566 65
18.392 6.011 0.626 76
18.372 6.012 0.628 85
18.392 6.016 0.644 87
18.363 6.016 0.641 83
18.396 6.019 0.654 91
18.384 6.010 0.622 76
18.279 5.997 0.567 52
18.283 5.992 0.550 78
18.389 6.003 0.598 69
18.269 5.994 0.555 61
18.435 5.993 0.563 52
18.315 6.006 0.601 75
18.309 5.997 0.568 55
18.425 5.994 0.566 69
18.406 6.013 0.633 86
18.321 6.009 0.615 79
18.388 6.023 0.670 96
18.375 6.025 0.675 90
18.370 6.026 0.680 89
18.368 6.010 0.621 84
18.353 6.014 0.634 84
18.381 6.011 0.625 79
18.412 6.003 0.597 73
18.364 6.006 0.605 75
18.411 6.014 0.639 88
18.418 5.999 0.585 74
18.388 6.007 0.610 76
18.414 6.011 0.628 85
18.447 5.992 0.558 37
18.327 6.007 0.607 75
18.433 5.998 0.580 82
18.405 6.009 0.618 78
18.376 6.010 0.621 78
18.312 6.004 0.596 72
18.390 6.007 0.610 76
18.327 6.006 0.602 75
18.334 6.005 0.599 75
18.381 5.996 0.570 73
18.433 6.001 0.593 73
18.380 6.022 0.665 91
18.386 6.027 0.685 93
18.287 5.998 0.573 55
18.310 5.995 0.561 47
18.388 5.995 0.568 73
18.359 6.023 0.666 91
18.392 6.023 0.670 95
18.432 5.994 0.567 61
18.290 6.000 0.577 63
18.362 6.004 0.597 72
18.427 5.996 0.574 59
18.385 6.000 0.584 64
18.375 5.994 0.563 91
18.384 6.011 0.625 77
18.368 5.998 0.576 67
18.376 6.017 0.648 88
18.338 5.998 0.575 63
18.393 6.003 0.596 70
18.300 5.999 0.574 63
18.344 6.009 0.615 76
18.292 5.993 0.552 68
18.377 5.997 0.574 65
18.417 6.002 0.594 70
18.274 5.995 0.558 57
18.368 5.998 0.575 67
18.409 6.011 0.626 84
18.425 5.997 0.576 63
18.406 6.006 0.608 78
18.377 5.999 0.582 63
18.405 6.013 0.634 86
18.326 5.994 0.560 45
18.331 6.011 0.622 77
18.379 6.021 0.660 89
18.355 6.019 0.653 86
18.229 5.996 0.678 94
18.307 6.016 0.698 93
18.205 5.988 0.666 102
18.210 5.995 0.690 103
18.241 5.997 0.672 97
18.327 6.019 0.693 89
18.190 5.991 0.691 110
18.189 5.983 0.657 114
18.192 5.983 0.653 114
18.192 5.980 0.643 103
18.297 6.013 0.693 97
18.237 6.006 0.713 104
18.261 6.001 0.672 91
18.368 6.028 0.697 94
18.187 5.989 0.686 109
18.326 6.016 0.684 87
18.212 5.996 0.691 101
18.277 6.005 0.678 90
18.204 5.995 0.695 101
18.261 6.001 0.669 88
18.236 6.000 0.689 95
18.168 5.978 0.656 105
18.218 5.989 0.656 100
18.252 6.000 0.676 90
18.278 6.004 0.674 83
18.236 6.000 0.690 95
18.254 6.001 0.675 88
18.171 5.979 0.656 122
18.247 5.998 0.670 93
18.234 6.001 0.693 99
18.174 5.981 0.663 120
18.179 5.978 0.647 99
18.202 5.985 0.653 105
18.257 6.008 0.703 100
18.298 6.010 0.680 86
18.199 5.982 0.643 103
18.220 5.993 0.674 99
18.199 5.993 0.692 99
18.302 6.013 0.690 93
18.259 6.005 0.690 93
18.293 6.015 0.706 95
18.229 6.005 0.715 103
18.245 6.007 0.711 101
18.360 6.027 0.701 92
18.173 5.983 0.669 120
18.214 6.003 0.719 107
18.168 5.980 0.661 107
18.346 6.023 0.696 90
18.272 6.004 0.678 91
18.199 5.991 0.680 109
18.229 5.992 0.661 91
18.206 5.993 0.684 105
18.233 5.997 0.676 92
18.188 5.987 0.675 102
18.279 6.010 0.698 95
18.174 5.983 0.669 120
18.263 6.005 0.684 93
18.276 6.003 0.672 85
18.252 5.998 0.665 90
18.253 5.999 0.670 88
18.189 5.983 0.659 114
18.259 6.007 0.699 96
18.255 6.006 0.696 98
18.188 5.979 0.640 106
18.220 6.004 0.718 110
18.170 5.979 0.658 118
18.178 5.987 0.682 107
18.205 5.988 0.663 103
18.274 6.007 0.690 96
18.208 6.000 0.711 106
18.168 5.976 0.646 107
18.219 6.004 0.719 110
18.179 5.987 0.684 110
18.184 5.987 0.678 109
18.223 5.992 0.665 92
18.278 6.006 0.682 92
18.247 5.998 0.670 93
18.252 5.998 0.664 90
18.209 5.995 0.689 105
18.257 6.004 0.688 93
18.180 5.988 0.685 110
18.286 6.012 0.702 94
18.360 6.026 0.697 89
18.193 5.991 0.689 103
18.193 5.991 0.689 103
18.351 6.024 0.694 89
18.203 5.990 0.677 111
18.248 5.999 0.673 93
18.174 5.978 0.650 124
18.212 5.990 0.668 100
18.186 5.996 0.713 114
18.228 6.000 0.697 104
18.186 5.997 0.718 114
18.190 5.993 0.699 108
18.208 5.988 0.660 101
18.256 6.006 0.698 98
18.318 6.016 0.688 92
18.262 6.005 0.685 93
18.270 6.000 0.664 85
18.276 6.004 0.674 85
18.303 6.007 0.628 78
18.270 5.999 0.630 77
18.237 5.990 0.613 73
18.282 6.002 0.637 80
18.347 6.021 0.669 91
18.313 6.009 0.618 78
18.276 6.000 0.633 79
18.264 5.993 0.558 54
18.266 5.993 0.554 71
18.253 5.993 0.590 65
18.270 5.995 0.569 49
18.185 5.977 0.622 84
18.253 5.994 0.621 78
18.243 5.994 0.653 88
18.317 6.011 0.632 79
18.291 6.006 0.670 86
18.283 6.003 0.659 83
18.348 6.022 0.680 87
18.351 6.022 0.680 87
18.245 5.990 0.578 58
18.192 5.978 0.618 81
18.341 6.020 0.681 89
18.229 5.986 0.579 60
18.210 5.984 0.643 102
18.316 6.013 0.669 86
18.285 6.001 0.603 74
18.208 5.981 0.593 70
18.165 5.972 0.629 67
18.227 5.988 0.626 82
18.288 6.001 0.591 71
18.245 5.991 0.591 66
18.365 6.027 0.687 95
18.276 6.001 0.651 81
18.268 5.995 0.577 64
18.225 5.988 0.634 78
18.338 6.018 0.653 93
18.250 5.994 0.634 75
18.216 5.985 0.625 81
18.271 5.997 0.592 67
18.229 5.987 0.603 76
18.355 6.024 0.689 88
18.257 5.996 0.632 77
18.249 5.993 0.617 73
18.256 5.993 0.585 62
18.280 6.000 0.598 72
18.247 5.990 0.569 48
18.328 6.014 0.634 64
18.260 5.994 0.580 58
18.222 5.986 0.617 77
18.298 6.007 0.653 84
18.276 5.997 0.573 64
18.209 5.984 0.642 106
18.272 6.000 0.647 82
18.273 5.997 0.587 66
18.261 5.994 0.566 43
18.246 5.990 0.572 50
18.181 5.975 0.611 74
18.316 6.013 0.672 86
18.302 6.006 0.609 76
18.320 6.013 0.668 86
18.363 6.026 0.679 89
18.263 5.995 0.578 56
18.310 6.011 0.675 87
18.312 6.010 0.648 84
18.314 6.011 0.656 84
18.318 6.013 0.662 85
18.213 5.985 0.639 97
18.283 6.000 0.594 72
18.244 5.991 0.591 66
18.350 6.022 0.671 90
18.290 6.003 0.613 75
18.174 5.974 0.629 99
18.208 5.983 0.632 78
18.186 5.976 0.613 79
18.249 5.991 0.570 48
18.223 5.986 0.610 74
18.300 6.008 0.659 85
18.242 5.990 0.587 62
18.207 5.983 0.627 83
18.340 6.018 0.649 93
18.274 5.998 0.603 73
18.274 5.997 0.580 65
18.247 5.991 0.579 58
18.274 5.999 0.624 78
18.266 5.994 0.566 44
18.249 5.991 0.576 54
18.171 5.973 0.621 45
18.215 5.983 0.590 68
18.281 6.002 0.648 83
18.264 5.997 0.627 79
18.296 6.005 0.629 78
18.360 6.025 0.682 89
18.330 6.017 0.673 86
18.237 5.989 0.600 72
18.314 6.009 0.622 78
18.248 5.990 0.558 66
18.176 5.974 0.614 50
18.240 5.992 0.635 79
18.225 5.986 0.605 76
18.318 6.012 0.652 84
18.310 6.010 0.659 85
18.214 5.984 0.609 77
18.276 6.000 0.633 79
18.321 6.013 0.657 84
18.272 6.000 0.653 83
18.231 5.988 0.614 74
18.255 5.994 0.609 72
18.259 5.993 0.571 45
18.237 5.991 0.632 80
18.227 5.986 0.584 63
18.272 6.000 0.648 83
18.248 5.994 0.642 80
18.205 5.981 0.607 78
18.272 5.999 0.633 78
18.230 5.986 0.581 58
18.315 6.012 0.668 86
18.324 6.013 0.639 83
18.249 5.994 0.629 77
18.271 5.995 0.561 52
18.204 5.981 0.608 78
18.185 5.976 0.612 81
18.246 5.992 0.601 69
18.335 6.018 0.671 87
18.314 6.009 0.617 78
18.346 6.021 0.687 89
18.267 5.994 0.557 58
18.187 5.977 0.621 87
18.282 6.002 0.631 79
18.205 5.982 0.631 82
18.284 6.000 0.591 70
18.184 5.977 0.625 93
18.312 6.075 0.785 101
18.262 6.027 0.737 98
18.288 6.026 0.727 96
18.305 6.075 0.788 98
18.305 6.040 0.740 97
18.364 6.032 0.707 98
18.303 6.063 0.772 99
18.289 6.016 0.712 95
18.216 6.013 0.733 110
18.320 6.072 0.779 93
18.319 6.080 0.790 99
18.257 6.045 0.762 101
18.263 6.043 0.758 99
18.327 6.027 0.713 97
18.224 6.011 0.727 108
18.282 6.048 0.759 97
18.358 6.073 0.766 96
18.332 6.069 0.769 97
18.253 6.045 0.764 101
18.363 6.038 0.716 92
18.268 6.012 0.714 97
18.318 6.037 0.730 96
18.286 6.039 0.745 95
18.214 6.017 0.740 109
18.362 6.035 0.712 94
18.314 6.080 0.792 98
18.351 6.058 0.747 93
18.308 6.064 0.772 99
18.328 6.078 0.785 94
18.308 6.052 0.756 97
18.367 6.040 0.717 97
18.286 6.061 0.776 97
18.256 6.040 0.756 101
18.231 6.009 0.722 100
18.265 6.051 0.769 101
18.287 6.031 0.733 97
18.215 6.004 0.720 106
18.261 6.017 0.723 98
18.253 6.022 0.732 100
18.261 6.012 0.715 99
18.269 6.026 0.733 98
18.380 6.031 0.700 97
18.363 6.057 0.743 102
18.295 6.039 0.741 99
18.367 6.069 0.758 99
18.311 6.023 0.714 95
18.356 6.040 0.721 93
18.332 6.061 0.760 94
18.357 6.059 0.747 98
18.283 6.014 0.712 98
18.324 6.034 0.724 94
18.266 6.040 0.754 98
18.331 6.078 0.784 97
18.353 6.060 0.749 94
18.322 6.056 0.756 100
18.243 6.032 0.750 103
18.285 6.016 0.713 97
18.348 6.073 0.770 98
18.322 6.048 0.744 99
18.278 6.014 0.713 98
18.343 6.037 0.721 93
18.226 6.014 0.731 108
18.284 6.026 0.727 94
18.369 6.056 0.739 96
18.292 6.068 0.783 101
18.215 6.007 0.724 109
18.366 6.073 0.763 98
18.252 6.038 0.754 101
18.346 6.027 0.707 94
18.248 6.041 0.760 103
18.325 6.084 0.794 101
18.201 6.002 0.723 113
18.367 6.057 0.741 100
18.350 6.033 0.714 95
18.280 6.039 0.748 98
18.361 6.064 0.753 100
18.264 6.031 0.742 98
18.296 6.049 0.756 98
18.271 6.030 0.737 99
18.348 6.034 0.716 96
18.264 6.039 0.753 95
18.374 6.034 0.706 97
18.287 6.017 0.714 98
18.332 6.080 0.786 98
18.274 6.013 0.714 94
18.302 6.025 0.720 94
18.302 6.067 0.778 96
18.335 6.078 0.781 100
18.216 6.014 0.734 110
18.262 6.038 0.752 96
18.326 6.068 0.770 96
18.294 6.069 0.784 103
18.358 6.064 0.754 97
18.350 6.034 0.715 95
18.242 6.034 0.753 105
18.285 6.047 0.756 97
18.379 6.040 0.713 94
18.330 6.040 0.730 95
18.276 6.016 0.717 96
18.311 6.068 0.776 99
18.305 6.068 0.779 97
18.297 6.055 0.763 96
18.332 6.053 0.748 96
18.346 6.066 0.761 94
18.327 6.052 0.748 99
18.241 6.027 0.743 103
18.345 6.052 0.742 95
18.357 6.066 0.757 94
18.295 6.046 0.752 100
18.330 6.039 0.729 95
18.349 6.074 0.771 96
18.249 6.011 0.718 96
18.308 6.056 0.760 98
18.251 6.023 0.735 102
18.290 6.064 0.778 98
18.357 6.041 0.722 93
18.239 6.014 0.726 102
18.349 6.039 0.723 95
18.224 6.013 0.730 109
18.308 6.023 0.715 97
18.202 6.006 0.728 113
18.368 6.062 0.748 101
18.327 6.047 0.742 96
18.223 6.020 0.740 112
18.288 6.063 0.778 97
18.273 6.045 0.758 101
18.274 6.024 0.728 96
18.331 6.046 0.739 96
18.322 6.052 0.750 103
18.349 6.042 0.726 95
18.224 6.009 0.724 106
18.253 6.014 0.721 96
18.271 6.031 0.739 99
18.301 6.043 0.745 99
18.286 6.030 0.733 97
18.275 6.017 0.719 95
18.288 6.027 0.728 96
18.380 6.034 0.704 98
18.311 6.084 0.799 97
18.302 6.054 0.760 97
18.241 6.058 0.784 99
18.253 6.055 0.777 98
18.243 6.055 0.779 101
18.228 6.039 0.763 104
18.255 6.067 0.791 104
18.251 6.045 0.765 101
18.219 6.025 0.748 110
18.296 6.079 0.796 104
18.299 6.081 0.798 104
18.238 6.058 0.784 99
18.289 6.072 0.789 100
18.237 6.050 0.775 104
18.247 6.054 0.777 104
18.272 6.074 0.797 105
18.279 6.072 0.793 105
18.233 6.049 0.775 105
18.261 6.050 0.770 100
18.226 6.029 0.751 106
18.277 6.078 0.800 106
18.229 6.047 0.774 105
18.277 6.067 0.787 102
18.247 6.061 0.786 104
18.237 6.052 0.777 102
18.290 6.077 0.796 101
18.233 6.040 0.763 107
18.241 6.051 0.775 103
18.308 6.085 0.801 102
18.260 6.058 0.779 98
18.257 6.055 0.775 99
18.273 6.061 0.780 100
18.279 6.067 0.786 99
18.224 6.039 0.765 105
18.209 6.018 0.743 115
18.248 6.053 0.776 104
18.586 6.081 0.767 175
18.548 6.065 0.767 109
18.568 6.080 0.770 103
18.483 6.059 0.777 109
18.520 6.052 0.766 109
18.573 6.025 0.743 108
18.516 6.047 0.764 111
18.491 6.057 0.774 108
18.544 6.046 0.759 108
18.473 6.060 0.779 102
18.539 6.036 0.755 115
18.519 6.060 0.770 106
18.567 6.013 0.739 111
18.544 6.034 0.753 111
18.566 6.054 0.758 103
18.544 6.030 0.751 109
18.441 6.078 0.794 99
18.539 6.065 0.769 107
18.586 6.079 0.767 174
18.586 6.010 0.733 90
18.559 6.087 0.775 98
18.585 6.032 0.744 103
18.452 6.081 0.793 110
18.572 6.076 0.768 103
18.501 6.082 0.784 100
18.435 6.083 0.798 110
18.581 6.063 0.760 120
18.454 6.072 0.789 104
18.463 6.081 0.791 105
18.489 6.051 0.772 108
18.524 6.046 0.763 108
18.536 6.038 0.757 112
18.528 6.087 0.782 110
18.576 6.062 0.760 103
18.579 6.056 0.757 106
18.569 6.016 0.739 110
18.431 6.083 0.798 111
18.530 6.061 0.769 106
18.527 6.071 0.774 108
18.542 6.049 0.761 109
18.586 6.079 0.767 174
18.547 6.081 0.775 103
18.578 6.013 0.736 104
18.555 6.087 0.777 103
18.531 6.036 0.756 115
18.519 6.073 0.777 106
18.532 6.064 0.769 103
18.473 6.060 0.779 102
18.557 6.033 0.750 110
18.525 6.037 0.758 107
18.551 6.038 0.753 111
18.545 6.043 0.757 108
18.472 6.063 0.781 105
18.586 6.079 0.766 174
18.534 6.063 0.769 105
18.533 6.048 0.762 109
18.456 6.083 0.793 110
18.524 6.048 0.764 107
18.544 6.065 0.768 112
18.561 6.054 0.759 105
18.544 6.026 0.749 110
18.568 6.036 0.749 105
18.493 6.085 0.788 104
18.583 6.060 0.758 124
18.557 6.040 0.753 111
18.551 6.021 0.745 108
18.512 6.077 0.780 101
18.461 6.085 0.794 106
18.553 6.079 0.773 100
18.576 6.048 0.753 108
18.537 6.020 0.740 103
18.415 6.034 0.717 102
18.446 6.036 0.731 106
18.463 6.055 0.767 100
18.395 6.064 0.757 102
18.403 6.051 0.740 99
18.407 6.038 0.721 97
18.409 6.059 0.754 103
18.399 6.052 0.739 98
18.559 6.011 0.734 108
18.460 6.063 0.779 103
18.406 6.050 0.739 99
18.529 6.016 0.730 108
18.399 6.070 0.768 104
18.446 6.029 0.720 106
18.411 6.051 0.742 101
18.430 6.073 0.785 103
18.380 6.063 0.750 97
18.463 6.027 0.724 108
18.431 6.081 0.797 103
18.465 6.057 0.771 103
18.404 6.042 0.725 99
18.422 6.029 0.711 102
18.381 6.085 0.785 100
18.502 6.032 0.746 112
18.432 6.078 0.793 104
18.385 6.071 0.765 99
18.375 6.078 0.771 97
18.521 6.024 0.741 106
18.448 6.047 0.750 104
18.470 6.028 0.728 108
18.396 6.082 0.786 98
18.399 6.037 0.716 97
18.393 6.038 0.716 99
18.390 6.031 0.703 97
18.487 6.051 0.771 109
18.422 6.062 0.764 100
18.433 6.034 0.724 106
18.473 6.044 0.754 108
18.474 6.019 0.715 104
18.557 6.017 0.742 107
18.483 6.050 0.767 110
18.380 6.067 0.756 98
18.393 6.083 0.786 98
18.479 6.026 0.728 109
18.433 6.054 0.755 99
18.507 6.016 0.722 105
18.383 6.057 0.741 98
18.383 6.033 0.703 98
18.480 6.045 0.759 108
18.459 6.030 0.727 107
18.490 6.029 0.737 104
18.446 6.034 0.728 105
18.461 6.039 0.741 106
18.515 6.017 0.728 111
18.399 6.030 0.705 99
18.396 6.075 0.774 101
18.522 6.022 0.737 108
18.413 6.041 0.726 99
18.433 6.063 0.770 99
18.400 6.069 0.767 101
18.425 6.062 0.765 95
18.410 6.046 0.733 98
18.421 6.051 0.746 101
18.373 6.068 0.754 98
18.409 6.073 0.776 98
18.452 6.054 0.762 100
18.435 6.065 0.773 100
18.444 6.049 0.751 99
18.507 6.013 0.718 103
18.407 6.070 0.770 98
18.423 6.059 0.759 95
18.404 6.041 0.724 99
18.418 6.047 0.738 103
18.519 6.030 0.749 99
18.473 6.042 0.751 108
18.430 6.052 0.751 102
18.425 6.073 0.782 106
18.375 6.079 0.772 97
18.390 6.032 0.704 97
18.456 6.033 0.731 107
18.486 6.024 0.727 106
18.517 6.036 0.758 105
18.421 6.052 0.747 101
18.389 6.062 0.751 100
18.426 6.041 0.731 103
18.565 6.011 0.737 110
18.387 6.074 0.769 98
18.410 6.042 0.728 98
18.465 6.058 0.773 103
18.398 6.084 0.789 101
18.385 6.084 0.784 100
18.369 6.085 0.781 95
18.536 6.021 0.742 104
18.429 6.046 0.741 105
18.386 6.076 0.773 98
18.457 6.035 0.734 106
18.398 6.057 0.746 97
18.410 6.059 0.754 103
18.450 6.063 0.776 99
18.486 6.023 0.726 106
18.402 6.061 0.754 100
18.437 6.052 0.753 103
18.438 6.053 0.756 99
18.437 6.030 0.718 105
18.498 6.044 0.763 109
18.408 6.028 0.705 101
18.485 6.022 0.723 106
18.406 6.028 0.704 101
18.405 6.038 0.719 95
18.459 6.037 0.737 106
18.539 6.010 0.726 106
18.491 6.034 0.746 106
18.507 6.014 0.719 104
18.403 6.040 0.722 97
18.438 6.048 0.747 102
18.427 6.048 0.743 105
18.381 6.049 0.727 97
18.426 6.051 0.747 103
18.420 6.027 0.708 102
18.433 6.047 0.743 102
18.379 6.048 0.726 97
18.555 6.008 0.727 103
18.518 6.022 0.736 108
18.429 6.062 0.766 99
18.428 6.025 0.707 103
18.379 6.055 0.736 100
18.395 6.036 0.712 97
18.380 6.056 0.739 98
18.532 6.028 0.750 105
18.544 6.017 0.738 102
18.449 6.066 0.780 102
18.472 6.039 0.746 107
18.470 6.032 0.735 108
18.503 6.036 0.752 113
18.377 6.049 0.727 97
18.463 6.061 0.777 106
18.530 6.018 0.735 107
18.416 6.070 0.773 99
18.413 6.062 0.760 99
18.505 6.013 0.718 103
18.391 6.048 0.730 95
18.552 6.009 0.729 105
18.569 6.006 0.730 106
18.411 6.085 0.797 106
18.455 6.049 0.756 108
18.439 6.051 0.753 103
18.446 6.050 0.753 103
18.491 6.033 0.743 104
18.190 5.905 0.383 59
18.194 5.932 0.374 53
18.183 5.878 0.392 63
18.180 5.855 0.399 61
18.182 5.977 0.364 68
18.196 5.906 0.381 59
18.185 5.909 0.383 66
18.199 5.914 0.378 62
18.181 5.959 0.370 27
18.180 5.925 0.379 58
18.192 5.955 0.368 29
18.193 5.933 0.374 53
18.199 5.910 0.379 60
18.186 5.864 0.395 66
18.197 5.917 0.378 63
18.180 5.884 0.391 53
18.187 5.914 0.381 63
18.188 5.941 0.373 45
18.195 5.888 0.387 48
18.184 5.947 0.372 25
18.197 5.897 0.383 52
18.209 5.920 0.374 62
18.187 5.906 0.383 64
18.180 5.887 0.390 55
18.182 5.933 0.377 45
18.176 5.886 0.396 31
18.168 5.837 0.422 19
18.176 5.862 0.403 23
18.174 5.919 0.390 51
18.175 5.928 0.386 50
18.169 5.866 0.413 20
18.169 5.865 0.412 22
18.173 5.845 0.412 22
18.176 5.866 0.401 37
18.173 5.873 0.404 22
18.171 5.877 0.406 20
18.179 5.838 0.405 36
18.178 5.922 0.383 63
18.174 5.909 0.393 33
18.178 5.902 0.388 59
18.174 5.905 0.394 30
18.171 5.834 0.418 19
18.179 5.945 0.376 40
18.168 5.844 0.420 24
18.168 5.984 0.382 43
18.171 5.955 0.384 56
18.162 5.982 0.391 21
18.163 5.925 0.404 21
18.163 5.948 0.398 26
18.162 5.980 0.390 21
18.172 5.953 0.384 55
18.161 5.987 0.391 21
18.173 5.989 0.372 65
18.165 5.890 0.411 17
18.167 5.874 0.413 19
18.163 5.949 0.398 26
18.165 5.971 0.389 31
18.166 5.851 0.421 19
18.175 5.933 0.385 53
18.170 5.914 0.397 20
18.174 5.973 0.375 28
18.157 5.993 0.396 24
18.167 5.857 0.418 14
18.169 5.986 0.379 53
18.160 5.927 0.408 21
18.174 5.929 0.387 50
18.161 5.934 0.406 23
18.164 5.867 0.419 18
18.174 5.976 0.374 28
18.162 5.882 0.418 16
18.163 5.877 0.418 17
18.177 5.960 0.373 31
18.163 5.887 0.415 15
18.166 5.898 0.408 19
18.158 5.961 0.403 19
18.161 5.938 0.405 23
18.164 5.977 0.389 25
18.167 5.918 0.401 19
18.171 5.949 0.386 53
18.162 5.910 0.411 17
18.156 5.989 0.398 17
18.156 5.953 0.408 21
18.162 5.895 0.414 18
18.163 5.937 0.401 20
18.156 5.978 0.400 18
18.175 5.947 0.381 44
18.164 5.975 0.390 28
18.162 5.952 0.399 25
18.166 5.868 0.416 17
18.170 5.973 0.382 44
18.170 5.923 0.394 26
18.180 6.007 0.436 25
18.154 6.010 0.405 20
18.187 6.002 0.444 43
18.178 5.960 0.436 26
18.165 5.845 0.428 24
18.174 5.937 0.433 25
18.174 5.892 0.435 23
18.169 5.912 0.428 19
18.172 5.952 0.429 19
18.165 5.912 0.423 17
18.173 5.971 0.429 20
18.174 5.978 0.430 20
18.175 5.962 0.433 22
18.170 5.993 0.425 19
18.183 5.969 0.441 43
18.191 6.014 0.448 53
18.184 5.978 0.442 40
18.158 5.952 0.412 23
18.178 6.018 0.433 24
18.180 5.946 0.439 34
18.166 5.993 0.420 18
18.171 5.980 0.426 17
18.188 6.010 0.445 50
18.159 5.919 0.416 17
18.170 5.921 0.429 20
18.165 5.894 0.424 16
18.160 5.939 0.416 20
18.163 5.858 0.425 17
18.163 5.871 0.424 17
18.164 5.923 0.421 21
18.191 6.014 0.449 53
18.171 5.946 0.429 23
18.180 5.995 0.437 31
18.170 6.012 0.423 20
18.162 5.957 0.417 18
18.161 5.964 0.416 17
18.154 6.016 0.405 14
18.166 5.972 0.421 16
18.184 6.002 0.440 30
18.161 5.878 0.421 17
18.156 5.996 0.408 13
18.177 5.922 0.437 30
18.155 5.972 0.408 17
18.168 5.900 0.427 17
18.159 5.986 0.413 16
18.175 5.924 0.434 27
18.168 5.979 0.423 17
18.166 5.919 0.424 18
18.165 5.911 0.424 17
18.176 5.912 0.436 24
18.160 5.932 0.416 19
18.169 5.864 0.431 19
18.169 5.913 0.428 19
18.183 5.993 0.440 34
18.175 5.946 0.433 24
18.164 5.962 0.419 17
18.163 5.929 0.420 20
18.157 5.953 0.412 23
18.171 6.014 0.425 20
18.183 5.947 0.442 38
18.160 6.009 0.412 15
18.183 5.961 0.441 37
18.169 5.885 0.430 15
18.169 5.929 0.427 21
18.154 5.972 0.407 16
18.190 5.964 0.366 23
18.200 5.954 0.364 28
18.199 5.950 0.367 31
18.198 5.963 0.361 35
18.205 5.939 0.369 51
18.177 5.996 0.374 45
18.170 5.999 0.378 58
18.197 5.990 0.367 40
18.166 6.002 0.381 67
18.199 5.990 0.367 43
18.186 5.995 0.373 41
18.178 5.991 0.369 28
18.204 6.021 0.361 115
18.179 6.022 0.378 74
18.165 6.025 0.388 42
18.211 6.004 0.358 81
18.209 5.990 0.362 51
18.209 5.991 0.362 38
18.212 6.049 0.352 67
18.210 6.001 0.360 60
18.189 6.017 0.372 87
18.194 6.040 0.366 64
18.194 6.036 0.367 76
18.168 6.022 0.386 90
18.175 6.008 0.383 27
18.212 6.034 0.354 97
18.205 5.995 0.364 36
18.190 6.020 0.371 91
18.182 6.035 0.375 91
18.211 6.014 0.357 122
18.204 6.022 0.361 115
18.164 6.012 0.390 36
18.167 6.026 0.386 57
18.215 6.035 0.352 84
18.178 6.005 0.381 21
18.212 6.039 0.353 60
18.202 6.021 0.363 116
18.211 6.016 0.357 120
18.183 6.027 0.433 21
18.186 6.024 0.439 28
18.199 6.056 0.430 33
18.201 6.041 0.443 25
18.178 6.031 0.423 17
18.208 6.076 0.425 37
18.162 6.030 0.405 16
18.162 6.033 0.403 15
18.177 6.024 0.428 20
18.198 6.066 0.422 20
18.203 6.062 0.431 28
18.163 6.019 0.414 19
18.187 6.058 0.414 18
18.167 6.024 0.415 19
18.192 6.070 0.411 23
18.182 6.021 0.435 23
18.167 6.020 0.418 17
18.192 6.045 0.429 19
18.172 6.019 0.425 19
18.161 6.020 0.412 18
18.185 6.057 0.412 18
18.173 6.042 0.409 18
18.154 6.024 0.401 17
18.183 6.037 0.425 17
18.184 6.053 0.414 17
18.184 6.023 0.436 25
18.180 6.045 0.416 14
18.202 6.054 0.434 32
18.170 6.019 0.423 18
18.164 6.035 0.404 17
18.176 6.039 0.416 14
18.185 6.033 0.430 18
18.193 6.023 0.447 47
18.191 6.037 0.435 22
18.182 6.054 0.400 19
18.192 6.052 0.382 33
18.188 6.053 0.390 20
18.179 6.048 0.395 23
18.176 6.038 0.387 19
18.191 6.040 0.368 62
18.182 6.047 0.390 31
18.201 6.051 0.369 54
18.169 6.038 0.397 17
18.177 6.035 0.382 46
18.196 6.067 0.397 22
18.213 6.070 0.376 23
18.193 6.067 0.400 21
18.213 6.059 0.362 40
18.183 6.053 0.396 19
18.207 6.071 0.388 23
18.206 6.064 0.379 24
18.210 6.065 0.374 25
18.169 6.040 0.399 18
18.194 6.043 0.368 53
18.217 6.074 0.377 22
18.174 6.043 0.397 22
18.205 6.050 0.362 44
18.191 6.042 0.371 57
18.206 6.050 0.360 44
18.213 6.068 0.375 25
18.166 6.037 0.400 16
18.197 6.046 0.368 45
18.205 6.076 0.396 30
18.195 6.069 0.400 22
18.199 6.051 0.371 53
18.187 6.039 0.373 72
18.167 6.040 0.402 16
18.185 6.048 0.387 33
18.191 6.066 0.403 21
18.197 6.074 0.404 30
18.182 6.038 0.379 54
18.200 6.053 0.593 98
18.167 6.037 0.611 99
18.195 6.055 0.589 94
18.189 6.055 0.586 91
18.180 6.051 0.591 97
18.225 6.061 0.586 86
18.185 6.050 0.594 94
18.194 6.052 0.594 92
18.176 6.041 0.608 98
18.227 6.062 0.585 86
18.194 6.052 0.593 94
18.185 6.047 0.644 107
18.180 6.045 0.638 115
18.186 6.049 0.660 111
18.195 6.052 0.650 101
18.224 6.059 0.597 91
18.203 6.053 0.625 101
18.224 6.064 0.646 97
18.223 6.059 0.599 90
18.169 6.041 0.647 107
18.199 6.057 0.686 109
18.215 6.057 0.615 95
18.230 6.063 0.609 87
18.204 6.053 0.625 101
18.209 6.061 0.685 102
18.217 6.058 0.619 94
18.171 6.041 0.638 109
18.194 6.054 0.679 104
18.190 6.048 0.630 104
18.207 6.060 0.674 102
18.218 6.060 0.627 95
18.206 6.053 0.613 94
18.196 6.049 0.616 99
18.223 6.064 0.655 94
18.213 6.060 0.649 93
18.209 6.053 0.598 94
18.163 6.036 0.627 98
18.188 6.052 0.679 100
18.212 6.054 0.596 92
18.194 6.053 0.668 107
18.219 6.057 0.594 88
18.162 6.034 0.615 97
18.224 6.063 0.632 93
18.236 6.064 0.595 83
18.186 6.048 0.650 108
18.203 6.055 0.649 104
18.190 6.049 0.640 102
18.210 6.059 0.656 99
18.211 6.063 0.696 103
18.177 6.040 0.610 101
18.191 6.055 0.696 108
18.206 6.058 0.664 98
18.196 6.060 0.729 114
18.219 6.058 0.607 87
18.210 6.059 0.652 98
18.232 6.064 0.615 87
18.177 6.043 0.636 116
18.193 6.055 0.692 109
18.178 6.045 0.650 111
18.225 6.064 0.644 96
18.232 6.064 0.605 87
18.202 6.058 0.686 108
18.220 6.062 0.642 97
18.234 6.065 0.612 88
18.174 6.042 0.644 114
18.186 6.049 0.657 110
18.187 6.050 0.661 111
18.204 6.052 0.610 92
18.196 6.056 0.690 108
18.224 6.059 0.597 91
18.174 6.040 0.617 110
18.190 6.046 0.611 102
18.196 6.050 0.620 101
18.223 6.064 0.652 95
18.218 6.058 0.610 87
18.209 6.063 0.703 108
18.188 6.052 0.683 102
18.179 6.046 0.586 96
18.191 6.044 0.563 78
18.182 6.045 0.580 91
18.179 6.043 0.584 96
18.203 6.049 0.544 61
18.183 6.047 0.579 89
18.174 6.039 0.592 87
18.174 6.042 0.593 90
18.602 6.081 0.730 160
18.600 6.083 0.739 161
18.600 6.082 0.738 158
18.516 6.075 0.507 101
18.535 6.073 0.513 105
18.513 6.075 0.506 100
18.521 6.060 0.509 112
18.512 6.063 0.506 107
18.551 6.082 0.519 110
18.519 6.081 0.508 100
18.509 6.078 0.505 103
18.516 6.068 0.508 105
18.530 6.065 0.512 105
18.508 6.056 0.505 108
18.259 6.083 0.603 82
18.240 6.074 0.612 86
18.238 6.080 0.636 92
18.251 6.084 0.621 86
18.250 6.083 0.621 86
18.239 6.081 0.637 93
18.248 6.083 0.624 84
18.241 6.076 0.617 91
18.239 6.084 0.647 90
18.246 6.069 0.588 83
18.256 6.079 0.596 80
18.250 6.083 0.620 86
18.246 6.080 0.618 87
18.253 6.077 0.594 81
18.257 6.084 0.610 86
18.206 6.081 0.744 112
18.218 6.078 0.695 104
18.229 6.067 0.638 89
18.208 6.080 0.734 111
18.208 6.066 0.717 109
18.202 6.068 0.740 118
18.220 6.082 0.690 104
18.207 6.069 0.723 110
18.207 6.068 0.723 110
18.217 6.077 0.696 104
18.227 6.081 0.665 94
18.222 6.070 0.669 93
18.210 6.079 0.725 110
18.240 6.069 0.600 81
18.224 6.081 0.673 94
18.215 6.078 0.707 105
18.227 6.082 0.664 94
18.219 6.068 0.678 100
18.204 6.072 0.739 113
18.213 6.082 0.718 109
18.226 6.075 0.662 92
18.213 6.078 0.714 107
18.217 6.070 0.690 103
18.202 6.066 0.741 118
18.233 6.067 0.623 90
18.208 6.073 0.725 110
18.600 5.983 0.629 77
18.596 5.977 0.630 116
18.613 5.993 0.609 148
18.597 5.980 0.633 75
18.600 5.981 0.628 66
18.612 5.992 0.610 141
18.603 5.977 0.605 156
18.606 5.988 0.621 84
18.598 5.972 0.613 144
18.602 5.979 0.615 144
18.600 5.973 0.606 155
18.609 5.983 0.600 159
18.591 5.974 0.647 70
18.608 5.989 0.649 107
18.594 5.978 0.642 81
18.615 5.999 0.625 155
18.599 5.982 0.638 92
18.612 5.994 0.636 165
18.220 6.023 0.547 92
18.200 6.022 0.560 99
18.218 6.034 0.540 90
18.180 5.998 0.591 74
18.237 5.996 0.559 69
18.217 6.015 0.556 96
18.243 5.989 0.562 60
18.215 5.990 0.577 80
18.232 6.006 0.554 83
18.205 6.004 0.572 87
18.198 6.004 0.576 87
18.188 6.010 0.577 95
18.204 6.002 0.574 87
18.243 6.003 0.550 103
18.226 6.023 0.544 78
18.223 6.029 0.541 82
18.215 5.994 0.574 88
18.207 6.028 0.551 90
18.224 6.011 0.555 96
18.211 6.019 0.556 95
18.231 6.013 0.549 84
18.186 5.997 0.589 81
18.197 6.027 0.558 100
18.217 6.032 0.542 90
18.207 6.002 0.572 90
18.244 5.989 0.561 62
18.226 5.999 0.564 90
18.186 6.009 0.579 95
18.172 5.981 0.609 50
18.230 6.016 0.548 85
18.193 5.992 0.588 79
18.238 5.996 0.559 69
18.213 6.030 0.546 92
18.235 5.991 0.565 66
18.171 5.977 0.614 48
18.191 5.984 0.596 73
18.257 5.996 0.548 104
18.178 5.999 0.592 70
18.215 6.041 0.536 84
18.227 6.025 0.542 78
18.186 5.982 0.601 73
18.191 6.014 0.572 96
18.168 5.974 0.618 51
18.209 6.023 0.555 93
18.206 6.034 0.547 87
18.209 6.026 0.551 91
18.204 6.029 0.552 91
18.200 6.013 0.567 97
18.233 5.999 0.559 79
18.201 6.042 0.548 85
18.159 6.000 0.620 69
18.160 6.030 0.614 98
18.166 6.001 0.608 103
18.170 6.006 0.603 91
18.183 6.019 0.580 93
18.178 6.037 0.585 97
18.162 6.018 0.613 86
18.160 6.009 0.617 102
18.191 6.039 0.564 80
18.185 6.015 0.577 94
18.161 5.986 0.620 126
18.182 6.023 0.581 88
18.191 6.035 0.565 79
18.172 6.026 0.596 86
18.181 6.019 0.582 91
18.184 6.011 0.579 97
18.158 5.977 0.626 130
18.180 6.023 0.583 88
18.172 6.009 0.599 92
18.163 6.002 0.613 105
18.161 6.034 0.612 103
18.173 6.024 0.595 88
18.189 6.020 0.570 94
18.176 6.012 0.592 85
18.195 6.032 0.558 93
18.191 6.028 0.565 89
18.182 6.022 0.580 88
18.159 5.986 0.623 38
18.188 6.025 0.571 88
18.585 6.075 0.470 92
18.577 6.073 0.475 103
18.533 6.053 0.497 128
18.583 6.054 0.463 83
18.561 6.063 0.482 115
18.555 6.052 0.482 105
18.559 6.063 0.484 115
18.573 6.069 0.476 102
18.578 6.054 0.467 86
18.585 6.082 0.473 102
18.555 6.046 0.479 98
18.581 6.070 0.471 91
18.563 6.039 0.471 88
18.519 6.043 0.503 122
18.546 6.063 0.492 134
18.597 6.085 0.465 88
18.563 6.041 0.472 90
18.559 6.058 0.481 106
18.530 6.051 0.499 125
18.541 6.038 0.486 101
18.540 6.053 0.493 132
18.563 6.069 0.483 118
18.573 6.057 0.471 91
18.542 6.056 0.493 132
18.583 6.056 0.464 85
18.576 6.065 0.473 92
18.586 6.081 0.472 102
18.578 6.053 0.466 86
18.557 6.062 0.485 115
18.546 6.052 0.488 121
18.551 6.066 0.490 135
18.544 6.055 0.491 128
18.518 6.064 0.486 131
18.544 6.041 0.478 89
18.508 6.070 0.492 122
18.502 6.067 0.501 109
18.524 6.059 0.485 123
18.519 6.054 0.494 127
18.531 6.050 0.485 125
18.518 6.056 0.493 126
18.524 6.059 0.484 123
18.519 6.056 0.493 129
18.559 6.031 0.470 91
18.502 6.072 0.498 113
18.509 6.072 0.489 125
18.497 6.075 0.500 103
18.536 6.047 0.481 103
18.517 6.046 0.504 123
18.531 6.057 0.479 103
18.542 6.047 0.475 88
18.506 6.071 0.494 120
18.592 6.060 0.747 137
18.600 6.079 0.739 171
18.599 6.078 0.739 171
18.589 6.067 0.757 162
18.592 6.061 0.746 144
18.595 6.075 0.748 171
18.593 6.043 0.735 98
18.598 6.070 0.738 165
18.587 6.068 0.760 169
18.594 6.066 0.745 156
18.588 6.045 0.748 100
18.597 6.068 0.740 163
18.587 6.041 0.747 101
18.590 6.080 0.760 178
18.590 6.049 0.745 106
18.589 6.032 0.738 98
18.549 6.057 0.499 130
18.545 6.061 0.495 133
18.571 6.071 0.489 127
18.583 6.084 0.478 118
18.585 6.083 0.479 117
18.583 6.084 0.477 118
18.582 6.083 0.478 118
18.583 6.083 0.478 118
18.559 6.063 0.495 130
18.228 6.082 0.545 98
18.244 6.075 0.520 98
18.224 6.067 0.535 84
18.234 6.067 0.523 82
18.239 6.076 0.525 79
18.234 6.082 0.537 85
18.239 6.081 0.531 81
18.217 6.059 0.534 84
18.238 6.071 0.522 85
18.243 6.077 0.522 94
18.247 6.077 0.517 102
18.231 6.072 0.531 73
18.566 6.075 0.504 114
18.559 6.064 0.503 115
18.577 6.086 0.499 113
18.575 6.079 0.495 120
18.552 6.061 0.512 113
18.572 6.072 0.490 127
18.567 6.072 0.498 116
18.572 6.076 0.496 116
18.562 6.066 0.500 114
18.569 6.080 0.506 114
18.559 6.069 0.510 115
