15.758 2.992 0.419 101
15.756 3.019 0.392 94
15.757 3.023 0.416 134
15.755 3.064 0.401 143
15.756 3.038 0.398 139
15.756 3.034 0.398 135
15.758 3.004 0.424 109
15.755 3.065 0.399 142
15.758 3.008 0.424 111
15.757 3.005 0.415 73
15.759 2.981 0.429 140
15.759 2.979 0.430 143
15.757 3.009 0.398 145
15.757 3.004 0.409 92
15.756 3.030 0.412 135
15.756 3.020 0.393 68
15.758 3.007 0.424 109
15.756 3.023 0.398 95
15.756 3.054 0.409 146
15.755 3.057 0.397 140
15.756 3.033 0.396 115
15.756 3.023 0.398 101
15.758 3.112 0.402 145
15.764 3.102 0.421 134
15.756 3.086 0.403 142
15.770 3.197 0.414 125
15.764 3.057 0.431 135
15.761 3.028 0.429 139
15.761 3.036 0.429 154
15.760 2.995 0.436 118
15.768 3.162 0.418 143
15.767 3.195 0.407 142
15.764 3.175 0.403 142
15.761 3.050 0.424 153
15.763 3.102 0.417 140
15.756 3.049 0.412 147
15.757 3.101 0.402 138
15.766 3.204 0.403 130
15.768 3.195 0.410 127
15.765 3.148 0.414 137
15.758 3.016 0.426 136
15.759 3.062 0.416 125
15.762 3.113 0.413 139
15.759 3.046 0.421 158
15.771 3.225 0.410 130
15.762 3.016 0.436 100
15.763 3.054 0.431 150
15.758 3.065 0.412 146
15.765 3.160 0.410 131
15.758 3.065 0.414 124
15.767 3.151 0.416 131
15.758 3.034 0.420 138
15.763 3.094 0.419 145
15.761 3.088 0.415 131
15.770 3.208 0.413 128
15.760 3.013 0.432 110
15.759 3.043 0.421 144
15.762 3.067 0.423 132
15.765 3.138 0.416 138
15.771 3.243 0.405 117
15.759 3.083 0.412 142
15.766 3.190 0.406 139
15.768 3.204 0.407 126
15.761 3.013 0.433 112
15.772 3.264 0.404 121
15.769 3.231 0.403 123
15.765 3.159 0.409 127
15.756 3.072 0.407 138
15.765 3.144 0.413 142
15.763 3.038 0.433 152
15.769 3.211 0.408 127
15.756 3.047 0.412 147
15.768 3.176 0.414 132
15.766 3.151 0.434 137
15.766 3.131 0.431 133
15.771 3.272 0.421 131
15.766 3.189 0.442 130
15.768 3.138 0.422 136
15.766 3.129 0.429 138
15.761 2.986 0.440 114
15.772 3.305 0.421 57
15.765 3.141 0.442 128
15.761 2.982 0.441 91
15.772 3.301 0.416 43
15.767 3.237 0.438 130
15.765 3.111 0.436 142
15.767 3.148 0.428 142
15.770 3.255 0.422 133
15.762 3.031 0.441 152
15.771 3.259 0.419 127
15.767 3.230 0.440 127
15.768 3.264 0.437 139
15.761 2.989 0.444 121
15.767 3.131 0.428 135
15.767 3.188 0.431 142
15.770 3.297 0.432 97
15.770 3.216 0.418 123
15.767 3.115 0.425 143
15.767 3.196 0.433 124
15.766 3.109 0.429 132
15.765 3.152 0.443 134
15.768 3.261 0.438 138
15.768 3.278 0.442 139
15.769 3.197 0.425 139
15.765 3.140 0.439 134
15.770 3.259 0.428 123
15.769 3.234 0.430 128
15.770 3.215 0.421 136
15.771 3.242 0.415 133
15.767 3.179 0.433 134
15.770 3.292 0.429 96
15.771 3.317 0.428 95
15.763 3.048 0.437 138
15.769 3.180 0.418 140
15.765 3.168 0.441 135
15.765 3.085 0.430 139
15.769 3.277 0.432 124
15.772 3.266 0.416 119
15.769 3.263 0.431 137
15.765 3.176 0.442 137
15.770 3.240 0.424 128
15.769 3.216 0.423 136
15.771 3.297 0.426 80
15.769 3.290 0.438 111
15.772 3.302 0.420 50
15.770 3.291 0.429 101
15.771 3.300 0.428 83
15.767 3.221 0.436 129
15.766 3.121 0.431 136
15.771 3.303 0.426 90
15.766 3.110 0.426 137
15.769 3.322 0.442 90
15.768 3.225 0.434 129
15.767 3.189 0.436 137
15.772 3.268 0.411 126
15.771 3.247 0.414 131
15.769 3.305 0.439 87
15.772 3.291 0.416 85
15.768 3.168 0.424 130
15.771 3.314 0.426 89
15.770 3.321 0.438 94
15.769 3.232 0.428 130
15.763 3.048 0.440 147
15.768 3.151 0.423 139
15.767 3.156 0.426 142
15.768 3.179 0.428 133
15.773 3.267 0.407 129
15.771 3.287 0.420 91
15.657 3.407 0.394 45
15.655 3.400 0.392 58
15.646 3.352 0.373 185
15.653 3.382 0.379 169
15.656 3.408 0.398 45
15.664 3.452 0.417 53
15.641 3.335 0.374 195
15.655 3.386 0.375 150
15.651 3.371 0.376 203
15.660 3.401 0.374 41
15.665 3.460 0.423 35
15.664 3.454 0.420 53
15.662 3.420 0.387 22
15.661 3.441 0.415 83
15.646 3.364 0.388 202
15.661 3.443 0.420 78
15.653 3.383 0.380 169
15.664 3.458 0.423 30
15.645 3.355 0.377 207
15.648 3.371 0.386 214
15.650 3.373 0.380 207
15.651 3.369 0.373 199
15.649 3.383 0.396 157
15.650 3.379 0.387 198
15.655 3.385 0.374 161
15.656 3.397 0.383 56
15.654 3.407 0.402 46
15.659 3.435 0.416 135
15.724 2.944 0.443 154
15.730 2.940 0.438 94
15.734 2.950 0.445 98
15.742 2.950 0.443 27
15.694 2.953 0.458 25
15.709 2.951 0.453 66
15.693 2.949 0.455 35
15.688 2.958 0.464 45
15.707 2.949 0.452 22
15.698 2.959 0.463 134
15.716 2.945 0.445 24
15.720 2.956 0.454 103
15.689 2.953 0.460 40
15.696 2.959 0.463 114
15.685 2.944 0.449 29
15.661 2.938 0.442 27
15.663 2.952 0.459 67
15.649 2.943 0.448 25
15.657 2.950 0.458 54
15.668 2.944 0.449 27
15.691 2.943 0.448 31
15.697 2.947 0.452 33
15.688 2.941 0.445 25
15.693 2.945 0.450 42
15.678 2.947 0.453 27
15.695 2.934 0.436 33
15.627 2.941 0.446 32
15.677 2.958 0.467 31
15.664 2.944 0.449 17
15.673 2.949 0.456 42
15.657 2.944 0.450 27
15.690 2.948 0.454 37
15.668 2.958 0.467 118
15.698 2.941 0.445 42
15.682 2.946 0.451 27
15.708 2.939 0.441 69
15.675 2.955 0.464 26
15.653 2.958 0.464 117
15.467 2.953 0.409 23
15.601 2.951 0.445 55
15.643 2.956 0.460 84
15.603 2.958 0.450 118
15.495 2.950 0.415 27
15.564 2.944 0.430 28
15.539 2.949 0.426 25
15.539 2.944 0.423 23
15.596 2.948 0.442 37
15.511 2.950 0.419 26
15.609 2.948 0.445 50
15.603 2.937 0.437 34
15.639 2.952 0.456 97
15.578 2.952 0.440 48
15.617 2.942 0.444 27
15.573 2.957 0.441 83
15.627 2.951 0.452 72
15.576 2.948 0.436 43
15.571 2.951 0.437 45
15.530 2.949 0.424 22
15.609 2.946 0.444 22
15.591 2.941 0.436 25
15.607 2.948 0.445 50
15.522 2.948 0.421 31
15.580 2.943 0.434 27
15.585 2.956 0.444 78
15.581 2.943 0.435 28
15.605 2.939 0.438 29
15.518 2.952 0.423 34
15.541 2.950 0.427 23
15.529 2.951 0.425 21
15.508 2.975 0.459 129
15.474 2.954 0.412 29
15.414 2.978 0.442 136
15.456 2.973 0.443 143
15.581 2.963 0.454 75
15.431 2.966 0.424 126
15.536 2.974 0.463 142
15.489 2.966 0.438 139
15.441 2.966 0.426 130
15.513 2.971 0.453 137
15.465 2.968 0.436 130
15.501 2.968 0.445 121
15.424 2.975 0.439 137
15.524 2.969 0.451 141
15.529 2.965 0.445 134
15.453 2.968 0.433 135
15.509 2.976 0.460 129
15.452 2.954 0.407 23
15.441 2.972 0.437 132
15.508 2.964 0.438 117
15.560 2.968 0.458 138
15.458 2.969 0.436 138
15.480 2.979 0.459 127
15.586 2.969 0.466 135
15.625 2.961 0.460 112
15.543 2.957 0.434 73
15.444 2.976 0.446 129
15.409 2.977 0.439 136
15.463 2.968 0.434 132
15.552 2.972 0.462 142
15.453 2.957 0.412 52
15.587 2.966 0.461 119
15.429 2.983 0.454 128
15.502 2.976 0.460 123
15.513 2.964 0.440 103
15.449 2.971 0.437 133
15.533 2.959 0.435 93
15.405 2.987 0.457 131
15.551 2.959 0.439 104
15.584 2.962 0.452 92
15.454 2.960 0.418 63
15.421 2.973 0.434 132
15.602 2.959 0.451 114
15.508 2.957 0.425 58
15.546 2.973 0.463 139
15.506 2.957 0.425 57
15.452 2.957 0.412 52
15.537 2.965 0.447 125
15.428 2.973 0.435 124
15.599 2.962 0.455 116
15.462 2.974 0.446 136
15.588 2.961 0.451 97
15.450 2.960 0.418 90
15.577 2.960 0.446 110
15.472 2.973 0.447 129
15.457 2.964 0.426 110
15.600 2.967 0.465 129
15.468 2.963 0.426 85
15.627 2.961 0.460 112
15.500 2.975 0.456 138
15.525 2.970 0.454 120
15.666 2.962 0.471 127
15.490 2.978 0.459 123
15.509 2.959 0.429 101
15.449 2.972 0.438 140
15.433 2.984 0.457 137
15.519 2.976 0.463 132
15.488 2.960 0.426 94
15.415 2.983 0.451 128
15.590 2.961 0.452 97
15.448 2.962 0.421 109
15.485 2.972 0.448 132
15.524 2.961 0.436 107
15.564 2.968 0.458 135
15.564 2.959 0.441 85
15.428 2.970 0.430 132
15.484 2.976 0.455 140
15.439 2.968 0.429 132
15.603 2.963 0.458 117
15.520 2.957 0.428 75
15.662 2.962 0.470 115
15.478 2.956 0.417 51
15.466 2.969 0.437 138
15.495 2.965 0.437 126
15.484 2.956 0.417 43
15.444 2.962 0.419 122
15.475 2.973 0.446 125
15.450 2.962 0.422 99
15.659 2.962 0.470 118
15.554 2.961 0.443 105
15.463 2.980 0.457 136
15.415 2.955 0.394 28
15.424 2.955 0.388 29
15.420 2.955 0.398 29
15.378 2.955 0.419 62
15.407 2.955 0.404 27
15.355 2.956 0.426 57
15.384 2.955 0.415 56
15.415 2.955 0.401 28
15.427 2.954 0.405 23
15.399 2.955 0.397 26
15.422 2.955 0.372 65
15.389 2.955 0.408 17
15.411 2.955 0.384 31
15.423 2.955 0.395 27
15.405 2.955 0.405 22
15.412 2.955 0.397 27
15.403 2.955 0.412 41
15.418 2.954 0.404 26
15.369 2.956 0.411 18
15.423 2.955 0.368 71
15.421 2.954 0.403 23
15.389 2.955 0.412 35
15.398 2.955 0.419 56
15.403 2.955 0.408 19
15.394 2.955 0.400 24
15.412 2.955 0.400 26
15.353 2.956 0.430 48
15.422 2.965 0.424 122
15.377 2.969 0.437 122
15.440 2.957 0.413 39
15.433 2.957 0.413 46
15.358 2.958 0.431 66
15.404 2.974 0.436 142
15.368 2.964 0.434 120
15.426 2.962 0.420 101
15.386 2.980 0.446 132
15.368 2.976 0.446 130
15.410 2.964 0.425 113
15.425 2.967 0.425 135
15.419 2.954 0.414 47
15.378 2.963 0.431 118
15.352 2.960 0.434 20
15.355 2.962 0.435 89
15.386 2.968 0.434 122
15.410 2.963 0.425 113
15.426 2.956 0.414 44
15.411 2.960 0.421 64
15.437 2.955 0.411 23
15.381 2.969 0.436 117
15.438 2.958 0.413 44
15.381 2.970 0.437 120
15.405 2.958 0.420 51
15.417 2.958 0.418 39
15.454 2.954 0.406 26
15.344 2.947 0.387 25
15.377 2.952 0.385 28
15.359 2.945 0.365 73
15.362 2.945 0.362 83
15.351 2.945 0.375 33
15.391 2.949 0.360 79
15.408 2.955 0.374 71
15.350 2.951 0.402 17
15.350 2.949 0.394 25
15.352 2.946 0.377 59
15.344 2.943 0.369 101
15.379 2.955 0.399 24
15.415 2.955 0.372 80
15.372 2.949 0.377 85
15.345 2.955 0.427 23
15.350 2.952 0.408 20
15.382 2.947 0.356 86
15.355 2.955 0.415 15
15.361 2.951 0.395 19
15.408 2.954 0.373 69
15.397 2.953 0.377 68
15.391 2.950 0.364 79
15.364 2.948 0.379 88
15.352 2.947 0.383 70
15.352 2.953 0.412 21
15.394 2.953 0.376 74
15.349 2.946 0.377 113
15.359 2.943 0.359 78
15.370 2.949 0.376 78
15.402 2.953 0.372 71
15.411 2.955 0.372 73
15.414 2.955 0.370 73
15.365 2.949 0.380 88
15.350 2.947 0.384 70
15.349 2.952 0.409 20
15.346 2.942 0.365 51
15.397 2.952 0.371 73
15.332 2.947 0.365 49
15.330 2.953 0.388 29
15.329 2.956 0.404 62
15.341 2.954 0.425 24
15.333 2.946 0.363 49
15.324 2.959 0.405 37
15.315 2.962 0.395 87
15.330 2.950 0.377 38
15.336 2.956 0.421 34
15.334 2.948 0.376 49
15.319 2.960 0.396 44
15.335 2.955 0.411 28
15.338 2.942 0.358 57
15.323 2.955 0.379 70
15.327 2.953 0.382 35
15.323 2.956 0.387 53
15.335 2.948 0.374 55
15.331 2.988 0.435 23
15.324 3.003 0.436 25
15.347 2.961 0.436 19
15.366 2.992 0.451 114
15.361 2.999 0.451 105
15.301 3.018 0.430 74
15.318 3.011 0.435 35
15.376 2.988 0.455 128
15.344 2.968 0.436 23
15.320 2.992 0.432 96
15.317 2.995 0.431 89
15.323 2.993 0.433 70
15.336 2.991 0.438 17
15.355 2.978 0.443 127
15.307 3.010 0.430 99
15.335 2.981 0.435 18
15.320 3.005 0.435 58
15.320 3.017 0.437 28
15.342 2.957 0.433 24
15.333 3.002 0.440 25
15.365 2.994 0.451 114
15.348 2.988 0.443 126
15.352 2.969 0.440 105
15.365 2.991 0.451 114
15.342 2.993 0.441 76
15.346 3.000 0.445 113
15.310 3.003 0.429 72
15.313 2.975 0.411 84
15.299 3.013 0.424 119
15.325 2.964 0.418 31
15.308 2.969 0.400 65
15.324 2.980 0.429 80
15.305 3.006 0.425 95
15.317 2.968 0.411 33
15.320 2.977 0.422 96
15.315 2.984 0.420 90
15.302 2.996 0.413 82
15.308 2.968 0.400 65
15.323 2.969 0.419 56
15.309 2.988 0.416 87
15.315 2.969 0.409 39
15.335 2.958 0.426 49
15.304 2.987 0.409 68
15.337 2.959 0.430 42
15.539 3.002 0.456 127
15.485 3.044 0.442 124
15.588 2.982 0.463 131
15.457 3.019 0.449 117
15.430 3.062 0.436 138
15.516 3.001 0.456 120
15.475 3.013 0.452 116
15.481 3.022 0.449 117
15.540 2.975 0.465 137
15.512 3.035 0.446 119
15.423 3.006 0.453 128
15.395 3.020 0.448 127
15.494 2.989 0.459 131
15.467 2.995 0.457 124
15.403 3.032 0.444 125
15.406 3.027 0.446 129
15.535 2.987 0.461 113
15.436 3.033 0.445 133
15.412 3.006 0.453 130
15.556 2.990 0.460 115
15.404 2.989 0.458 127
15.516 2.991 0.459 104
15.442 3.072 0.433 38
15.480 3.035 0.445 126
15.443 2.988 0.459 132
15.499 3.008 0.454 130
15.411 3.012 0.451 129
15.462 3.055 0.438 133
15.460 3.037 0.444 113
15.418 3.056 0.437 146
15.501 3.013 0.452 125
15.428 3.057 0.437 142
15.474 3.037 0.444 134
15.560 2.995 0.459 119
15.474 3.016 0.451 118
15.577 2.978 0.464 130
15.393 3.013 0.450 132
15.652 2.968 0.469 127
15.412 3.050 0.439 130
15.518 3.014 0.452 115
15.496 3.019 0.450 116
15.457 3.001 0.455 121
15.649 2.964 0.470 119
15.486 3.010 0.453 107
15.408 3.001 0.454 131
15.441 3.011 0.452 122
15.431 3.056 0.438 132
15.610 2.983 0.463 123
15.436 3.036 0.444 133
15.607 2.970 0.467 142
15.585 2.975 0.465 126
15.468 3.053 0.439 133
15.486 3.001 0.456 105
15.505 2.991 0.459 123
15.421 2.999 0.455 135
15.473 2.997 0.457 126
15.435 3.068 0.434 123
15.544 3.020 0.451 132
15.580 2.982 0.463 129
15.424 3.042 0.442 127
15.520 2.997 0.458 116
15.404 3.046 0.440 131
15.443 3.053 0.439 122
15.440 3.011 0.452 122
15.539 3.020 0.451 130
15.405 3.025 0.447 129
15.578 2.999 0.458 131
15.506 3.035 0.446 123
15.509 3.014 0.452 116
15.671 2.962 0.471 22
15.426 2.987 0.459 135
15.481 3.034 0.445 126
15.407 3.018 0.449 131
15.517 2.999 0.457 121
15.416 3.058 0.437 136
15.427 2.987 0.459 135
15.437 2.986 0.459 138
15.411 3.001 0.454 131
15.412 3.015 0.450 130
15.412 3.016 0.449 131
15.400 2.992 0.457 126
15.564 3.005 0.456 115
15.426 3.019 0.449 129
15.471 3.040 0.443 131
15.529 2.992 0.459 123
15.556 2.998 0.458 122
15.429 3.074 0.432 18
15.475 3.051 0.440 139
15.397 3.026 0.446 123
15.513 3.008 0.454 125
15.453 2.983 0.460 132
15.465 3.007 0.453 119
15.402 3.000 0.454 125
15.457 2.994 0.457 121
15.395 2.992 0.457 127
15.430 3.054 0.438 132
15.527 2.987 0.461 113
15.604 2.970 0.467 145
15.529 2.996 0.458 126
15.431 3.059 0.437 136
15.484 3.042 0.443 124
15.522 2.990 0.460 113
15.406 3.042 0.441 124
15.453 2.984 0.460 132
15.507 2.997 0.457 118
15.412 2.987 0.458 122
15.460 3.061 0.437 142
15.468 2.987 0.460 102
15.555 3.004 0.456 120
15.437 2.999 0.455 105
15.542 2.987 0.461 116
15.429 3.019 0.449 129
15.498 3.007 0.454 130
15.571 2.971 0.466 120
15.415 3.034 0.444 132
15.517 3.017 0.451 115
15.459 3.062 0.436 142
15.402 3.034 0.444 124
15.559 2.994 0.459 119
15.486 3.052 0.440 119
15.511 3.017 0.451 116
15.581 2.984 0.462 134
15.489 3.011 0.453 122
15.409 3.012 0.451 131
15.601 2.988 0.462 124
15.491 3.042 0.443 125
15.526 3.017 0.451 126
15.420 3.008 0.452 130
15.434 3.016 0.450 129
15.480 3.042 0.443 126
15.485 2.999 0.456 117
15.474 3.042 0.443 133
15.461 2.994 0.457 116
15.442 3.044 0.442 135
15.494 3.024 0.449 110
15.550 2.998 0.458 136
15.474 2.999 0.456 121
15.477 3.028 0.447 122
15.431 3.063 0.436 141
15.519 3.001 0.456 125
15.504 2.986 0.461 128
15.484 3.016 0.451 111
15.432 3.042 0.442 130
15.503 2.993 0.458 127
15.499 3.029 0.447 117
15.525 3.010 0.454 119
15.571 2.983 0.463 136
15.484 2.985 0.461 126
15.523 2.978 0.463 141
15.659 2.965 0.470 124
15.471 3.028 0.447 119
15.531 2.986 0.461 121
15.546 3.060 0.446 142
15.440 3.096 0.430 74
15.608 3.001 0.460 134
15.504 3.100 0.437 81
15.463 3.142 0.428 124
15.490 3.138 0.432 97
15.505 3.072 0.440 137
15.488 3.125 0.433 69
15.603 3.015 0.458 126
15.599 3.003 0.458 135
15.551 3.076 0.445 136
15.454 3.110 0.430 71
15.557 3.068 0.447 139
15.478 3.126 0.432 75
15.469 3.155 0.428 131
15.522 3.087 0.441 25
15.504 3.050 0.442 130
15.617 3.005 0.460 124
15.468 3.100 0.433 71
15.539 3.030 0.448 124
15.523 3.072 0.442 142
15.502 3.062 0.441 124
15.616 3.009 0.460 121
15.526 3.103 0.440 76
15.523 3.111 0.439 77
15.586 3.013 0.456 124
15.612 3.003 0.460 131
15.538 3.044 0.447 134
15.468 3.146 0.429 131
15.657 2.976 0.468 143
15.464 3.130 0.429 72
15.510 3.112 0.437 75
15.490 3.052 0.440 127
15.468 3.112 0.432 70
15.467 3.117 0.431 71
15.466 3.073 0.435 88
15.444 3.103 0.430 71
15.522 3.072 0.442 142
15.561 3.025 0.452 119
15.596 3.017 0.457 128
15.423 3.090 0.428 49
15.618 3.010 0.460 133
15.489 3.137 0.432 68
15.510 3.061 0.442 122
15.565 3.034 0.451 126
15.467 3.112 0.432 71
15.455 3.164 0.425 118
15.463 3.084 0.434 26
15.473 3.149 0.429 133
15.465 3.090 0.433 72
15.621 3.001 0.461 128
15.494 3.071 0.439 148
15.451 3.142 0.427 85
15.468 3.141 0.429 130
15.630 2.996 0.463 134
15.443 3.128 0.427 68
15.632 2.998 0.463 134
15.532 3.099 0.441 90
15.578 3.048 0.451 141
15.433 3.094 0.429 72
15.471 3.163 0.427 126
15.576 3.058 0.450 146
15.439 3.100 0.429 75
15.467 3.093 0.433 73
15.477 3.148 0.429 138
15.463 3.130 0.429 72
15.523 3.058 0.444 128
15.612 3.001 0.460 136
15.496 3.114 0.435 75
15.532 3.060 0.445 120
15.526 3.091 0.441 85
15.542 3.061 0.446 135
15.506 3.052 0.442 133
15.524 3.040 0.446 128
15.520 3.041 0.445 123
15.487 3.077 0.437 44
15.523 3.047 0.445 134
15.488 3.087 0.437 63
15.576 3.049 0.451 139
15.576 3.058 0.450 146
15.574 3.011 0.454 133
15.513 3.056 0.443 127
15.458 3.126 0.429 71
15.444 3.076 0.432 25
15.592 3.018 0.456 128
15.543 3.083 0.444 40
15.502 3.133 0.434 70
15.479 3.092 0.435 83
15.527 3.040 0.446 129
15.554 3.055 0.448 138
15.453 3.071 0.434 132
15.507 3.068 0.441 126
15.450 3.118 0.429 73
15.602 3.012 0.458 127
15.585 3.037 0.453 136
15.654 2.972 0.468 140
15.474 3.061 0.437 124
15.555 3.032 0.450 129
15.472 3.146 0.429 129
15.532 3.093 0.441 104
15.563 3.053 0.449 135
15.524 3.099 0.440 81
15.473 3.153 0.429 131
15.439 3.080 0.431 22
15.556 3.021 0.451 131
15.481 3.145 0.430 137
15.486 3.150 0.430 125
15.554 3.058 0.447 137
15.495 3.069 0.439 142
15.461 3.117 0.430 70
15.469 3.102 0.433 72
15.454 3.110 0.430 71
15.473 3.071 0.436 138
15.511 3.069 0.441 137
15.444 3.080 0.432 9
15.476 3.161 0.428 124
15.424 3.090 0.428 49
15.561 3.025 0.451 119
15.524 3.096 0.440 86
15.507 3.091 0.439 75
15.460 3.139 0.428 93
15.570 3.059 0.449 137
15.469 3.144 0.429 131
15.538 3.077 0.444 148
15.475 3.081 0.436 16
15.439 3.082 0.431 20
15.527 3.033 0.447 127
15.484 3.077 0.437 39
15.567 3.044 0.450 139
15.513 3.052 0.443 126
15.455 3.072 0.434 100
15.541 3.092 0.443 96
15.546 3.043 0.448 138
15.588 3.031 0.454 133
15.581 3.021 0.454 130
15.593 3.009 0.457 134
15.469 3.147 0.429 133
15.479 3.076 0.436 42
15.539 3.060 0.445 136
15.575 3.043 0.452 140
15.516 3.081 0.441 27
15.644 2.989 0.465 133
15.525 3.049 0.445 132
15.381 3.009 0.455 120
15.382 3.057 0.451 45
15.375 3.039 0.457 21
15.375 3.065 0.455 62
15.387 3.078 0.447 62
15.396 3.054 0.443 14
15.382 3.016 0.454 132
15.410 3.077 0.433 32
15.382 3.076 0.450 69
15.408 3.068 0.435 16
15.388 3.012 0.451 126
15.399 3.084 0.439 63
15.383 3.008 0.454 118
15.372 3.074 0.456 61
15.390 3.016 0.450 123
15.390 3.028 0.449 129
15.374 3.073 0.455 58
15.381 3.054 0.452 32
15.409 3.071 0.435 14
15.396 3.081 0.442 64
15.389 3.016 0.450 123
15.406 3.078 0.436 48
15.384 3.052 0.451 17
15.396 3.058 0.443 24
15.369 3.060 0.458 60
15.378 3.055 0.454 56
15.377 3.083 0.452 66
15.393 3.062 0.445 28
15.397 3.057 0.443 14
15.384 3.032 0.452 120
15.347 3.051 0.452 40
15.353 3.076 0.458 134
15.317 3.024 0.438 21
15.312 3.038 0.437 60
15.335 3.053 0.448 36
15.338 3.041 0.448 19
15.336 3.052 0.448 36
15.373 3.023 0.458 147
15.348 3.056 0.453 63
15.372 2.994 0.455 126
15.337 3.055 0.449 110
15.324 3.044 0.443 23
15.330 3.042 0.445 13
15.323 3.046 0.443 74
15.361 3.035 0.455 25
15.358 3.066 0.458 66
15.334 3.037 0.446 49
15.348 3.066 0.455 136
15.343 3.068 0.453 129
15.346 3.067 0.454 117
15.361 3.053 0.458 63
15.360 3.031 0.455 97
15.339 3.041 0.448 19
15.321 3.037 0.441 28
15.318 3.048 0.441 70
15.344 3.042 0.450 19
15.334 3.016 0.443 41
15.340 3.065 0.451 114
15.338 3.029 0.446 128
15.332 3.039 0.445 23
15.356 3.019 0.451 131
15.374 3.016 0.458 119
15.364 3.001 0.452 115
15.343 3.046 0.450 22
15.318 3.030 0.439 17
15.364 3.034 0.456 27
15.343 3.060 0.452 118
15.366 3.008 0.454 113
15.363 3.055 0.459 62
15.534 3.153 0.438 120
15.657 3.002 0.467 28
15.617 3.068 0.456 90
15.555 3.135 0.442 110
15.686 3.089 0.466 134
15.627 3.166 0.452 130
15.660 3.052 0.464 150
15.677 3.009 0.469 165
15.590 3.137 0.448 134
15.664 3.158 0.459 135
15.662 3.083 0.463 131
15.577 3.073 0.449 29
15.658 3.203 0.455 130
15.637 3.208 0.452 121
15.613 3.127 0.452 126
15.691 3.089 0.467 134
15.620 3.116 0.454 130
15.646 3.214 0.453 131
15.618 3.103 0.454 134
15.622 3.159 0.452 131
15.678 3.136 0.462 128
15.671 2.979 0.470 33
15.584 3.170 0.445 135
15.658 3.141 0.459 135
15.685 3.188 0.460 120
15.645 3.092 0.460 133
15.684 3.166 0.462 127
15.679 3.214 0.458 126
15.680 3.093 0.465 133
15.696 3.144 0.465 133
15.657 3.066 0.463 131
15.623 3.060 0.458 90
15.620 3.147 0.452 135
15.687 3.179 0.461 135
15.619 3.129 0.453 135
15.555 3.146 0.442 125
15.701 3.184 0.463 128
15.635 3.180 0.453 132
15.684 3.139 0.463 122
15.569 3.184 0.442 127
15.549 3.126 0.442 88
15.704 3.192 0.463 135
15.652 3.174 0.456 127
15.644 3.178 0.454 130
15.663 3.071 0.464 137
15.698 3.122 0.466 133
15.701 3.186 0.463 130
15.570 3.098 0.447 100
15.700 3.192 0.463 136
15.559 3.146 0.442 125
15.645 3.003 0.464 141
15.615 3.024 0.458 131
15.664 3.076 0.463 136
15.626 3.091 0.456 106
15.658 3.128 0.460 122
15.694 3.196 0.461 134
15.496 3.174 0.431 118
15.562 3.192 0.440 128
15.652 3.202 0.454 126
15.548 3.100 0.443 94
15.524 3.156 0.436 132
15.525 3.187 0.435 130
15.649 3.220 0.453 130
15.583 3.116 0.448 109
15.681 3.078 0.466 131
15.589 3.205 0.444 128
15.536 3.145 0.439 129
15.567 3.112 0.446 97
15.495 3.154 0.432 125
15.649 3.135 0.458 128
15.610 3.041 0.457 132
15.676 3.005 0.469 107
15.522 3.178 0.435 126
15.483 3.170 0.429 130
15.622 3.203 0.449 125
15.680 3.147 0.462 128
15.531 3.172 0.436 114
15.635 3.146 0.455 137
15.585 3.060 0.452 145
15.689 3.220 0.459 131
15.665 3.190 0.457 125
15.501 3.181 0.431 134
15.662 2.975 0.469 135
15.544 3.156 0.439 128
15.679 3.047 0.467 142
15.680 3.109 0.464 135
15.580 3.076 0.450 40
15.566 3.086 0.447 105
15.672 3.088 0.464 131
15.694 3.232 0.459 128
15.688 3.081 0.467 140
15.544 3.095 0.443 114
15.647 2.998 0.465 132
15.638 3.030 0.462 28
15.689 3.197 0.460 133
15.575 3.171 0.444 129
15.607 3.125 0.451 125
15.554 3.158 0.441 130
15.543 3.160 0.439 129
15.481 3.180 0.428 121
15.629 3.009 0.462 139
15.623 3.049 0.458 29
15.606 3.129 0.451 124
15.652 3.027 0.464 50
15.565 3.186 0.441 123
15.650 3.017 0.465 25
15.652 3.075 0.462 131
15.595 3.097 0.451 104
15.584 3.175 0.445 124
15.560 3.129 0.444 107
15.648 3.146 0.457 131
15.683 3.182 0.460 125
15.510 3.156 0.434 123
15.592 3.154 0.447 117
15.558 3.081 0.446 37
15.675 3.155 0.461 124
15.580 3.167 0.445 134
15.560 3.083 0.446 32
15.573 3.139 0.445 127
15.578 3.064 0.450 152
15.541 3.161 0.439 135
15.598 3.140 0.449 140
15.633 3.177 0.453 134
15.631 3.045 0.460 51
15.552 3.151 0.441 121
15.694 3.151 0.464 135
15.620 3.197 0.449 132
15.646 3.118 0.458 134
15.539 3.101 0.442 87
15.567 3.098 0.446 98
15.658 3.048 0.464 47
15.692 3.119 0.465 132
15.656 3.189 0.456 131
15.633 3.171 0.453 136
15.648 3.187 0.455 127
15.545 3.096 0.443 99
15.596 3.200 0.445 121
15.604 3.123 0.451 130
15.536 3.127 0.440 76
15.673 3.008 0.469 40
15.575 3.127 0.446 118
15.652 3.109 0.460 125
15.548 3.179 0.439 122
15.508 3.145 0.434 123
15.597 3.085 0.452 100
15.633 3.122 0.456 127
15.531 3.170 0.436 116
15.623 3.212 0.449 128
15.598 3.133 0.450 131
15.500 3.174 0.431 121
15.641 3.210 0.452 128
15.648 3.183 0.455 119
15.688 3.212 0.460 131
15.691 3.165 0.463 129
15.683 3.086 0.466 138
15.672 3.225 0.456 133
15.520 3.139 0.437 87
15.568 3.145 0.444 131
15.557 3.178 0.440 134
15.579 3.074 0.450 31
15.695 3.218 0.460 130
15.490 3.159 0.431 129
15.551 3.129 0.442 91
15.667 3.150 0.460 126
15.495 3.178 0.430 121
15.550 3.119 0.443 88
15.593 3.209 0.444 133
15.536 3.167 0.437 125
15.574 3.146 0.445 135
15.633 3.106 0.457 135
15.552 3.169 0.440 121
15.553 3.185 0.439 129
15.659 3.132 0.459 119
15.576 3.159 0.444 129
15.677 3.077 0.465 132
15.535 3.116 0.440 75
15.473 3.179 0.427 121
15.518 3.186 0.434 124
15.697 3.175 0.463 131
15.682 3.164 0.461 127
15.679 3.069 0.466 138
15.599 3.122 0.450 131
15.681 3.184 0.460 106
15.627 3.042 0.459 48
15.580 3.056 0.451 136
15.504 3.151 0.433 126
15.550 3.149 0.441 115
15.555 3.098 0.444 97
15.714 3.232 0.463 127
15.609 3.118 0.452 130
15.537 3.137 0.439 124
15.717 3.230 0.463 126
15.695 3.231 0.460 128
15.714 3.219 0.463 130
15.540 3.157 0.439 130
15.643 3.084 0.460 142
15.660 3.201 0.456 132
15.618 3.093 0.455 85
15.515 3.172 0.434 121
15.616 3.207 0.448 128
15.649 3.069 0.461 144
15.556 3.162 0.441 128
15.706 3.183 0.464 129
15.527 3.175 0.436 132
15.577 3.186 0.443 122
15.581 3.155 0.446 129
15.585 3.106 0.449 109
15.663 3.116 0.461 131
15.629 3.213 0.450 127
15.668 3.018 0.467 48
15.613 3.099 0.454 93
15.567 3.111 0.446 99
15.621 3.100 0.455 140
15.619 3.110 0.454 132
15.576 3.190 0.443 132
15.608 3.097 0.453 96
15.678 3.038 0.468 132
15.608 3.077 0.454 93
15.582 3.133 0.447 122
15.612 3.191 0.448 123
15.602 3.153 0.449 132
15.531 3.162 0.437 125
15.597 3.122 0.450 140
15.563 3.190 0.441 126
15.667 3.207 0.456 134
15.605 3.177 0.448 124
15.528 3.192 0.435 120
15.678 3.196 0.459 137
15.681 3.074 0.466 129
15.659 3.061 0.463 135
15.694 3.144 0.464 135
15.555 3.117 0.443 90
15.549 3.139 0.441 131
15.680 3.054 0.467 135
15.655 3.063 0.463 149
15.662 3.034 0.466 55
15.681 3.124 0.463 128
15.619 3.126 0.453 132
15.682 3.191 0.460 124
15.679 3.089 0.465 138
15.617 3.112 0.454 133
15.625 3.092 0.456 67
15.671 3.128 0.462 131
15.625 3.168 0.452 130
15.586 3.115 0.449 107
15.576 3.097 0.448 104
15.670 3.176 0.459 134
15.490 3.165 0.430 130
15.681 3.147 0.462 128
15.499 3.175 0.431 121
15.553 3.176 0.440 130
15.650 3.182 0.455 127
15.623 3.116 0.454 130
15.632 3.103 0.457 135
15.621 3.200 0.449 130
15.515 3.162 0.434 120
15.608 3.034 0.457 121
15.656 3.009 0.466 33
15.683 3.059 0.468 133
15.571 3.071 0.449 148
15.644 3.058 0.461 51
15.653 3.161 0.457 123
15.556 3.087 0.445 51
15.495 3.157 0.431 123
15.621 3.209 0.449 122
15.617 3.113 0.454 133
15.660 3.221 0.454 130
15.473 3.179 0.427 126
15.636 3.043 0.461 70
15.670 3.071 0.465 139
15.608 3.058 0.455 24
15.618 3.029 0.459 133
15.559 3.089 0.446 104
15.653 3.174 0.456 120
15.566 3.103 0.446 98
15.516 3.156 0.435 124
15.616 3.110 0.454 134
15.669 3.003 0.468 47
15.694 3.186 0.462 120
15.645 3.034 0.463 53
15.687 3.161 0.462 120
15.612 3.198 0.448 131
15.614 3.184 0.449 121
15.592 3.187 0.445 125
15.619 3.206 0.449 126
15.626 3.034 0.460 157
15.648 3.152 0.456 123
15.574 3.129 0.446 133
15.601 3.117 0.451 118
15.624 3.134 0.454 132
15.701 3.181 0.463 128
15.598 3.075 0.453 134
15.591 3.154 0.447 117
15.636 3.142 0.455 132
15.676 3.206 0.458 132
15.589 3.194 0.444 130
15.590 3.147 0.447 139
15.680 3.185 0.460 106
15.559 3.129 0.443 103
15.583 3.104 0.449 105
15.654 3.115 0.460 132
15.534 3.175 0.437 120
15.494 3.144 0.432 134
15.505 3.133 0.434 70
15.470 3.170 0.427 125
15.687 3.173 0.462 138
15.567 3.152 0.443 135
15.590 3.191 0.445 124
15.702 3.193 0.463 136
15.542 3.179 0.438 117
15.663 3.103 0.462 129
15.556 3.132 0.443 128
15.503 3.157 0.433 120
15.645 3.204 0.453 122
15.638 3.166 0.454 141
15.688 3.219 0.459 131
15.585 3.082 0.450 138
15.534 3.143 0.438 122
15.631 3.169 0.453 133
15.638 3.184 0.453 132
15.552 3.139 0.442 131
15.646 3.053 0.462 59
15.692 3.217 0.460 129
15.630 3.074 0.458 70
15.653 3.075 0.462 133
15.589 3.143 0.447 138
15.593 3.206 0.445 127
15.666 3.139 0.460 134
15.621 3.149 0.452 138
15.595 3.204 0.445 124
15.640 3.028 0.462 28
15.619 3.192 0.449 127
15.632 3.050 0.460 88
15.601 3.076 0.453 109
15.660 3.132 0.460 119
15.509 3.186 0.432 122
15.598 3.125 0.450 140
15.607 3.051 0.456 152
15.688 3.073 0.468 129
15.625 3.046 0.459 24
15.591 3.120 0.449 140
15.609 3.081 0.454 99
15.643 3.221 0.452 131
15.678 3.010 0.469 155
15.611 3.193 0.448 123
15.656 3.181 0.456 135
15.626 3.076 0.457 77
15.572 3.072 0.449 147
15.692 3.202 0.461 129
15.525 3.146 0.437 135
15.622 3.020 0.460 136
15.657 3.031 0.465 49
15.662 3.082 0.463 132
15.656 3.010 0.466 38
15.674 3.214 0.457 129
15.652 3.101 0.460 131
15.546 3.194 0.438 119
15.686 3.001 0.468 139
15.692 3.045 0.468 147
15.723 2.969 0.456 150
15.726 3.036 0.457 145
15.724 3.146 0.460 134
15.685 2.964 0.467 47
15.727 3.114 0.459 128
15.720 3.159 0.462 129
15.716 3.074 0.461 135
15.715 3.151 0.463 135
15.709 3.099 0.464 134
15.679 2.969 0.469 49
15.723 3.159 0.461 133
15.717 2.982 0.458 145
15.714 3.015 0.460 146
15.736 3.124 0.456 136
15.745 2.991 0.450 149
15.717 3.049 0.460 138
15.740 2.994 0.451 156
15.699 3.085 0.467 137
15.702 2.972 0.462 135
15.698 3.076 0.466 123
15.722 3.152 0.461 131
15.712 2.981 0.459 149
15.719 3.080 0.460 138
15.725 3.140 0.460 139
15.695 3.028 0.466 141
15.702 3.105 0.466 133
15.693 3.031 0.467 133
15.725 3.150 0.460 132
15.689 3.013 0.467 137
15.735 3.045 0.454 146
15.704 3.039 0.464 133
15.688 3.001 0.468 152
15.718 3.003 0.458 149
15.718 3.040 0.459 146
15.705 3.043 0.464 137
15.702 3.073 0.465 142
15.744 3.033 0.451 140
15.704 2.963 0.461 141
15.734 3.100 0.456 136
15.729 3.096 0.458 133
15.729 2.982 0.454 143
15.700 3.055 0.465 134
15.744 3.019 0.451 151
15.712 3.038 0.461 143
15.751 3.007 0.448 156
15.706 3.146 0.466 138
15.706 3.041 0.463 137
15.739 3.111 0.455 133
15.707 3.015 0.462 140
15.749 2.980 0.448 146
15.744 3.059 0.452 145
15.741 3.078 0.453 139
15.723 3.014 0.457 144
15.715 3.146 0.463 136
15.721 3.223 0.464 130
15.704 3.061 0.464 138
15.709 3.123 0.465 128
15.722 3.080 0.459 138
15.757 2.957 0.445 117
15.710 3.094 0.463 131
15.716 2.970 0.458 140
15.689 3.012 0.467 137
15.741 3.040 0.452 143
15.726 3.071 0.458 136
15.716 3.082 0.461 132
15.732 3.061 0.456 140
15.737 3.131 0.456 135
15.737 3.098 0.455 138
15.705 3.017 0.463 140
15.720 3.218 0.464 127
15.715 3.190 0.465 137
15.729 3.034 0.456 139
15.758 2.963 0.445 138
15.714 3.167 0.464 131
15.710 3.169 0.465 130
15.753 3.002 0.447 149
15.739 3.060 0.454 145
15.678 2.979 0.470 48
15.745 3.017 0.450 148
15.685 3.019 0.469 137
15.706 2.993 0.462 143
15.738 3.007 0.452 159
15.735 3.009 0.453 150
15.711 3.031 0.461 139
15.726 3.165 0.460 135
15.745 3.021 0.450 151
15.752 2.964 0.447 135
15.711 3.087 0.463 134
15.744 3.028 0.451 147
15.724 2.998 0.456 153
15.745 2.985 0.449 148
15.706 2.987 0.461 150
15.711 3.113 0.464 128
15.714 3.166 0.464 131
15.728 3.155 0.460 128
15.719 3.105 0.461 137
15.760 2.956 0.444 149
15.736 3.088 0.455 139
15.733 3.050 0.455 137
15.750 3.009 0.449 157
15.688 2.974 0.467 74
15.730 3.164 0.459 133
15.746 3.014 0.450 152
15.731 3.083 0.457 139
15.689 2.969 0.466 130
15.711 3.073 0.462 131
15.697 3.046 0.466 140
15.724 3.194 0.462 130
15.729 3.146 0.459 134
15.738 3.092 0.455 140
15.724 3.068 0.458 138
15.714 3.058 0.461 136
15.744 3.061 0.452 147
15.744 3.018 0.451 148
15.684 3.017 0.469 137
15.711 3.015 0.461 142
15.731 3.167 0.459 133
15.705 3.128 0.466 130
15.721 3.179 0.462 132
15.745 3.042 0.451 140
15.725 3.064 0.458 138
15.718 3.049 0.460 148
15.746 2.990 0.449 142
15.682 2.989 0.469 65
15.694 3.032 0.466 134
15.738 2.986 0.452 145
15.700 2.972 0.463 139
15.745 3.240 0.453 140
15.749 3.224 0.451 138
15.752 3.159 0.449 132
15.741 3.175 0.455 128
15.762 3.210 0.445 134
15.749 3.240 0.451 142
15.759 3.061 0.445 136
15.744 3.097 0.453 144
15.766 3.247 0.443 133
15.748 3.214 0.451 132
15.759 3.057 0.445 138
15.738 3.135 0.456 135
15.741 3.103 0.454 142
15.740 3.219 0.455 134
15.756 3.019 0.446 143
15.758 3.159 0.446 137
15.759 3.290 0.447 133
15.756 3.134 0.447 139
15.742 3.137 0.454 135
15.758 3.117 0.446 141
15.729 3.242 0.461 128
15.737 3.266 0.457 135
15.748 3.107 0.451 142
15.759 2.975 0.444 101
15.761 3.306 0.446 118
15.764 3.170 0.444 134
15.756 3.179 0.448 135
15.759 3.238 0.447 138
15.746 3.099 0.452 144
15.753 3.120 0.449 142
15.736 3.242 0.457 129
15.752 3.235 0.450 139
15.764 3.298 0.445 116
15.748 3.241 0.452 138
15.759 3.003 0.445 162
15.741 3.146 0.454 140
15.761 3.199 0.446 137
15.753 3.115 0.448 140
15.728 3.233 0.461 133
15.736 3.250 0.457 131
15.756 3.179 0.447 135
15.759 3.207 0.446 137
15.754 3.123 0.448 136
15.760 3.126 0.445 131
15.758 3.203 0.447 136
15.739 3.262 0.456 132
15.739 3.174 0.455 131
15.752 3.161 0.449 134
15.760 3.000 0.444 152
15.733 3.225 0.459 139
15.727 3.239 0.462 127
15.733 3.221 0.459 136
15.750 3.035 0.449 149
15.747 3.194 0.452 139
15.757 3.186 0.447 135
15.729 3.241 0.461 131
15.755 3.238 0.448 135
15.755 3.139 0.448 134
15.754 3.123 0.448 136
15.751 3.176 0.450 128
15.760 3.016 0.444 141
15.738 3.238 0.457 136
15.753 3.294 0.450 133
15.747 3.256 0.452 135
15.737 3.136 0.456 137
15.749 3.293 0.451 137
15.732 3.258 0.459 130
15.742 3.156 0.454 134
15.758 3.181 0.447 132
15.735 3.157 0.457 127
15.752 3.262 0.450 133
15.764 3.224 0.444 136
15.742 3.209 0.454 135
15.742 3.260 0.455 132
15.736 3.252 0.458 130
15.751 3.072 0.449 138
15.751 3.275 0.451 138
15.736 3.259 0.457 132
15.755 3.282 0.449 132
15.739 3.213 0.456 134
15.760 2.996 0.444 132
15.740 3.270 0.456 134
15.752 3.187 0.450 137
15.737 3.200 0.457 132
15.731 3.238 0.460 136
15.761 3.238 0.445 136
15.735 3.177 0.458 131
15.759 3.304 0.447 138
15.736 3.176 0.457 131
15.737 3.257 0.457 132
15.763 3.213 0.445 133
15.363 3.097 0.459 128
15.394 3.133 0.438 132
15.375 3.162 0.447 133
15.354 3.181 0.457 122
15.388 3.120 0.443 138
15.352 3.172 0.459 131
15.348 3.251 0.455 118
15.393 3.114 0.440 104
15.408 3.099 0.433 64
15.363 3.176 0.453 124
15.375 3.112 0.451 132
15.369 3.102 0.455 126
15.347 3.206 0.459 119
15.397 3.106 0.439 56
15.374 3.171 0.447 119
15.359 3.181 0.454 122
15.347 3.217 0.458 125
15.395 3.092 0.441 61
15.371 3.135 0.451 132
15.358 3.208 0.453 124
15.340 3.260 0.459 119
15.373 3.104 0.453 134
15.386 3.115 0.445 137
15.385 3.129 0.443 130
15.373 3.182 0.446 128
15.406 3.115 0.433 54
15.364 3.183 0.451 126
15.384 3.142 0.443 129
15.382 3.168 0.442 129
15.382 3.132 0.445 134
15.372 3.087 0.455 64
15.354 3.132 0.461 128
15.348 3.237 0.456 124
15.357 3.189 0.455 130
15.402 3.123 0.434 140
15.374 3.167 0.447 124
15.357 3.177 0.456 128
15.365 3.103 0.457 133
15.356 3.210 0.454 124
15.384 3.103 0.447 56
15.382 3.102 0.448 56
15.387 3.132 0.443 134
15.365 3.118 0.456 137
15.394 3.137 0.438 128
15.366 3.135 0.454 124
15.382 3.098 0.448 56
15.352 3.161 0.460 126
15.367 3.092 0.457 78
15.390 3.132 0.441 132
15.349 3.220 0.457 119
15.351 3.160 0.461 126
15.370 3.147 0.451 131
15.343 3.225 0.460 121
15.358 3.149 0.458 132
15.383 3.170 0.441 127
15.366 3.139 0.454 126
15.343 3.241 0.458 122
15.368 3.089 0.457 60
15.382 3.142 0.444 132
15.363 3.095 0.459 136
15.388 3.117 0.443 130
15.348 3.173 0.461 120
15.403 3.116 0.435 59
15.378 3.118 0.448 139
15.342 3.231 0.460 120
15.342 3.249 0.458 119
15.366 3.177 0.451 124
15.361 3.155 0.455 127
15.375 3.111 0.451 132
15.359 3.099 0.461 129
15.366 3.091 0.458 134
15.343 3.265 0.456 126
15.350 3.139 0.458 120
15.334 3.206 0.452 145
15.315 3.186 0.430 92
15.329 3.148 0.439 121
15.316 3.245 0.439 100
15.313 3.174 0.427 111
15.295 3.195 0.413 35
15.308 3.234 0.431 73
15.320 3.143 0.430 90
15.311 3.186 0.426 73
15.308 3.173 0.422 97
15.326 3.276 0.454 134
15.340 3.221 0.460 122
15.341 3.174 0.455 119
15.303 3.204 0.422 73
15.327 3.152 0.437 119
15.331 3.171 0.444 121
15.350 3.145 0.459 128
15.334 3.226 0.455 143
15.326 3.271 0.453 132
15.316 3.247 0.440 99
15.310 3.166 0.423 69
15.314 3.220 0.434 103
15.318 3.229 0.439 112
15.326 3.171 0.440 115
15.334 3.211 0.452 137
15.324 3.163 0.436 119
15.296 3.189 0.413 32
15.325 3.177 0.440 114
15.351 3.125 0.458 125
15.323 3.178 0.437 113
15.320 3.224 0.441 115
15.326 3.135 0.434 103
15.298 3.203 0.416 54
15.351 3.136 0.459 120
15.315 3.167 0.428 116
15.328 3.133 0.436 115
15.323 3.178 0.438 118
15.299 3.202 0.418 52
15.331 3.290 0.461 118
15.349 3.161 0.460 120
15.309 3.203 0.427 78
15.345 3.143 0.454 128
15.315 3.171 0.429 112
15.307 3.166 0.420 67
15.345 3.127 0.452 124
15.306 3.229 0.428 74
15.326 3.216 0.445 126
15.323 3.144 0.433 100
15.320 3.196 0.437 105
15.321 3.216 0.441 116
15.341 3.121 0.448 135
15.328 3.134 0.436 115
15.337 3.246 0.460 117
15.318 3.162 0.431 121
15.311 3.179 0.425 71
15.334 3.237 0.457 121
15.324 3.211 0.442 121
15.348 3.149 0.458 123
15.338 3.177 0.452 123
15.315 3.182 0.430 86
15.296 3.191 0.412 32
15.319 3.244 0.443 107
15.305 3.211 0.424 73
15.330 3.282 0.459 115
15.315 3.228 0.436 98
15.343 3.126 0.450 130
15.317 3.192 0.433 93
15.302 3.198 0.419 68
15.326 3.262 0.452 134
15.358 3.101 0.461 129
15.323 3.173 0.436 105
15.299 3.178 0.414 38
15.313 3.229 0.435 91
15.332 3.198 0.448 138
15.344 3.127 0.450 126
15.329 3.148 0.439 121
15.335 3.215 0.454 123
15.307 3.223 0.428 74
15.294 3.178 0.409 18
15.339 3.132 0.446 126
15.347 3.114 0.451 138
15.350 3.145 0.459 122
15.339 3.221 0.459 115
15.337 3.128 0.445 130
15.339 3.196 0.456 118
15.314 3.220 0.434 90
15.321 3.089 0.437 89
15.343 3.102 0.448 128
15.319 3.135 0.429 88
15.315 3.080 0.435 69
15.333 3.081 0.445 111
15.320 3.101 0.435 81
15.299 3.039 0.432 141
15.326 3.105 0.438 111
15.304 3.086 0.428 59
15.300 3.100 0.423 78
15.293 3.042 0.428 128
15.304 3.049 0.434 93
15.324 3.074 0.441 88
15.314 3.120 0.429 72
15.305 3.073 0.430 83
15.311 3.109 0.428 66
15.330 3.094 0.442 115
15.324 3.112 0.435 106
15.303 3.131 0.420 52
15.292 3.170 0.408 24
15.308 3.130 0.424 67
15.301 3.042 0.433 130
15.296 3.154 0.413 44
15.308 3.125 0.425 62
15.295 3.132 0.416 73
15.294 3.118 0.417 139
15.302 3.140 0.419 50
15.308 3.103 0.427 59
15.303 3.080 0.428 73
15.348 3.077 0.454 126
15.305 3.151 0.419 60
15.303 3.070 0.429 87
15.295 3.163 0.411 31
15.326 3.077 0.442 89
15.328 3.112 0.438 115
15.310 3.058 0.436 59
15.311 3.091 0.431 60
15.301 3.043 0.433 130
15.294 3.169 0.410 26
15.306 3.052 0.434 63
15.349 3.088 0.454 129
15.360 3.082 0.461 69
15.310 3.076 0.433 60
15.303 3.147 0.418 61
15.319 3.120 0.431 85
15.299 3.091 0.424 114
15.295 3.170 0.410 27
15.297 3.105 0.421 101
15.305 3.056 0.433 94
15.302 3.104 0.424 78
15.297 3.168 0.412 30
15.297 3.044 0.430 130
15.304 3.129 0.421 56
15.292 3.107 0.418 144
15.296 3.094 0.422 137
15.340 3.071 0.451 114
15.316 3.079 0.436 69
15.355 3.088 0.457 135
15.315 3.141 0.426 80
15.294 3.093 0.421 140
15.297 3.145 0.415 39
15.378 3.191 0.444 130
15.398 3.229 0.441 129
15.424 3.140 0.430 132
15.446 3.177 0.427 126
15.411 3.164 0.434 132
15.412 3.106 0.431 61
15.410 3.199 0.437 123
15.429 3.140 0.429 125
15.396 3.173 0.438 129
15.385 3.242 0.445 137
15.434 3.153 0.429 126
15.408 3.186 0.437 131
15.374 3.242 0.448 128
15.389 3.217 0.443 129
15.372 3.230 0.447 134
15.418 3.162 0.433 132
15.396 3.150 0.437 130
15.431 3.204 0.432 127
15.413 3.106 0.431 61
15.351 3.273 0.455 119
15.386 3.178 0.441 133
15.378 3.188 0.443 129
15.422 3.134 0.430 132
15.414 3.150 0.433 134
15.385 3.217 0.443 126
15.382 3.179 0.442 129
15.414 3.115 0.431 64
15.395 3.159 0.438 132
15.400 3.217 0.440 131
15.363 3.261 0.451 129
15.394 3.149 0.437 130
15.391 3.196 0.441 131
15.412 3.187 0.436 133
15.379 3.252 0.447 135
15.439 3.192 0.430 116
15.403 3.139 0.435 132
15.417 3.142 0.432 137
15.429 3.131 0.428 59
15.452 3.171 0.426 100
15.387 3.184 0.441 127
15.356 3.248 0.452 123
15.412 3.174 0.435 128
15.413 3.116 0.431 64
15.434 3.173 0.430 122
15.361 3.237 0.450 133
15.398 3.172 0.438 132
15.370 3.205 0.446 129
15.364 3.224 0.449 122
15.395 3.231 0.442 127
15.376 3.204 0.445 136
15.409 3.123 0.432 110
15.380 3.193 0.443 127
15.384 3.207 0.443 130
15.431 3.139 0.428 125
15.412 3.216 0.437 129
15.399 3.210 0.440 128
15.429 3.174 0.431 119
15.425 3.188 0.433 130
15.421 3.167 0.432 131
15.340 3.285 0.458 119
15.450 3.184 0.427 127
15.383 3.222 0.444 134
15.404 3.171 0.437 133
15.384 3.180 0.442 132
15.390 3.236 0.444 126
15.445 3.185 0.428 129
15.389 3.217 0.443 129
15.411 3.184 0.436 132
15.343 3.285 0.457 119
15.414 3.191 0.436 132
15.404 3.140 0.435 132
15.426 3.194 0.433 125
15.454 3.179 0.426 121
15.438 3.187 0.430 128
15.387 3.198 0.442 133
15.426 3.163 0.431 134
15.423 3.128 0.429 63
15.426 3.168 0.431 127
15.415 3.109 0.430 63
15.360 3.228 0.450 121
15.436 3.184 0.430 123
15.449 3.162 0.426 118
15.423 3.140 0.430 132
15.421 3.179 0.433 128
15.391 3.176 0.440 132
15.751 3.310 0.450 132
15.731 3.349 0.453 137
15.716 3.284 0.463 130
15.739 3.301 0.454 134
15.713 3.291 0.463 133
15.720 3.310 0.459 131
15.693 3.327 0.466 123
15.715 3.299 0.462 141
15.733 3.279 0.458 130
15.727 3.261 0.461 130
15.679 3.363 0.468 128
15.697 3.332 0.465 124
15.681 3.380 0.466 149
15.725 3.284 0.460 133
15.747 3.334 0.449 135
15.719 3.327 0.458 129
15.712 3.364 0.458 130
15.701 3.333 0.463 124
15.708 3.321 0.462 128
15.692 3.335 0.466 118
15.734 3.309 0.455 132
15.739 3.342 0.451 136
15.729 3.258 0.460 130
15.721 3.281 0.461 130
15.731 3.329 0.454 134
15.720 3.301 0.460 138
15.721 3.342 0.457 134
15.715 3.338 0.459 130
15.686 3.355 0.466 128
15.692 3.329 0.466 123
15.735 3.277 0.457 131
15.685 3.345 0.467 129
15.704 3.344 0.462 128
15.725 3.294 0.459 134
15.702 3.312 0.465 124
15.736 3.298 0.455 130
15.743 3.318 0.452 135
15.734 3.312 0.455 133
15.730 3.310 0.456 134
15.741 3.297 0.454 131
15.695 3.329 0.466 125
15.735 3.290 0.456 130
15.707 3.288 0.465 127
15.697 3.315 0.466 123
15.746 3.302 0.452 136
15.755 3.325 0.447 127
15.699 3.340 0.463 122
15.757 3.311 0.448 124
15.751 3.322 0.449 130
15.689 3.371 0.464 129
15.745 3.312 0.451 137
15.755 3.325 0.447 127
15.702 3.359 0.461 127
15.680 3.370 0.467 132
15.737 3.309 0.454 131
15.748 3.294 0.452 131
15.731 3.330 0.454 134
15.692 3.360 0.464 127
15.731 3.311 0.456 134
15.751 3.334 0.448 126
15.740 3.312 0.453 132
15.722 3.301 0.459 135
15.683 3.345 0.467 132
15.556 3.253 0.443 121
15.646 3.248 0.454 116
15.580 3.252 0.446 123
15.494 3.191 0.430 126
15.656 3.285 0.459 124
15.686 3.329 0.466 126
15.599 3.258 0.449 116
15.672 3.286 0.461 128
15.527 3.217 0.436 124
15.629 3.260 0.453 133
15.506 3.210 0.433 112
15.606 3.286 0.452 119
15.653 3.360 0.465 129
15.632 3.298 0.457 126
15.581 3.253 0.446 133
15.593 3.263 0.449 117
15.663 3.374 0.467 131
15.715 3.246 0.463 129
15.515 3.235 0.436 127
15.653 3.322 0.461 131
15.661 3.274 0.458 127
15.700 3.265 0.463 123
15.648 3.319 0.461 125
15.612 3.246 0.450 127
15.554 3.272 0.445 125
15.642 3.353 0.463 121
15.653 3.317 0.461 130
15.682 3.258 0.460 122
15.622 3.277 0.454 126
15.508 3.209 0.433 120
15.531 3.212 0.436 128
15.649 3.329 0.462 119
15.628 3.328 0.459 134
15.537 3.255 0.441 129
15.712 3.261 0.464 128
15.582 3.257 0.447 134
15.703 3.253 0.462 122
15.474 3.189 0.427 127
15.673 3.351 0.466 129
15.575 3.251 0.445 115
15.610 3.230 0.448 129
15.620 3.252 0.451 126
15.665 3.291 0.460 134
15.682 3.344 0.467 130
15.638 3.230 0.452 121
15.551 3.218 0.440 123
15.578 3.269 0.447 122
15.665 3.321 0.463 123
15.604 3.217 0.446 112
15.624 3.225 0.450 132
15.635 3.261 0.454 130
15.564 3.211 0.441 123
15.578 3.292 0.449 118
15.630 3.233 0.451 127
15.670 3.252 0.458 122
15.681 3.351 0.467 133
15.654 3.324 0.462 126
15.684 3.335 0.467 120
15.686 3.291 0.463 126
15.635 3.278 0.455 131
15.593 3.241 0.447 116
15.559 3.261 0.444 122
15.503 3.208 0.432 90
15.560 3.228 0.442 120
15.677 3.236 0.457 120
15.609 3.256 0.450 119
15.536 3.223 0.438 124
15.676 3.301 0.463 124
15.682 3.349 0.467 134
15.685 3.310 0.465 132
15.659 3.277 0.458 123
15.490 3.190 0.429 136
15.654 3.261 0.457 119
15.672 3.255 0.458 125
15.598 3.216 0.445 127
15.557 3.208 0.440 113
15.708 3.274 0.465 132
15.716 3.257 0.464 129
15.616 3.216 0.448 126
15.591 3.239 0.447 122
15.645 3.226 0.452 126
15.631 3.331 0.459 134
15.689 3.242 0.459 128
15.628 3.311 0.457 133
15.683 3.264 0.460 134
15.580 3.280 0.448 130
15.624 3.277 0.454 120
15.550 3.239 0.441 122
15.597 3.306 0.453 111
15.687 3.338 0.467 126
15.486 3.201 0.430 121
15.600 3.225 0.446 135
15.698 3.305 0.466 125
15.708 3.261 0.463 129
15.597 3.285 0.451 121
15.536 3.224 0.438 124
15.573 3.259 0.446 137
15.667 3.368 0.467 127
15.602 3.303 0.453 116
15.521 3.208 0.435 128
15.710 3.269 0.464 130
15.669 3.308 0.462 134
15.631 3.256 0.453 127
15.690 3.235 0.459 126
15.579 3.237 0.445 123
15.630 3.232 0.451 127
15.678 3.248 0.459 129
15.669 3.375 0.468 140
15.643 3.248 0.454 118
15.534 3.234 0.439 135
15.657 3.346 0.464 125
15.568 3.285 0.447 124
15.679 3.299 0.463 127
15.629 3.321 0.458 127
15.594 3.275 0.450 132
15.637 3.292 0.457 120
15.626 3.293 0.456 117
15.658 3.265 0.457 122
15.496 3.214 0.432 130
15.645 3.318 0.460 129
15.629 3.311 0.457 130
15.627 3.228 0.450 122
15.654 3.351 0.464 125
15.609 3.310 0.455 125
15.666 3.319 0.463 123
15.521 3.214 0.435 131
15.622 3.336 0.459 129
15.674 3.282 0.461 126
15.671 3.231 0.456 127
15.667 3.282 0.460 123
15.603 3.226 0.447 135
15.676 3.312 0.464 132
15.665 3.322 0.463 123
15.653 3.341 0.463 134
15.637 3.308 0.458 121
15.585 3.303 0.451 133
15.559 3.270 0.445 131
15.633 3.268 0.454 124
15.644 3.276 0.456 129
15.594 3.280 0.450 126
15.661 3.256 0.457 118
15.656 3.340 0.463 134
15.641 3.344 0.462 129
15.670 3.247 0.457 127
15.657 3.283 0.459 123
15.489 3.192 0.429 144
15.620 3.304 0.456 131
15.615 3.268 0.452 127
15.608 3.325 0.456 124
15.639 3.234 0.452 127
15.483 3.199 0.429 116
15.663 3.231 0.455 138
15.610 3.247 0.450 129
15.638 3.237 0.452 131
15.623 3.309 0.456 136
15.588 3.287 0.450 122
15.618 3.259 0.452 127
15.636 3.225 0.451 132
15.644 3.317 0.460 129
15.615 3.331 0.457 127
15.498 3.199 0.431 121
15.643 3.264 0.455 122
15.583 3.234 0.445 134
15.581 3.290 0.449 116
15.662 3.354 0.465 128
15.575 3.224 0.443 115
15.651 3.344 0.463 132
15.502 3.197 0.432 115
15.656 3.327 0.462 120
15.654 3.359 0.465 129
15.571 3.229 0.443 119
15.621 3.266 0.453 135
15.677 3.352 0.467 130
15.606 3.323 0.455 124
15.595 3.223 0.446 127
15.621 3.242 0.451 126
15.619 3.224 0.449 131
15.596 3.243 0.448 113
15.543 3.238 0.440 111
15.537 3.240 0.440 128
15.670 3.334 0.465 128
15.620 3.256 0.452 125
15.621 3.218 0.449 133
15.696 3.260 0.462 125
15.522 3.193 0.434 125
15.638 3.300 0.458 121
15.643 3.228 0.452 120
15.694 3.271 0.462 124
15.640 3.290 0.457 118
15.705 3.286 0.465 129
15.497 3.202 0.431 119
15.714 3.242 0.463 127
15.631 3.346 0.461 128
15.650 3.325 0.461 123
15.672 3.299 0.462 124
15.479 3.193 0.428 128
15.597 3.316 0.454 127
15.608 3.325 0.456 123
15.491 3.188 0.429 135
15.647 3.280 0.457 126
15.578 3.211 0.442 132
15.681 3.338 0.466 129
15.628 3.228 0.450 122
15.668 3.303 0.462 126
15.586 3.260 0.448 132
15.545 3.259 0.442 115
15.522 3.213 0.435 133
15.651 3.238 0.454 127
15.602 3.265 0.450 118
15.540 3.242 0.440 125
15.631 3.335 0.460 125
15.671 3.275 0.460 119
15.644 3.315 0.460 129
15.543 3.205 0.437 130
15.604 3.327 0.456 118
15.391 3.249 0.446 124
15.381 3.284 0.455 138
15.455 3.189 0.427 120
15.576 3.320 0.456 128
15.626 3.351 0.461 128
15.456 3.326 0.463 113
15.453 3.239 0.440 118
15.429 3.266 0.448 125
15.425 3.229 0.439 134
15.441 3.323 0.463 121
15.387 3.270 0.451 125
15.593 3.346 0.461 126
15.577 3.344 0.462 124
15.422 3.281 0.453 132
15.522 3.262 0.443 114
15.509 3.298 0.453 129
15.460 3.233 0.439 130
15.454 3.225 0.437 123
15.421 3.297 0.457 119
15.466 3.227 0.437 125
15.590 3.318 0.454 130
15.408 3.310 0.461 133
15.416 3.295 0.457 121
15.476 3.318 0.460 110
15.516 3.280 0.448 129
15.587 3.328 0.457 117
15.549 3.331 0.460 128
15.531 3.330 0.460 121
15.405 3.288 0.455 121
15.508 3.326 0.460 125
15.469 3.243 0.441 119
15.427 3.264 0.448 135
15.472 3.245 0.441 122
15.612 3.340 0.459 128
15.425 3.307 0.459 117
15.475 3.203 0.430 127
15.478 3.245 0.441 131
15.590 3.342 0.461 127
15.581 3.312 0.453 129
15.392 3.262 0.449 126
15.425 3.248 0.444 125
15.422 3.278 0.452 128
15.401 3.282 0.454 120
15.347 3.285 0.457 127
15.427 3.239 0.441 123
15.469 3.248 0.442 121
15.552 3.321 0.457 118
15.419 3.284 0.454 131
15.559 3.358 0.466 137
15.520 3.333 0.462 123
15.431 3.207 0.433 124
15.512 3.345 0.465 149
15.354 3.300 0.461 125
15.467 3.308 0.458 126
15.392 3.250 0.446 120
15.509 3.336 0.463 128
15.478 3.266 0.446 128
15.423 3.283 0.453 132
15.473 3.259 0.445 121
15.417 3.299 0.457 122
15.362 3.274 0.454 135
15.567 3.308 0.453 131
15.478 3.266 0.446 128
15.464 3.207 0.432 122
15.527 3.330 0.460 125
15.473 3.240 0.440 121
15.604 3.335 0.458 132
15.486 3.212 0.432 130
15.396 3.259 0.448 133
15.471 3.222 0.435 116
15.422 3.301 0.458 121
15.457 3.216 0.434 127
15.598 3.329 0.457 120
15.572 3.311 0.453 127
15.477 3.252 0.442 129
15.486 3.235 0.438 116
15.592 3.329 0.457 124
15.496 3.240 0.439 127
15.593 3.357 0.464 119
15.435 3.301 0.457 129
15.540 3.327 0.459 115
15.509 3.276 0.447 127
15.444 3.231 0.439 119
15.372 3.269 0.452 129
15.492 3.249 0.441 130
15.531 3.329 0.460 121
15.491 3.288 0.451 126
15.400 3.243 0.444 122
15.481 3.252 0.442 122
15.572 3.343 0.462 126
15.356 3.283 0.456 128
15.523 3.309 0.455 123
15.611 3.357 0.463 122
15.429 3.244 0.443 131
15.511 3.311 0.456 115
15.463 3.326 0.462 119
15.642 3.378 0.467 168
15.448 3.288 0.453 106
15.609 3.356 0.463 124
15.459 3.284 0.452 114
15.417 3.285 0.454 130
15.527 3.332 0.461 128
15.472 3.333 0.464 120
15.546 3.341 0.462 110
15.561 3.332 0.459 126
15.468 3.219 0.434 122
15.355 3.277 0.455 129
15.441 3.208 0.433 124
15.505 3.281 0.449 131
15.451 3.203 0.431 120
15.473 3.291 0.453 125
15.520 3.346 0.465 148
15.352 3.296 0.460 120
15.447 3.312 0.459 128
15.420 3.271 0.450 131
15.409 3.285 0.454 125
15.504 3.240 0.438 127
15.451 3.230 0.438 113
15.483 3.228 0.436 128
15.468 3.306 0.457 124
15.443 3.221 0.436 122
15.407 3.233 0.441 134
15.651 3.377 0.467 126
15.478 3.206 0.431 120
15.510 3.315 0.457 126
15.453 3.251 0.443 118
15.429 3.305 0.458 128
15.420 3.263 0.448 129
15.420 3.250 0.445 122
15.427 3.212 0.435 130
15.489 3.214 0.432 129
15.445 3.248 0.443 120
15.516 3.276 0.447 123
15.393 3.296 0.458 132
15.438 3.304 0.458 134
15.449 3.240 0.441 108
15.428 3.217 0.436 117
15.518 3.260 0.443 127
15.364 3.295 0.459 126
15.619 3.343 0.460 123
15.501 3.300 0.454 129
15.499 3.223 0.434 115
15.449 3.239 0.440 108
15.448 3.203 0.431 123
15.607 3.330 0.457 124
15.524 3.304 0.454 120
15.525 3.245 0.439 119
15.514 3.316 0.457 127
15.569 3.331 0.459 118
15.548 3.307 0.453 116
15.442 3.300 0.457 129
15.600 3.363 0.465 152
15.563 3.308 0.453 130
15.504 3.311 0.457 113
15.363 3.303 0.461 122
15.397 3.278 0.453 128
15.593 3.316 0.454 131
15.458 3.185 0.426 123
15.615 3.357 0.463 126
15.455 3.202 0.431 121
15.443 3.214 0.434 119
15.534 3.308 0.454 117
15.453 3.273 0.449 127
15.538 3.312 0.455 126
15.523 3.322 0.459 113
15.378 3.290 0.457 135
15.379 3.291 0.457 135
15.482 3.328 0.462 127
15.380 3.280 0.454 128
15.462 3.276 0.449 125
15.471 3.206 0.431 120
15.540 3.298 0.451 117
15.498 3.232 0.436 99
15.526 3.281 0.448 123
15.408 3.309 0.461 130
15.490 3.305 0.456 128
15.369 3.299 0.460 120
15.561 3.326 0.458 130
15.412 3.239 0.442 120
15.535 3.349 0.465 136
15.430 3.225 0.438 126
15.523 3.274 0.446 128
15.460 3.292 0.454 127
15.489 3.268 0.446 125
15.528 3.297 0.452 125
15.410 3.272 0.451 128
15.590 3.314 0.453 126
15.571 3.314 0.454 113
15.504 3.255 0.442 105
15.473 3.214 0.433 125
15.497 3.226 0.435 124
15.425 3.233 0.440 124
15.522 3.348 0.465 139
15.468 3.274 0.449 129
15.508 3.328 0.461 125
15.531 3.270 0.445 127
15.527 3.262 0.443 128
15.456 3.259 0.445 117
15.597 3.323 0.455 126
15.493 3.320 0.459 124
15.610 3.359 0.464 120
15.463 3.212 0.433 124
15.590 3.340 0.460 128
15.489 3.296 0.453 115
15.428 3.309 0.460 116
15.442 3.264 0.447 137
15.407 3.253 0.446 130
15.475 3.247 0.441 133
15.589 3.360 0.465 145
15.449 3.217 0.435 130
15.427 3.234 0.440 124
15.522 3.300 0.453 130
15.396 3.314 0.462 125
15.479 3.286 0.451 131
15.377 3.288 0.456 138
15.558 3.295 0.450 116
15.577 3.309 0.453 136
15.494 3.262 0.444 130
15.451 3.304 0.457 121
15.420 3.226 0.438 130
15.528 3.343 0.464 118
15.449 3.247 0.443 127
15.571 3.297 0.450 122
15.379 3.268 0.451 126
15.533 3.311 0.455 124
15.481 3.281 0.450 129
15.409 3.289 0.455 135
15.426 3.288 0.454 132
15.467 3.254 0.444 121
15.594 3.341 0.460 130
15.472 3.264 0.446 134
15.437 3.314 0.460 121
15.441 3.324 0.463 121
15.556 3.336 0.460 123
15.539 3.298 0.452 117
15.571 3.350 0.464 124
15.454 3.216 0.434 127
15.529 3.263 0.443 128
15.606 3.359 0.464 125
15.627 3.356 0.462 129
15.461 3.266 0.447 120
15.463 3.241 0.440 109
15.534 3.268 0.444 122
15.420 3.244 0.443 127
15.451 3.294 0.455 139
15.562 3.296 0.450 119
15.472 3.325 0.462 126
15.553 3.311 0.454 128
15.407 3.317 0.462 129
15.384 3.305 0.460 132
15.550 3.321 0.457 118
15.488 3.231 0.437 132
15.424 3.270 0.450 131
15.611 3.348 0.461 126
15.544 3.291 0.450 120
15.639 3.372 0.466 130
15.372 3.300 0.460 119
15.455 3.294 0.454 131
15.498 3.249 0.441 103
15.414 3.314 0.461 122
15.486 3.309 0.457 127
15.464 3.261 0.446 120
15.391 3.285 0.455 126
15.465 3.230 0.437 128
15.469 3.252 0.443 124
15.483 3.299 0.454 112
15.430 3.286 0.453 133
15.484 3.406 0.439 27
15.493 3.400 0.446 58
15.463 3.401 0.442 48
15.599 3.398 0.455 72
15.469 3.410 0.434 23
15.450 3.404 0.438 32
15.551 3.399 0.450 68
15.381 3.403 0.434 24
15.458 3.409 0.434 25
15.509 3.405 0.442 29
15.611 3.395 0.458 86
15.515 3.402 0.445 38
15.516 3.397 0.450 69
15.469 3.400 0.443 53
15.512 3.399 0.448 55
15.525 3.399 0.448 53
15.596 3.397 0.456 82
15.496 3.409 0.436 23
15.580 3.396 0.456 62
15.582 3.399 0.453 57
15.570 3.400 0.451 50
15.425 3.407 0.434 28
15.551 3.398 0.451 68
15.476 3.398 0.446 53
15.456 3.410 0.433 23
15.554 3.397 0.453 66
15.550 3.396 0.454 68
15.507 3.406 0.441 25
15.417 3.407 0.433 28
15.546 3.397 0.452 67
15.500 3.396 0.450 83
15.546 3.398 0.451 58
15.484 3.409 0.436 25
15.585 3.398 0.454 59
15.455 3.409 0.434 23
15.538 3.392 0.455 83
15.344 3.322 0.455 26
15.471 3.391 0.448 75
15.359 3.311 0.460 121
15.395 3.384 0.443 75
15.451 3.337 0.462 125
15.515 3.348 0.465 144
15.378 3.365 0.446 94
15.408 3.365 0.449 140
15.560 3.365 0.465 137
15.372 3.319 0.459 166
15.445 3.347 0.458 151
15.478 3.379 0.452 109
15.370 3.377 0.442 66
15.379 3.327 0.457 156
15.577 3.364 0.467 145
15.411 3.392 0.442 71
15.426 3.385 0.445 90
15.380 3.323 0.459 165
15.416 3.331 0.460 161
15.598 3.374 0.466 142
15.343 3.327 0.454 29
15.340 3.315 0.457 41
15.490 3.355 0.461 148
15.580 3.384 0.461 118
15.545 3.361 0.464 138
15.383 3.383 0.442 62
15.525 3.369 0.460 132
15.380 3.315 0.461 108
15.377 3.379 0.442 67
15.549 3.385 0.458 103
15.368 3.332 0.455 150
15.395 3.325 0.459 166
15.399 3.386 0.442 67
15.545 3.359 0.465 138
15.339 3.325 0.454 28
15.457 3.370 0.453 130
15.534 3.369 0.461 131
15.361 3.342 0.451 134
15.522 3.359 0.463 137
15.524 3.386 0.455 99
15.442 3.385 0.447 100
15.457 3.368 0.453 136
15.487 3.359 0.459 148
15.476 3.377 0.453 119
15.414 3.341 0.457 163
15.371 3.318 0.459 166
15.470 3.379 0.452 101
15.460 3.371 0.453 131
15.401 3.358 0.451 139
15.475 3.381 0.451 103
15.503 3.359 0.461 145
15.607 3.373 0.467 152
15.431 3.385 0.446 96
15.393 3.388 0.441 55
15.443 3.389 0.446 97
15.389 3.330 0.457 155
15.364 3.356 0.447 106
15.534 3.367 0.462 132
15.356 3.371 0.442 54
15.584 3.390 0.460 107
15.508 3.387 0.453 99
15.496 3.368 0.458 135
15.380 3.317 0.460 124
15.556 3.366 0.464 135
15.398 3.396 0.439 58
15.379 3.345 0.452 142
15.373 3.393 0.438 33
15.394 3.335 0.456 156
15.452 3.395 0.445 73
15.357 3.390 0.437 33
15.492 3.342 0.464 118
15.401 3.340 0.456 156
15.579 3.390 0.459 104
15.449 3.393 0.445 90
15.358 3.356 0.447 94
15.496 3.373 0.456 129
15.427 3.328 0.462 121
15.414 3.320 0.463 121
15.502 3.382 0.454 113
15.476 3.391 0.449 83
15.574 3.367 0.466 143
15.468 3.374 0.453 123
15.546 3.392 0.456 80
15.454 3.339 0.462 150
15.502 3.383 0.454 105
15.385 3.342 0.454 147
15.430 3.337 0.460 158
15.505 3.352 0.463 145
15.450 3.381 0.449 107
15.555 3.368 0.463 134
15.369 3.385 0.440 38
15.344 3.336 0.451 32
15.569 3.363 0.466 142
15.544 3.366 0.463 134
15.586 3.386 0.461 123
15.495 3.362 0.459 143
15.406 3.322 0.461 123
15.381 3.326 0.458 156
15.352 3.337 0.452 116
15.434 3.382 0.447 99
15.622 3.379 0.467 166
15.386 3.379 0.443 75
15.640 3.390 0.466 136
15.516 3.374 0.458 133
15.403 3.332 0.458 162
15.461 3.334 0.464 121
15.564 3.391 0.458 100
15.428 3.350 0.456 150
15.354 3.342 0.450 129
15.516 3.354 0.464 139
15.339 3.304 0.460 111
15.383 3.391 0.439 48
15.339 3.326 0.453 28
15.364 3.395 0.436 30
15.489 3.349 0.462 141
15.491 3.389 0.451 90
15.343 3.323 0.455 28
15.462 3.364 0.455 143
15.485 3.347 0.462 148
15.402 3.398 0.439 43
15.437 3.338 0.460 159
15.414 3.358 0.452 146
15.418 3.392 0.442 80
15.597 3.380 0.464 129
15.605 3.378 0.466 146
15.423 3.361 0.452 145
15.424 3.333 0.460 159
15.509 3.380 0.455 116
15.638 3.388 0.466 142
15.549 3.374 0.461 117
15.431 3.355 0.455 151
15.547 3.385 0.458 103
15.415 3.326 0.461 125
15.519 3.351 0.465 143
15.370 3.374 0.443 79
15.386 3.351 0.451 135
15.627 3.390 0.464 134
15.523 3.393 0.453 89
15.483 3.386 0.451 91
15.542 3.370 0.462 127
15.465 3.377 0.452 114
15.614 3.379 0.466 154
15.472 3.343 0.462 102
15.515 3.381 0.456 122
15.451 3.366 0.454 138
15.374 3.319 0.459 166
15.482 3.381 0.452 109
15.358 3.358 0.446 86
15.494 3.353 0.462 153
15.477 3.380 0.452 106
15.414 3.337 0.458 168
15.381 3.332 0.456 147
15.492 3.368 0.457 134
15.533 3.357 0.464 132
15.364 3.371 0.443 73
15.363 3.344 0.451 128
15.467 3.354 0.459 140
15.352 3.368 0.443 55
15.407 3.343 0.456 158
15.384 3.337 0.455 152
15.334 3.300 0.460 108
15.459 3.369 0.453 137
15.450 3.348 0.459 150
15.363 3.398 0.435 30
15.341 3.303 0.460 118
15.343 3.310 0.458 30
15.598 3.374 0.466 142
15.354 3.365 0.444 74
15.406 3.332 0.459 162
15.370 3.374 0.443 79
15.413 3.381 0.445 96
15.352 3.339 0.451 116
15.551 3.359 0.466 135
15.434 3.335 0.461 162
15.291 3.340 0.437 62
15.349 3.397 0.434 24
15.335 3.325 0.453 93
15.343 3.384 0.436 35
15.324 3.328 0.449 129
15.320 3.384 0.430 26
15.316 3.329 0.447 109
15.322 3.353 0.441 32
15.314 3.330 0.446 109
15.319 3.374 0.433 37
15.340 3.347 0.447 23
15.314 3.353 0.439 39
15.329 3.317 0.454 144
15.336 3.377 0.437 23
15.303 3.326 0.444 86
15.313 3.372 0.432 31
15.329 3.309 0.457 120
15.322 3.335 0.446 118
15.314 3.349 0.440 44
15.329 3.370 0.437 23
15.299 3.335 0.441 71
15.292 3.339 0.437 62
15.321 3.313 0.453 119
15.323 3.317 0.453 128
15.340 3.392 0.433 17
15.339 3.381 0.436 29
15.290 3.362 0.429 52
15.336 3.363 0.441 23
15.336 3.376 0.437 23
15.305 3.335 0.442 79
15.329 3.310 0.456 120
15.321 3.361 0.438 39
15.303 3.378 0.428 21
15.329 3.362 0.440 22
15.322 3.309 0.455 121
15.320 3.384 0.430 26
15.321 3.354 0.440 32
15.326 3.388 0.431 19
15.315 3.329 0.447 109
15.316 3.315 0.451 116
15.304 3.370 0.431 29
15.312 3.318 0.450 109
15.300 3.350 0.436 56
15.626 3.446 0.435 24
15.604 3.404 0.453 55
15.570 3.420 0.440 24
15.566 3.436 0.432 24
15.590 3.412 0.447 33
15.608 3.449 0.432 62
15.662 3.433 0.447 25
15.618 3.424 0.445 27
15.578 3.421 0.441 26
15.644 3.440 0.441 23
15.609 3.443 0.435 23
15.551 3.430 0.433 19
15.590 3.413 0.447 33
15.635 3.426 0.446 38
15.630 3.438 0.440 27
15.553 3.431 0.433 19
15.652 3.450 0.437 31
15.619 3.428 0.444 28
15.627 3.419 0.449 44
15.637 3.404 0.457 79
15.636 3.439 0.440 31
15.657 3.449 0.438 17
15.548 3.409 0.443 24
15.648 3.396 0.463 135
15.610 3.431 0.441 25
15.650 3.463 0.431 161
15.605 3.402 0.454 63
15.618 3.418 0.448 35
15.607 3.436 0.438 25
15.584 3.436 0.435 21
15.635 3.411 0.454 59
15.572 3.429 0.436 22
15.656 3.455 0.435 36
15.606 3.405 0.453 56
15.584 3.415 0.445 31
15.602 3.434 0.438 23
15.612 3.448 0.433 58
15.558 3.434 0.432 20
15.607 3.440 0.436 26
15.657 3.395 0.464 146
15.528 3.414 0.438 24
15.566 3.418 0.441 25
15.585 3.428 0.438 23
15.619 3.449 0.433 39
15.592 3.405 0.451 52
15.549 3.414 0.440 24
15.522 3.413 0.438 25
15.658 3.457 0.435 34
15.658 3.462 0.432 38
15.628 3.453 0.432 42
15.589 3.400 0.453 63
15.629 3.444 0.437 21
15.649 3.417 0.453 67
15.595 3.426 0.441 24
15.643 3.428 0.446 27
15.575 3.414 0.444 34
15.560 3.433 0.433 23
15.566 3.408 0.446 46
15.649 3.398 0.462 135
15.636 3.416 0.451 48
15.605 3.423 0.444 30
15.546 3.430 0.432 19
15.562 3.410 0.444 36
15.512 3.409 0.438 23
15.644 3.434 0.444 27
15.664 3.393 0.466 106
15.659 3.415 0.455 53
15.661 3.399 0.463 126
15.645 3.460 0.431 207
15.628 3.401 0.458 79
15.494 3.411 0.434 20
15.589 3.439 0.434 26
15.566 3.406 0.447 47
15.592 3.415 0.446 31
15.610 3.442 0.435 23
15.641 3.402 0.459 103
15.637 3.450 0.435 96
15.526 3.412 0.439 25
15.584 3.430 0.438 23
15.563 3.434 0.433 23
15.657 3.391 0.466 153
15.506 3.411 0.436 24
15.580 3.425 0.411 126
15.610 3.420 0.410 190
15.633 3.422 0.411 193
15.563 3.382 0.393 167
15.595 3.383 0.395 125
15.606 3.426 0.412 194
15.587 3.403 0.403 118
15.599 3.376 0.392 143
15.617 3.433 0.415 200
15.550 3.399 0.400 154
15.614 3.414 0.408 191
15.571 3.390 0.397 87
15.611 3.433 0.415 189
15.559 3.406 0.403 165
15.611 3.421 0.411 189
15.585 3.365 0.387 18
15.638 3.453 0.424 44
15.580 3.394 0.399 19
15.645 3.418 0.410 52
15.628 3.332 0.375 187
15.651 3.459 0.427 126
15.619 3.407 0.405 193
15.574 3.401 0.402 38
15.592 3.398 0.401 140
15.592 3.353 0.383 24
15.593 3.372 0.390 71
15.606 3.420 0.410 192
15.647 3.418 0.410 52
15.639 3.380 0.394 201
15.550 3.411 0.405 165
15.605 3.380 0.394 178
15.628 3.366 0.389 186
15.628 3.421 0.411 203
15.622 3.361 0.386 193
15.601 3.389 0.397 174
15.618 3.357 0.385 190
15.610 3.417 0.409 191
15.636 3.414 0.408 191
15.637 3.331 0.375 182
15.593 3.426 0.412 177
15.576 3.404 0.403 18
15.596 3.384 0.395 154
15.632 3.366 0.389 192
15.593 3.381 0.394 121
15.644 3.370 0.391 203
15.600 3.422 0.410 189
15.596 3.391 0.398 162
15.608 3.341 0.378 135
15.622 3.343 0.379 189
15.582 3.389 0.397 37
15.577 3.422 0.410 80
15.555 3.403 0.402 161
15.601 3.383 0.395 167
15.619 3.339 0.377 180
15.550 3.382 0.393 148
15.601 3.399 0.401 177
15.552 3.413 0.406 166
15.619 3.398 0.401 188
15.562 3.390 0.397 168
15.644 3.416 0.409 102
15.600 3.366 0.388 130
15.649 3.388 0.398 159
15.584 3.369 0.389 17
15.634 3.452 0.423 71
15.612 3.385 0.396 192
15.579 3.388 0.396 17
15.622 3.364 0.388 193
15.548 3.385 0.394 148
15.647 3.420 0.411 52
15.573 3.398 0.400 42
15.663 3.456 0.426 36
15.616 3.402 0.403 190
15.617 3.356 0.384 184
15.632 3.398 0.402 200
15.594 3.431 0.414 177
15.617 3.408 0.405 190
15.610 3.427 0.413 191
15.634 3.341 0.379 187
15.585 3.394 0.399 71
15.567 3.402 0.402 111
15.617 3.406 0.404 189
15.534 3.393 0.397 153
15.649 3.395 0.401 101
15.591 3.400 0.402 143
15.634 3.380 0.394 198
15.607 3.347 0.381 139
15.552 3.383 0.394 152
15.551 3.405 0.402 159
15.627 3.411 0.407 202
15.601 3.378 0.393 166
15.616 3.359 0.385 186
15.653 3.417 0.410 71
15.633 3.387 0.397 197
15.624 3.414 0.408 196
15.607 3.423 0.411 191
15.633 3.403 0.404 203
15.532 3.402 0.401 158
15.602 3.408 0.405 187
15.644 3.447 0.421 81
15.636 3.326 0.373 181
15.642 3.451 0.423 44
15.558 3.392 0.397 165
15.631 3.402 0.403 201
15.578 3.352 0.381 143
15.618 3.332 0.375 171
15.602 3.332 0.374 58
15.573 3.361 0.385 160
15.581 3.343 0.377 122
15.609 3.325 0.371 117
15.611 3.332 0.374 150
15.584 3.357 0.384 55
15.572 3.363 0.386 153
15.557 3.373 0.390 157
15.603 3.328 0.372 53
15.561 3.362 0.385 157
15.634 3.321 0.370 189
15.580 3.354 0.383 100
15.545 3.367 0.382 163
15.589 3.333 0.373 56
15.558 3.352 0.375 159
15.578 3.340 0.374 170
15.537 3.383 0.392 160
15.551 3.346 0.367 151
15.530 3.368 0.376 147
15.551 3.370 0.387 153
15.549 3.372 0.388 153
15.549 3.355 0.374 155
15.539 3.355 0.370 145
15.589 3.329 0.369 101
15.541 3.353 0.368 146
15.545 3.357 0.374 153
15.578 3.337 0.371 174
15.548 3.370 0.386 154
15.591 3.327 0.369 58
15.532 3.362 0.372 144
15.535 3.364 0.375 148
15.558 3.350 0.373 159
15.525 3.387 0.390 160
15.542 3.380 0.392 153
15.555 3.345 0.368 153
15.557 3.363 0.384 158
15.532 3.375 0.383 158
15.507 3.367 0.367 140
15.486 3.361 0.356 129
15.514 3.364 0.367 137
15.481 3.370 0.362 128
15.520 3.393 0.393 156
15.519 3.373 0.376 153
15.511 3.375 0.375 144
15.521 3.354 0.361 138
15.461 3.359 0.347 122
15.492 3.369 0.364 137
15.514 3.390 0.389 147
15.517 3.354 0.360 138
15.465 3.361 0.350 123
15.490 3.356 0.354 129
15.462 3.361 0.349 122
15.462 3.354 0.343 123
15.436 3.354 0.335 118
15.481 3.371 0.363 128
15.507 3.364 0.365 140
15.507 3.366 0.367 140
15.481 3.373 0.365 130
15.502 3.385 0.381 141
15.475 3.373 0.362 129
15.493 3.383 0.377 143
15.491 3.364 0.360 132
15.486 3.373 0.366 132
15.503 3.373 0.372 141
15.515 3.370 0.373 146
15.414 3.358 0.349 112
15.407 3.350 0.336 104
15.430 3.352 0.332 113
15.435 3.367 0.362 136
15.449 3.363 0.349 126
15.440 3.370 0.365 141
15.441 3.368 0.361 137
15.466 3.373 0.364 132
15.412 3.359 0.353 115
15.415 3.360 0.354 117
15.483 3.384 0.381 150
15.419 3.353 0.337 109
15.390 3.352 0.345 102
15.452 3.371 0.364 137
15.413 3.359 0.353 115
15.478 3.379 0.372 137
15.504 3.392 0.389 159
15.454 3.374 0.369 144
15.440 3.365 0.356 128
15.420 3.358 0.348 114
15.459 3.367 0.354 125
15.419 3.361 0.355 120
15.418 3.354 0.341 111
15.451 3.372 0.366 139
15.474 3.381 0.377 144
15.395 3.351 0.342 102
15.423 3.361 0.353 119
15.349 3.379 0.374 137
15.359 3.366 0.361 122
15.407 3.374 0.370 129
15.431 3.370 0.366 138
15.462 3.383 0.381 150
15.425 3.372 0.368 135
15.352 3.370 0.364 128
15.469 3.391 0.389 160
15.424 3.367 0.363 133
15.385 3.369 0.365 110
15.391 3.387 0.383 130
15.371 3.375 0.370 119
15.449 3.387 0.384 155
15.438 3.374 0.371 144
15.387 3.378 0.373 121
15.432 3.392 0.389 161
15.457 3.383 0.380 152
15.486 3.392 0.391 162
15.421 3.368 0.364 130
15.399 3.366 0.361 112
15.346 3.379 0.373 137
15.400 3.388 0.384 130
15.382 3.354 0.349 108
15.401 3.369 0.364 118
15.345 3.375 0.369 138
15.335 3.384 0.378 107
15.401 3.363 0.358 113
15.397 3.369 0.364 115
15.394 3.368 0.363 112
15.444 3.381 0.378 149
15.376 3.360 0.355 111
15.426 3.367 0.363 133
15.439 3.380 0.377 152
15.371 3.377 0.372 124
15.392 3.378 0.374 127
15.381 3.378 0.374 118
15.401 3.357 0.352 107
15.409 3.373 0.369 131
15.440 3.372 0.368 143
15.457 3.379 0.377 149
15.393 3.359 0.354 102
15.442 3.373 0.370 145
15.373 3.373 0.368 118
15.401 3.366 0.361 114
15.430 3.387 0.384 156
15.383 3.386 0.382 121
15.385 3.363 0.357 106
15.452 3.386 0.383 157
15.341 3.382 0.377 146
15.384 3.358 0.353 105
15.391 3.364 0.359 106
15.420 3.371 0.367 134
15.461 3.389 0.386 159
15.399 3.360 0.355 109
15.305 3.374 0.399 20
15.335 3.389 0.402 13
15.327 3.387 0.412 16
15.314 3.379 0.404 15
15.329 3.383 0.386 106
15.346 3.398 0.424 20
15.337 3.394 0.430 19
15.338 3.395 0.427 18
15.313 3.382 0.419 19
15.315 3.381 0.409 20
15.298 3.373 0.409 37
15.278 3.366 0.423 169
15.325 3.384 0.399 16
15.324 3.386 0.415 18
15.326 3.384 0.400 16
15.312 3.380 0.411 15
15.310 3.379 0.410 15
15.340 3.393 0.413 17
15.330 3.386 0.399 14
15.288 3.371 0.425 75
15.289 3.370 0.416 91
15.305 3.374 0.400 20
15.285 3.369 0.420 137
15.314 3.379 0.402 16
15.296 3.354 0.391 113
15.295 3.334 0.375 162
15.294 3.337 0.378 156
15.299 3.343 0.379 134
15.284 3.356 0.404 161
15.302 3.359 0.389 53
15.296 3.348 0.386 132
15.294 3.346 0.386 155
15.313 3.369 0.387 42
15.285 3.341 0.391 151
15.301 3.343 0.377 147
15.294 3.342 0.383 154
15.318 3.371 0.384 31
15.288 3.355 0.400 155
15.315 3.358 0.376 62
15.291 3.345 0.388 160
15.325 3.374 0.379 109
15.298 3.349 0.384 95
15.300 3.339 0.375 155
15.296 3.365 0.400 58
15.292 3.364 0.402 82
15.276 3.361 0.416 164
15.316 3.367 0.382 40
15.407 3.401 0.422 25
15.353 3.399 0.422 19
15.479 3.398 0.399 137
15.345 3.386 0.384 123
15.366 3.389 0.388 40
15.371 3.400 0.425 22
15.344 3.386 0.383 127
15.442 3.401 0.414 29
15.431 3.398 0.408 25
15.418 3.395 0.400 17
15.436 3.399 0.411 21
15.373 3.391 0.394 17
15.407 3.396 0.404 17
15.391 3.397 0.410 22
15.412 3.392 0.390 119
15.431 3.398 0.408 25
15.347 3.390 0.396 16
15.438 3.398 0.407 20
15.437 3.398 0.406 20
15.460 3.397 0.401 81
15.395 3.400 0.419 24
15.343 3.388 0.389 37
15.394 3.394 0.401 16
15.382 3.401 0.426 24
15.351 3.389 0.391 24
15.377 3.393 0.399 14
15.374 3.395 0.407 22
15.366 3.399 0.420 23
15.435 3.394 0.396 138
15.427 3.392 0.390 153
15.363 3.394 0.405 17
15.445 3.399 0.409 20
15.405 3.400 0.418 25
15.391 3.399 0.418 24
15.434 3.396 0.401 37
15.370 3.388 0.384 119
15.393 3.398 0.415 22
15.354 3.400 0.427 19
15.426 3.401 0.418 26
15.421 3.398 0.409 23
15.465 3.395 0.394 156
15.426 3.400 0.415 28
15.388 3.390 0.390 107
15.447 3.397 0.401 28
15.480 3.398 0.399 137
15.417 3.400 0.417 25
15.480 3.399 0.404 44
15.401 3.397 0.409 20
15.454 3.398 0.403 51
15.373 3.393 0.400 13
15.349 3.393 0.404 15
15.449 3.408 0.428 24
15.441 3.404 0.423 24
15.381 3.403 0.431 24
15.495 3.406 0.417 21
15.437 3.407 0.428 23
15.491 3.405 0.415 21
15.434 3.408 0.431 24
15.445 3.403 0.418 28
15.421 3.403 0.424 24
15.413 3.404 0.427 24
15.487 3.402 0.409 26
15.459 3.404 0.420 21
15.437 3.401 0.417 23
15.431 3.405 0.425 25
15.375 3.402 0.429 22
15.450 3.401 0.414 23
15.498 3.403 0.410 24
15.473 3.407 0.423 24
15.446 3.405 0.423 26
15.497 3.407 0.418 21
15.469 3.404 0.416 27
15.429 3.406 0.428 25
15.473 3.411 0.430 22
15.610 3.446 0.424 175
15.528 3.403 0.401 137
15.558 3.431 0.425 23
15.517 3.410 0.415 26
15.500 3.418 0.431 18
15.586 3.437 0.422 96
15.585 3.435 0.420 123
15.606 3.446 0.427 130
15.536 3.414 0.412 94
15.577 3.433 0.421 61
15.593 3.434 0.416 179
15.579 3.431 0.417 106
15.526 3.409 0.410 82
15.521 3.422 0.428 21
15.547 3.427 0.425 24
15.617 3.453 0.430 100
15.536 3.420 0.420 28
15.538 3.413 0.411 94
15.496 3.409 0.421 21
15.531 3.424 0.427 20
15.550 3.429 0.426 24
15.505 3.412 0.422 22
15.523 3.422 0.427 20
15.614 3.446 0.423 183
15.557 3.434 0.429 24
15.601 3.441 0.421 157
15.554 3.433 0.429 20
15.519 3.421 0.427 20
15.585 3.435 0.420 123
15.614 3.445 0.421 195
15.574 3.428 0.416 45
15.547 3.412 0.405 156
15.628 3.456 0.430 63
15.515 3.418 0.426 20
15.506 3.406 0.413 25
15.562 3.426 0.418 45
15.551 3.418 0.412 114
15.571 3.434 0.424 22
15.303 3.046 0.408 121
15.300 3.028 0.414 95
15.302 2.991 0.408 75
15.304 3.000 0.405 90
15.302 3.025 0.408 82
15.301 3.040 0.412 131
15.304 3.059 0.406 109
15.303 3.043 0.408 37
15.302 2.989 0.407 75
15.302 3.045 0.409 23
15.301 3.040 0.412 131
15.302 3.008 0.408 90
15.299 3.035 0.415 53
15.304 3.004 0.405 93
15.292 3.136 0.409 99
15.292 3.047 0.426 131
15.292 3.140 0.408 70
15.295 3.132 0.406 84
15.298 3.077 0.411 142
15.299 3.065 0.413 139
15.299 3.083 0.409 136
15.295 3.131 0.406 84
15.291 3.166 0.406 26
15.292 3.050 0.425 133
15.292 3.097 0.417 140
15.292 3.158 0.406 31
15.296 3.103 0.409 119
15.292 3.138 0.409 99
15.297 3.052 0.417 136
15.298 3.079 0.411 141
15.293 3.147 0.405 42
15.755 3.341 0.442 131
15.720 3.369 0.416 102
15.723 3.365 0.428 39
15.739 3.352 0.439 98
15.729 3.364 0.413 156
15.731 3.362 0.416 143
15.738 3.359 0.413 147
15.745 3.349 0.440 111
15.728 3.360 0.435 72
15.691 3.377 0.462 20
15.734 3.356 0.436 89
15.756 3.340 0.442 131
15.719 3.368 0.421 64
15.708 3.369 0.449 106
15.756 3.341 0.436 128
15.725 3.365 0.420 44
15.753 3.342 0.446 131
15.726 3.357 0.454 136
15.689 3.379 0.460 26
15.683 3.382 0.459 86
15.726 3.365 0.416 87
15.755 3.343 0.431 121
15.710 3.373 0.428 28
15.739 3.352 0.439 98
15.753 3.343 0.445 130
15.726 3.359 0.444 115
15.700 3.372 0.458 62
15.744 3.348 0.445 124
15.746 3.350 0.433 96
15.682 3.398 0.442 20
15.678 3.395 0.450 34
15.712 3.386 0.411 189
15.699 3.377 0.437 16
15.701 3.410 0.404 149
15.719 3.381 0.406 206
15.705 3.379 0.427 30
15.695 3.415 0.408 66
15.671 3.393 0.463 159
15.681 3.405 0.437 22
15.684 3.391 0.445 23
15.691 3.411 0.418 26
15.683 3.437 0.405 42
15.706 3.387 0.419 74
15.679 3.390 0.453 50
15.677 3.408 0.439 25
15.697 3.397 0.421 42
15.688 3.419 0.414 34
15.685 3.387 0.448 24
15.677 3.389 0.456 74
15.714 3.375 0.418 82
15.687 3.424 0.411 34
15.682 3.433 0.409 44
15.713 3.381 0.414 171
15.700 3.380 0.433 27
15.685 3.401 0.435 17
15.712 3.388 0.409 201
15.682 3.393 0.446 24
15.674 3.417 0.436 25
15.706 3.394 0.413 128
15.701 3.386 0.426 26
15.687 3.401 0.432 17
15.677 3.412 0.435 28
15.675 3.397 0.452 48
15.679 3.411 0.435 28
15.713 3.387 0.408 205
15.674 3.422 0.431 32
15.668 3.493 0.432 54
15.672 3.467 0.424 38
15.669 3.431 0.451 25
15.674 3.449 0.423 29
15.672 3.420 0.441 26
15.672 3.413 0.443 29
15.674 3.443 0.424 26
15.674 3.428 0.432 27
15.672 3.432 0.436 28
15.670 3.466 0.433 30
15.674 3.446 0.424 27
15.669 3.449 0.445 27
15.670 3.459 0.434 28
15.669 3.475 0.432 37
15.671 3.475 0.426 49
15.676 3.433 0.419 33
15.670 3.474 0.431 36
15.670 3.422 0.450 31
15.668 3.484 0.432 49
15.673 3.452 0.427 24
15.672 3.422 0.441 26
15.668 3.463 0.442 30
15.669 3.438 0.449 24
15.668 3.452 0.445 27
15.470 2.953 0.407 30
15.593 2.941 0.427 61
15.586 2.953 0.408 109
15.518 2.952 0.408 25
15.569 2.949 0.414 66
15.532 2.945 0.421 25
15.514 2.954 0.405 25
15.611 2.938 0.432 71
15.586 2.952 0.410 109
15.592 2.941 0.427 61
15.533 2.950 0.411 27
15.578 2.946 0.419 56
15.600 2.948 0.416 99
15.604 2.947 0.417 105
15.602 2.954 0.407 99
15.586 2.948 0.415 102
15.529 2.945 0.420 26
15.605 2.935 0.436 30
15.609 2.954 0.407 110
15.600 2.950 0.413 110
15.494 2.953 0.406 26
15.482 2.953 0.407 28
15.567 2.952 0.409 71
15.530 2.952 0.408 28
15.598 2.945 0.421 83
15.491 2.952 0.408 26
15.527 2.954 0.405 27
15.529 2.952 0.409 25
15.569 2.946 0.419 45
15.550 2.955 0.404 51
15.575 2.949 0.415 76
15.724 2.988 0.391 109
15.713 2.978 0.394 9
15.709 2.981 0.384 42
15.750 3.013 0.387 134
15.705 2.976 0.386 41
15.703 2.981 0.374 50
15.737 3.000 0.389 132
15.742 3.005 0.389 146
15.731 3.000 0.381 28
15.702 2.968 0.396 44
15.721 2.994 0.378 120
15.700 2.970 0.388 45
15.743 2.958 0.432 65
15.754 3.009 0.392 136
15.718 2.962 0.413 35
15.749 2.982 0.415 113
15.742 2.993 0.400 144
15.748 2.995 0.402 145
15.724 2.968 0.411 150
15.750 2.995 0.403 129
15.733 2.993 0.394 129
15.736 2.963 0.424 32
15.745 2.987 0.408 142
15.716 2.960 0.414 34
15.750 2.962 0.433 119
15.754 3.000 0.400 132
15.749 2.973 0.422 80
15.751 2.977 0.421 95
15.743 2.983 0.410 140
15.733 2.986 0.402 97
15.746 2.962 0.431 98
15.738 2.998 0.393 143
15.740 2.970 0.420 48
15.749 2.979 0.417 107
15.744 3.001 0.395 138
15.746 2.984 0.410 112
15.729 2.991 0.394 91
15.717 2.972 0.404 38
15.730 2.988 0.397 84
15.668 3.424 0.457 35
15.668 3.406 0.462 114
15.668 3.441 0.449 24
15.668 3.438 0.451 26
15.668 3.427 0.456 35
15.666 3.472 0.431 38
15.292 3.330 0.397 151
15.279 3.349 0.423 168
15.308 3.315 0.418 43
15.284 3.341 0.406 164
15.304 3.322 0.433 72
15.316 3.310 0.441 113
15.274 3.353 0.414 163
15.284 3.342 0.418 160
15.310 3.315 0.428 62
15.275 3.353 0.420 157
15.284 3.340 0.404 164
15.296 3.326 0.400 97
15.283 3.345 0.427 156
15.291 3.330 0.389 163
15.301 3.326 0.436 73
15.303 3.318 0.404 35
15.301 3.320 0.399 34
15.309 3.319 0.448 104
15.279 3.347 0.416 167
15.314 3.312 0.439 107
15.293 3.335 0.436 63
15.291 3.331 0.399 148
15.286 3.342 0.430 97
15.300 3.320 0.394 53
15.289 3.337 0.421 95
15.290 3.336 0.419 101
15.271 3.357 0.420 150
15.271 3.356 0.418 155
15.304 3.320 0.417 43
15.291 3.328 0.377 157
15.291 3.329 0.382 156
