18.097 5.615 0.446 105
18.114 5.630 0.443 56
18.101 5.651 0.460 14
18.095 5.606 0.443 117
18.106 5.646 0.455 21
18.088 5.592 0.441 134
18.107 5.612 0.439 58
18.086 5.576 0.435 123
18.096 5.625 0.451 71
18.100 5.597 0.436 126
18.083 5.560 0.430 115
18.096 5.636 0.456 30
18.116 5.626 0.440 60
18.105 5.605 0.437 95
18.104 5.643 0.455 27
18.110 5.617 0.439 66
18.095 5.626 0.452 75
17.633 5.426 0.419 137
17.635 5.419 0.422 131
17.640 5.439 0.426 45
17.645 5.379 0.438 27
17.633 5.391 0.423 150
17.651 5.401 0.443 43
17.652 5.409 0.442 41
17.661 5.443 0.448 77
17.648 5.444 0.433 27
17.643 5.410 0.432 28
17.635 5.390 0.426 144
17.646 5.471 0.428 37
17.650 5.482 0.431 26
17.651 5.405 0.442 41
17.627 5.397 0.416 118
17.640 5.405 0.430 42
17.649 5.438 0.435 35
17.632 5.467 0.413 139
17.631 5.329 0.428 77
17.630 5.409 0.417 125
17.655 5.438 0.443 50
17.661 5.460 0.447 74
17.629 5.414 0.416 117
17.630 5.327 0.428 35
17.651 5.459 0.436 48
17.637 5.471 0.417 107
17.660 5.488 0.442 51
17.634 5.370 0.427 144
17.660 5.479 0.443 23
17.628 5.472 0.407 124
17.640 5.360 0.436 30
17.640 5.445 0.424 53
17.662 5.478 0.445 29
17.647 5.462 0.431 39
17.657 5.443 0.445 50
17.635 5.438 0.419 131
17.649 5.463 0.432 40
17.651 5.434 0.439 40
17.633 5.337 0.431 26
17.630 5.445 0.412 126
17.636 5.364 0.431 63
17.631 5.400 0.419 135
17.666 5.488 0.449 74
17.662 5.470 0.447 40
17.649 5.404 0.440 33
17.629 5.406 0.417 124
17.638 5.451 0.422 62
17.647 5.404 0.438 27
17.639 5.412 0.428 59
17.627 5.469 0.406 113
17.630 5.396 0.419 130
17.643 5.387 0.436 29
17.654 5.464 0.438 47
17.642 5.470 0.423 40
17.654 5.447 0.440 43
17.650 5.408 0.441 35
17.649 5.419 0.437 29
17.647 5.398 0.439 29
17.648 5.388 0.441 28
17.654 5.483 0.436 25
17.638 5.359 0.433 39
17.635 5.440 0.420 119
17.660 5.453 0.446 75
17.655 5.415 0.445 47
17.632 5.310 0.432 28
17.657 5.553 0.440 55
17.657 5.549 0.440 65
17.663 5.517 0.446 90
17.654 5.535 0.436 50
17.661 5.551 0.444 90
17.665 5.507 0.447 97
17.644 5.534 0.425 27
17.633 5.481 0.412 151
17.651 5.512 0.432 39
17.642 5.549 0.424 24
17.661 5.612 0.446 47
17.645 5.499 0.426 30
17.655 5.602 0.439 54
17.664 5.496 0.446 82
17.663 5.495 0.446 82
17.637 5.504 0.418 33
17.657 5.532 0.440 65
17.660 5.549 0.443 78
17.658 5.633 0.443 38
17.637 5.517 0.418 33
17.645 5.526 0.426 27
17.656 5.608 0.440 55
17.637 5.480 0.416 100
17.652 5.604 0.436 46
17.664 5.491 0.447 95
17.665 5.509 0.448 97
17.656 5.595 0.439 53
17.661 5.551 0.444 89
17.664 5.490 0.447 88
17.653 5.503 0.434 45
17.651 5.528 0.432 41
17.652 5.603 0.436 46
17.661 5.578 0.445 82
17.651 5.548 0.434 38
17.652 5.608 0.436 45
17.658 5.568 0.441 60
17.649 5.513 0.431 30
17.647 5.527 0.428 27
17.633 5.479 0.412 141
17.644 5.493 0.425 32
17.659 5.574 0.443 67
17.655 5.496 0.436 45
17.654 5.593 0.437 54
17.636 5.510 0.416 45
17.635 5.490 0.415 91
17.664 5.561 0.448 101
17.656 5.593 0.439 54
17.664 5.520 0.447 91
17.651 5.526 0.433 39
17.656 5.586 0.440 53
17.638 5.512 0.418 33
17.652 5.506 0.433 42
17.638 5.531 0.418 28
17.663 5.504 0.445 83
17.971 5.230 0.466 119
17.826 5.209 0.467 132
18.034 5.202 0.447 76
17.977 5.230 0.466 114
17.866 5.218 0.468 123
17.848 5.210 0.466 129
18.003 5.232 0.465 115
18.040 5.232 0.462 110
17.915 5.222 0.467 129
17.943 5.226 0.467 125
17.954 5.209 0.457 119
17.919 5.213 0.462 117
17.966 5.233 0.468 122
17.903 5.220 0.467 123
17.845 5.210 0.466 127
18.015 5.244 0.470 114
17.974 5.230 0.466 114
17.914 5.223 0.468 129
17.988 5.234 0.467 120
17.958 5.206 0.455 111
18.048 5.238 0.464 106
18.019 5.222 0.458 114
17.865 5.212 0.465 126
17.914 5.223 0.468 129
17.904 5.217 0.465 120
18.038 5.228 0.460 114
18.038 5.198 0.444 87
18.000 5.225 0.461 115
18.007 5.198 0.447 72
18.028 5.197 0.444 77
17.983 5.218 0.459 115
17.932 5.211 0.460 121
18.008 5.208 0.452 92
17.980 5.202 0.451 99
17.958 5.213 0.459 115
17.998 5.203 0.450 89
18.008 5.231 0.464 117
18.046 5.247 0.470 111
17.916 5.218 0.465 123
18.018 5.222 0.459 114
17.881 5.221 0.469 122
17.885 5.209 0.462 127
18.030 5.229 0.461 114
17.931 5.216 0.462 115
17.928 5.227 0.469 110
18.025 5.242 0.468 110
18.012 5.226 0.461 115
17.972 5.215 0.458 118
17.889 5.219 0.467 120
18.043 5.206 0.448 82
18.006 5.227 0.462 117
18.020 5.226 0.460 110
18.002 5.208 0.453 109
18.002 5.202 0.449 87
17.941 5.219 0.463 116
18.009 5.232 0.465 115
18.043 5.240 0.466 107
18.034 5.204 0.448 79
17.940 5.205 0.456 116
17.929 5.214 0.462 120
17.859 5.208 0.464 122
17.954 5.223 0.464 113
17.997 5.220 0.459 116
17.999 5.217 0.458 116
17.972 5.215 0.459 118
17.922 5.225 0.468 122
18.034 5.200 0.446 76
17.972 5.200 0.450 87
17.987 5.201 0.450 81
17.953 5.222 0.464 113
17.953 5.211 0.458 116
18.045 5.238 0.465 106
17.997 5.230 0.464 113
18.075 5.319 0.468 134
18.056 5.252 0.470 115
18.073 5.300 0.466 123
18.124 5.321 0.436 73
18.086 5.281 0.455 101
18.111 5.338 0.447 59
18.094 5.361 0.462 64
18.116 5.341 0.445 82
18.089 5.333 0.461 104
18.093 5.345 0.461 80
18.075 5.312 0.467 131
18.105 5.329 0.450 18
18.132 5.346 0.435 46
18.081 5.339 0.467 133
18.100 5.352 0.457 36
18.094 5.356 0.461 83
18.079 5.314 0.465 119
18.104 5.322 0.450 23
18.100 5.345 0.456 48
18.078 5.311 0.465 132
18.112 5.320 0.444 54
18.110 5.351 0.450 43
18.114 5.307 0.441 76
18.142 5.340 0.427 38
18.097 5.339 0.457 92
18.073 5.281 0.464 113
18.089 5.327 0.460 107
18.071 5.305 0.469 123
18.124 5.321 0.436 73
18.100 5.351 0.457 36
18.090 5.295 0.455 85
18.118 5.340 0.443 86
18.071 5.271 0.464 116
18.095 5.370 0.463 56
18.111 5.359 0.450 21
18.083 5.350 0.467 124
18.075 5.275 0.461 109
18.067 5.289 0.469 129
18.129 5.328 0.434 39
18.104 5.332 0.451 28
18.117 5.313 0.440 75
18.113 5.345 0.447 102
18.087 5.350 0.465 144
18.085 5.295 0.458 116
18.080 5.324 0.466 120
18.079 5.295 0.462 121
18.104 5.365 0.456 39
18.107 5.314 0.447 29
18.107 5.305 0.445 27
18.104 5.351 0.454 32
18.129 5.338 0.435 39
17.711 5.332 0.459 132
17.637 5.282 0.454 27
17.644 5.253 0.455 22
17.696 5.275 0.459 148
17.781 5.223 0.466 138
17.719 5.351 0.459 129
17.639 5.287 0.454 25
17.719 5.377 0.459 125
17.699 5.256 0.459 148
17.697 5.237 0.459 151
17.694 5.281 0.459 111
17.739 5.347 0.461 125
17.650 5.345 0.454 37
17.687 5.405 0.456 107
17.694 5.296 0.458 36
17.723 5.338 0.460 124
17.777 5.268 0.465 119
17.737 5.348 0.461 128
17.719 5.380 0.459 119
17.733 5.305 0.461 56
17.687 5.446 0.455 140
17.666 5.471 0.453 136
17.769 5.281 0.464 120
17.665 5.258 0.457 51
17.715 5.240 0.461 143
17.678 5.356 0.456 123
17.676 5.287 0.457 38
17.666 5.307 0.456 80
17.643 5.375 0.453 27
17.716 5.263 0.460 144
17.702 5.273 0.459 140
17.697 5.375 0.457 122
17.711 5.298 0.460 56
17.669 5.369 0.455 100
17.636 5.324 0.454 21
17.670 5.435 0.454 130
17.705 5.333 0.458 126
17.709 5.257 0.460 149
17.674 5.485 0.454 132
17.670 5.376 0.455 100
17.681 5.337 0.457 121
17.774 5.283 0.464 116
17.662 5.271 0.456 55
17.705 5.381 0.458 120
17.697 5.411 0.457 137
17.785 5.230 0.466 138
17.750 5.307 0.462 62
17.684 5.438 0.455 141
17.723 5.275 0.461 134
17.745 5.280 0.462 128
17.677 5.449 0.455 126
17.691 5.242 0.459 139
17.700 5.259 0.459 143
17.683 5.362 0.456 123
17.724 5.307 0.460 34
17.705 5.363 0.458 127
17.733 5.353 0.460 123
17.647 5.370 0.454 41
17.679 5.446 0.455 134
17.682 5.303 0.457 127
17.621 5.280 0.453 37
17.622 5.268 0.453 24
17.657 5.407 0.454 96
17.686 5.250 0.458 145
17.675 5.320 0.457 101
17.652 5.390 0.454 64
17.753 5.307 0.462 67
17.760 5.269 0.464 131
17.683 5.319 0.457 143
17.663 5.299 0.456 41
17.665 5.248 0.457 70
17.753 5.256 0.463 134
17.667 5.391 0.455 122
17.678 5.242 0.458 138
17.738 5.278 0.462 139
17.712 5.299 0.460 41
17.649 5.340 0.454 39
17.688 5.365 0.457 127
17.700 5.307 0.459 90
17.688 5.364 0.457 127
17.681 5.302 0.457 136
17.644 5.306 0.455 22
17.673 5.323 0.456 101
17.666 5.337 0.456 91
17.647 5.362 0.454 51
17.775 5.249 0.465 129
17.751 5.296 0.463 123
17.706 5.242 0.460 138
17.677 5.283 0.457 54
17.766 5.291 0.464 109
17.671 5.422 0.455 140
17.745 5.263 0.463 130
17.666 5.261 0.457 54
17.723 5.262 0.461 134
17.670 5.430 0.454 130
17.674 5.387 0.455 119
17.764 5.256 0.464 132
17.659 5.359 0.455 82
17.757 5.280 0.463 132
17.686 5.295 0.458 24
17.638 5.265 0.455 61
17.663 5.318 0.456 73
17.698 5.294 0.459 41
17.692 5.395 0.457 133
17.785 5.232 0.466 132
17.719 5.354 0.459 127
17.670 5.245 0.457 106
17.698 5.398 0.457 132
17.717 5.347 0.459 131
17.683 5.348 0.457 119
17.666 5.412 0.454 107
17.708 5.254 0.460 146
17.731 5.256 0.462 135
17.646 5.371 0.454 41
17.688 5.337 0.457 128
17.664 5.376 0.455 101
17.628 5.286 0.454 43
17.757 5.257 0.464 124
17.749 5.322 0.462 80
17.693 5.240 0.459 145
17.713 5.296 0.460 56
17.696 5.365 0.457 125
17.678 5.474 0.454 133
17.748 5.262 0.463 131
17.648 5.299 0.455 22
17.696 5.334 0.458 139
17.680 5.272 0.458 155
17.708 5.375 0.458 133
17.666 5.456 0.454 136
17.714 5.269 0.460 145
17.627 5.298 0.453 134
17.682 5.451 0.455 110
17.637 5.334 0.454 25
17.656 5.331 0.455 44
17.734 5.322 0.461 146
17.719 5.234 0.461 143
17.658 5.409 0.454 100
17.698 5.257 0.459 148
17.738 5.349 0.461 129
17.672 5.277 0.457 53
17.779 5.262 0.465 115
17.670 5.305 0.456 102
17.774 5.247 0.465 129
17.673 5.301 0.457 123
17.675 5.393 0.455 130
17.624 5.256 0.454 60
17.689 5.328 0.457 135
17.635 5.339 0.453 28
17.707 5.339 0.459 122
17.735 5.254 0.462 132
17.745 5.298 0.462 119
17.643 5.247 0.455 49
17.653 5.259 0.456 13
17.789 5.235 0.466 129
17.644 5.272 0.455 47
17.661 5.305 0.456 62
17.720 5.333 0.460 135
17.641 5.342 0.454 26
17.669 5.364 0.455 95
17.702 5.266 0.459 131
17.694 5.440 0.456 120
17.765 5.226 0.465 137
17.704 5.416 0.457 133
17.754 5.279 0.463 128
17.630 5.325 0.453 93
17.674 5.246 0.458 132
17.752 5.235 0.464 136
17.678 5.436 0.455 132
17.786 5.220 0.466 136
17.665 5.361 0.455 87
17.689 5.350 0.457 128
17.650 5.337 0.454 35
17.784 5.252 0.466 123
17.650 5.338 0.454 35
17.679 5.397 0.456 115
17.633 5.318 0.454 55
17.655 5.262 0.456 38
17.654 5.339 0.455 48
17.684 5.354 0.457 128
17.679 5.450 0.455 126
17.720 5.326 0.460 131
17.633 5.322 0.453 41
17.736 5.315 0.461 29
17.642 5.375 0.453 29
17.665 5.363 0.455 90
17.673 5.292 0.457 26
17.788 5.224 0.466 136
17.663 5.307 0.456 62
17.733 5.279 0.461 134
17.701 5.303 0.459 43
17.674 5.350 0.456 115
17.675 5.447 0.455 134
17.661 5.435 0.454 129
17.682 5.393 0.456 120
17.719 5.236 0.461 144
17.726 5.253 0.461 141
17.737 5.256 0.462 132
17.668 5.384 0.455 119
17.738 5.356 0.461 127
17.724 5.317 0.460 145
17.679 5.302 0.457 136
17.715 5.378 0.459 118
17.655 5.277 0.456 44
17.651 5.268 0.456 54
17.701 5.240 0.460 151
17.666 5.290 0.456 22
17.701 5.291 0.459 55
17.654 5.353 0.454 43
17.634 5.290 0.454 51
17.725 5.332 0.460 127
17.702 5.427 0.457 132
17.663 5.316 0.456 69
17.708 5.282 0.459 137
17.645 5.262 0.455 53
17.647 5.367 0.454 54
17.728 5.234 0.462 141
17.653 5.299 0.455 17
17.665 5.469 0.453 125
17.645 5.297 0.455 22
17.666 5.437 0.454 130
17.651 5.365 0.454 57
17.644 5.342 0.454 25
17.663 5.371 0.455 94
17.705 5.390 0.458 126
17.686 5.394 0.456 126
17.719 5.345 0.459 135
17.750 5.289 0.462 124
17.660 5.348 0.455 83
17.679 5.424 0.455 138
17.663 5.289 0.456 27
17.677 5.399 0.455 118
17.727 5.374 0.459 130
17.722 5.383 0.459 121
17.743 5.242 0.463 135
17.700 5.277 0.459 146
17.649 5.334 0.454 26
17.749 5.298 0.462 130
17.719 5.264 0.461 140
17.622 5.253 0.454 59
17.664 5.242 0.457 68
17.738 5.310 0.461 41
17.758 5.298 0.463 131
17.663 5.301 0.456 87
17.723 5.268 0.461 133
17.688 5.400 0.456 121
17.670 5.468 0.454 133
17.658 5.425 0.454 123
17.775 5.252 0.465 126
17.724 5.280 0.461 133
17.696 5.309 0.458 140
17.708 5.384 0.458 127
17.649 5.318 0.455 22
17.728 5.331 0.460 126
17.631 5.301 0.454 118
17.698 5.352 0.458 136
17.693 5.361 0.457 116
17.846 5.277 0.460 133
17.962 5.263 0.466 119
17.854 5.403 0.442 118
17.914 5.291 0.460 108
17.899 5.415 0.441 113
17.982 5.331 0.456 117
17.910 5.410 0.442 120
17.831 5.238 0.465 117
17.938 5.283 0.462 121
17.924 5.275 0.463 114
17.841 5.294 0.457 129
17.946 5.369 0.450 123
17.991 5.241 0.470 117
17.899 5.345 0.452 130
17.870 5.436 0.437 109
17.973 5.312 0.459 132
17.836 5.263 0.461 122
17.869 5.286 0.459 120
17.990 5.314 0.459 113
17.883 5.281 0.460 116
17.876 5.225 0.468 128
17.939 5.323 0.456 117
17.955 5.316 0.458 126
17.895 5.228 0.469 133
17.986 5.257 0.467 124
17.881 5.442 0.437 122
18.026 5.284 0.465 116
17.870 5.288 0.459 118
17.823 5.237 0.465 130
17.872 5.292 0.458 118
17.833 5.213 0.469 122
18.041 5.261 0.469 117
18.001 5.247 0.469 113
17.990 5.293 0.462 122
18.005 5.266 0.467 119
17.839 5.244 0.464 120
18.024 5.281 0.465 104
17.931 5.271 0.463 105
17.870 5.354 0.449 112
18.033 5.277 0.466 122
17.919 5.340 0.453 123
17.931 5.311 0.458 119
17.957 5.276 0.464 114
17.851 5.229 0.467 132
17.911 5.392 0.445 115
17.871 5.256 0.464 123
17.987 5.305 0.460 128
17.860 5.373 0.446 123
17.897 5.226 0.469 136
17.928 5.251 0.466 120
17.936 5.369 0.449 119
17.850 5.455 0.434 115
17.988 5.310 0.460 119
17.861 5.350 0.450 123
17.870 5.452 0.435 123
17.965 5.262 0.466 120
17.884 5.456 0.435 124
17.935 5.235 0.469 117
17.877 5.262 0.463 128
17.894 5.311 0.456 120
17.918 5.319 0.456 127
17.892 5.442 0.437 110
17.966 5.327 0.456 121
17.882 5.456 0.435 124
17.971 5.291 0.462 118
17.913 5.369 0.449 124
17.927 5.253 0.466 120
17.998 5.276 0.465 121
17.852 5.318 0.454 126
17.848 5.321 0.453 132
17.984 5.262 0.467 124
17.854 5.366 0.447 127
17.849 5.331 0.452 127
17.853 5.412 0.440 113
17.881 5.421 0.440 115
17.924 5.271 0.463 117
17.968 5.308 0.459 128
17.858 5.359 0.448 124
17.871 5.222 0.469 129
17.935 5.342 0.453 121
17.943 5.340 0.454 122
17.910 5.275 0.462 117
17.963 5.288 0.462 109
17.958 5.353 0.452 120
17.889 5.445 0.437 112
17.845 5.278 0.460 133
17.877 5.408 0.442 119
17.863 5.451 0.435 109
17.930 5.277 0.463 101
17.971 5.343 0.454 120
17.839 5.438 0.436 115
18.003 5.272 0.466 120
17.874 5.313 0.455 126
17.834 5.419 0.439 119
17.955 5.369 0.450 127
17.854 5.377 0.445 113
17.911 5.316 0.456 128
17.845 5.432 0.437 108
17.867 5.478 0.431 117
17.932 5.386 0.447 121
17.853 5.402 0.442 120
17.874 5.426 0.439 112
17.850 5.345 0.450 127
17.856 5.447 0.435 124
17.918 5.380 0.447 118
17.911 5.296 0.459 114
17.955 5.263 0.465 111
17.874 5.352 0.450 129
17.880 5.237 0.467 118
17.841 5.380 0.444 120
17.906 5.368 0.448 118
17.890 5.424 0.440 119
17.852 5.254 0.463 120
17.841 5.284 0.458 115
17.966 5.268 0.465 118
17.936 5.389 0.446 118
17.995 5.280 0.464 125
17.843 5.319 0.453 127
17.867 5.459 0.434 128
17.961 5.270 0.465 114
17.845 5.360 0.448 119
17.823 5.247 0.463 136
17.942 5.370 0.449 119
17.878 5.278 0.461 125
17.875 5.220 0.469 133
17.856 5.395 0.443 134
17.887 5.239 0.467 126
17.867 5.252 0.464 130
17.994 5.285 0.464 119
17.887 5.387 0.445 125
17.868 5.301 0.457 118
17.894 5.228 0.468 133
17.893 5.303 0.457 123
17.819 5.241 0.464 127
17.861 5.400 0.442 118
17.865 5.347 0.450 113
17.897 5.241 0.467 120
18.025 5.274 0.466 103
17.869 5.312 0.455 122
17.853 5.221 0.468 129
17.979 5.279 0.464 107
17.855 5.295 0.457 125
17.900 5.331 0.454 120
17.852 5.436 0.437 118
17.871 5.374 0.446 128
17.869 5.222 0.468 129
17.955 5.265 0.465 111
17.838 5.295 0.457 127
17.830 5.247 0.463 129
17.924 5.403 0.444 128
17.856 5.332 0.452 122
17.877 5.297 0.458 131
17.852 5.428 0.438 107
17.932 5.353 0.451 114
17.900 5.227 0.469 126
17.956 5.304 0.460 100
17.908 5.276 0.462 117
17.977 5.288 0.463 111
17.830 5.291 0.457 116
17.862 5.388 0.444 121
18.036 5.267 0.468 116
17.851 5.450 0.435 121
17.866 5.313 0.455 126
17.948 5.303 0.459 120
17.882 5.340 0.452 122
17.904 5.303 0.458 123
17.922 5.251 0.466 119
17.856 5.347 0.450 134
17.916 5.254 0.465 122
17.838 5.244 0.464 120
17.936 5.322 0.456 117
17.847 5.451 0.434 119
17.964 5.347 0.453 123
17.839 5.366 0.447 126
17.930 5.304 0.459 123
17.957 5.262 0.466 114
17.892 5.411 0.442 118
17.862 5.466 0.433 126
17.923 5.321 0.456 122
17.897 5.363 0.449 123
17.837 5.250 0.463 125
17.987 5.288 0.463 121
18.030 5.262 0.468 116
17.863 5.300 0.457 123
17.985 5.258 0.467 124
17.871 5.369 0.447 126
18.000 5.283 0.464 108
17.874 5.404 0.442 129
17.882 5.261 0.463 123
17.894 5.413 0.441 118
17.840 5.252 0.463 127
17.954 5.306 0.459 108
17.850 5.296 0.457 126
17.872 5.461 0.434 121
18.040 5.250 0.470 125
17.835 5.285 0.458 109
17.845 5.498 0.427 123
17.870 5.384 0.445 116
17.926 5.387 0.446 123
17.876 5.345 0.451 115
17.943 5.332 0.455 125
17.845 5.293 0.457 126
17.867 5.409 0.441 123
17.863 5.481 0.430 119
17.845 5.283 0.459 123
17.859 5.462 0.433 123
17.977 5.302 0.460 116
17.856 5.301 0.457 134
17.911 5.303 0.458 110
17.832 5.373 0.445 125
17.892 5.223 0.469 127
17.833 5.369 0.446 124
17.936 5.349 0.452 111
17.879 5.381 0.446 112
17.843 5.415 0.439 120
17.853 5.474 0.431 115
17.966 5.271 0.465 118
17.891 5.328 0.454 123
17.889 5.252 0.465 122
17.879 5.367 0.448 123
17.933 5.283 0.462 116
17.834 5.389 0.443 117
17.875 5.270 0.462 129
17.863 5.354 0.449 112
17.862 5.472 0.432 124
17.962 5.364 0.451 127
17.907 5.318 0.456 131
17.860 5.229 0.467 127
17.851 5.398 0.442 126
18.001 5.265 0.467 109
17.914 5.400 0.444 110
17.978 5.304 0.460 119
17.845 5.467 0.432 122
17.858 5.232 0.467 127
17.959 5.246 0.468 111
17.842 5.430 0.437 113
17.919 5.306 0.458 130
17.911 5.286 0.461 118
17.939 5.359 0.451 124
17.911 5.243 0.467 103
17.978 5.246 0.469 117
17.862 5.328 0.453 129
17.920 5.325 0.455 119
17.923 5.258 0.465 121
17.913 5.384 0.446 122
17.977 5.295 0.462 119
17.979 5.345 0.454 121
17.881 5.420 0.440 116
17.835 5.385 0.444 112
17.988 5.257 0.467 126
17.848 5.257 0.463 123
17.841 5.290 0.458 117
18.001 5.293 0.463 113
17.938 5.343 0.453 117
17.940 5.385 0.447 119
17.838 5.246 0.464 123
17.945 5.261 0.465 128
17.871 5.424 0.439 113
17.827 5.292 0.457 115
17.869 5.410 0.441 127
17.940 5.259 0.465 123
17.871 5.362 0.448 127
17.870 5.386 0.445 112
17.894 5.317 0.455 126
17.847 5.314 0.454 117
18.028 5.266 0.468 112
17.991 5.321 0.458 127
17.907 5.390 0.445 122
17.846 5.228 0.467 134
17.925 5.392 0.446 122
17.920 5.301 0.459 131
17.894 5.227 0.469 135
17.918 5.327 0.455 119
17.958 5.248 0.468 115
17.830 5.263 0.461 126
17.990 5.261 0.467 129
17.949 5.330 0.456 128
17.851 5.450 0.435 121
17.895 5.447 0.437 123
17.856 5.264 0.462 126
17.959 5.369 0.450 126
17.878 5.293 0.458 118
17.862 5.368 0.447 129
17.972 5.352 0.453 123
17.828 5.247 0.463 133
17.856 5.412 0.440 114
17.946 5.321 0.457 118
17.863 5.424 0.439 124
17.973 5.289 0.462 114
17.872 5.427 0.439 108
17.918 5.265 0.464 126
17.901 5.400 0.444 118
17.879 5.268 0.462 122
17.904 5.371 0.448 115
17.875 5.370 0.447 127
17.926 5.324 0.456 113
17.946 5.300 0.460 127
17.877 5.339 0.452 108
18.021 5.267 0.467 114
17.950 5.295 0.461 124
17.919 5.269 0.463 127
18.004 5.286 0.464 107
17.861 5.244 0.465 115
17.899 5.373 0.447 111
17.871 5.477 0.431 110
17.916 5.397 0.445 120
17.819 5.222 0.467 132
17.877 5.372 0.447 120
17.894 5.406 0.442 115
17.826 5.225 0.467 134
17.960 5.280 0.463 114
17.886 5.353 0.450 123
17.864 5.232 0.467 129
17.983 5.307 0.460 125
17.918 5.399 0.444 120
17.954 5.351 0.453 120
17.831 5.390 0.443 113
17.894 5.418 0.441 116
17.858 5.249 0.464 115
17.913 5.328 0.454 123
17.969 5.304 0.460 125
17.878 5.452 0.435 117
17.823 5.250 0.463 135
17.924 5.253 0.466 121
17.845 5.311 0.455 117
17.840 5.226 0.467 123
17.988 5.274 0.465 116
17.873 5.383 0.445 113
17.872 5.354 0.449 121
17.996 5.272 0.466 109
17.858 5.460 0.433 118
17.902 5.362 0.449 121
17.854 5.482 0.430 115
17.919 5.317 0.456 125
17.847 5.426 0.438 104
17.928 5.355 0.451 118
17.948 5.296 0.460 129
17.848 5.361 0.447 121
17.959 5.364 0.451 127
17.922 5.336 0.454 122
17.900 5.284 0.461 126
17.909 5.338 0.453 126
17.847 5.462 0.433 116
18.011 5.248 0.470 114
17.856 5.375 0.446 117
17.904 5.265 0.463 124
17.839 5.266 0.461 124
17.872 5.412 0.441 122
17.894 5.366 0.448 125
17.857 5.288 0.458 123
17.985 5.333 0.456 120
17.831 5.291 0.457 118
17.887 5.397 0.444 113
17.850 5.451 0.434 123
18.017 5.257 0.468 119
17.975 5.334 0.456 113
17.947 5.295 0.461 126
17.869 5.442 0.436 118
17.948 5.334 0.455 124
17.915 5.359 0.450 129
17.879 5.436 0.438 125
17.929 5.254 0.466 116
17.891 5.335 0.453 120
17.978 5.285 0.463 109
17.869 5.358 0.449 122
17.880 5.314 0.455 128
17.833 5.292 0.457 117
18.106 5.378 0.453 31
18.136 5.352 0.431 46
18.115 5.367 0.446 51
18.139 5.352 0.429 36
18.110 5.379 0.449 45
18.113 5.381 0.447 52
18.126 5.364 0.438 40
18.132 5.363 0.433 41
18.115 5.365 0.447 51
18.117 5.374 0.444 44
18.112 5.363 0.450 28
18.136 5.349 0.432 38
18.130 5.365 0.435 47
18.117 5.364 0.445 69
17.957 5.433 0.446 116
17.944 5.400 0.446 125
18.008 5.357 0.458 132
17.908 5.451 0.438 111
17.971 5.417 0.449 126
18.009 5.336 0.459 119
18.051 5.377 0.462 134
17.965 5.374 0.451 119
18.055 5.262 0.470 124
17.925 5.445 0.441 118
18.071 5.341 0.467 121
18.065 5.377 0.464 138
17.959 5.379 0.449 118
18.076 5.328 0.469 127
18.075 5.381 0.466 103
17.935 5.401 0.445 128
17.982 5.404 0.451 128
18.033 5.319 0.463 124
18.039 5.361 0.462 124
18.067 5.363 0.465 121
17.917 5.436 0.440 105
17.892 5.464 0.435 116
18.009 5.322 0.460 125
18.000 5.322 0.458 129
17.991 5.350 0.456 123
18.060 5.375 0.464 139
17.978 5.377 0.452 128
18.023 5.360 0.459 125
18.075 5.380 0.466 103
17.936 5.455 0.442 116
18.005 5.364 0.457 129
17.934 5.441 0.442 110
18.065 5.304 0.469 127
18.057 5.344 0.465 121
18.042 5.370 0.462 133
18.008 5.376 0.457 126
17.932 5.459 0.441 119
17.956 5.384 0.449 120
17.987 5.385 0.453 127
18.061 5.339 0.466 119
17.935 5.427 0.443 118
18.012 5.340 0.459 125
18.031 5.368 0.460 129
17.927 5.449 0.441 114
17.994 5.328 0.457 132
17.921 5.422 0.441 113
17.947 5.395 0.447 126
17.942 5.451 0.443 117
17.964 5.427 0.447 118
18.019 5.341 0.460 129
17.970 5.358 0.452 125
18.004 5.393 0.455 119
18.077 5.367 0.467 118
17.964 5.384 0.450 122
18.057 5.264 0.470 124
17.902 5.457 0.437 108
17.900 5.476 0.435 114
18.020 5.401 0.457 130
17.968 5.405 0.449 120
18.067 5.337 0.467 121
17.904 5.447 0.438 120
18.020 5.318 0.462 122
17.909 5.470 0.437 125
18.074 5.367 0.466 119
18.002 5.390 0.455 119
18.081 5.375 0.467 93
17.946 5.414 0.446 122
18.013 5.366 0.458 125
17.935 5.415 0.444 124
17.974 5.434 0.448 122
17.957 5.381 0.449 120
18.023 5.366 0.459 131
18.030 5.376 0.460 137
18.053 5.310 0.467 121
18.029 5.304 0.464 116
18.034 5.310 0.464 118
18.076 5.371 0.466 112
17.995 5.364 0.455 116
18.043 5.394 0.460 128
17.945 5.420 0.445 119
17.942 5.450 0.443 117
18.020 5.390 0.457 130
18.031 5.356 0.461 128
17.974 5.407 0.450 126
18.026 5.355 0.460 128
18.048 5.293 0.467 115
18.015 5.330 0.460 126
18.080 5.375 0.467 93
18.048 5.340 0.464 131
17.946 5.400 0.446 125
18.045 5.361 0.462 123
17.969 5.417 0.449 126
18.056 5.352 0.465 146
18.040 5.286 0.466 135
18.043 5.325 0.464 124
18.025 5.333 0.461 120
18.005 5.347 0.458 116
17.941 5.424 0.444 118
18.028 5.334 0.462 119
17.980 5.412 0.450 121
17.924 5.440 0.441 124
18.045 5.275 0.468 123
17.899 5.457 0.436 126
17.996 5.350 0.456 120
18.044 5.382 0.461 139
18.006 5.404 0.455 131
17.895 5.451 0.436 127
17.968 5.381 0.451 124
17.929 5.443 0.441 117
17.919 5.468 0.438 112
18.034 5.288 0.465 122
17.938 5.421 0.444 123
18.064 5.312 0.468 126
18.046 5.350 0.463 115
17.898 5.457 0.436 126
18.029 5.287 0.465 122
17.929 5.427 0.442 118
18.014 5.321 0.461 118
17.902 5.458 0.437 110
17.905 5.478 0.436 119
18.076 5.353 0.467 121
17.925 5.423 0.442 124
18.041 5.350 0.463 116
18.004 5.356 0.457 124
17.898 5.482 0.435 117
18.057 5.339 0.466 119
18.058 5.302 0.468 129
17.934 5.425 0.443 120
18.023 5.348 0.460 122
18.013 5.326 0.460 117
18.055 5.317 0.467 124
18.041 5.343 0.463 127
17.980 5.432 0.449 124
18.053 5.394 0.462 123
18.001 5.403 0.454 124
17.925 5.417 0.442 123
17.968 5.388 0.450 121
18.060 5.335 0.466 119
17.961 5.371 0.450 123
18.041 5.291 0.466 124
17.931 5.425 0.443 121
18.046 5.349 0.463 115
18.031 5.296 0.464 114
17.999 5.330 0.458 124
18.014 5.360 0.458 138
17.957 5.379 0.449 120
18.039 5.365 0.461 123
18.007 5.381 0.456 117
17.975 5.427 0.449 126
17.890 5.456 0.435 123
18.056 5.312 0.467 122
18.074 5.350 0.467 123
17.983 5.357 0.454 129
18.070 5.330 0.468 126
18.003 5.421 0.453 127
18.015 5.322 0.461 116
18.052 5.274 0.469 121
18.032 5.375 0.460 138
18.006 5.342 0.458 117
17.891 5.485 0.433 110
18.064 5.311 0.468 125
18.076 5.373 0.466 113
18.055 5.268 0.469 123
18.018 5.360 0.459 133
17.891 5.472 0.434 119
18.025 5.335 0.461 120
17.929 5.426 0.442 121
17.931 5.455 0.441 121
18.031 5.358 0.461 127
17.993 5.392 0.453 122
18.019 5.310 0.462 121
18.033 5.325 0.463 119
18.012 5.408 0.455 136
17.945 5.396 0.446 133
18.052 5.385 0.462 127
17.900 5.451 0.437 126
18.048 5.395 0.461 126
17.725 5.407 0.456 114
17.827 5.368 0.446 124
17.746 5.437 0.449 125
17.806 5.501 0.432 118
17.773 5.484 0.439 109
17.788 5.450 0.441 122
17.754 5.376 0.456 127
17.776 5.342 0.457 124
17.804 5.397 0.446 118
17.779 5.488 0.438 108
17.788 5.324 0.458 122
17.772 5.407 0.449 112
17.772 5.372 0.454 123
17.746 5.383 0.456 120
17.748 5.452 0.447 123
17.814 5.373 0.447 119
17.778 5.333 0.458 122
17.763 5.318 0.462 125
17.751 5.378 0.456 131
17.811 5.394 0.445 121
17.788 5.264 0.465 132
17.745 5.483 0.444 123
17.798 5.261 0.464 123
17.774 5.367 0.454 128
17.714 5.477 0.449 120
17.758 5.340 0.460 125
17.811 5.460 0.437 118
17.773 5.454 0.443 122
17.801 5.482 0.435 106
17.806 5.339 0.453 121
17.791 5.277 0.463 112
17.812 5.492 0.432 115
17.732 5.434 0.452 123
17.718 5.463 0.450 124
17.764 5.389 0.453 125
17.766 5.389 0.453 126
17.798 5.404 0.446 123
17.763 5.461 0.444 110
17.800 5.285 0.461 122
17.782 5.449 0.442 112
17.814 5.224 0.466 126
17.766 5.497 0.439 123
17.760 5.428 0.448 122
17.739 5.386 0.457 111
17.725 5.416 0.455 122
17.778 5.362 0.454 133
17.762 5.429 0.448 120
17.795 5.260 0.465 117
17.815 5.400 0.444 112
17.804 5.300 0.458 115
17.777 5.496 0.437 106
17.779 5.400 0.449 122
17.835 5.458 0.433 109
17.806 5.506 0.431 107
17.820 5.285 0.458 123
17.788 5.392 0.449 132
17.778 5.301 0.462 126
17.751 5.395 0.454 128
17.804 5.376 0.449 130
17.819 5.313 0.454 129
17.790 5.445 0.442 124
17.733 5.467 0.447 124
17.708 5.440 0.454 123
17.798 5.354 0.452 128
17.815 5.443 0.438 111
17.813 5.463 0.436 115
17.811 5.356 0.450 126
17.795 5.359 0.452 124
17.748 5.357 0.459 126
17.831 5.456 0.434 112
17.694 5.457 0.455 128
17.751 5.384 0.455 132
17.794 5.416 0.445 121
17.768 5.447 0.445 121
17.684 5.484 0.452 131
17.755 5.358 0.458 121
17.774 5.370 0.454 122
17.725 5.442 0.452 123
17.798 5.263 0.464 123
17.804 5.412 0.444 124
17.801 5.345 0.453 120
17.832 5.513 0.427 125
17.737 5.430 0.452 119
17.781 5.445 0.443 120
17.744 5.436 0.450 120
17.801 5.474 0.436 112
17.806 5.398 0.445 119
17.797 5.497 0.434 117
17.748 5.366 0.458 130
17.748 5.437 0.449 128
17.781 5.434 0.444 104
17.712 5.465 0.451 123
17.691 5.464 0.454 132
17.801 5.252 0.465 126
17.776 5.319 0.460 120
17.808 5.316 0.455 116
17.726 5.440 0.452 127
17.807 5.312 0.456 120
17.811 5.424 0.441 115
17.775 5.445 0.444 124
17.685 5.488 0.452 134
17.782 5.410 0.447 128
17.698 5.492 0.449 128
17.781 5.343 0.456 124
17.817 5.347 0.450 114
17.814 5.257 0.462 121
17.809 5.405 0.444 127
17.762 5.328 0.461 132
17.744 5.389 0.456 126
17.754 5.359 0.458 124
17.753 5.378 0.456 123
17.771 5.346 0.457 124
17.757 5.437 0.448 118
17.781 5.430 0.445 110
17.755 5.443 0.447 128
17.696 5.452 0.455 122
17.768 5.354 0.457 129
17.739 5.371 0.459 127
17.810 5.240 0.465 123
17.820 5.468 0.434 122
17.762 5.435 0.447 124
17.805 5.493 0.433 119
17.807 5.504 0.432 118
17.801 5.288 0.460 121
17.837 5.495 0.428 112
17.765 5.474 0.442 117
17.741 5.385 0.457 111
17.779 5.437 0.444 109
17.837 5.493 0.428 116
17.800 5.454 0.439 119
17.727 5.486 0.446 111
17.801 5.257 0.464 123
17.812 5.442 0.439 117
17.752 5.467 0.444 128
17.707 5.427 0.456 126
17.787 5.371 0.452 124
17.792 5.308 0.459 130
17.772 5.487 0.439 104
17.829 5.418 0.439 119
17.802 5.461 0.438 114
17.801 5.502 0.433 112
17.762 5.495 0.440 123
17.806 5.476 0.435 113
17.781 5.382 0.451 111
17.820 5.461 0.435 121
17.782 5.469 0.440 113
17.809 5.341 0.452 125
17.732 5.417 0.454 123
17.801 5.285 0.461 129
17.785 5.495 0.436 114
17.756 5.358 0.458 121
17.815 5.415 0.442 118
17.767 5.314 0.462 112
17.789 5.505 0.434 115
17.823 5.369 0.447 127
17.791 5.434 0.443 127
17.824 5.426 0.439 118
17.806 5.509 0.431 110
17.794 5.450 0.440 124
17.794 5.371 0.451 122
17.809 5.484 0.434 118
17.828 5.500 0.429 122
17.754 5.357 0.458 121
17.811 5.438 0.439 126
17.772 5.373 0.454 123
17.800 5.509 0.432 103
17.827 5.395 0.443 127
17.744 5.442 0.449 121
17.702 5.479 0.450 127
17.824 5.480 0.432 112
17.690 5.479 0.452 131
17.787 5.458 0.440 111
17.794 5.460 0.439 120
17.754 5.361 0.458 122
17.824 5.379 0.445 123
17.814 5.467 0.435 109
17.773 5.404 0.449 115
17.701 5.443 0.455 131
17.701 5.483 0.450 135
17.816 5.296 0.457 135
17.803 5.463 0.437 114
17.753 5.377 0.456 123
17.772 5.412 0.449 119
17.748 5.462 0.446 119
17.779 5.289 0.463 129
17.754 5.475 0.443 118
17.763 5.473 0.442 121
17.795 5.466 0.438 121
17.813 5.406 0.443 123
17.830 5.396 0.442 133
17.801 5.484 0.435 106
17.806 5.319 0.455 117
17.731 5.425 0.453 124
17.716 5.484 0.448 127
17.744 5.491 0.443 127
17.784 5.432 0.444 118
17.756 5.496 0.440 113
17.719 5.404 0.458 128
17.758 5.363 0.457 129
17.764 5.440 0.446 120
17.769 5.389 0.452 129
17.790 5.426 0.444 122
17.755 5.453 0.446 130
17.760 5.485 0.441 119
17.735 5.396 0.456 131
17.795 5.301 0.459 138
17.744 5.460 0.447 124
17.790 5.471 0.438 111
17.796 5.366 0.451 123
17.824 5.374 0.446 123
17.808 5.428 0.441 119
17.732 5.427 0.453 125
17.770 5.338 0.459 132
17.817 5.377 0.446 122
17.786 5.450 0.442 115
17.776 5.427 0.446 122
17.783 5.400 0.448 116
17.780 5.394 0.450 114
17.738 5.430 0.451 119
17.715 5.412 0.457 126
17.776 5.429 0.446 122
17.832 5.459 0.434 112
17.792 5.480 0.437 121
17.763 5.495 0.439 123
17.746 5.471 0.445 109
17.785 5.355 0.454 131
17.780 5.462 0.441 126
17.750 5.440 0.448 125
17.697 5.477 0.451 129
17.734 5.485 0.445 105
17.737 5.389 0.457 125
17.808 5.457 0.437 118
17.812 5.433 0.440 126
17.767 5.392 0.452 128
17.796 5.274 0.463 108
17.805 5.263 0.463 126
17.788 5.268 0.465 124
17.776 5.370 0.453 122
17.710 5.423 0.456 118
17.841 5.513 0.425 123
17.717 5.459 0.451 124
17.803 5.367 0.450 120
17.808 5.393 0.446 119
17.814 5.445 0.438 117
17.800 5.455 0.439 119
17.782 5.353 0.455 132
17.808 5.482 0.434 118
17.713 5.432 0.455 119
17.690 5.492 0.451 128
17.801 5.347 0.453 125
17.741 5.421 0.452 122
17.780 5.428 0.445 121
17.831 5.406 0.441 119
17.819 5.371 0.447 127
17.743 5.357 0.460 129
17.814 5.472 0.435 112
17.775 5.502 0.437 116
17.803 5.449 0.439 121
17.799 5.305 0.458 133
17.800 5.493 0.434 115
17.768 5.326 0.460 122
17.746 5.363 0.459 126
17.821 5.336 0.451 120
18.020 5.414 0.456 122
18.084 5.517 0.465 39
17.988 5.531 0.449 120
17.886 5.538 0.432 120
18.037 5.534 0.457 126
18.016 5.507 0.454 121
18.071 5.434 0.464 113
17.915 5.508 0.437 123
18.027 5.616 0.454 119
17.944 5.483 0.442 122
18.037 5.548 0.457 117
18.015 5.417 0.455 121
18.018 5.468 0.455 124
18.077 5.445 0.465 101
17.992 5.560 0.449 126
17.990 5.557 0.449 122
18.081 5.535 0.464 43
18.035 5.486 0.457 128
18.037 5.458 0.458 123
17.920 5.545 0.437 115
17.972 5.457 0.447 122
17.951 5.487 0.443 113
17.994 5.463 0.451 124
17.947 5.469 0.443 116
17.925 5.531 0.438 119
18.063 5.410 0.463 113
18.058 5.485 0.461 125
18.008 5.509 0.452 124
18.092 5.556 0.465 40
17.993 5.438 0.451 120
18.063 5.458 0.462 126
17.890 5.539 0.432 122
18.065 5.575 0.461 42
17.986 5.505 0.449 118
18.092 5.505 0.466 45
17.919 5.544 0.437 121
18.011 5.490 0.453 119
17.963 5.490 0.445 123
17.911 5.516 0.436 126
17.954 5.456 0.444 123
17.940 5.509 0.441 118
17.957 5.574 0.443 125
18.073 5.546 0.463 44
17.988 5.477 0.450 116
18.051 5.521 0.459 115
18.053 5.455 0.461 134
18.043 5.620 0.456 87
17.937 5.478 0.441 108
17.963 5.541 0.444 131
17.956 5.512 0.444 122
18.055 5.440 0.461 112
17.996 5.509 0.450 121
18.080 5.523 0.464 41
17.953 5.516 0.443 124
18.019 5.548 0.454 130
18.007 5.492 0.452 122
18.067 5.461 0.463 120
18.050 5.413 0.461 124
18.046 5.453 0.460 130
18.088 5.392 0.467 106
18.029 5.564 0.455 123
18.061 5.412 0.463 123
18.088 5.476 0.466 93
18.079 5.398 0.466 118
18.092 5.541 0.466 42
18.023 5.582 0.454 120
17.965 5.524 0.445 124
18.008 5.542 0.452 128
18.016 5.440 0.455 123
17.986 5.517 0.449 118
17.939 5.512 0.441 118
17.920 5.546 0.437 121
18.068 5.526 0.462 112
17.883 5.510 0.432 124
18.072 5.392 0.465 119
17.958 5.553 0.443 123
18.039 5.406 0.459 114
18.040 5.584 0.456 138
18.041 5.597 0.456 115
18.045 5.425 0.460 127
17.973 5.440 0.448 125
18.080 5.579 0.463 39
18.045 5.402 0.460 121
17.888 5.492 0.433 116
17.929 5.496 0.440 123
18.066 5.560 0.461 47
18.002 5.542 0.451 131
18.077 5.567 0.463 51
18.052 5.572 0.459 143
18.052 5.426 0.461 125
18.026 5.550 0.455 135
18.042 5.590 0.457 136
17.990 5.509 0.449 119
18.028 5.575 0.455 136
17.964 5.539 0.445 131
18.054 5.427 0.461 120
18.085 5.550 0.464 40
18.076 5.504 0.464 107
18.042 5.484 0.458 121
18.002 5.594 0.450 120
18.048 5.406 0.461 135
18.070 5.615 0.461 43
17.929 5.496 0.440 123
18.088 5.515 0.466 42
18.048 5.548 0.458 133
18.006 5.548 0.451 130
17.965 5.487 0.446 126
18.052 5.563 0.459 126
17.890 5.511 0.433 119
17.977 5.467 0.448 119
18.070 5.451 0.464 103
18.036 5.516 0.457 141
17.941 5.482 0.442 123
18.033 5.570 0.456 140
17.884 5.495 0.432 115
18.089 5.618 0.464 36
17.987 5.463 0.450 121
17.984 5.530 0.448 122
17.849 5.517 0.426 118
18.043 5.427 0.460 130
17.920 5.533 0.437 126
18.001 5.489 0.452 115
17.997 5.472 0.451 123
17.903 5.480 0.435 120
18.048 5.599 0.458 82
17.986 5.488 0.449 117
17.917 5.537 0.437 129
17.919 5.543 0.437 128
17.989 5.509 0.449 119
18.023 5.509 0.455 125
18.009 5.509 0.453 124
18.070 5.410 0.464 103
17.977 5.466 0.448 119
18.049 5.423 0.461 128
18.034 5.615 0.455 138
18.027 5.579 0.454 127
17.894 5.531 0.433 117
17.975 5.501 0.447 118
18.088 5.530 0.465 43
17.912 5.532 0.436 104
17.921 5.478 0.439 114
17.951 5.459 0.444 121
18.038 5.592 0.456 132
17.975 5.466 0.448 119
18.033 5.462 0.457 116
18.029 5.583 0.455 133
18.089 5.615 0.464 30
18.060 5.546 0.460 130
17.906 5.521 0.435 117
18.062 5.409 0.463 113
18.038 5.512 0.457 145
17.998 5.587 0.450 115
18.093 5.545 0.466 41
17.918 5.483 0.438 111
18.090 5.620 0.464 26
18.060 5.538 0.461 112
18.008 5.523 0.452 120
17.954 5.556 0.443 125
17.909 5.539 0.436 108
18.074 5.454 0.464 108
18.074 5.517 0.463 79
17.915 5.532 0.437 109
18.094 5.564 0.466 39
18.075 5.575 0.463 40
18.049 5.510 0.459 123
18.091 5.513 0.466 45
17.919 5.506 0.438 120
18.035 5.516 0.457 141
17.998 5.500 0.451 121
17.998 5.481 0.451 115
18.045 5.570 0.458 119
17.931 5.470 0.440 119
18.079 5.410 0.466 105
17.947 5.467 0.443 116
18.028 5.424 0.457 129
18.078 5.421 0.465 95
17.884 5.501 0.432 119
18.019 5.415 0.456 119
17.908 5.547 0.435 125
17.983 5.450 0.449 122
18.004 5.423 0.453 126
17.979 5.540 0.447 128
18.080 5.518 0.464 44
18.038 5.540 0.457 126
17.982 5.565 0.447 124
17.920 5.480 0.438 114
18.083 5.485 0.465 112
18.011 5.604 0.451 129
18.001 5.484 0.452 113
18.013 5.527 0.453 123
17.991 5.551 0.449 129
18.038 5.405 0.459 114
17.976 5.461 0.448 116
18.085 5.384 0.467 103
18.046 5.564 0.458 130
17.979 5.554 0.447 125
18.083 5.394 0.467 112
18.004 5.425 0.453 125
18.031 5.509 0.456 122
17.949 5.519 0.442 126
18.055 5.480 0.461 102
18.077 5.482 0.464 114
17.907 5.549 0.435 125
17.992 5.457 0.451 119
17.883 5.522 0.431 119
17.904 5.503 0.435 122
18.087 5.380 0.467 89
18.051 5.583 0.458 136
17.910 5.479 0.437 111
18.067 5.487 0.463 99
17.883 5.523 0.431 119
17.928 5.505 0.439 124
18.018 5.508 0.454 122
17.999 5.545 0.450 126
18.056 5.401 0.462 129
17.943 5.514 0.442 126
17.923 5.554 0.438 126
17.896 5.510 0.434 116
18.090 5.606 0.464 44
17.985 5.436 0.450 123
18.033 5.524 0.456 136
18.089 5.416 0.467 68
18.057 5.511 0.460 121
17.953 5.576 0.442 122
17.968 5.450 0.447 131
18.095 5.620 0.465 27
18.047 5.438 0.460 123
18.072 5.429 0.464 123
17.915 5.489 0.437 112
17.863 5.523 0.428 116
18.079 5.384 0.466 111
17.975 5.569 0.446 125
18.012 5.604 0.451 129
17.908 5.551 0.435 118
18.072 5.542 0.463 44
18.066 5.639 0.460 49
17.989 5.475 0.450 116
17.931 5.497 0.440 123
18.083 5.554 0.464 43
17.945 5.546 0.441 121
18.017 5.429 0.455 127
18.088 5.441 0.467 108
18.001 5.575 0.450 121
17.914 5.503 0.437 117
17.888 5.533 0.432 121
18.003 5.586 0.450 114
17.972 5.578 0.445 129
17.967 5.533 0.445 127
18.043 5.480 0.459 131
18.008 5.549 0.452 129
18.072 5.561 0.462 41
17.996 5.456 0.451 125
18.070 5.600 0.461 47
17.905 5.497 0.436 116
18.048 5.481 0.460 111
18.069 5.508 0.463 121
17.926 5.479 0.439 116
18.020 5.469 0.455 110
17.915 5.476 0.438 107
18.053 5.481 0.460 102
17.939 5.526 0.441 126
18.080 5.460 0.465 91
18.061 5.510 0.461 116
17.998 5.593 0.449 119
17.905 5.503 0.435 122
18.067 5.490 0.462 92
17.991 5.467 0.450 122
17.895 5.494 0.434 127
18.008 5.524 0.452 121
18.020 5.481 0.455 128
17.939 5.483 0.441 120
18.006 5.526 0.452 121
17.985 5.550 0.448 127
18.048 5.614 0.457 46
18.089 5.466 0.466 82
18.053 5.395 0.462 123
18.044 5.527 0.458 125
18.048 5.478 0.459 117
17.923 5.519 0.438 108
17.946 5.537 0.442 127
17.990 5.464 0.450 124
17.963 5.515 0.445 117
18.046 5.407 0.460 138
18.088 5.533 0.465 43
18.005 5.441 0.453 116
18.037 5.416 0.459 130
18.082 5.440 0.466 115
17.903 5.511 0.435 117
18.061 5.633 0.459 53
17.987 5.519 0.449 122
17.971 5.506 0.446 120
18.077 5.581 0.463 41
17.953 5.457 0.444 123
17.891 5.532 0.433 116
18.059 5.402 0.463 130
18.054 5.528 0.460 109
17.977 5.504 0.447 119
18.079 5.524 0.464 41
17.985 5.501 0.449 117
17.995 5.486 0.451 116
18.016 5.445 0.455 125
18.072 5.407 0.465 95
17.984 5.437 0.450 123
18.041 5.428 0.459 132
17.915 5.475 0.437 108
18.038 5.411 0.459 124
17.944 5.514 0.442 126
18.030 5.471 0.457 118
18.051 5.530 0.459 112
18.088 5.570 0.465 40
18.058 5.551 0.460 123
18.034 5.620 0.455 144
18.061 5.516 0.461 130
17.862 5.517 0.428 110
18.036 5.490 0.457 120
17.964 5.565 0.444 114
17.991 5.540 0.449 115
17.972 5.513 0.446 116
18.018 5.544 0.453 126
18.083 5.455 0.466 89
17.958 5.503 0.444 121
17.957 5.578 0.443 112
17.871 5.504 0.430 132
18.085 5.502 0.465 48
17.960 5.504 0.444 122
17.975 5.507 0.447 118
17.940 5.475 0.442 107
18.034 5.420 0.458 127
18.088 5.582 0.464 44
18.088 5.526 0.465 43
18.035 5.464 0.458 112
18.007 5.532 0.452 118
18.043 5.485 0.459 113
18.049 5.603 0.458 85
18.000 5.454 0.452 124
17.929 5.541 0.439 125
18.055 5.576 0.459 104
17.902 5.483 0.435 123
17.913 5.551 0.436 120
18.056 5.583 0.459 98
18.038 5.523 0.457 136
17.944 5.532 0.441 121
18.015 5.533 0.453 127
17.955 5.517 0.443 120
18.011 5.453 0.454 126
18.059 5.610 0.459 44
18.044 5.495 0.459 118
17.929 5.472 0.440 121
18.087 5.477 0.466 90
18.013 5.514 0.453 118
17.959 5.487 0.445 119
18.020 5.459 0.455 127
17.932 5.473 0.440 121
17.862 5.510 0.428 124
18.019 5.569 0.453 123
17.989 5.435 0.450 124
17.986 5.492 0.449 120
17.817 5.614 0.453 121
17.909 5.613 0.453 126
17.858 5.625 0.456 112
17.870 5.537 0.431 114
17.864 5.587 0.445 116
18.026 5.633 0.458 123
17.970 5.605 0.450 107
17.901 5.630 0.458 119
17.873 5.623 0.456 119
17.824 5.582 0.444 114
17.887 5.590 0.446 109
17.867 5.631 0.458 129
18.029 5.648 0.463 127
17.881 5.638 0.460 126
17.840 5.626 0.457 125
17.883 5.632 0.458 118
17.809 5.598 0.449 113
17.916 5.567 0.440 103
18.048 5.639 0.460 58
17.815 5.589 0.446 119
17.829 5.572 0.441 118
17.821 5.571 0.441 108
17.881 5.570 0.441 106
17.902 5.608 0.451 118
17.952 5.605 0.451 124
17.830 5.596 0.448 116
17.847 5.550 0.435 116
17.829 5.634 0.459 122
17.887 5.600 0.449 116
17.959 5.619 0.454 124
17.961 5.594 0.447 130
17.888 5.626 0.457 126
17.868 5.584 0.445 128
17.954 5.630 0.458 123
17.796 5.616 0.454 118
18.032 5.627 0.457 143
17.803 5.609 0.452 114
17.891 5.620 0.455 129
17.918 5.563 0.438 118
18.009 5.636 0.459 127
18.008 5.619 0.454 129
17.907 5.565 0.439 134
18.020 5.624 0.456 131
17.901 5.635 0.459 118
17.827 5.549 0.435 108
17.871 5.609 0.452 112
17.992 5.620 0.455 131
17.818 5.627 0.457 121
17.795 5.611 0.452 119
17.863 5.545 0.434 117
18.037 5.625 0.456 127
17.873 5.538 0.432 126
17.947 5.577 0.442 117
17.861 5.572 0.441 110
17.851 5.569 0.440 123
17.854 5.539 0.432 115
17.970 5.621 0.455 128
17.954 5.632 0.458 123
17.964 5.627 0.457 129
17.968 5.631 0.458 130
18.074 5.652 0.464 50
17.943 5.620 0.455 127
17.861 5.565 0.439 121
17.801 5.608 0.451 109
17.844 5.564 0.439 118
18.049 5.642 0.461 54
17.820 5.632 0.458 132
17.971 5.596 0.448 119
17.868 5.547 0.434 124
17.824 5.618 0.454 115
17.972 5.608 0.451 122
17.893 5.577 0.442 127
17.949 5.585 0.445 117
17.837 5.568 0.440 119
17.967 5.601 0.449 118
17.810 5.583 0.444 117
17.938 5.626 0.456 123
17.922 5.602 0.450 129
17.879 5.596 0.448 133
17.859 5.605 0.451 127
17.852 5.554 0.436 106
17.862 5.533 0.430 117
17.821 5.612 0.453 115
17.939 5.627 0.457 125
17.844 5.588 0.446 113
17.863 5.626 0.457 120
17.913 5.579 0.443 123
17.909 5.584 0.444 111
17.915 5.578 0.443 123
17.866 5.575 0.442 117
17.916 5.631 0.458 124
17.828 5.565 0.439 102
17.932 5.591 0.447 108
17.930 5.615 0.453 126
17.932 5.565 0.439 122
17.970 5.604 0.450 114
17.898 5.591 0.446 119
17.944 5.621 0.455 129
17.876 5.587 0.445 120
17.870 5.620 0.455 119
17.910 5.589 0.446 117
17.842 5.603 0.450 125
18.021 5.635 0.459 140
18.084 5.655 0.465 14
17.861 5.610 0.452 124
17.832 5.550 0.435 109
17.849 5.537 0.431 115
17.877 5.595 0.448 127
17.849 5.559 0.437 114
17.920 5.593 0.447 121
17.934 5.595 0.448 106
17.870 5.636 0.459 122
17.921 5.579 0.443 134
17.973 5.629 0.457 130
17.960 5.603 0.450 124
17.904 5.615 0.453 128
17.993 5.630 0.458 131
17.981 5.614 0.453 133
18.033 5.645 0.462 103
17.867 5.538 0.432 118
17.929 5.608 0.451 137
17.965 5.622 0.455 119
17.993 5.600 0.449 121
17.819 5.630 0.458 120
17.857 5.634 0.459 113
17.865 5.608 0.451 120
17.870 5.547 0.434 122
17.866 5.632 0.458 125
18.009 5.625 0.456 136
17.786 5.633 0.459 115
17.932 5.600 0.449 123
17.971 5.608 0.451 123
17.851 5.534 0.431 117
17.947 5.575 0.442 121
18.080 5.647 0.462 35
17.929 5.606 0.451 130
17.962 5.583 0.444 127
18.088 5.654 0.464 8
17.941 5.587 0.445 117
17.885 5.600 0.449 118
17.962 5.624 0.456 117
17.882 5.629 0.457 120
17.882 5.593 0.447 125
17.987 5.641 0.461 128
17.972 5.618 0.454 130
18.043 5.630 0.457 49
17.838 5.604 0.450 127
17.961 5.582 0.444 127
17.829 5.583 0.444 130
17.839 5.630 0.458 125
17.861 5.544 0.433 120
17.911 5.573 0.441 116
17.856 5.637 0.460 120
17.880 5.543 0.433 120
17.887 5.550 0.435 122
17.865 5.546 0.434 118
17.960 5.627 0.457 118
17.855 5.622 0.455 117
17.828 5.616 0.454 110
17.831 5.592 0.447 125
17.856 5.548 0.434 122
17.971 5.623 0.456 132
17.914 5.570 0.441 114
18.011 5.632 0.458 135
17.881 5.554 0.436 123
17.953 5.582 0.444 117
17.902 5.595 0.448 124
17.847 5.546 0.434 105
17.899 5.600 0.449 122
17.801 5.624 0.456 123
17.845 5.547 0.434 105
17.941 5.644 0.461 151
17.822 5.589 0.446 109
17.872 5.580 0.443 135
17.908 5.577 0.443 107
17.887 5.584 0.445 119
17.856 5.576 0.442 131
17.990 5.621 0.455 139
17.923 5.630 0.458 121
18.006 5.626 0.456 138
17.825 5.562 0.438 114
17.906 5.564 0.439 126
17.925 5.632 0.458 122
17.882 5.567 0.440 112
17.894 5.593 0.447 116
17.968 5.640 0.460 125
17.908 5.625 0.456 123
17.846 5.568 0.440 124
18.006 5.610 0.452 131
17.882 5.609 0.452 124
17.880 5.580 0.443 124
17.974 5.622 0.455 132
17.957 5.645 0.462 147
17.931 5.591 0.446 116
17.816 5.582 0.444 109
17.832 5.538 0.432 120
18.021 5.619 0.454 126
17.862 5.625 0.456 119
17.848 5.543 0.433 116
17.920 5.625 0.456 122
17.799 5.533 0.437 109
17.759 5.566 0.451 115
17.793 5.511 0.434 119
17.785 5.526 0.438 118
17.783 5.591 0.451 120
17.724 5.501 0.445 118
17.750 5.592 0.457 123
17.729 5.503 0.444 115
17.758 5.535 0.445 111
17.785 5.618 0.455 106
17.753 5.570 0.453 112
17.790 5.570 0.445 116
17.785 5.575 0.447 120
17.793 5.525 0.436 116
17.811 5.513 0.430 111
17.796 5.588 0.448 103
17.702 5.501 0.449 119
17.783 5.567 0.446 111
17.770 5.586 0.452 116
17.813 5.535 0.434 111
17.783 5.530 0.439 116
17.783 5.536 0.440 106
17.749 5.565 0.452 121
17.761 5.527 0.443 105
17.740 5.522 0.446 108
17.819 5.523 0.431 117
17.808 5.533 0.435 116
17.683 5.507 0.454 113
17.780 5.609 0.455 112
17.776 5.597 0.453 123
17.716 5.549 0.455 145
17.761 5.578 0.452 116
17.748 5.527 0.445 119
17.748 5.587 0.457 119
17.800 5.591 0.447 107
17.772 5.598 0.454 122
17.760 5.515 0.441 118
17.795 5.567 0.444 111
17.732 5.540 0.451 125
17.720 5.517 0.449 123
17.750 5.535 0.446 118
17.731 5.556 0.454 164
17.815 5.522 0.431 118
17.771 5.584 0.452 116
17.754 5.517 0.442 108
17.801 5.531 0.436 107
17.734 5.544 0.451 128
17.802 5.518 0.433 111
17.733 5.543 0.451 129
17.732 5.537 0.450 121
17.803 5.575 0.444 121
17.755 5.587 0.455 102
17.767 5.567 0.449 125
17.774 5.580 0.450 119
17.787 5.536 0.440 109
17.748 5.534 0.447 120
17.801 5.576 0.444 115
17.737 5.555 0.453 127
17.746 5.516 0.444 107
17.752 5.556 0.450 93
17.751 5.522 0.444 114
17.759 5.554 0.448 123
17.759 5.548 0.447 122
17.769 5.561 0.448 111
17.752 5.557 0.450 93
17.729 5.501 0.444 118
17.763 5.514 0.440 115
17.694 5.502 0.451 121
17.795 5.574 0.445 116
17.732 5.565 0.455 165
17.795 5.581 0.446 114
17.792 5.586 0.448 115
17.740 5.502 0.442 120
17.778 5.605 0.454 119
17.701 5.523 0.454 135
17.736 5.538 0.450 123
17.800 5.510 0.432 113
17.719 5.546 0.455 148
17.803 5.588 0.446 109
17.702 5.508 0.450 121
17.798 5.580 0.446 107
17.766 5.541 0.445 105
17.768 5.521 0.440 115
17.702 5.520 0.453 122
17.790 5.604 0.452 116
17.734 5.511 0.445 126
17.782 5.553 0.444 122
17.803 5.513 0.432 116
17.758 5.535 0.445 111
17.760 5.574 0.452 119
17.768 5.601 0.455 127
17.777 5.617 0.457 114
17.741 5.514 0.444 110
17.797 5.596 0.449 116
17.789 5.619 0.455 107
17.773 5.608 0.456 126
17.710 5.513 0.450 118
17.751 5.575 0.454 116
17.708 5.528 0.453 137
17.772 5.602 0.455 125
17.752 5.543 0.448 120
17.793 5.572 0.445 117
17.801 5.536 0.437 110
17.822 5.543 0.434 119
17.821 5.531 0.432 109
17.713 5.506 0.448 110
17.790 5.579 0.447 118
17.781 5.533 0.440 113
17.822 5.550 0.435 116
17.753 5.532 0.445 117
17.771 5.572 0.449 114
17.737 5.539 0.450 123
17.755 5.617 0.456 124
17.674 5.548 0.451 118
17.678 5.506 0.454 113
17.677 5.542 0.452 115
17.678 5.608 0.448 79
17.677 5.622 0.448 36
17.676 5.596 0.449 110
17.711 5.633 0.451 117
17.732 5.611 0.454 30
17.680 5.513 0.453 115
17.678 5.538 0.452 113
17.674 5.504 0.453 111
17.749 5.625 0.455 160
17.719 5.558 0.455 152
17.693 5.572 0.452 130
17.706 5.605 0.452 84
17.668 5.553 0.450 111
17.679 5.508 0.454 113
17.709 5.545 0.455 138
17.688 5.555 0.452 123
17.689 5.611 0.449 36
17.743 5.618 0.455 101
17.695 5.600 0.451 134
17.741 5.588 0.456 121
17.706 5.613 0.451 28
17.665 5.612 0.447 50
17.697 5.547 0.454 121
17.713 5.599 0.453 132
17.701 5.605 0.451 92
17.753 5.635 0.455 139
17.694 5.639 0.449 88
17.744 5.612 0.456 37
17.739 5.633 0.454 142
17.683 5.609 0.449 75
17.761 5.610 0.457 116
17.687 5.563 0.452 121
17.704 5.630 0.450 115
17.677 5.549 0.451 118
17.699 5.625 0.450 91
17.685 5.596 0.450 121
17.745 5.607 0.456 35
17.733 5.602 0.455 47
17.673 5.510 0.453 111
17.747 5.600 0.456 112
17.696 5.528 0.454 129
17.695 5.611 0.450 33
17.666 5.622 0.447 27
17.665 5.632 0.446 39
17.705 5.564 0.454 140
17.681 5.539 0.452 115
17.748 5.630 0.455 154
17.703 5.545 0.454 131
17.726 5.596 0.454 136
17.708 5.588 0.453 136
17.731 5.630 0.453 142
17.680 5.627 0.448 42
17.695 5.596 0.451 129
17.700 5.602 0.451 122
17.675 5.551 0.451 117
17.766 5.625 0.457 109
17.714 5.612 0.452 19
17.736 5.591 0.456 173
17.718 5.567 0.455 146
17.696 5.625 0.450 82
17.694 5.640 0.449 83
17.700 5.644 0.449 93
17.701 5.610 0.451 33
17.767 5.627 0.457 155
17.681 5.596 0.449 113
17.764 5.621 0.457 117
17.692 5.520 0.454 130
17.739 5.621 0.454 130
17.677 5.553 0.451 118
17.726 5.612 0.453 32
17.672 5.521 0.452 114
17.682 5.555 0.452 120
17.701 5.531 0.455 124
17.684 5.608 0.449 70
17.675 5.620 0.448 30
17.725 5.639 0.452 116
17.696 5.531 0.454 128
17.700 5.589 0.452 135
17.740 5.587 0.456 121
17.723 5.625 0.453 133
17.678 5.567 0.451 111
17.722 5.608 0.453 16
17.691 5.540 0.453 125
17.667 5.566 0.449 101
17.661 5.639 0.445 37
17.676 5.577 0.450 104
17.699 5.573 0.453 132
17.677 5.531 0.452 117
17.682 5.523 0.453 122
17.667 5.600 0.448 99
17.711 5.637 0.451 108
17.700 5.632 0.450 110
17.678 5.562 0.451 116
18.054 5.659 0.460 58
18.049 5.669 0.453 161
17.989 5.649 0.462 130
17.967 5.656 0.456 143
17.989 5.658 0.456 149
18.028 5.661 0.457 156
17.982 5.656 0.457 146
17.963 5.658 0.455 143
17.959 5.664 0.450 133
18.051 5.671 0.452 148
18.083 5.659 0.462 10
17.969 5.656 0.457 143
17.814 5.637 0.458 114
18.053 5.660 0.459 174
17.964 5.662 0.452 135
17.823 5.637 0.459 131
18.021 5.661 0.457 152
18.057 5.657 0.461 61
17.927 5.657 0.453 143
18.058 5.658 0.461 61
17.980 5.650 0.461 142
17.968 5.648 0.461 141
17.827 5.640 0.457 119
17.992 5.670 0.449 123
18.024 5.663 0.455 152
18.023 5.661 0.457 152
17.980 5.657 0.456 144
17.955 5.646 0.462 147
17.972 5.649 0.461 145
17.878 5.643 0.458 120
17.989 5.655 0.459 149
18.024 5.674 0.449 124
17.893 5.642 0.460 126
17.972 5.657 0.456 141
18.066 5.657 0.462 61
17.947 5.659 0.453 143
17.922 5.643 0.461 134
17.983 5.649 0.462 116
18.051 5.660 0.459 165
18.049 5.655 0.462 63
18.007 5.670 0.450 130
17.812 5.638 0.458 110
17.976 5.653 0.459 145
18.057 5.673 0.451 159
18.030 5.659 0.459 167
17.831 5.637 0.459 118
17.971 5.660 0.454 138
18.062 5.665 0.457 148
17.860 5.641 0.459 116
18.040 5.655 0.462 63
17.962 5.664 0.450 125
18.041 5.669 0.453 150
17.822 5.673 0.448 90
17.706 5.678 0.447 71
17.825 5.658 0.452 122
17.923 5.665 0.450 114
17.948 5.675 0.447 100
17.822 5.644 0.456 146
17.855 5.647 0.455 156
17.727 5.669 0.450 79
17.764 5.674 0.448 88
17.758 5.651 0.454 107
17.866 5.648 0.455 150
17.868 5.651 0.454 150
17.831 5.677 0.447 75
17.811 5.671 0.449 94
17.837 5.651 0.454 140
17.860 5.657 0.452 132
17.883 5.670 0.449 95
17.800 5.638 0.457 119
17.853 5.657 0.452 127
17.892 5.668 0.449 106
17.739 5.667 0.450 80
18.013 5.675 0.447 117
17.815 5.647 0.455 134
17.745 5.676 0.448 80
18.024 5.679 0.446 110
17.837 5.648 0.455 154
17.947 5.675 0.447 100
17.818 5.646 0.455 144
17.976 5.673 0.448 112
17.984 5.670 0.449 120
17.764 5.675 0.448 85
17.983 5.675 0.447 107
17.830 5.647 0.455 142
17.774 5.642 0.456 128
17.747 5.680 0.447 79
17.867 5.681 0.446 80
17.784 5.671 0.449 86
17.781 5.676 0.448 82
17.923 5.670 0.449 95
17.808 5.648 0.455 132
17.950 5.678 0.447 90
17.782 5.672 0.449 87
17.850 5.671 0.449 100
17.753 5.681 0.446 77
17.871 5.661 0.451 128
17.741 5.658 0.452 89
17.943 5.668 0.449 118
17.801 5.651 0.454 131
17.842 5.679 0.447 82
17.813 5.643 0.456 134
17.768 5.644 0.456 121
17.786 5.671 0.449 86
17.825 5.645 0.456 149
17.995 5.675 0.447 112
17.824 5.649 0.454 138
17.917 5.676 0.447 80
17.829 5.676 0.447 75
17.784 5.661 0.451 98
17.835 5.661 0.451 108
17.848 5.654 0.453 135
17.801 5.638 0.457 119
17.865 5.666 0.450 104
17.740 5.669 0.450 80
17.836 5.667 0.450 93
17.761 5.651 0.454 109
17.756 5.663 0.451 90
18.016 5.676 0.447 114
17.777 5.667 0.450 91
17.823 5.661 0.451 110
17.761 5.665 0.451 90
17.821 5.672 0.448 90
17.830 5.642 0.456 124
17.846 5.662 0.451 116
17.776 5.661 0.452 95
17.952 5.674 0.448 96
17.730 5.674 0.448 79
17.899 5.658 0.452 133
17.824 5.673 0.448 81
17.781 5.677 0.447 82
17.852 5.654 0.453 141
17.964 5.667 0.449 120
17.790 5.653 0.454 114
17.891 5.657 0.452 131
17.866 5.669 0.449 97
17.858 5.674 0.448 83
17.762 5.675 0.448 86
17.873 5.673 0.448 93
17.698 5.674 0.447 81
17.710 5.658 0.449 93
17.707 5.671 0.448 80
17.716 5.654 0.450 97
17.696 5.659 0.448 85
17.669 5.655 0.445 62
17.758 5.638 0.456 123
17.690 5.657 0.447 83
17.697 5.669 0.447 79
17.755 5.646 0.455 114
17.712 5.655 0.450 95
17.671 5.648 0.446 59
17.724 5.655 0.451 99
17.768 5.639 0.457 127
17.706 5.654 0.449 92
17.711 5.660 0.449 89
17.722 5.660 0.451 87
17.721 5.668 0.450 83
17.680 5.656 0.446 79
17.726 5.655 0.451 101
17.711 5.673 0.449 83
17.737 5.649 0.453 106
17.958 5.197 0.405 79
17.750 5.196 0.393 73
17.907 5.195 0.421 97
17.873 5.197 0.399 81
17.872 5.195 0.413 18
17.907 5.197 0.399 74
17.935 5.197 0.404 85
17.900 5.195 0.419 88
18.025 5.198 0.399 52
18.021 5.198 0.402 54
17.996 5.197 0.408 86
17.944 5.197 0.403 77
17.868 5.195 0.417 23
17.862 5.195 0.415 73
17.846 5.197 0.397 88
18.000 5.196 0.416 83
18.003 5.197 0.411 83
17.813 5.196 0.403 90
17.942 5.198 0.397 63
18.016 5.195 0.430 67
17.972 5.195 0.431 58
18.028 5.197 0.417 73
17.967 5.197 0.406 80
18.004 5.197 0.411 83
17.921 5.196 0.414 77
17.974 5.198 0.397 57
17.862 5.197 0.398 75
18.004 5.196 0.418 74
17.771 5.196 0.395 77
17.753 5.195 0.399 65
18.006 5.199 0.395 65
17.766 5.195 0.402 78
17.919 5.197 0.396 63
18.006 5.195 0.431 67
17.968 5.198 0.396 59
17.886 5.196 0.409 88
17.955 5.196 0.418 82
17.847 5.196 0.408 98
17.746 5.195 0.398 69
17.952 5.195 0.424 99
17.803 5.195 0.407 84
17.988 5.197 0.409 88
17.880 5.197 0.399 79
17.943 5.195 0.423 99
17.939 5.197 0.402 79
17.969 5.197 0.408 84
17.788 5.196 0.397 84
17.934 5.197 0.406 85
17.989 5.197 0.413 86
17.771 5.195 0.400 82
17.835 5.195 0.408 92
17.990 5.198 0.402 65
18.032 5.198 0.407 78
17.941 5.198 0.394 61
17.984 5.195 0.429 56
17.995 5.196 0.423 77
17.973 5.198 0.397 57
17.725 5.196 0.392 80
18.032 5.198 0.405 78
17.985 5.198 0.398 55
18.034 5.196 0.422 80
17.948 5.196 0.418 84
17.985 5.197 0.409 88
17.953 5.195 0.426 99
17.861 5.195 0.413 69
18.029 5.199 0.394 74
17.972 5.198 0.395 58
18.022 5.198 0.406 59
17.972 5.198 0.398 58
17.826 5.196 0.402 92
17.913 5.197 0.399 78
17.806 5.196 0.401 87
17.933 5.198 0.394 64
17.976 5.198 0.394 64
17.908 5.195 0.420 97
17.864 5.197 0.398 39
17.829 5.196 0.405 90
17.964 5.197 0.411 81
17.960 5.195 0.426 100
18.007 5.197 0.417 75
17.943 5.196 0.416 81
17.924 5.198 0.394 62
17.989 5.196 0.420 84
17.868 5.196 0.420 28
17.741 5.198 0.411 61
17.938 5.196 0.432 115
17.810 5.201 0.434 83
17.822 5.208 0.463 132
17.803 5.202 0.435 100
17.764 5.199 0.419 66
17.843 5.196 0.418 93
17.873 5.202 0.445 116
17.921 5.200 0.445 69
17.716 5.196 0.399 33
17.819 5.201 0.436 82
17.793 5.207 0.454 141
17.807 5.202 0.436 102
17.824 5.207 0.461 132
17.764 5.196 0.408 78
17.784 5.197 0.412 81
17.809 5.199 0.425 99
17.897 5.200 0.442 88
17.861 5.198 0.430 95
17.833 5.206 0.456 130
17.858 5.201 0.442 98
17.840 5.204 0.451 126
17.750 5.198 0.411 68
17.831 5.203 0.445 128
17.732 5.197 0.407 67
17.929 5.202 0.455 119
17.891 5.201 0.445 101
17.946 5.195 0.432 109
17.780 5.197 0.411 80
17.832 5.208 0.463 132
17.800 5.202 0.435 86
17.804 5.205 0.446 124
17.859 5.205 0.456 135
17.995 5.197 0.444 92
17.882 5.198 0.432 76
17.938 5.198 0.439 100
17.747 5.198 0.411 67
17.862 5.198 0.428 95
17.989 5.198 0.447 87
17.916 5.198 0.437 100
17.807 5.200 0.428 101
17.869 5.196 0.421 22
17.945 5.198 0.441 92
17.783 5.195 0.405 85
17.834 5.198 0.424 60
17.789 5.200 0.424 89
17.855 5.199 0.432 105
17.761 5.196 0.405 77
17.994 5.195 0.436 99
17.793 5.200 0.427 77
17.948 5.199 0.445 87
17.859 5.196 0.420 50
17.895 5.199 0.439 101
17.800 5.202 0.437 84
17.882 5.204 0.455 131
17.845 5.202 0.444 114
17.813 5.208 0.461 135
17.895 5.202 0.451 124
17.793 5.198 0.418 66
17.929 5.202 0.454 124
17.768 5.197 0.412 82
17.844 5.207 0.461 131
17.849 5.206 0.460 132
17.786 5.204 0.440 101
17.848 5.199 0.429 104
17.797 5.200 0.426 65
17.994 5.195 0.437 99
17.703 5.196 0.397 18
17.917 5.200 0.445 73
17.733 5.197 0.406 60
17.823 5.204 0.447 125
17.969 5.195 0.432 109
17.801 5.201 0.433 86
17.905 5.203 0.457 126
17.896 5.203 0.452 117
17.884 5.197 0.428 76
17.848 5.198 0.427 93
17.795 5.206 0.452 142
17.840 5.199 0.431 70
17.934 5.200 0.447 109
17.826 5.205 0.452 127
17.781 5.198 0.416 77
17.855 5.204 0.450 131
17.827 5.199 0.426 105
17.835 5.203 0.443 128
17.869 5.198 0.428 99
17.783 5.196 0.408 83
17.818 5.196 0.414 91
17.811 5.197 0.419 64
17.885 5.197 0.427 79
17.724 5.195 0.397 73
17.863 5.197 0.425 64
17.845 5.202 0.444 114
17.710 5.195 0.395 17
17.965 5.199 0.449 84
17.799 5.205 0.448 125
17.727 5.198 0.409 139
17.748 5.200 0.420 139
17.871 5.198 0.429 99
17.925 5.197 0.436 107
17.861 5.205 0.456 135
17.848 5.198 0.428 104
17.894 5.196 0.427 104
17.812 5.208 0.461 135
17.913 5.201 0.451 126
17.700 5.206 0.413 142
17.722 5.199 0.412 138
17.680 5.206 0.405 155
17.653 5.239 0.449 101
17.704 5.218 0.435 126
17.663 5.225 0.430 143
17.659 5.219 0.417 140
17.795 5.210 0.461 137
17.643 5.236 0.439 125
17.773 5.218 0.465 141
17.707 5.223 0.446 145
17.713 5.213 0.430 143
17.674 5.226 0.435 140
17.756 5.217 0.456 139
17.678 5.237 0.456 144
17.664 5.220 0.422 141
17.766 5.212 0.451 135
17.712 5.204 0.416 150
17.779 5.207 0.450 135
17.672 5.232 0.445 30
17.653 5.230 0.433 139
17.673 5.225 0.433 138
17.668 5.218 0.420 143
17.730 5.226 0.459 145
17.700 5.199 0.402 141
17.764 5.220 0.464 139
17.667 5.231 0.442 136
17.799 5.210 0.463 135
17.726 5.201 0.417 153
17.733 5.211 0.437 145
17.639 5.241 0.445 147
17.733 5.223 0.456 138
17.672 5.220 0.425 141
17.707 5.213 0.428 115
17.701 5.222 0.441 139
17.701 5.219 0.436 105
17.737 5.219 0.451 144
17.680 5.204 0.402 141
17.660 5.223 0.425 141
17.751 5.221 0.461 140
17.722 5.201 0.416 159
17.792 5.210 0.460 140
17.769 5.214 0.456 136
17.703 5.223 0.443 142
17.723 5.206 0.424 160
17.686 5.217 0.425 150
17.749 5.209 0.440 137
17.754 5.208 0.440 137
17.757 5.215 0.453 140
17.678 5.207 0.406 150
17.754 5.209 0.441 137
17.653 5.236 0.443 141
17.645 5.243 0.452 152
17.696 5.220 0.436 89
17.787 5.207 0.452 144
17.701 5.199 0.402 141
17.650 5.239 0.447 136
17.708 5.203 0.412 142
17.669 5.229 0.439 166
17.695 5.226 0.444 135
17.689 5.211 0.417 144
17.715 5.224 0.450 147
17.793 5.210 0.460 140
17.696 5.226 0.445 139
17.715 5.213 0.432 159
17.661 5.242 0.456 52
17.804 5.209 0.463 137
17.726 5.203 0.420 154
17.721 5.214 0.436 155
17.784 5.208 0.452 135
17.706 5.214 0.430 100
17.722 5.216 0.440 151
17.742 5.218 0.452 143
17.678 5.221 0.430 138
17.672 5.232 0.445 30
17.703 5.224 0.445 142
17.747 5.202 0.428 127
17.651 5.229 0.432 143
17.709 5.202 0.411 142
17.684 5.220 0.430 143
17.769 5.206 0.444 132
17.622 5.245 0.444 63
17.651 5.226 0.406 147
17.638 5.233 0.431 124
17.624 5.243 0.439 145
17.661 5.218 0.401 147
17.631 5.238 0.434 137
17.618 5.251 0.429 65
17.656 5.221 0.408 143
17.664 5.215 0.405 135
17.653 5.225 0.403 133
17.623 5.249 0.412 59
17.634 5.242 0.402 144
17.627 5.247 0.405 64
17.611 5.253 0.451 66
17.646 5.230 0.405 139
17.626 5.246 0.413 66
17.617 5.254 0.413 40
17.644 5.231 0.414 151
17.624 5.247 0.420 72
17.643 5.230 0.423 135
17.662 5.215 0.413 149
17.626 5.246 0.416 66
17.618 5.253 0.416 47
17.617 5.249 0.439 62
17.634 5.241 0.405 138
17.623 5.246 0.430 61
18.089 5.426 0.464 77
18.087 5.439 0.459 79
18.084 5.497 0.447 41
18.094 5.576 0.465 25
18.084 5.579 0.439 41
18.092 5.541 0.462 85
18.083 5.517 0.442 36
18.089 5.419 0.465 65
18.090 5.556 0.455 20
18.086 5.590 0.443 45
18.086 5.581 0.444 42
18.086 5.428 0.458 74
18.085 5.530 0.445 95
18.085 5.500 0.447 39
18.088 5.470 0.459 72
18.091 5.478 0.464 58
18.094 5.563 0.465 22
18.084 5.579 0.438 41
18.092 5.510 0.465 40
18.087 5.501 0.453 36
18.089 5.546 0.453 75
18.089 5.521 0.455 101
18.086 5.522 0.450 90
18.084 5.542 0.443 107
18.087 5.534 0.451 102
18.089 5.515 0.458 102
18.083 5.523 0.442 39
18.085 5.495 0.448 46
18.092 5.508 0.465 40
18.097 5.651 0.464 80
18.093 5.630 0.458 57
18.090 5.454 0.465 83
18.087 5.426 0.459 80
18.086 5.464 0.454 83
18.086 5.554 0.447 18
18.081 5.529 0.435 25
18.089 5.585 0.451 33
18.089 5.451 0.463 91
18.086 5.511 0.450 43
18.090 5.568 0.454 28
18.087 5.583 0.447 36
18.086 5.516 0.450 37
18.088 5.476 0.459 46
18.092 5.598 0.457 31
18.089 5.535 0.455 102
18.087 5.437 0.458 73
18.085 5.523 0.445 45
18.088 5.415 0.463 86
18.086 5.430 0.456 76
18.087 5.426 0.461 72
18.089 5.571 0.453 31
18.090 5.614 0.451 52
18.089 5.452 0.462 88
18.083 5.561 0.437 18
18.089 5.563 0.452 27
18.093 5.580 0.462 26
18.082 5.553 0.435 42
17.624 5.305 0.453 24
17.636 5.339 0.445 28
17.653 5.415 0.449 55
17.659 5.437 0.449 71
17.628 5.291 0.438 67
17.631 5.315 0.444 24
17.623 5.288 0.445 29
17.625 5.287 0.440 35
17.655 5.429 0.452 79
17.648 5.399 0.453 45
17.630 5.293 0.433 138
17.626 5.298 0.444 21
17.638 5.334 0.438 22
17.623 5.286 0.444 31
17.655 5.414 0.446 51
17.647 5.382 0.445 41
17.650 5.397 0.448 52
17.619 5.283 0.452 22
17.625 5.288 0.443 34
17.651 5.411 0.451 46
17.634 5.318 0.439 17
17.641 5.371 0.452 42
17.631 5.304 0.437 46
17.641 5.368 0.451 37
17.661 5.450 0.451 92
17.637 5.340 0.444 28
17.657 5.439 0.453 87
17.647 5.316 0.408 194
17.635 5.388 0.408 71
17.640 5.396 0.401 36
17.630 5.323 0.426 97
17.630 5.423 0.407 87
17.635 5.354 0.415 187
17.660 5.346 0.389 19
17.639 5.367 0.408 95
17.632 5.298 0.429 184
17.636 5.371 0.411 99
17.665 5.340 0.384 61
17.655 5.355 0.393 65
17.654 5.337 0.397 91
17.643 5.305 0.415 85
17.645 5.335 0.407 168
17.644 5.348 0.405 120
17.634 5.310 0.424 64
17.646 5.374 0.399 84
17.646 5.334 0.406 171
17.646 5.379 0.397 87
17.652 5.325 0.401 180
17.630 5.357 0.420 191
17.663 5.317 0.391 93
17.638 5.409 0.400 41
17.664 5.314 0.389 94
17.628 5.448 0.405 69
17.657 5.354 0.390 44
17.632 5.304 0.427 94
17.633 5.409 0.407 87
17.648 5.336 0.403 162
17.649 5.376 0.395 102
17.629 5.418 0.409 101
17.664 5.319 0.388 91
17.648 5.389 0.393 70
17.640 5.315 0.417 169
17.652 5.316 0.402 190
17.630 5.399 0.412 110
17.634 5.440 0.400 51
17.665 5.329 0.386 112
17.658 5.292 0.400 40
17.639 5.328 0.415 193
17.632 5.368 0.415 151
17.646 5.338 0.405 166
17.654 5.354 0.393 41
17.630 5.388 0.414 114
17.673 5.297 0.383 51
17.649 5.300 0.409 50
17.639 5.411 0.400 40
17.638 5.434 0.397 47
17.631 5.340 0.422 153
17.666 5.314 0.387 89
17.649 5.332 0.404 166
17.652 5.313 0.403 184
17.666 5.295 0.391 39
17.654 5.364 0.392 111
17.639 5.425 0.397 59
17.651 5.353 0.397 48
17.657 5.318 0.397 156
17.658 5.369 0.386 141
17.641 5.329 0.412 184
17.647 5.345 0.403 116
17.632 5.353 0.418 190
17.662 5.355 0.385 72
17.633 5.377 0.413 96
17.626 5.458 0.405 119
17.640 5.367 0.407 77
17.652 5.367 0.393 114
17.630 5.300 0.430 148
17.630 5.360 0.419 180
17.635 5.433 0.400 65
17.629 5.317 0.427 49
17.629 5.322 0.427 63
17.654 5.360 0.392 89
17.632 5.399 0.410 101
17.636 5.301 0.423 142
17.664 5.318 0.389 106
17.676 5.327 0.378 105
17.669 5.351 0.382 45
17.664 5.369 0.385 160
17.685 5.336 0.380 117
17.641 5.446 0.399 53
17.678 5.347 0.382 118
17.650 5.455 0.401 121
17.690 5.382 0.388 108
17.689 5.386 0.389 119
17.667 5.373 0.386 118
17.684 5.321 0.377 109
17.691 5.400 0.392 111
17.689 5.368 0.386 114
17.644 5.447 0.399 78
17.640 5.456 0.401 68
17.682 5.315 0.376 121
17.673 5.346 0.381 31
17.658 5.432 0.397 84
17.670 5.394 0.390 49
17.682 5.321 0.377 122
17.695 5.407 0.393 129
17.679 5.314 0.376 103
17.660 5.403 0.391 30
17.651 5.452 0.400 124
17.678 5.346 0.382 118
17.688 5.378 0.388 119
17.663 5.370 0.386 160
17.661 5.444 0.399 123
17.666 5.407 0.392 73
17.662 5.407 0.392 57
17.681 5.404 0.392 102
17.680 5.330 0.379 96
17.655 5.385 0.388 74
17.671 5.440 0.399 131
17.657 5.423 0.395 87
17.693 5.389 0.390 119
17.677 5.432 0.397 128
17.676 5.385 0.389 117
17.653 5.441 0.398 90
17.642 5.440 0.398 48
17.666 5.373 0.386 148
17.670 5.438 0.398 131
17.673 5.437 0.398 132
17.649 5.435 0.397 61
17.680 5.395 0.391 95
17.692 5.422 0.396 142
17.660 5.437 0.398 108
17.674 5.425 0.396 116
17.657 5.398 0.390 52
17.665 5.383 0.388 100
17.674 5.324 0.377 100
17.682 5.380 0.388 124
17.678 5.397 0.391 80
17.685 5.409 0.393 110
18.035 5.202 0.405 73
18.041 5.196 0.440 65
18.039 5.207 0.411 81
18.051 5.249 0.372 76
18.039 5.209 0.405 72
18.049 5.247 0.370 75
18.035 5.207 0.397 77
18.042 5.206 0.424 77
18.050 5.238 0.391 71
18.040 5.222 0.385 76
18.030 5.199 0.395 78
18.048 5.231 0.397 71
18.046 5.231 0.390 73
18.055 5.253 0.380 75
18.046 5.221 0.408 82
18.051 5.237 0.397 69
18.041 5.218 0.396 75
18.040 5.207 0.415 71
18.044 5.208 0.426 74
18.037 5.198 0.421 73
18.051 5.238 0.396 67
18.085 5.259 0.428 24
18.092 5.282 0.406 33
18.054 5.229 0.413 77
18.132 5.323 0.419 47
18.122 5.306 0.425 86
18.048 5.222 0.415 76
18.117 5.310 0.408 34
18.066 5.273 0.370 79
18.091 5.268 0.423 17
18.075 5.286 0.368 67
18.103 5.300 0.399 79
18.108 5.293 0.418 27
18.089 5.289 0.389 83
18.114 5.315 0.398 56
18.084 5.260 0.422 20
18.085 5.254 0.434 44
18.126 5.318 0.414 46
18.059 5.262 0.375 79
18.050 5.221 0.419 82
18.107 5.298 0.408 26
18.080 5.270 0.401 90
18.069 5.234 0.435 71
18.102 5.283 0.421 14
18.046 5.216 0.420 79
18.131 5.317 0.424 43
18.129 5.317 0.421 54
18.091 5.289 0.392 86
18.052 5.235 0.402 75
18.114 5.314 0.398 60
18.074 5.262 0.401 83
18.090 5.286 0.394 80
18.048 5.205 0.439 65
18.062 5.250 0.397 77
18.101 5.280 0.424 16
18.078 5.253 0.423 21
18.076 5.243 0.434 71
18.098 5.289 0.406 52
18.064 5.238 0.421 68
18.056 5.250 0.386 75
18.067 5.265 0.384 77
18.105 5.298 0.405 59
18.082 5.271 0.403 85
18.116 5.309 0.409 29
18.091 5.291 0.391 83
18.080 5.265 0.409 69
18.076 5.266 0.398 77
18.072 5.242 0.428 64
18.110 5.293 0.422 30
18.064 5.232 0.428 54
18.082 5.257 0.424 16
18.073 5.271 0.387 92
18.045 5.207 0.430 68
18.089 5.268 0.421 18
18.068 5.248 0.411 82
18.071 5.245 0.422 45
18.086 5.291 0.380 90
18.079 5.277 0.387 85
18.097 5.274 0.426 18
18.082 5.280 0.390 77
18.100 5.283 0.419 35
18.124 5.311 0.419 76
18.081 5.268 0.405 88
18.097 5.282 0.414 29
18.061 5.235 0.417 75
18.059 5.237 0.412 75
18.084 5.289 0.381 98
18.075 5.276 0.384 94
18.109 5.292 0.423 28
18.096 5.289 0.403 42
18.098 5.302 0.386 58
18.066 5.257 0.394 80
18.072 5.273 0.383 90
18.131 5.324 0.414 41
18.098 5.292 0.401 43
18.077 5.255 0.418 20
18.122 5.304 0.428 80
18.045 5.209 0.449 70
18.108 5.299 0.442 42
18.108 5.298 0.441 42
18.087 5.264 0.440 37
18.061 5.222 0.440 78
18.055 5.242 0.465 109
18.056 5.230 0.453 102
18.101 5.278 0.434 22
18.130 5.318 0.429 45
18.101 5.281 0.436 8
18.092 5.278 0.445 54
18.109 5.297 0.439 84
18.049 5.217 0.451 68
18.052 5.220 0.450 72
18.087 5.271 0.446 83
18.085 5.256 0.436 50
18.066 5.229 0.439 65
18.060 5.247 0.462 111
18.096 5.282 0.443 24
18.095 5.275 0.440 35
18.053 5.225 0.453 82
18.056 5.223 0.447 72
18.058 5.248 0.465 112
18.059 5.252 0.467 108
18.055 5.247 0.468 107
18.063 5.246 0.456 104
18.076 5.247 0.441 84
18.050 5.227 0.458 111
18.147 5.338 0.423 37
18.110 5.290 0.432 48
18.062 5.230 0.445 70
18.052 5.235 0.461 107
18.078 5.251 0.441 70
18.110 5.289 0.431 59
18.085 5.266 0.445 80
18.097 5.301 0.376 69
18.112 5.313 0.395 62
18.115 5.311 0.375 17
18.134 5.327 0.402 47
18.126 5.319 0.383 34
18.078 5.288 0.365 72
18.093 5.298 0.376 68
18.122 5.317 0.387 28
18.132 5.326 0.404 39
18.134 5.328 0.408 39
18.101 5.303 0.374 53
18.131 5.322 0.386 34
18.097 5.300 0.374 75
18.124 5.317 0.379 59
18.109 5.310 0.386 34
18.127 5.321 0.395 39
18.131 5.327 0.409 39
18.137 5.328 0.401 50
18.120 5.469 0.441 33
18.101 5.498 0.433 34
18.111 5.450 0.431 33
18.087 5.538 0.431 42
18.095 5.530 0.435 36
18.122 5.416 0.432 35
18.099 5.502 0.432 31
18.119 5.487 0.443 24
18.116 5.452 0.435 34
18.094 5.528 0.434 37
18.121 5.454 0.439 34
18.104 5.488 0.434 33
18.120 5.469 0.441 33
18.124 5.450 0.440 35
18.103 5.517 0.438 34
18.111 5.468 0.435 34
18.098 5.521 0.435 36
18.090 5.529 0.432 39
18.114 5.453 0.434 34
18.119 5.497 0.445 17
18.120 5.471 0.441 33
18.095 5.519 0.433 36
18.124 5.441 0.438 32
18.108 5.477 0.434 34
18.088 5.448 0.448 61
18.112 5.401 0.443 40
18.084 5.512 0.435 39
18.104 5.453 0.435 39
18.126 5.392 0.434 37
18.084 5.479 0.444 78
18.101 5.469 0.433 34
18.100 5.398 0.453 56
18.101 5.465 0.434 35
18.101 5.410 0.448 15
18.095 5.459 0.440 34
18.098 5.401 0.453 55
18.116 5.412 0.437 33
18.099 5.392 0.455 62
18.086 5.519 0.431 40
18.107 5.445 0.435 38
18.080 5.532 0.433 42
18.106 5.436 0.438 40
18.087 5.420 0.457 92
18.090 5.479 0.439 40
18.114 5.412 0.438 33
18.100 5.431 0.444 31
18.111 5.402 0.443 36
18.082 5.513 0.436 41
18.119 5.417 0.433 35
18.118 5.386 0.442 34
18.099 5.467 0.435 36
18.085 5.510 0.435 42
18.099 5.403 0.452 36
18.104 5.394 0.450 24
18.118 5.418 0.433 37
18.091 5.386 0.463 69
18.103 5.459 0.434 36
18.099 5.481 0.432 33
18.117 5.408 0.437 35
18.089 5.476 0.440 46
18.100 5.450 0.439 35
18.086 5.469 0.444 58
18.088 5.463 0.445 45
18.115 5.429 0.433 33
18.087 5.447 0.450 65
18.111 5.420 0.438 38
18.085 5.444 0.452 69
18.086 5.509 0.434 44
18.093 5.428 0.451 46
18.107 5.407 0.445 21
18.109 5.432 0.437 37
18.136 5.346 0.407 43
18.131 5.358 0.407 39
18.135 5.346 0.405 42
18.144 5.348 0.425 37
18.133 5.323 0.379 61
18.135 5.368 0.425 40
18.134 5.348 0.405 43
18.133 5.373 0.425 40
18.131 5.347 0.399 41
18.141 5.338 0.411 47
18.142 5.346 0.419 39
18.139 5.339 0.407 44
18.135 5.361 0.418 36
