18.398 5.141 0.449 107
18.353 5.185 0.428 32
18.389 5.152 0.448 105
18.384 5.144 0.426 119
18.396 5.139 0.444 81
18.377 5.168 0.449 43
18.363 5.186 0.448 17
18.392 5.145 0.444 111
18.372 5.183 0.463 135
18.415 5.107 0.432 121
18.392 5.147 0.449 119
18.419 5.105 0.437 119
18.353 5.187 0.432 28
18.369 5.184 0.458 88
18.366 5.161 0.417 26
18.354 5.173 0.413 120
18.369 5.175 0.444 31
18.357 5.189 0.441 20
18.356 5.173 0.416 104
18.403 5.131 0.444 120
18.396 5.129 0.428 119
18.373 5.175 0.452 68
18.390 5.133 0.422 119
18.397 5.131 0.434 119
18.356 5.178 0.423 135
18.348 5.182 0.413 73
18.416 5.110 0.439 121
18.376 5.155 0.428 62
18.379 5.158 0.439 32
18.342 5.186 0.407 43
18.375 5.158 0.431 52
18.384 5.143 0.426 119
18.379 5.153 0.431 128
18.366 5.163 0.420 11
18.370 5.178 0.452 43
18.383 5.143 0.424 121
18.377 5.170 0.453 87
18.401 5.137 0.450 110
18.379 5.152 0.429 114
18.421 5.100 0.434 119
18.374 5.167 0.441 28
18.383 5.145 0.426 121
18.379 5.165 0.450 72
18.345 5.201 0.422 16
18.338 5.220 0.414 31
18.346 5.199 0.423 25
18.358 5.217 0.451 15
18.353 5.213 0.440 14
18.346 5.197 0.424 25
18.358 5.193 0.445 27
18.349 5.221 0.436 20
18.348 5.224 0.435 15
18.358 5.196 0.445 34
18.348 5.233 0.437 18
18.342 5.234 0.426 121
18.350 5.209 0.435 13
18.356 5.218 0.449 12
18.346 5.230 0.431 33
18.345 5.212 0.424 22
18.345 5.214 0.425 35
18.346 5.191 0.421 47
18.346 5.195 0.422 37
18.341 5.240 0.425 117
18.341 5.233 0.423 114
18.363 5.200 0.457 38
18.342 5.199 0.416 18
18.350 5.190 0.429 42
18.355 5.201 0.442 30
18.352 5.260 0.443 16
18.357 5.244 0.450 15
18.355 5.230 0.448 14
18.356 5.263 0.449 14
18.353 5.277 0.445 16
18.352 5.234 0.444 12
18.346 5.242 0.435 30
18.342 5.252 0.430 110
18.349 5.235 0.439 20
18.349 5.280 0.439 18
18.358 5.243 0.451 19
18.366 5.213 0.463 13
18.348 5.266 0.438 21
18.344 5.280 0.432 82
18.349 5.284 0.439 19
18.358 5.236 0.451 16
18.365 5.202 0.462 49
18.346 5.242 0.436 18
18.345 5.250 0.433 52
18.342 5.265 0.429 112
18.344 5.248 0.432 92
18.689 5.137 0.461 109
18.736 5.106 0.456 103
18.623 5.103 0.448 98
18.601 5.112 0.449 115
18.680 5.131 0.459 103
18.689 5.141 0.462 111
18.671 5.147 0.462 110
18.585 5.129 0.452 113
18.593 5.110 0.448 119
18.590 5.100 0.446 115
18.684 5.141 0.462 114
18.707 5.105 0.454 109
18.607 5.121 0.452 115
18.644 5.123 0.455 120
18.713 5.117 0.458 118
18.658 5.135 0.458 112
18.624 5.130 0.455 119
18.658 5.101 0.450 112
18.719 5.119 0.458 112
18.695 5.108 0.454 109
18.709 5.107 0.455 111
18.658 5.100 0.450 115
18.593 5.123 0.451 116
18.598 5.128 0.453 122
18.704 5.102 0.453 104
18.481 5.108 0.441 107
18.551 5.111 0.446 117
18.668 5.139 0.460 116
18.595 5.115 0.449 116
18.669 5.113 0.454 110
18.660 5.131 0.458 110
18.536 5.098 0.442 95
18.560 5.096 0.443 109
18.609 5.117 0.451 113
18.683 5.122 0.457 109
18.629 5.116 0.452 107
18.695 5.116 0.456 110
18.663 5.129 0.457 114
18.578 5.128 0.451 118
18.703 5.119 0.457 110
18.660 5.137 0.459 110
18.698 5.119 0.457 109
18.652 5.146 0.461 120
18.542 5.114 0.446 129
18.545 5.111 0.445 121
18.630 5.145 0.459 113
18.536 5.110 0.445 108
18.611 5.137 0.456 108
18.609 5.117 0.451 113
18.667 5.155 0.464 102
18.623 5.123 0.453 119
18.635 5.136 0.457 100
18.520 5.096 0.440 101
18.630 5.113 0.451 106
18.714 5.130 0.461 112
18.585 5.117 0.449 116
18.602 5.119 0.451 116
18.547 5.100 0.443 107
18.603 5.124 0.452 116
18.520 5.103 0.442 112
18.597 5.104 0.447 107
18.710 5.120 0.458 113
18.591 5.106 0.447 118
18.722 5.119 0.459 109
18.628 5.121 0.453 114
18.727 5.111 0.457 112
18.583 5.113 0.448 117
18.662 5.107 0.452 112
18.663 5.101 0.450 111
18.713 5.132 0.461 113
18.671 5.120 0.456 117
18.700 5.116 0.457 109
18.542 5.101 0.443 105
18.595 5.132 0.454 118
18.614 5.136 0.456 106
18.690 5.122 0.457 113
18.453 5.095 0.436 85
18.446 5.094 0.435 77
18.653 5.133 0.457 113
18.681 5.112 0.454 114
18.576 5.119 0.449 120
18.661 5.147 0.461 110
18.625 5.146 0.459 120
18.551 5.102 0.443 103
18.669 5.121 0.456 119
18.658 5.099 0.450 115
18.679 5.147 0.463 113
18.675 5.129 0.458 109
18.615 5.099 0.447 110
18.520 5.101 0.441 107
18.647 5.138 0.458 117
18.551 5.101 0.443 103
18.511 5.113 0.444 99
18.714 5.104 0.455 111
18.552 5.118 0.447 127
18.622 5.142 0.458 119
18.517 5.104 0.442 105
18.689 5.113 0.455 114
18.666 5.142 0.461 112
18.680 5.130 0.459 103
18.642 5.102 0.449 107
18.637 5.132 0.456 109
18.699 5.132 0.460 107
18.628 5.132 0.456 117
18.662 5.151 0.462 108
18.567 5.150 0.459 122
18.505 5.154 0.459 119
18.528 5.146 0.456 108
18.498 5.141 0.454 120
18.596 5.161 0.464 120
18.509 5.135 0.452 121
18.446 5.129 0.448 126
18.539 5.132 0.451 115
18.410 5.138 0.451 127
18.551 5.160 0.463 112
18.457 5.163 0.462 119
18.502 5.131 0.450 126
18.501 5.120 0.446 134
18.500 5.163 0.463 117
18.429 5.149 0.456 132
18.490 5.142 0.454 126
18.517 5.130 0.450 122
18.506 5.171 0.466 111
18.470 5.135 0.451 130
18.387 5.177 0.466 128
18.408 5.145 0.453 131
18.622 5.164 0.466 121
18.449 5.107 0.439 79
18.398 5.178 0.466 127
18.421 5.127 0.447 121
18.446 5.167 0.463 115
18.606 5.164 0.465 114
18.435 5.153 0.457 130
18.467 5.166 0.463 122
18.434 5.132 0.449 124
18.406 5.166 0.462 112
18.448 5.115 0.443 84
18.490 5.117 0.444 117
18.457 5.145 0.454 116
18.515 5.146 0.456 125
18.568 5.134 0.453 115
18.454 5.175 0.466 118
18.516 5.163 0.463 114
18.407 5.137 0.450 129
18.528 5.141 0.454 120
18.595 5.140 0.456 111
18.459 5.126 0.447 129
18.438 5.124 0.446 122
18.471 5.106 0.439 79
18.417 5.164 0.461 121
18.419 5.136 0.450 121
18.572 5.150 0.459 119
18.393 5.177 0.466 119
18.490 5.177 0.468 125
18.414 5.154 0.457 128
18.618 5.148 0.459 113
18.402 5.138 0.450 126
18.550 5.161 0.463 115
18.430 5.120 0.444 81
18.524 5.158 0.461 121
18.528 5.121 0.447 126
18.554 5.160 0.463 106
18.480 5.114 0.443 122
18.459 5.160 0.461 112
18.596 5.144 0.457 107
18.434 5.171 0.464 113
18.525 5.122 0.447 122
18.459 5.140 0.452 118
18.649 5.162 0.466 110
18.416 5.145 0.454 131
18.380 5.177 0.466 129
18.497 5.167 0.464 109
18.415 5.123 0.445 90
18.415 5.173 0.465 123
18.440 5.148 0.456 124
18.423 5.101 0.436 73
18.576 5.169 0.467 120
18.610 5.158 0.463 119
18.439 5.146 0.454 118
18.465 5.133 0.450 132
18.440 5.155 0.458 120
18.555 5.146 0.457 99
18.470 5.158 0.460 114
18.453 5.145 0.455 119
18.441 5.100 0.436 99
18.461 5.160 0.461 119
18.527 5.147 0.457 114
18.471 5.129 0.449 132
18.531 5.145 0.456 119
18.666 5.159 0.465 107
18.458 5.110 0.441 98
18.412 5.164 0.461 115
18.452 5.139 0.452 125
18.443 5.177 0.467 128
18.446 5.158 0.459 127
18.562 5.132 0.452 109
18.444 5.172 0.465 125
18.436 5.157 0.459 130
18.430 5.179 0.468 115
18.577 5.160 0.463 116
18.430 5.144 0.454 128
18.551 5.136 0.453 121
18.403 5.163 0.461 115
18.534 5.140 0.454 121
18.492 5.155 0.459 116
18.561 5.161 0.463 104
18.484 5.126 0.448 133
18.420 5.109 0.439 103
18.409 5.165 0.462 115
18.455 5.164 0.462 124
18.544 5.151 0.459 117
18.476 5.178 0.468 120
18.581 5.153 0.460 114
18.502 5.159 0.461 125
18.490 5.161 0.462 111
18.468 5.107 0.440 70
18.473 5.129 0.449 127
18.488 5.137 0.452 131
18.458 5.166 0.463 131
18.480 5.174 0.467 100
18.433 5.128 0.447 122
18.474 5.140 0.453 125
18.415 5.161 0.460 131
18.506 5.126 0.448 128
18.484 5.172 0.466 114
18.459 5.157 0.460 126
18.549 5.154 0.460 109
18.456 5.138 0.452 124
18.531 5.167 0.465 116
18.508 5.147 0.456 116
18.479 5.140 0.453 124
18.420 5.173 0.465 128
18.449 5.121 0.445 119
18.487 5.146 0.455 122
18.471 5.128 0.448 130
18.528 5.144 0.456 110
18.434 5.149 0.456 132
18.501 5.132 0.450 124
18.651 5.159 0.465 109
18.596 5.163 0.465 123
18.561 5.134 0.452 115
18.518 5.120 0.446 124
18.401 5.140 0.451 126
18.457 5.164 0.462 131
18.525 5.159 0.462 118
18.494 5.117 0.444 114
18.407 5.126 0.446 114
18.570 5.156 0.462 116
18.481 5.173 0.466 102
18.441 5.137 0.451 133
18.640 5.155 0.463 116
18.813 5.149 0.446 72
18.800 5.147 0.451 34
18.808 5.144 0.447 63
18.791 5.133 0.451 60
18.816 5.153 0.446 53
18.811 5.161 0.450 61
18.829 5.169 0.445 11
18.763 5.104 0.456 75
18.781 5.125 0.454 87
18.812 5.178 0.454 54
18.804 5.173 0.457 61
18.770 5.119 0.457 93
18.785 5.136 0.455 97
18.789 5.139 0.454 96
18.815 5.157 0.447 66
18.786 5.135 0.454 90
18.813 5.171 0.452 69
18.807 5.153 0.450 52
18.782 5.140 0.457 102
18.785 5.143 0.457 97
18.819 5.160 0.446 34
18.768 5.113 0.456 90
18.754 5.104 0.457 110
18.745 5.114 0.458 102
18.715 5.155 0.462 92
18.742 5.176 0.462 109
18.785 5.178 0.459 104
18.750 5.158 0.460 107
18.752 5.172 0.461 115
18.716 5.156 0.462 97
18.761 5.173 0.460 111
18.743 5.147 0.460 110
18.771 5.123 0.457 100
18.723 5.146 0.461 109
18.746 5.109 0.458 103
18.777 5.182 0.460 108
18.734 5.123 0.459 109
18.751 5.153 0.460 101
18.721 5.131 0.461 110
18.761 5.157 0.459 100
18.688 5.162 0.464 115
18.704 5.162 0.463 113
18.753 5.137 0.459 102
18.741 5.174 0.462 105
18.753 5.123 0.458 107
18.794 5.182 0.459 97
18.753 5.167 0.460 110
18.771 5.156 0.459 97
18.746 5.157 0.460 102
18.759 5.149 0.459 99
18.773 5.185 0.460 102
18.712 5.138 0.462 111
18.783 5.159 0.458 96
18.740 5.178 0.462 109
18.797 5.169 0.458 84
18.744 5.141 0.460 107
18.733 5.171 0.462 124
18.794 5.190 0.459 99
18.767 5.141 0.458 100
18.756 5.124 0.458 108
18.753 5.116 0.458 108
18.695 5.155 0.464 106
18.706 5.161 0.463 113
18.751 5.127 0.458 108
18.741 5.155 0.461 112
18.724 5.165 0.462 110
18.735 5.125 0.459 106
18.702 5.141 0.462 117
18.766 5.161 0.459 103
18.760 5.135 0.458 106
18.697 5.148 0.463 122
18.811 5.194 0.458 56
18.719 5.150 0.462 97
18.745 5.116 0.458 107
18.736 5.175 0.462 115
18.763 5.124 0.457 102
18.689 5.150 0.464 109
18.783 5.153 0.458 97
18.760 5.150 0.459 97
18.762 5.183 0.461 112
18.752 5.167 0.461 110
18.524 5.303 0.449 111
18.447 5.194 0.467 124
18.543 5.355 0.441 108
18.529 5.255 0.456 117
18.410 5.211 0.466 59
18.485 5.300 0.450 122
18.612 5.279 0.450 122
18.614 5.191 0.463 123
18.495 5.258 0.456 127
18.541 5.185 0.466 121
18.599 5.351 0.440 123
18.548 5.397 0.434 121
18.462 5.262 0.457 120
18.664 5.179 0.463 115
18.536 5.326 0.445 113
18.533 5.241 0.458 46
18.600 5.237 0.456 108
18.506 5.342 0.444 121
18.426 5.219 0.464 44
18.590 5.389 0.434 125
18.574 5.377 0.437 123
18.550 5.263 0.454 123
18.497 5.337 0.445 127
18.631 5.181 0.464 108
18.512 5.237 0.459 36
18.644 5.226 0.457 114
18.539 5.225 0.460 109
18.485 5.292 0.452 126
18.504 5.309 0.449 110
18.604 5.262 0.452 126
18.628 5.194 0.462 116
18.476 5.209 0.464 114
18.624 5.280 0.449 117
18.514 5.310 0.448 117
18.475 5.244 0.459 127
18.462 5.198 0.466 123
18.603 5.278 0.450 116
18.496 5.271 0.454 121
18.532 5.255 0.456 116
18.622 5.236 0.456 121
18.580 5.313 0.446 105
18.620 5.296 0.447 129
18.579 5.178 0.466 123
18.478 5.197 0.466 115
18.541 5.184 0.466 121
18.439 5.248 0.460 123
18.617 5.264 0.452 117
18.601 5.223 0.458 122
18.515 5.200 0.464 114
18.573 5.394 0.434 130
18.571 5.368 0.438 123
18.500 5.205 0.464 114
18.619 5.278 0.450 116
18.574 5.236 0.457 62
18.509 5.347 0.443 111
18.542 5.282 0.451 121
18.635 5.253 0.453 117
18.581 5.219 0.459 122
18.417 5.237 0.462 126
18.487 5.286 0.452 122
18.491 5.265 0.455 123
18.523 5.278 0.453 121
18.472 5.223 0.462 44
18.475 5.244 0.459 127
18.591 5.361 0.438 115
18.610 5.324 0.443 124
18.430 5.224 0.463 20
18.552 5.198 0.463 120
18.587 5.387 0.435 117
18.580 5.274 0.451 118
18.643 5.207 0.459 121
18.532 5.362 0.440 118
18.591 5.398 0.433 119
18.467 5.185 0.468 112
18.601 5.368 0.437 116
18.582 5.268 0.452 132
18.440 5.207 0.465 124
18.625 5.210 0.459 117
18.445 5.199 0.466 122
18.528 5.237 0.458 26
18.490 5.307 0.449 121
18.580 5.268 0.452 125
18.604 5.214 0.459 117
18.531 5.235 0.459 35
18.613 5.259 0.453 112
18.411 5.229 0.463 99
18.555 5.391 0.435 115
18.574 5.292 0.449 128
18.540 5.252 0.456 127
18.467 5.202 0.465 121
18.417 5.201 0.467 125
18.590 5.374 0.436 126
18.603 5.312 0.445 128
18.527 5.359 0.441 116
18.643 5.193 0.461 114
18.650 5.201 0.460 113
18.492 5.246 0.458 125
18.506 5.308 0.449 118
18.517 5.199 0.464 114
18.502 5.264 0.455 120
18.569 5.335 0.443 129
18.499 5.261 0.456 126
18.642 5.172 0.464 116
18.582 5.214 0.460 120
18.604 5.180 0.464 119
18.611 5.256 0.453 121
18.455 5.235 0.461 92
18.552 5.316 0.446 113
18.545 5.231 0.459 65
18.539 5.203 0.463 118
18.598 5.339 0.441 120
18.604 5.299 0.447 120
18.647 5.204 0.460 115
18.560 5.173 0.467 125
18.592 5.332 0.443 125
18.488 5.308 0.449 119
18.456 5.242 0.460 121
18.448 5.251 0.459 119
18.524 5.236 0.459 30
18.581 5.403 0.433 129
18.545 5.189 0.465 120
18.574 5.409 0.432 121
18.565 5.393 0.434 112
18.489 5.227 0.461 40
18.587 5.360 0.439 111
18.520 5.268 0.454 121
18.504 5.336 0.445 122
18.576 5.206 0.461 106
18.522 5.321 0.446 119
18.625 5.292 0.447 115
18.647 5.170 0.465 114
18.577 5.247 0.456 109
18.557 5.225 0.459 133
18.553 5.232 0.458 64
18.573 5.229 0.458 99
18.493 5.253 0.457 127
18.535 5.331 0.444 114
18.531 5.322 0.446 107
18.531 5.213 0.462 114
18.508 5.348 0.443 114
18.573 5.192 0.464 112
18.536 5.300 0.449 116
18.557 5.404 0.433 120
18.378 5.194 0.469 121
18.585 5.334 0.443 121
18.550 5.311 0.447 115
18.591 5.320 0.444 128
18.495 5.198 0.465 119
18.602 5.309 0.446 119
18.575 5.258 0.454 108
18.586 5.404 0.432 120
18.535 5.223 0.460 107
18.532 5.288 0.451 114
18.516 5.284 0.452 117
18.596 5.265 0.452 110
18.499 5.325 0.446 113
18.551 5.328 0.444 112
18.591 5.336 0.442 119
18.584 5.212 0.460 113
18.567 5.216 0.460 119
18.496 5.271 0.454 123
18.463 5.200 0.466 123
18.605 5.167 0.466 116
18.496 5.316 0.448 102
18.505 5.224 0.461 53
18.497 5.331 0.446 115
18.461 5.198 0.466 123
18.624 5.221 0.458 130
18.533 5.185 0.466 122
18.496 5.338 0.445 128
18.583 5.350 0.440 112
18.588 5.274 0.451 134
18.585 5.187 0.464 124
18.612 5.340 0.441 116
18.567 5.171 0.467 100
18.581 5.412 0.431 124
18.627 5.282 0.449 123
18.475 5.283 0.453 123
18.603 5.177 0.465 122
18.611 5.277 0.450 117
18.616 5.248 0.454 124
18.624 5.223 0.458 138
18.573 5.301 0.448 122
18.636 5.235 0.455 121
18.570 5.375 0.437 129
18.549 5.310 0.447 111
18.543 5.194 0.464 121
18.568 5.338 0.442 134
18.598 5.380 0.435 112
18.453 5.197 0.467 121
18.573 5.356 0.440 114
18.544 5.254 0.455 124
18.526 5.213 0.462 115
18.447 5.186 0.468 116
18.581 5.260 0.453 114
18.523 5.323 0.446 119
18.606 5.320 0.444 131
18.538 5.197 0.464 118
18.546 5.340 0.443 116
18.481 5.207 0.464 111
18.530 5.182 0.466 121
18.513 5.296 0.450 110
18.443 5.188 0.468 112
18.459 5.200 0.466 126
18.525 5.227 0.460 68
18.611 5.181 0.464 120
18.532 5.282 0.452 110
18.613 5.233 0.456 112
18.502 5.264 0.455 120
18.614 5.210 0.460 117
18.382 5.192 0.469 126
18.654 5.171 0.464 105
18.582 5.225 0.459 136
18.457 5.196 0.467 122
18.482 5.317 0.448 120
18.622 5.205 0.460 113
18.563 5.328 0.444 124
18.455 5.191 0.467 124
18.520 5.243 0.458 127
18.628 5.248 0.454 121
18.611 5.341 0.441 116
18.557 5.296 0.449 122
18.564 5.418 0.431 118
18.561 5.262 0.454 125
18.449 5.249 0.459 122
18.646 5.169 0.465 121
18.555 5.292 0.450 122
18.575 5.188 0.464 107
18.416 5.239 0.462 126
18.496 5.206 0.464 111
18.530 5.182 0.466 121
18.632 5.201 0.461 122
18.606 5.188 0.463 123
18.437 5.204 0.466 124
18.626 5.260 0.452 118
18.506 5.298 0.450 128
18.531 5.346 0.442 125
18.641 5.185 0.463 109
18.513 5.301 0.449 108
18.410 5.222 0.464 19
18.583 5.343 0.441 116
18.572 5.192 0.464 118
18.533 5.306 0.448 118
18.617 5.309 0.445 127
18.615 5.258 0.453 115
18.594 5.259 0.453 122
18.559 5.216 0.461 121
18.610 5.198 0.462 120
18.634 5.170 0.465 95
18.534 5.369 0.439 107
18.450 5.207 0.465 122
18.543 5.177 0.467 114
18.468 5.267 0.456 119
18.419 5.194 0.468 122
18.620 5.211 0.459 112
18.654 5.168 0.465 110
18.466 5.251 0.458 125
18.578 5.388 0.435 121
18.622 5.199 0.461 116
18.414 5.232 0.463 125
18.462 5.269 0.456 114
18.515 5.180 0.467 111
18.496 5.286 0.452 121
18.581 5.292 0.449 115
18.623 5.287 0.448 119
18.482 5.301 0.450 122
18.476 5.257 0.457 120
18.484 5.231 0.461 35
18.590 5.224 0.458 113
18.548 5.208 0.462 118
18.471 5.294 0.452 119
18.544 5.263 0.454 117
18.499 5.226 0.461 56
18.484 5.273 0.454 123
18.553 5.310 0.447 112
18.427 5.207 0.466 114
18.603 5.276 0.450 121
18.485 5.238 0.460 110
18.638 5.179 0.464 96
18.587 5.392 0.434 119
18.559 5.205 0.462 111
18.505 5.186 0.466 118
18.612 5.227 0.457 109
18.585 5.194 0.463 120
18.597 5.378 0.436 115
18.532 5.239 0.458 26
18.552 5.206 0.462 115
18.490 5.272 0.454 123
18.579 5.305 0.447 111
18.503 5.210 0.463 114
18.590 5.323 0.444 122
18.481 5.223 0.462 48
18.511 5.177 0.468 117
18.556 5.186 0.465 105
18.595 5.197 0.462 126
18.565 5.375 0.437 121
18.511 5.213 0.462 120
18.599 5.317 0.445 109
18.634 5.238 0.455 119
18.524 5.271 0.454 126
18.573 5.216 0.460 100
18.534 5.339 0.443 112
18.432 5.207 0.466 120
18.577 5.193 0.463 104
18.413 5.195 0.468 121
18.536 5.207 0.463 117
18.465 5.190 0.467 121
18.549 5.329 0.444 120
18.482 5.254 0.457 124
18.497 5.216 0.462 128
18.527 5.221 0.461 130
18.581 5.426 0.429 117
18.503 5.235 0.459 24
18.515 5.290 0.451 122
18.495 5.283 0.453 122
18.493 5.275 0.454 124
18.595 5.330 0.443 122
18.532 5.249 0.457 119
18.393 5.201 0.468 114
18.497 5.211 0.463 116
18.530 5.250 0.456 124
18.596 5.257 0.453 121
18.585 5.325 0.444 120
18.560 5.322 0.445 119
18.609 5.332 0.442 116
18.613 5.251 0.454 124
18.477 5.286 0.453 122
18.587 5.269 0.452 122
18.623 5.291 0.448 126
18.493 5.273 0.454 123
18.604 5.351 0.439 123
18.586 5.391 0.434 119
18.548 5.325 0.445 118
18.505 5.194 0.465 117
18.616 5.325 0.443 93
18.540 5.313 0.447 113
18.592 5.254 0.454 116
18.554 5.402 0.433 121
18.511 5.192 0.466 120
18.425 5.184 0.469 113
18.573 5.279 0.451 117
18.602 5.331 0.442 104
18.467 5.243 0.459 126
18.577 5.396 0.434 126
18.629 5.176 0.464 119
18.638 5.263 0.451 118
18.612 5.206 0.460 125
18.599 5.303 0.447 125
18.626 5.259 0.452 117
18.546 5.179 0.466 110
18.600 5.276 0.451 111
18.508 5.345 0.443 111
18.573 5.277 0.451 113
18.560 5.396 0.434 122
18.579 5.204 0.462 108
18.545 5.302 0.448 118
18.536 5.352 0.441 122
18.582 5.224 0.459 136
18.572 5.350 0.441 121
18.571 5.380 0.436 126
18.425 5.232 0.462 117
18.423 5.232 0.462 118
18.400 5.200 0.468 124
18.637 5.210 0.459 130
18.612 5.180 0.464 120
18.579 5.299 0.448 110
18.460 5.210 0.464 123
18.579 5.423 0.430 118
18.398 5.193 0.469 115
18.546 5.318 0.446 130
18.563 5.279 0.451 118
18.477 5.257 0.457 120
18.557 5.263 0.454 119
18.553 5.179 0.466 111
18.510 5.310 0.448 120
18.614 5.186 0.463 119
18.450 5.189 0.468 121
18.606 5.260 0.453 123
18.624 5.205 0.460 109
18.519 5.239 0.458 31
18.554 5.283 0.451 108
18.587 5.374 0.437 123
18.612 5.334 0.442 117
18.535 5.365 0.439 111
18.603 5.346 0.440 111
18.642 5.252 0.453 124
18.502 5.239 0.459 80
18.474 5.283 0.453 120
18.414 5.197 0.468 123
18.389 5.195 0.469 115
18.537 5.378 0.437 118
18.435 5.215 0.465 48
18.529 5.268 0.454 124
18.447 5.202 0.466 117
18.613 5.232 0.457 112
18.506 5.326 0.446 115
18.557 5.353 0.441 130
18.590 5.347 0.440 117
18.502 5.195 0.465 115
18.478 5.201 0.465 118
18.541 5.357 0.440 115
18.487 5.215 0.463 130
18.610 5.262 0.452 111
18.593 5.321 0.444 119
18.474 5.257 0.457 122
18.502 5.240 0.459 80
18.600 5.256 0.453 107
18.479 5.281 0.453 123
18.467 5.280 0.454 124
18.813 5.244 0.458 56
18.777 5.281 0.460 110
18.762 5.256 0.461 115
18.732 5.209 0.462 107
18.809 5.210 0.459 53
18.791 5.262 0.459 104
18.724 5.230 0.463 103
18.779 5.215 0.460 103
18.811 5.434 0.459 80
18.774 5.246 0.460 106
18.786 5.385 0.460 115
18.800 5.275 0.459 93
18.739 5.265 0.462 121
18.814 5.306 0.458 52
18.764 5.203 0.461 118
18.797 5.324 0.459 100
18.802 5.362 0.459 98
18.756 5.274 0.461 124
18.806 5.307 0.459 80
18.778 5.313 0.460 128
18.728 5.202 0.463 118
18.755 5.208 0.461 109
18.690 5.173 0.464 115
18.799 5.290 0.459 98
18.703 5.201 0.464 114
18.811 5.405 0.459 98
18.800 5.359 0.459 90
18.792 5.257 0.459 108
18.706 5.192 0.464 114
18.765 5.214 0.461 119
18.721 5.241 0.463 124
18.723 5.190 0.463 119
18.776 5.260 0.460 117
18.813 5.332 0.458 63
18.776 5.274 0.460 115
18.794 5.249 0.459 109
18.746 5.188 0.462 113
18.803 5.415 0.459 97
18.725 5.231 0.463 103
18.781 5.217 0.460 105
18.734 5.280 0.462 117
18.812 5.298 0.458 53
18.806 5.200 0.459 62
18.807 5.250 0.459 67
18.728 5.270 0.463 105
18.806 5.369 0.459 86
18.811 5.331 0.459 63
18.787 5.267 0.460 106
18.780 5.204 0.460 106
18.687 5.164 0.465 116
18.723 5.198 0.463 117
18.799 5.287 0.459 85
18.788 5.306 0.460 106
18.767 5.233 0.461 119
18.818 5.381 0.458 38
18.742 5.244 0.462 124
18.781 5.198 0.460 116
18.761 5.261 0.461 110
18.686 5.185 0.465 113
18.717 5.183 0.463 119
18.793 5.305 0.459 113
18.816 5.408 0.458 60
18.732 5.227 0.462 111
18.750 5.271 0.462 113
18.770 5.231 0.461 116
18.784 5.285 0.460 125
18.815 5.228 0.458 64
18.721 5.202 0.463 115
18.807 5.296 0.459 76
18.811 5.439 0.459 87
18.783 5.237 0.460 117
18.814 5.338 0.458 64
18.809 5.420 0.459 80
18.704 5.194 0.464 117
18.774 5.361 0.460 118
18.806 5.336 0.459 79
18.718 5.231 0.463 130
18.816 5.235 0.458 60
18.766 5.280 0.461 136
18.816 5.309 0.458 50
18.764 5.236 0.461 122
18.807 5.207 0.459 52
18.789 5.276 0.460 93
18.797 5.224 0.459 106
18.743 5.197 0.462 120
18.817 5.239 0.458 56
18.725 5.255 0.463 118
18.759 5.308 0.461 114
18.772 5.354 0.460 122
18.711 5.194 0.463 111
18.814 5.338 0.458 64
18.768 5.311 0.461 117
18.803 5.223 0.459 76
18.697 5.173 0.464 104
18.804 5.258 0.459 75
18.805 5.319 0.459 102
18.791 5.195 0.459 112
18.780 5.361 0.460 125
18.806 5.367 0.459 90
18.767 5.253 0.461 133
18.764 5.210 0.461 110
18.802 5.311 0.459 105
18.811 5.224 0.458 58
18.790 5.343 0.460 116
18.814 5.392 0.458 70
18.775 5.343 0.460 126
18.722 5.215 0.463 114
18.812 5.434 0.458 80
18.789 5.310 0.460 102
18.728 5.189 0.463 101
18.802 5.249 0.459 71
18.812 5.219 0.458 57
18.707 5.220 0.464 123
18.729 5.181 0.463 106
18.770 5.320 0.461 123
18.757 5.183 0.461 114
18.711 5.215 0.463 122
18.788 5.241 0.460 116
18.811 5.318 0.458 60
18.770 5.287 0.460 107
18.740 5.210 0.462 116
18.814 5.212 0.458 57
18.773 5.268 0.460 125
18.754 5.280 0.461 126
18.743 5.187 0.462 117
18.761 5.235 0.461 123
18.787 5.374 0.460 124
18.744 5.266 0.462 114
18.818 5.408 0.458 63
18.818 5.424 0.458 63
18.794 5.261 0.459 104
18.687 5.184 0.465 113
18.761 5.316 0.461 122
18.817 5.354 0.458 47
18.812 5.240 0.458 51
18.797 5.342 0.459 114
18.731 5.263 0.462 116
18.818 5.411 0.458 63
18.728 5.184 0.463 96
18.762 5.272 0.461 120
18.809 5.370 0.459 71
18.756 5.213 0.461 111
18.775 5.199 0.460 105
18.733 5.209 0.462 107
18.723 5.197 0.463 117
18.765 5.235 0.461 122
18.767 5.240 0.461 113
18.779 5.355 0.460 125
18.789 5.252 0.460 117
18.796 5.370 0.459 127
18.805 5.413 0.459 96
18.810 5.204 0.458 51
18.748 5.276 0.462 112
18.775 5.259 0.460 117
18.801 5.323 0.459 103
18.798 5.207 0.459 92
18.781 5.225 0.460 112
18.746 5.196 0.462 113
18.802 5.418 0.459 108
18.709 5.214 0.464 114
18.734 5.248 0.462 114
18.789 5.308 0.460 102
18.796 5.196 0.459 94
18.736 5.180 0.462 116
18.811 5.443 0.459 92
18.792 5.260 0.459 104
18.705 5.191 0.464 117
18.733 5.250 0.462 114
18.737 5.199 0.462 109
18.741 5.230 0.462 123
18.793 5.334 0.459 120
18.770 5.338 0.461 128
18.813 5.406 0.458 80
18.720 5.196 0.463 116
18.760 5.187 0.461 114
18.801 5.196 0.459 72
18.780 5.310 0.460 121
18.737 5.232 0.462 121
18.782 5.309 0.460 118
18.733 5.248 0.462 114
18.810 5.376 0.459 71
18.751 5.184 0.461 110
18.733 5.218 0.462 115
18.735 5.211 0.462 117
18.796 5.352 0.459 98
18.787 5.206 0.460 106
18.423 5.472 0.453 93
18.545 5.414 0.434 110
18.456 5.335 0.452 117
18.421 5.373 0.457 111
18.475 5.464 0.445 113
18.420 5.420 0.455 94
18.445 5.316 0.454 112
18.466 5.414 0.448 108
18.412 5.308 0.460 110
18.475 5.322 0.449 107
18.481 5.349 0.447 120
18.464 5.438 0.447 117
18.386 5.245 0.466 110
18.462 5.420 0.448 112
18.438 5.349 0.454 116
18.429 5.422 0.454 109
18.461 5.367 0.450 107
18.494 5.381 0.444 106
18.462 5.311 0.451 111
18.525 5.431 0.437 119
18.399 5.231 0.464 131
18.431 5.420 0.453 123
18.435 5.287 0.457 114
18.408 5.343 0.460 112
18.521 5.392 0.439 116
18.427 5.323 0.457 101
18.496 5.345 0.444 115
18.497 5.452 0.441 121
18.430 5.433 0.453 98
18.468 5.370 0.449 115
18.466 5.387 0.448 117
18.531 5.452 0.436 115
18.389 5.283 0.465 95
18.400 5.362 0.460 36
18.406 5.255 0.462 100
18.515 5.399 0.440 132
18.553 5.419 0.432 117
18.492 5.355 0.445 113
18.416 5.369 0.458 122
18.437 5.415 0.453 104
18.423 5.462 0.454 102
18.404 5.339 0.460 117
18.525 5.388 0.438 124
18.466 5.397 0.448 115
18.431 5.446 0.453 100
18.534 5.429 0.436 113
18.553 5.424 0.432 125
18.500 5.422 0.442 120
18.422 5.380 0.456 120
18.541 5.444 0.434 119
18.512 5.364 0.441 129
18.446 5.439 0.450 114
18.475 5.365 0.448 111
18.418 5.462 0.455 149
18.486 5.353 0.446 120
18.454 5.418 0.450 105
18.463 5.471 0.447 101
18.379 5.234 0.468 119
18.514 5.403 0.440 129
18.461 5.332 0.451 108
18.443 5.341 0.454 96
18.473 5.316 0.449 118
18.486 5.436 0.444 122
18.385 5.273 0.465 102
18.450 5.286 0.454 120
18.399 5.257 0.464 109
18.443 5.409 0.452 113
18.402 5.269 0.463 114
18.392 5.273 0.464 114
18.391 5.304 0.464 116
18.505 5.409 0.441 108
18.405 5.263 0.462 115
18.444 5.395 0.452 118
18.419 5.294 0.459 118
18.514 5.417 0.439 108
18.406 5.289 0.462 106
18.405 5.344 0.460 106
18.440 5.333 0.454 94
18.460 5.380 0.450 116
18.534 5.450 0.435 128
18.464 5.320 0.451 109
18.465 5.411 0.448 91
18.434 5.276 0.457 120
18.486 5.440 0.444 119
18.402 5.226 0.464 112
18.376 5.203 0.469 115
18.445 5.477 0.449 93
18.521 5.443 0.437 121
18.449 5.420 0.450 113
18.411 5.381 0.458 118
18.480 5.469 0.444 122
18.457 5.373 0.450 108
18.451 5.419 0.450 113
18.410 5.242 0.462 119
18.513 5.446 0.439 132
18.550 5.418 0.433 108
18.536 5.419 0.435 104
18.426 5.374 0.456 114
18.451 5.389 0.451 107
18.431 5.334 0.456 108
18.487 5.443 0.443 110
18.550 5.435 0.433 132
18.469 5.453 0.446 106
18.494 5.412 0.443 113
18.548 5.418 0.433 108
18.483 5.328 0.447 103
18.424 5.397 0.455 116
18.457 5.314 0.452 114
18.456 5.474 0.448 114
18.490 5.388 0.444 118
18.466 5.403 0.448 118
18.507 5.416 0.441 114
18.422 5.400 0.456 112
18.375 5.209 0.469 43
18.457 5.341 0.451 119
18.435 5.479 0.451 118
18.501 5.347 0.444 120
18.485 5.458 0.443 109
18.416 5.290 0.460 116
18.493 5.359 0.445 121
18.404 5.382 0.459 130
18.455 5.404 0.450 106
18.390 5.245 0.465 113
18.419 5.409 0.456 99
18.517 5.451 0.438 132
18.401 5.293 0.462 105
18.479 5.449 0.444 119
18.535 5.426 0.435 111
18.464 5.355 0.450 119
18.407 5.244 0.462 119
18.477 5.336 0.448 112
18.530 5.399 0.437 118
18.418 5.421 0.456 89
18.394 5.284 0.464 100
18.436 5.421 0.453 112
18.423 5.265 0.459 115
18.486 5.336 0.446 95
18.472 5.328 0.449 109
18.418 5.385 0.457 111
18.401 5.358 0.460 120
18.434 5.394 0.454 102
18.429 5.340 0.456 115
18.526 5.429 0.437 120
18.416 5.438 0.456 130
18.444 5.299 0.455 115
18.487 5.431 0.444 122
18.403 5.333 0.461 106
18.467 5.315 0.450 109
18.447 5.338 0.453 107
18.429 5.329 0.456 111
18.486 5.390 0.445 120
18.398 5.240 0.464 106
18.459 5.416 0.449 104
18.446 5.289 0.455 120
18.434 5.367 0.454 102
18.415 5.254 0.461 112
18.379 5.203 0.468 107
18.562 5.436 0.430 119
18.456 5.445 0.449 104
18.416 5.246 0.461 117
18.483 5.383 0.446 119
18.433 5.418 0.453 120
18.476 5.441 0.445 105
18.471 5.438 0.446 116
18.422 5.293 0.459 114
18.475 5.350 0.448 105
18.455 5.341 0.452 122
18.466 5.305 0.451 125
18.399 5.267 0.463 112
18.457 5.468 0.448 115
18.472 5.343 0.449 109
18.443 5.420 0.451 101
18.422 5.324 0.458 111
18.386 5.224 0.467 37
18.471 5.419 0.447 110
18.424 5.430 0.454 109
18.524 5.421 0.437 131
18.424 5.307 0.458 115
18.414 5.323 0.459 109
18.418 5.443 0.455 130
18.408 5.317 0.460 114
18.529 5.450 0.436 119
18.426 5.356 0.456 99
18.449 5.404 0.451 110
18.384 5.237 0.467 108
18.386 5.208 0.467 45
18.403 5.380 0.459 130
18.484 5.447 0.444 104
18.433 5.453 0.452 113
18.455 5.355 0.451 109
18.451 5.354 0.452 109
18.529 5.408 0.437 112
18.390 5.289 0.464 96
18.556 5.428 0.432 119
18.539 5.435 0.434 124
18.387 5.274 0.465 102
18.456 5.360 0.451 102
18.499 5.348 0.444 117
18.461 5.449 0.448 113
18.528 5.433 0.436 127
18.489 5.383 0.445 111
18.399 5.258 0.464 109
18.429 5.437 0.453 97
18.383 5.204 0.468 73
18.438 5.268 0.457 116
18.426 5.267 0.459 108
18.555 5.417 0.432 117
18.399 5.290 0.463 97
18.525 5.444 0.437 120
18.486 5.461 0.443 109
18.500 5.435 0.441 115
18.514 5.366 0.441 129
18.424 5.400 0.455 112
18.460 5.391 0.449 120
18.429 5.436 0.453 97
18.454 5.465 0.448 118
18.426 5.292 0.458 117
18.474 5.336 0.448 116
18.413 5.361 0.458 102
18.408 5.286 0.461 116
18.408 5.390 0.458 122
18.400 5.270 0.463 114
18.503 5.417 0.441 127
18.549 5.441 0.433 126
18.422 5.369 0.457 118
18.461 5.315 0.451 108
18.422 5.404 0.456 114
18.418 5.450 0.455 144
18.422 5.409 0.455 101
18.450 5.476 0.449 90
18.436 5.306 0.456 115
18.410 5.376 0.458 109
18.492 5.454 0.442 124
18.502 5.442 0.441 111
18.415 5.407 0.457 113
18.475 5.361 0.448 112
18.474 5.414 0.446 118
18.382 5.230 0.467 122
18.516 5.387 0.440 118
18.490 5.407 0.444 113
18.427 5.361 0.456 107
18.433 5.265 0.457 117
18.542 5.393 0.435 128
18.466 5.386 0.448 114
18.402 5.239 0.464 109
18.451 5.379 0.451 109
18.466 5.464 0.446 92
18.468 5.463 0.446 92
18.491 5.413 0.443 100
18.547 5.446 0.433 128
18.496 5.361 0.444 115
18.443 5.303 0.455 115
18.449 5.478 0.449 90
18.419 5.318 0.458 103
18.536 5.396 0.436 123
18.499 5.431 0.441 116
18.372 5.250 0.461 72
18.398 5.423 0.450 122
18.380 5.275 0.462 72
18.370 5.296 0.453 32
18.359 5.340 0.439 32
18.368 5.337 0.445 32
18.375 5.252 0.463 92
18.386 5.364 0.452 91
18.375 5.242 0.464 120
18.353 5.295 0.443 13
18.361 5.306 0.446 17
18.382 5.286 0.462 115
18.367 5.297 0.451 29
18.392 5.407 0.449 113
18.378 5.300 0.457 81
18.371 5.262 0.458 69
18.372 5.357 0.445 25
18.356 5.279 0.447 12
18.403 5.390 0.458 104
18.354 5.285 0.445 15
18.378 5.253 0.464 103
18.414 5.464 0.454 137
18.377 5.309 0.455 78
18.376 5.310 0.454 78
18.368 5.244 0.460 71
18.366 5.225 0.462 86
18.392 5.324 0.462 97
18.389 5.386 0.451 110
18.348 5.312 0.437 14
18.382 5.291 0.461 102
18.370 5.337 0.447 37
18.375 5.340 0.449 52
18.382 5.318 0.457 84
18.378 5.257 0.464 93
18.364 5.273 0.453 32
18.406 5.432 0.454 132
18.387 5.392 0.448 98
18.376 5.357 0.447 29
18.396 5.381 0.455 106
18.374 5.308 0.454 79
18.365 5.351 0.442 18
18.372 5.253 0.461 75
18.373 5.274 0.458 72
18.385 5.334 0.456 99
18.397 5.425 0.449 119
18.381 5.260 0.465 98
18.368 5.234 0.461 67
18.377 5.328 0.452 73
18.368 5.316 0.449 32
18.405 5.436 0.453 123
18.382 5.313 0.458 81
18.374 5.227 0.466 109
18.359 5.269 0.450 14
18.404 5.404 0.457 104
18.398 5.405 0.453 124
18.371 5.351 0.445 22
18.377 5.243 0.465 111
18.368 5.232 0.461 75
18.384 5.387 0.448 97
18.360 5.310 0.445 16
18.361 5.307 0.446 17
18.368 5.264 0.457 44
18.405 5.440 0.452 108
18.387 5.386 0.450 110
18.387 5.380 0.450 103
18.401 5.428 0.451 121
18.375 5.321 0.452 55
18.378 5.267 0.462 87
18.376 5.281 0.459 89
18.396 5.381 0.455 111
18.402 5.386 0.458 101
18.366 5.316 0.448 29
18.402 5.405 0.456 114
18.384 5.313 0.459 81
18.387 5.292 0.464 98
18.373 5.356 0.445 25
18.365 5.239 0.459 38
18.406 5.429 0.454 134
18.678 5.383 0.446 115
18.732 5.341 0.457 127
18.643 5.270 0.451 124
18.671 5.382 0.445 126
18.744 5.354 0.458 121
18.730 5.363 0.455 117
18.755 5.331 0.461 126
18.733 5.287 0.462 113
18.649 5.353 0.445 114
18.707 5.290 0.458 128
18.653 5.261 0.453 115
18.694 5.356 0.450 119
18.618 5.391 0.437 119
18.771 5.386 0.458 131
18.649 5.409 0.440 109
18.610 5.347 0.440 114
18.663 5.209 0.459 111
18.608 5.436 0.432 99
18.720 5.317 0.458 133
18.672 5.174 0.464 125
18.746 5.437 0.450 129
18.725 5.352 0.455 111
18.683 5.346 0.450 106
18.719 5.408 0.449 120
18.769 5.377 0.459 131
18.613 5.339 0.441 118
18.668 5.266 0.455 121
18.670 5.349 0.448 111
18.773 5.369 0.460 117
18.664 5.222 0.458 117
18.738 5.453 0.448 121
18.587 5.414 0.431 121
18.755 5.445 0.451 130
18.668 5.377 0.445 120
18.632 5.356 0.442 113
18.646 5.278 0.451 120
18.620 5.378 0.438 110
18.603 5.429 0.432 111
18.658 5.411 0.441 125
18.676 5.415 0.443 117
18.617 5.411 0.435 106
18.654 5.431 0.438 111
18.751 5.429 0.452 132
18.632 5.286 0.448 124
18.731 5.385 0.453 118
18.657 5.264 0.454 113
18.742 5.320 0.460 122
18.720 5.269 0.462 121
18.669 5.256 0.456 109
18.632 5.390 0.439 112
18.680 5.223 0.460 111
18.729 5.412 0.450 115
18.689 5.207 0.463 112
18.608 5.430 0.432 111
18.794 5.454 0.455 107
18.658 5.391 0.443 107
18.617 5.333 0.442 117
18.688 5.447 0.441 109
18.749 5.377 0.456 121
18.709 5.348 0.453 110
18.746 5.430 0.451 134
18.684 5.377 0.447 124
18.705 5.301 0.457 113
18.653 5.394 0.442 118
18.724 5.268 0.462 122
18.641 5.313 0.447 114
18.617 5.360 0.440 112
18.661 5.222 0.458 102
18.716 5.350 0.454 116
18.684 5.321 0.452 112
18.653 5.246 0.455 119
18.733 5.303 0.460 120
18.694 5.243 0.461 114
18.650 5.296 0.450 119
18.729 5.412 0.450 115
18.641 5.296 0.449 114
18.689 5.308 0.454 105
18.687 5.407 0.445 113
18.653 5.247 0.455 119
18.665 5.343 0.448 120
18.691 5.394 0.447 126
18.758 5.346 0.460 116
18.739 5.437 0.449 118
18.762 5.371 0.458 126
18.733 5.335 0.458 116
18.676 5.376 0.446 119
18.633 5.282 0.449 121
18.687 5.248 0.459 116
18.644 5.376 0.442 115
18.665 5.394 0.443 118
18.666 5.334 0.449 123
18.687 5.395 0.446 102
18.702 5.356 0.452 113
18.714 5.441 0.446 122
18.788 5.446 0.455 115
18.697 5.209 0.464 105
18.645 5.353 0.444 106
18.680 5.444 0.441 114
18.659 5.405 0.441 119
18.671 5.427 0.441 122
18.767 5.432 0.454 131
18.700 5.320 0.455 114
18.674 5.417 0.442 117
18.781 5.403 0.458 124
18.685 5.389 0.446 108
18.723 5.309 0.459 118
18.698 5.216 0.463 107
18.759 5.340 0.461 120
18.674 5.398 0.444 109
18.678 5.341 0.450 107
18.665 5.395 0.443 118
18.650 5.268 0.452 120
18.677 5.181 0.464 113
18.697 5.417 0.445 113
18.658 5.233 0.457 113
18.680 5.385 0.446 108
18.680 5.446 0.441 115
18.722 5.382 0.452 111
18.669 5.386 0.444 122
18.757 5.426 0.453 130
18.703 5.373 0.450 118
18.692 5.287 0.456 116
18.695 5.402 0.446 112
18.645 5.438 0.436 126
18.609 5.407 0.434 110
18.653 5.408 0.440 115
18.641 5.383 0.441 120
18.628 5.330 0.444 119
18.724 5.379 0.452 121
18.782 5.410 0.458 123
18.657 5.394 0.442 108
18.684 5.322 0.452 113
18.742 5.309 0.461 122
18.703 5.280 0.458 117
18.591 5.431 0.430 131
18.742 5.337 0.459 120
18.732 5.423 0.450 122
18.604 5.376 0.436 124
18.715 5.283 0.460 110
18.705 5.312 0.456 100
18.681 5.259 0.457 122
18.753 5.338 0.460 131
18.679 5.392 0.445 110
18.641 5.374 0.442 124
18.698 5.294 0.457 111
18.710 5.272 0.460 124
18.763 5.392 0.457 113
18.633 5.411 0.437 122
18.676 5.353 0.448 107
18.636 5.311 0.447 120
18.686 5.368 0.448 117
18.656 5.415 0.440 123
18.775 5.435 0.454 119
18.602 5.430 0.431 111
18.640 5.304 0.448 123
18.627 5.329 0.444 126
18.633 5.314 0.446 120
18.723 5.281 0.461 123
18.641 5.398 0.440 100
18.654 5.361 0.445 119
18.691 5.424 0.444 121
18.688 5.355 0.450 105
18.705 5.393 0.449 113
18.673 5.171 0.464 118
18.760 5.344 0.461 110
18.667 5.338 0.448 120
18.655 5.347 0.446 110
18.748 5.393 0.454 122
18.662 5.289 0.452 128
18.607 5.358 0.438 116
18.698 5.306 0.456 119
18.757 5.388 0.456 126
18.796 5.420 0.459 118
18.743 5.319 0.460 120
18.688 5.440 0.442 103
18.628 5.439 0.434 117
18.678 5.390 0.445 108
18.763 5.367 0.459 119
18.725 5.344 0.456 101
18.615 5.424 0.434 126
18.756 5.349 0.459 120
18.750 5.409 0.453 123
18.705 5.409 0.447 119
18.685 5.245 0.459 118
18.798 5.437 0.457 120
18.694 5.440 0.443 134
18.713 5.414 0.448 108
18.650 5.322 0.448 119
18.673 5.266 0.456 123
18.708 5.445 0.444 122
18.667 5.306 0.451 114
18.616 5.397 0.436 113
18.760 5.389 0.457 125
18.697 5.389 0.448 117
18.701 5.305 0.456 111
18.617 5.376 0.438 109
18.678 5.173 0.465 109
18.744 5.393 0.454 113
18.612 5.383 0.437 112
18.648 5.300 0.449 120
18.693 5.218 0.463 130
18.691 5.396 0.447 126
18.629 5.331 0.444 119
18.692 5.317 0.454 126
18.665 5.202 0.460 108
18.676 5.282 0.455 123
18.727 5.292 0.461 123
18.676 5.396 0.444 113
18.733 5.291 0.462 116
18.683 5.431 0.442 112
18.774 5.394 0.458 122
18.619 5.386 0.438 120
18.652 5.340 0.446 104
18.655 5.398 0.441 112
18.661 5.220 0.458 115
18.763 5.388 0.457 116
18.713 5.298 0.458 115
18.687 5.374 0.448 122
18.784 5.410 0.458 123
18.783 5.408 0.458 125
18.735 5.308 0.460 119
18.710 5.320 0.456 114
18.641 5.277 0.450 118
18.710 5.380 0.450 128
18.637 5.329 0.445 128
18.612 5.360 0.439 123
18.753 5.424 0.452 123
18.723 5.295 0.460 112
18.651 5.287 0.451 117
18.690 5.420 0.444 118
18.736 5.359 0.456 108
18.759 5.397 0.456 119
18.698 5.396 0.448 109
18.639 5.313 0.447 119
18.675 5.287 0.454 122
18.648 5.372 0.443 103
18.672 5.301 0.452 116
18.686 5.273 0.457 107
18.686 5.431 0.443 116
18.704 5.390 0.449 109
18.654 5.387 0.442 115
18.616 5.433 0.433 120
18.798 5.456 0.456 107
18.710 5.402 0.449 115
18.730 5.289 0.461 127
18.727 5.275 0.462 110
18.760 5.371 0.458 126
18.753 5.426 0.452 127
18.686 5.369 0.448 117
18.671 5.367 0.446 114
18.706 5.399 0.448 102
18.694 5.351 0.451 116
18.673 5.218 0.460 112
18.607 5.361 0.438 114
18.735 5.311 0.460 127
18.706 5.335 0.454 118
18.636 5.334 0.445 115
18.731 5.342 0.457 129
18.625 5.350 0.442 117
18.675 5.268 0.456 123
18.782 5.430 0.456 101
18.780 5.388 0.459 112
18.619 5.359 0.440 117
18.636 5.426 0.436 123
18.749 5.412 0.453 122
18.764 5.364 0.459 124
18.626 5.396 0.438 119
18.665 5.385 0.444 114
18.613 5.372 0.438 137
18.648 5.386 0.442 120
18.705 5.445 0.444 120
18.786 5.430 0.456 111
18.717 5.330 0.456 119
18.706 5.294 0.458 126
18.793 5.443 0.456 114
18.680 5.259 0.457 122
18.669 5.206 0.460 112
18.742 5.432 0.450 127
18.638 5.411 0.438 116
18.674 5.271 0.455 124
18.693 5.317 0.454 126
18.677 5.189 0.463 121
18.729 5.385 0.453 122
18.677 5.239 0.459 116
18.700 5.357 0.451 117
18.720 5.407 0.450 117
18.718 5.425 0.448 118
18.745 5.414 0.452 123
18.688 5.390 0.447 112
18.725 5.414 0.450 127
18.703 5.352 0.452 109
18.670 5.221 0.459 113
18.588 5.422 0.430 116
18.671 5.326 0.450 118
18.721 5.399 0.450 106
18.673 5.238 0.458 115
18.652 5.364 0.444 110
18.720 5.436 0.447 122
18.646 5.318 0.447 106
18.739 5.326 0.459 118
18.669 5.178 0.463 119
18.681 5.281 0.455 122
18.746 5.408 0.453 111
18.702 5.437 0.444 120
18.615 5.422 0.434 131
18.797 5.457 0.455 107
18.726 5.315 0.458 124
18.671 5.358 0.447 104
18.722 5.267 0.462 119
18.689 5.330 0.452 106
18.671 5.397 0.444 106
18.784 5.394 0.459 119
18.752 5.449 0.450 131
18.733 5.303 0.461 120
18.689 5.325 0.453 119
18.705 5.300 0.457 113
18.676 5.221 0.460 117
18.654 5.285 0.451 121
18.753 5.378 0.457 115
18.701 5.325 0.454 119
18.658 5.228 0.457 104
18.721 5.447 0.446 120
18.794 5.419 0.458 126
18.661 5.247 0.456 116
18.679 5.300 0.453 115
18.710 5.255 0.462 112
18.752 5.408 0.454 124
18.663 5.266 0.454 111
18.664 5.290 0.452 125
18.675 5.224 0.460 120
18.642 5.290 0.449 121
18.679 5.315 0.452 116
18.708 5.448 0.444 116
18.686 5.399 0.446 110
18.680 5.372 0.447 121
18.692 5.231 0.461 124
18.687 5.424 0.443 127
18.734 5.346 0.457 121
18.665 5.315 0.450 118
18.664 5.261 0.455 109
18.747 5.379 0.456 130
18.688 5.240 0.460 111
18.713 5.304 0.458 114
18.760 5.363 0.459 126
18.693 5.394 0.447 129
18.620 5.438 0.433 125
18.674 5.371 0.446 122
18.744 5.381 0.455 128
18.381 5.439 0.433 44
18.376 5.503 0.412 18
18.404 5.498 0.438 123
18.351 5.340 0.433 31
18.369 5.399 0.433 14
18.392 5.502 0.426 23
18.379 5.535 0.407 23
18.388 5.418 0.444 104
18.377 5.435 0.431 17
18.405 5.475 0.444 123
18.388 5.422 0.444 110
18.383 5.504 0.418 16
18.381 5.491 0.419 16
18.381 5.417 0.439 37
18.408 5.474 0.447 133
18.394 5.522 0.422 20
18.380 5.502 0.416 15
18.380 5.474 0.423 18
18.408 5.508 0.438 122
18.383 5.409 0.443 96
18.394 5.476 0.434 84
18.376 5.409 0.436 36
18.370 5.464 0.417 16
18.407 5.508 0.438 122
18.407 5.510 0.437 121
18.377 5.461 0.424 15
18.392 5.489 0.429 52
18.361 5.405 0.425 16
18.378 5.503 0.414 15
18.410 5.505 0.441 133
18.383 5.420 0.440 58
18.383 5.430 0.437 35
18.369 5.402 0.432 14
18.360 5.353 0.438 15
18.366 5.381 0.436 15
18.364 5.425 0.422 16
18.404 5.458 0.448 138
18.360 5.401 0.425 14
18.374 5.490 0.413 21
18.361 5.352 0.438 15
18.368 5.373 0.439 15
18.375 5.469 0.420 14
18.380 5.435 0.433 32
18.368 5.406 0.431 21
18.376 5.395 0.440 42
18.385 5.525 0.414 13
18.354 5.336 0.436 33
18.394 5.466 0.437 111
18.373 5.423 0.430 12
18.392 5.424 0.446 122
18.400 5.500 0.434 62
18.383 5.480 0.424 18
18.356 5.351 0.435 15
18.392 5.483 0.431 52
18.391 5.513 0.422 16
18.365 5.363 0.439 20
18.386 5.534 0.412 15
18.391 5.488 0.429 52
18.367 5.451 0.418 19
18.375 5.435 0.429 17
18.385 5.415 0.443 98
18.381 5.454 0.429 34
18.384 5.483 0.424 14
18.398 5.444 0.446 124
18.397 5.506 0.430 76
18.396 5.474 0.436 97
18.394 5.444 0.443 105
18.396 5.458 0.441 110
18.372 5.382 0.440 30
18.389 5.445 0.438 64
18.391 5.430 0.444 122
18.377 5.432 0.432 18
18.363 5.428 0.421 15
18.378 5.514 0.411 16
18.379 5.543 0.405 22
18.388 5.460 0.434 53
18.752 5.513 0.458 129
18.715 5.541 0.458 125
18.784 5.494 0.457 117
18.768 5.514 0.456 125
18.682 5.548 0.460 117
18.781 5.535 0.452 124
18.703 5.528 0.461 119
18.802 5.472 0.458 100
18.686 5.557 0.459 120
18.782 5.524 0.453 128
18.813 5.465 0.458 94
18.754 5.516 0.457 125
18.746 5.515 0.458 127
18.737 5.570 0.452 121
18.773 5.532 0.453 113
18.766 5.561 0.450 127
18.694 5.551 0.459 133
18.792 5.500 0.456 124
18.770 5.494 0.459 122
18.735 5.576 0.451 126
18.783 5.489 0.458 117
18.751 5.503 0.460 120
18.668 5.564 0.460 120
18.738 5.505 0.461 133
18.743 5.529 0.457 130
18.784 5.516 0.454 123
18.720 5.581 0.452 123
18.780 5.508 0.456 131
18.785 5.528 0.453 124
18.693 5.569 0.457 112
18.754 5.521 0.457 121
18.759 5.546 0.453 117
18.785 5.491 0.458 104
18.684 5.564 0.458 112
18.668 5.554 0.461 138
18.730 5.541 0.456 134
18.744 5.546 0.454 128
18.718 5.521 0.460 121
18.711 5.571 0.454 125
18.760 5.573 0.449 128
18.777 5.519 0.455 121
18.778 5.500 0.457 132
18.763 5.568 0.449 130
18.749 5.539 0.455 123
18.728 5.574 0.452 132
18.668 5.568 0.459 120
18.714 5.570 0.454 124
18.730 5.530 0.458 133
18.729 5.556 0.454 130
18.763 5.517 0.456 128
18.645 5.559 0.463 70
18.762 5.503 0.458 127
18.717 5.550 0.457 130
18.732 5.508 0.461 121
18.731 5.578 0.451 126
18.748 5.551 0.453 131
18.727 5.580 0.451 126
18.768 5.513 0.456 123
18.743 5.579 0.450 122
18.739 5.548 0.455 125
18.740 5.577 0.450 117
18.725 5.518 0.460 131
18.648 5.557 0.463 88
18.769 5.514 0.456 125
18.732 5.569 0.452 136
18.667 5.567 0.459 116
18.727 5.575 0.452 126
18.791 5.508 0.455 113
18.727 5.540 0.457 136
18.744 5.576 0.450 119
18.786 5.522 0.453 121
18.718 5.568 0.454 120
18.649 5.558 0.462 55
18.736 5.565 0.452 139
18.702 5.575 0.455 117
18.690 5.567 0.457 115
18.734 5.565 0.453 139
18.750 5.552 0.453 131
18.757 5.518 0.457 125
18.716 5.580 0.453 122
18.721 5.529 0.459 126
18.752 5.508 0.459 129
18.687 5.550 0.460 117
18.756 5.509 0.458 138
18.789 5.483 0.458 124
18.673 5.561 0.460 136
18.684 5.543 0.461 119
18.735 5.490 0.457 120
18.648 5.505 0.451 117
18.698 5.469 0.448 107
18.614 5.480 0.442 107
18.750 5.496 0.460 117
18.628 5.449 0.436 122
18.743 5.458 0.450 117
18.642 5.534 0.458 135
18.677 5.461 0.444 131
18.734 5.456 0.448 115
18.682 5.504 0.455 122
18.642 5.549 0.462 137
18.666 5.513 0.455 126
18.618 5.447 0.434 120
18.685 5.455 0.443 116
18.748 5.482 0.456 123
18.671 5.516 0.456 121
18.618 5.453 0.436 112
18.692 5.478 0.449 118
18.676 5.467 0.445 115
18.735 5.501 0.459 126
18.660 5.494 0.450 116
18.622 5.519 0.452 112
18.655 5.461 0.441 113
18.702 5.450 0.443 116
18.676 5.476 0.447 118
18.595 5.443 0.431 120
18.612 5.463 0.437 118
18.627 5.527 0.455 114
18.635 5.510 0.451 116
18.623 5.456 0.437 108
18.686 5.469 0.446 128
18.696 5.517 0.459 126
18.646 5.550 0.462 134
18.724 5.481 0.453 125
18.687 5.508 0.456 122
18.744 5.463 0.451 128
18.681 5.516 0.457 132
18.648 5.482 0.446 117
18.689 5.512 0.457 126
18.647 5.478 0.445 116
18.644 5.451 0.438 98
18.663 5.482 0.447 115
18.673 5.528 0.460 126
18.727 5.496 0.457 122
18.706 5.505 0.457 122
18.777 5.474 0.457 124
18.677 5.449 0.441 118
18.698 5.484 0.451 119
18.605 5.492 0.444 119
18.702 5.479 0.451 110
18.660 5.500 0.452 121
18.611 5.445 0.433 114
18.674 5.493 0.451 125
18.740 5.456 0.449 127
18.795 5.459 0.455 103
18.676 5.519 0.458 128
18.678 5.514 0.457 129
18.701 5.509 0.458 128
18.753 5.471 0.454 109
18.681 5.466 0.445 117
18.764 5.485 0.458 123
18.617 5.488 0.444 118
18.713 5.463 0.448 111
18.626 5.454 0.437 108
18.605 5.487 0.443 118
18.754 5.474 0.455 108
18.653 5.478 0.445 99
18.763 5.487 0.459 126
18.730 5.475 0.452 137
18.710 5.512 0.459 124
18.770 5.460 0.453 111
18.722 5.510 0.460 126
18.712 5.508 0.459 120
18.653 5.518 0.455 128
18.623 5.481 0.443 126
18.700 5.503 0.456 129
18.705 5.473 0.450 125
18.637 5.508 0.451 116
18.624 5.510 0.450 106
18.687 5.520 0.459 132
18.721 5.509 0.460 124
18.632 5.532 0.456 124
18.701 5.520 0.461 132
18.656 5.537 0.460 124
18.602 5.454 0.434 104
18.634 5.498 0.448 122
18.629 5.478 0.443 114
18.610 5.465 0.438 117
18.646 5.550 0.462 134
18.697 5.491 0.453 121
18.698 5.500 0.455 128
18.767 5.458 0.452 123
18.680 5.450 0.441 107
18.684 5.454 0.443 105
18.645 5.451 0.438 109
18.677 5.513 0.456 128
18.682 5.496 0.453 120
18.744 5.469 0.452 146
18.710 5.501 0.457 122
18.649 5.521 0.455 135
18.740 5.487 0.457 110
18.774 5.472 0.456 128
18.630 5.473 0.442 116
18.733 5.505 0.460 118
18.709 5.500 0.456 120
18.664 5.543 0.462 133
18.642 5.549 0.462 137
18.722 5.485 0.454 118
18.640 5.473 0.443 119
18.639 5.452 0.438 102
18.650 5.462 0.441 112
18.617 5.454 0.436 114
18.698 5.523 0.461 124
18.592 5.467 0.436 128
18.616 5.468 0.439 124
18.727 5.510 0.461 120
18.725 5.505 0.459 117
18.804 5.464 0.457 106
18.689 5.510 0.457 125
18.680 5.455 0.442 120
18.694 5.452 0.443 128
18.738 5.484 0.455 110
18.636 5.541 0.459 139
18.645 5.532 0.458 133
18.625 5.477 0.442 122
18.640 5.511 0.452 114
18.593 5.464 0.436 129
18.632 5.555 0.462 131
18.681 5.500 0.454 122
18.631 5.455 0.437 109
18.641 5.462 0.440 124
18.621 5.485 0.444 121
18.644 5.529 0.457 133
18.603 5.488 0.443 126
18.733 5.469 0.451 131
18.633 5.551 0.461 163
18.723 5.512 0.461 125
18.721 5.475 0.452 123
18.620 5.458 0.437 109
18.624 5.517 0.452 109
18.687 5.507 0.456 122
18.680 5.534 0.462 126
18.663 5.464 0.443 119
18.798 5.467 0.457 96
18.701 5.479 0.451 116
18.735 5.477 0.453 114
18.668 5.504 0.453 114
18.598 5.475 0.439 124
18.499 5.513 0.456 126
18.554 5.469 0.439 122
18.536 5.500 0.450 115
18.578 5.477 0.440 121
18.610 5.537 0.457 108
18.564 5.531 0.458 118
18.587 5.506 0.449 117
18.552 5.489 0.445 124
18.535 5.456 0.436 117
18.443 5.497 0.454 107
18.531 5.476 0.442 119
18.567 5.519 0.454 125
18.574 5.515 0.452 120
18.584 5.522 0.454 107
18.434 5.492 0.453 103
18.583 5.464 0.436 110
18.570 5.519 0.454 131
18.512 5.490 0.448 120
18.447 5.483 0.450 107
18.503 5.492 0.449 123
18.557 5.461 0.436 119
18.483 5.491 0.450 123
18.497 5.511 0.455 125
18.584 5.498 0.446 122
18.569 5.517 0.453 131
18.507 5.517 0.457 123
18.550 5.517 0.454 128
18.558 5.523 0.456 126
18.519 5.468 0.441 115
18.533 5.493 0.448 124
18.589 5.517 0.452 111
18.564 5.511 0.452 121
18.545 5.466 0.439 126
18.458 5.487 0.450 119
18.567 5.443 0.430 116
18.599 5.501 0.447 115
18.604 5.512 0.450 111
18.570 5.494 0.446 115
18.574 5.492 0.445 117
18.582 5.469 0.438 106
18.609 5.510 0.449 117
18.517 5.491 0.448 126
18.460 5.478 0.447 122
18.547 5.482 0.444 116
18.533 5.484 0.445 127
18.573 5.514 0.452 126
18.488 5.476 0.445 129
18.543 5.493 0.447 123
18.550 5.485 0.444 121
18.584 5.489 0.444 126
18.613 5.541 0.458 117
18.575 5.445 0.430 128
18.616 5.540 0.458 122
18.465 5.505 0.455 113
18.559 5.512 0.452 117
18.563 5.528 0.457 116
18.552 5.503 0.450 112
18.521 5.458 0.438 119
18.544 5.456 0.436 128
18.524 5.511 0.454 134
18.515 5.468 0.441 117
18.521 5.499 0.450 134
18.455 5.484 0.449 104
18.523 5.479 0.444 96
18.582 5.500 0.447 120
18.559 5.506 0.450 105
18.591 5.524 0.454 115
18.616 5.537 0.457 118
18.573 5.537 0.459 118
18.626 5.558 0.463 123
18.557 5.457 0.435 117
18.611 5.544 0.459 119
18.608 5.511 0.449 117
18.560 5.507 0.451 117
18.546 5.494 0.447 120
18.577 5.530 0.457 129
18.599 5.492 0.444 110
18.463 5.478 0.447 128
18.572 5.531 0.457 117
18.443 5.488 0.451 125
18.571 5.502 0.448 125
18.532 5.505 0.452 117
18.599 5.494 0.444 110
18.571 5.475 0.440 129
18.567 5.517 0.453 125
18.534 5.463 0.438 105
18.579 5.511 0.451 113
18.543 5.453 0.435 130
18.601 5.493 0.444 113
18.562 5.521 0.455 122
18.560 5.498 0.448 116
18.609 5.548 0.461 133
18.463 5.494 0.452 113
18.559 5.489 0.445 130
18.522 5.485 0.446 107
18.529 5.469 0.441 121
18.531 5.516 0.455 121
18.598 5.516 0.451 114
18.510 5.512 0.455 117
18.567 5.488 0.444 112
18.528 5.476 0.443 114
18.591 5.484 0.442 116
18.447 5.496 0.454 117
18.539 5.454 0.435 123
18.534 5.471 0.441 114
18.555 5.495 0.447 115
18.494 5.473 0.444 106
18.604 5.549 0.461 131
18.609 5.512 0.449 117
18.601 5.494 0.444 113
18.570 5.496 0.447 117
18.499 5.482 0.446 114
18.581 5.459 0.435 118
18.594 5.519 0.452 117
18.524 5.506 0.452 131
18.495 5.474 0.444 106
18.579 5.480 0.441 126
18.603 5.497 0.445 128
18.518 5.514 0.455 123
18.780 5.583 0.440 102
18.792 5.556 0.443 112
18.804 5.518 0.449 117
18.795 5.542 0.446 113
18.760 5.580 0.448 127
18.807 5.509 0.450 99
18.804 5.508 0.451 112
18.803 5.520 0.449 124
18.793 5.546 0.445 111
18.787 5.576 0.439 122
18.778 5.557 0.448 124
18.800 5.514 0.451 122
18.788 5.545 0.447 123
18.780 5.553 0.448 126
18.787 5.543 0.448 123
18.780 5.550 0.449 127
18.799 5.539 0.445 118
18.782 5.554 0.447 124
18.800 5.514 0.451 121
18.794 5.557 0.442 112
18.768 5.568 0.448 134
18.808 5.497 0.453 100
18.787 5.552 0.446 123
18.565 5.549 0.455 117
18.580 5.550 0.458 119
18.527 5.541 0.450 136
18.538 5.551 0.447 117
18.545 5.534 0.459 123
18.589 5.563 0.453 132
18.571 5.568 0.445 124
18.467 5.515 0.450 108
18.466 5.515 0.451 108
18.622 5.563 0.461 65
18.597 5.551 0.462 125
18.485 5.515 0.455 127
18.489 5.516 0.456 122
18.574 5.565 0.448 126
18.552 5.556 0.448 124
18.613 5.576 0.451 128
18.602 5.558 0.459 68
18.522 5.527 0.457 122
18.503 5.529 0.451 124
18.552 5.548 0.452 125
18.578 5.574 0.443 132
18.587 5.567 0.450 126
18.568 5.553 0.454 115
18.553 5.559 0.446 124
18.625 5.575 0.455 112
18.624 5.562 0.462 87
18.520 5.534 0.453 116
18.582 5.547 0.461 128
18.546 5.547 0.451 119
18.476 5.518 0.451 122
18.508 5.526 0.454 140
18.562 5.540 0.459 129
18.488 5.523 0.452 120
18.523 5.526 0.458 126
18.509 5.522 0.457 133
18.502 5.530 0.450 122
18.618 5.577 0.452 128
18.575 5.560 0.451 130
18.625 5.576 0.454 112
18.498 5.532 0.448 124
18.599 5.563 0.455 126
18.552 5.561 0.445 125
18.584 5.565 0.450 131
18.480 5.529 0.451 129
18.467 5.540 0.456 130
18.526 5.564 0.450 117
18.442 5.512 0.454 108
18.523 5.546 0.447 131
18.481 5.532 0.452 129
18.530 5.557 0.448 126
18.475 5.557 0.458 123
18.501 5.541 0.450 132
18.576 5.574 0.443 131
18.488 5.531 0.450 121
18.486 5.544 0.453 134
18.490 5.568 0.458 122
18.501 5.556 0.453 120
18.478 5.560 0.458 122
18.490 5.542 0.452 128
18.576 5.574 0.443 129
18.503 5.554 0.452 128
18.522 5.560 0.450 112
18.513 5.571 0.455 120
18.479 5.538 0.453 128
18.504 5.546 0.450 133
18.506 5.541 0.449 133
18.506 5.563 0.454 123
18.476 5.552 0.457 109
18.477 5.525 0.451 125
18.515 5.558 0.451 109
18.484 5.537 0.452 125
18.496 5.535 0.449 119
18.512 5.544 0.448 121
18.496 5.562 0.456 127
18.526 5.572 0.452 114
18.499 5.542 0.450 130
18.515 5.561 0.452 131
18.496 5.565 0.456 137
18.441 5.512 0.454 113
18.498 5.570 0.457 111
18.472 5.549 0.457 122
18.522 5.560 0.450 112
18.437 5.549 0.459 122
18.441 5.519 0.456 111
18.442 5.525 0.456 117
18.465 5.552 0.458 127
18.433 5.556 0.459 115
18.424 5.534 0.457 107
18.438 5.554 0.459 112
18.441 5.532 0.457 123
18.458 5.538 0.457 118
18.425 5.559 0.460 128
18.456 5.537 0.457 118
18.433 5.565 0.460 111
18.425 5.551 0.459 125
18.436 5.556 0.459 113
18.415 5.537 0.458 118
18.431 5.572 0.461 103
18.427 5.536 0.458 107
18.451 5.551 0.458 117
18.469 5.558 0.459 133
18.451 5.554 0.459 126
18.421 5.525 0.457 109
18.421 5.565 0.460 113
18.428 5.530 0.457 108
18.417 5.545 0.459 129
18.412 5.558 0.460 114
18.420 5.569 0.461 101
18.467 5.572 0.460 104
18.452 5.569 0.460 117
18.471 5.567 0.460 123
18.443 5.561 0.460 117
18.418 5.546 0.459 129
18.475 5.563 0.459 124
18.407 5.571 0.461 89
18.440 5.535 0.457 123
18.423 5.512 0.455 117
18.423 5.560 0.460 127
18.678 5.510 0.620 108
18.642 5.520 0.608 90
18.695 5.504 0.598 89
18.666 5.512 0.578 89
18.694 5.503 0.550 128
18.716 5.498 0.604 108
18.680 5.510 0.636 100
18.663 5.512 0.547 18
18.717 5.498 0.598 108
18.660 5.514 0.575 98
18.673 5.511 0.612 102
18.655 5.515 0.556 82
18.680 5.508 0.564 79
18.735 5.491 0.554 139
18.739 5.490 0.570 77
18.710 5.500 0.615 105
18.645 5.518 0.581 94
18.643 5.520 0.613 99
18.690 5.505 0.597 107
18.731 5.494 0.603 104
18.670 5.512 0.615 96
18.730 5.493 0.559 133
18.658 5.515 0.580 95
18.729 5.493 0.558 130
18.644 5.519 0.578 95
18.644 5.518 0.565 83
18.652 5.518 0.629 100
18.697 5.503 0.574 90
18.700 5.503 0.597 73
18.701 5.502 0.590 78
18.688 5.507 0.619 90
18.677 5.509 0.586 84
18.648 5.520 0.652 106
18.680 5.507 0.546 70
18.673 5.510 0.574 75
18.651 5.517 0.582 93
18.667 5.511 0.557 71
18.708 5.500 0.602 98
18.659 5.515 0.605 98
18.650 5.518 0.622 96
18.683 5.509 0.634 108
18.671 5.509 0.541 15
18.710 5.499 0.594 101
18.738 5.490 0.558 147
18.639 5.520 0.577 94
18.693 5.504 0.584 98
18.680 5.508 0.568 88
18.751 5.487 0.589 88
18.727 5.494 0.585 92
18.701 5.501 0.567 80
18.744 5.488 0.556 154
18.759 5.484 0.555 151
18.641 5.520 0.590 92
18.660 5.514 0.576 98
18.716 5.498 0.606 104
18.664 5.514 0.604 94
18.704 5.502 0.610 92
18.725 5.494 0.557 145
18.651 5.516 0.570 86
18.743 5.489 0.578 95
18.654 5.516 0.591 85
18.742 5.489 0.574 80
18.665 5.514 0.615 96
18.704 5.501 0.589 89
18.661 5.515 0.619 102
18.692 5.505 0.610 77
18.641 5.518 0.542 61
18.683 5.507 0.564 76
18.694 5.503 0.568 82
18.677 5.510 0.620 108
18.768 5.481 0.560 154
18.734 5.491 0.552 138
18.639 5.519 0.549 53
18.714 5.498 0.593 91
18.688 5.506 0.590 93
18.726 5.494 0.553 135
18.657 5.514 0.553 60
18.703 5.501 0.584 99
18.653 5.516 0.573 86
18.643 5.520 0.632 109
18.709 5.501 0.615 105
18.650 5.516 0.551 75
18.688 5.505 0.552 112
18.672 5.510 0.577 77
18.701 5.501 0.546 135
18.651 5.517 0.598 106
18.637 5.520 0.570 92
18.663 5.515 0.640 98
18.687 5.507 0.624 96
18.740 5.491 0.592 88
18.680 5.507 0.548 59
18.764 5.483 0.577 76
18.640 5.519 0.544 74
18.651 5.517 0.605 107
18.745 5.489 0.575 73
18.767 5.483 0.584 91
18.681 5.509 0.624 106
18.702 5.502 0.597 73
18.648 5.517 0.581 89
18.756 5.485 0.573 63
18.756 5.485 0.574 63
18.687 5.506 0.575 86
18.648 5.519 0.626 93
18.694 5.505 0.608 72
18.658 5.515 0.608 98
18.643 5.521 0.638 108
18.724 5.495 0.600 88
18.777 5.479 0.560 157
18.372 5.518 0.623 17
18.363 5.516 0.603 99
18.340 5.527 0.607 106
18.367 5.514 0.605 45
18.340 5.527 0.607 106
18.385 5.509 0.612 84
18.376 5.508 0.598 27
18.404 5.495 0.595 83
18.369 5.519 0.624 17
18.351 5.521 0.601 102
18.367 5.520 0.624 26
18.382 5.506 0.599 63
18.361 5.525 0.632 52
18.353 5.520 0.605 99
18.375 5.512 0.610 23
18.338 5.530 0.613 104
18.383 5.508 0.607 54
18.365 5.514 0.602 75
18.810 5.545 0.755 113
18.797 5.532 0.745 106
18.811 5.534 0.743 93
18.788 5.546 0.761 109
18.815 5.498 0.706 67
18.775 5.534 0.751 111
18.784 5.538 0.753 107
18.807 5.536 0.747 102
18.815 5.536 0.745 106
18.805 5.534 0.745 103
18.810 5.519 0.728 98
18.809 5.544 0.754 94
18.809 5.547 0.758 135
18.786 5.530 0.745 101
18.798 5.538 0.750 108
18.796 5.513 0.725 104
18.805 5.505 0.715 95
18.792 5.519 0.732 113
18.808 5.530 0.740 97
18.817 5.495 0.702 78
18.814 5.542 0.751 99
18.804 5.540 0.751 106
18.789 5.541 0.756 106
18.812 5.502 0.711 61
18.776 5.536 0.753 108
18.709 5.515 0.684 113
18.738 5.518 0.705 118
18.784 5.502 0.700 104
18.739 5.507 0.685 110
18.766 5.508 0.701 106
18.744 5.532 0.733 114
18.745 5.518 0.708 114
18.727 5.528 0.716 112
18.761 5.535 0.748 114
18.772 5.502 0.693 117
18.750 5.517 0.708 115
18.657 5.521 0.665 109
18.718 5.532 0.719 116
18.737 5.514 0.697 116
18.780 5.526 0.743 104
18.709 5.512 0.678 108
18.760 5.539 0.755 117
18.717 5.509 0.675 105
18.757 5.538 0.751 121
18.779 5.513 0.718 118
18.761 5.501 0.685 107
18.753 5.509 0.696 118
18.709 5.514 0.681 114
18.783 5.519 0.730 108
18.738 5.519 0.706 118
18.722 5.534 0.724 118
18.764 5.501 0.688 113
18.709 5.527 0.705 113
18.692 5.523 0.688 113
18.714 5.532 0.717 113
18.758 5.543 0.761 112
18.756 5.511 0.701 120
18.700 5.526 0.698 105
18.767 5.534 0.749 109
18.753 5.529 0.733 118
18.685 5.522 0.682 114
18.737 5.506 0.682 108
18.727 5.508 0.679 110
18.777 5.506 0.703 114
18.742 5.505 0.682 112
18.753 5.533 0.740 118
18.759 5.516 0.713 122
18.808 5.496 0.702 79
18.787 5.513 0.722 116
18.703 5.530 0.707 111
18.713 5.519 0.692 111
18.774 5.530 0.746 115
18.751 5.505 0.688 114
18.800 5.496 0.698 86
18.706 5.527 0.704 108
18.726 5.536 0.731 116
18.790 5.500 0.699 104
18.670 5.516 0.664 106
18.710 5.518 0.690 111
18.744 5.519 0.710 114
18.730 5.513 0.691 113
18.734 5.539 0.740 118
18.699 5.514 0.675 103
18.779 5.500 0.695 106
18.751 5.525 0.725 115
18.780 5.504 0.701 111
18.732 5.515 0.695 113
18.717 5.510 0.677 105
18.719 5.537 0.728 111
18.778 5.505 0.703 114
18.665 5.520 0.668 107
18.779 5.525 0.740 107
18.737 5.510 0.690 112
18.761 5.543 0.762 112
18.771 5.502 0.693 117
18.804 5.492 0.693 76
18.726 5.526 0.713 109
18.724 5.516 0.693 110
18.688 5.517 0.674 104
18.747 5.523 0.718 113
18.759 5.538 0.753 118
18.725 5.509 0.681 112
18.709 5.520 0.693 113
18.758 5.517 0.713 122
18.756 5.516 0.711 121
18.770 5.509 0.706 109
18.810 5.491 0.694 63
18.738 5.515 0.698 113
18.684 5.515 0.669 113
18.725 5.515 0.692 110
18.781 5.478 0.578 68
18.809 5.480 0.626 68
18.792 5.490 0.667 99
18.775 5.490 0.641 106
18.802 5.485 0.646 88
18.737 5.498 0.640 98
18.802 5.479 0.611 91
18.740 5.497 0.641 96
18.779 5.481 0.592 78
18.791 5.477 0.586 86
18.680 5.512 0.653 109
18.677 5.514 0.656 114
18.700 5.504 0.626 106
18.796 5.479 0.602 101
18.816 5.486 0.670 44
18.757 5.494 0.645 103
18.695 5.510 0.658 111
18.764 5.494 0.653 107
18.809 5.487 0.670 64
18.749 5.491 0.612 101
18.807 5.481 0.632 76
18.731 5.494 0.610 96
18.727 5.501 0.646 106
18.714 5.500 0.620 97
18.788 5.487 0.640 107
18.718 5.500 0.628 104
18.733 5.502 0.662 106
18.727 5.498 0.630 100
18.781 5.493 0.671 113
18.757 5.490 0.616 109
18.781 5.492 0.666 111
18.706 5.509 0.669 109
18.801 5.481 0.623 94
18.813 5.487 0.676 53
18.771 5.496 0.671 103
18.727 5.506 0.674 111
18.768 5.484 0.594 103
18.679 5.510 0.639 98
18.768 5.484 0.598 95
18.786 5.480 0.595 79
18.812 5.481 0.637 54
18.768 5.487 0.614 89
18.711 5.504 0.641 101
18.685 5.512 0.657 102
18.763 5.486 0.602 91
18.680 5.510 0.641 98
18.798 5.484 0.638 84
18.729 5.501 0.652 110
18.701 5.505 0.635 109
18.805 5.482 0.634 86
18.813 5.490 0.691 64
18.750 5.501 0.675 110
18.718 5.504 0.652 110
18.763 5.486 0.602 91
18.739 5.491 0.602 92
18.774 5.481 0.584 72
18.802 5.486 0.652 80
18.730 5.505 0.676 108
18.756 5.497 0.660 116
18.709 5.507 0.660 103
18.743 5.502 0.674 112
18.803 5.487 0.661 82
18.795 5.478 0.595 90
18.666 5.514 0.646 110
18.794 5.491 0.674 93
18.811 5.488 0.681 67
18.741 5.497 0.641 100
18.736 5.500 0.649 105
18.697 5.511 0.666 111
18.786 5.494 0.682 112
18.797 5.490 0.670 90
18.813 5.487 0.673 51
18.814 5.490 0.695 54
18.733 5.499 0.639 101
18.789 5.479 0.595 89
18.799 5.475 0.582 54
18.751 5.501 0.679 110
18.807 5.486 0.660 75
18.810 5.485 0.659 66
18.792 5.488 0.653 108
18.648 5.520 0.658 104
18.742 5.502 0.672 113
18.793 5.490 0.664 91
18.753 5.498 0.665 109
18.764 5.490 0.626 118
18.793 5.476 0.582 65
18.792 5.490 0.663 98
18.680 5.512 0.652 109
18.765 5.493 0.648 106
18.794 5.492 0.680 95
18.794 5.486 0.646 91
18.752 5.498 0.660 111
18.699 5.510 0.664 111
18.753 5.494 0.637 97
18.733 5.504 0.670 107
18.696 5.508 0.645 103
18.782 5.492 0.662 103
18.782 5.493 0.668 109
18.718 5.507 0.671 108
18.752 5.489 0.603 108
18.791 5.486 0.638 102
18.713 5.501 0.628 96
18.780 5.488 0.635 103
18.766 5.486 0.605 90
18.744 5.492 0.614 100
18.786 5.486 0.631 109
18.767 5.484 0.594 103
18.770 5.490 0.633 98
18.664 5.516 0.657 107
18.760 5.495 0.654 113
18.758 5.492 0.629 104
18.763 5.498 0.674 115
18.782 5.487 0.632 107
18.794 5.485 0.634 92
18.776 5.480 0.582 60
18.811 5.488 0.680 67
18.806 5.487 0.668 76
18.757 5.500 0.682 106
18.607 5.523 0.576 78
18.580 5.527 0.657 100
18.571 5.527 0.649 95
18.622 5.523 0.636 101
18.612 5.523 0.622 100
18.632 5.521 0.573 81
18.631 5.521 0.595 107
18.543 5.530 0.663 97
18.533 5.531 0.665 96
18.634 5.521 0.616 113
18.603 5.524 0.622 92
18.578 5.526 0.619 91
18.558 5.529 0.656 92
18.579 5.527 0.643 97
18.611 5.524 0.644 101
18.606 5.524 0.600 101
18.543 5.530 0.666 96
18.630 5.521 0.577 79
18.590 5.525 0.588 85
18.581 5.527 0.669 98
18.583 5.526 0.660 100
18.629 5.521 0.544 72
18.589 5.525 0.598 100
18.582 5.526 0.660 100
18.631 5.522 0.627 97
18.611 5.523 0.567 76
18.623 5.522 0.593 112
18.520 5.532 0.673 91
18.577 5.526 0.612 94
18.574 5.527 0.615 96
18.563 5.528 0.655 101
18.528 5.531 0.662 97
18.615 5.523 0.579 89
18.595 5.525 0.665 103
18.606 5.524 0.624 89
18.629 5.522 0.617 107
18.612 5.523 0.614 105
18.532 5.531 0.671 100
18.576 5.527 0.669 104
18.614 5.523 0.566 85
18.599 5.525 0.659 96
18.536 5.531 0.663 94
18.614 5.523 0.601 91
18.619 5.523 0.642 96
18.628 5.522 0.640 104
18.633 5.521 0.537 88
18.574 5.527 0.649 95
18.631 5.521 0.593 112
18.634 5.521 0.614 110
18.608 5.524 0.629 100
18.624 5.522 0.596 112
18.636 5.521 0.592 88
18.611 5.523 0.622 100
18.580 5.526 0.633 98
18.620 5.522 0.570 66
18.604 5.524 0.655 98
18.612 5.523 0.599 92
18.629 5.522 0.599 102
18.620 5.523 0.638 100
18.620 5.522 0.586 87
18.607 5.524 0.662 103
18.636 5.521 0.578 87
18.572 5.527 0.652 95
18.637 5.521 0.634 108
18.578 5.527 0.665 100
18.547 5.530 0.651 95
18.630 5.522 0.601 103
18.596 5.525 0.649 96
18.594 5.525 0.631 99
18.610 5.524 0.614 104
18.612 5.523 0.627 98
18.608 5.524 0.621 94
18.609 5.523 0.585 90
18.627 5.521 0.565 76
18.629 5.522 0.600 103
18.576 5.527 0.644 92
18.640 5.521 0.650 101
18.604 5.524 0.591 105
18.605 5.524 0.653 98
18.622 5.523 0.652 98
18.570 5.527 0.634 92
18.561 5.528 0.625 88
18.569 5.528 0.670 100
18.488 5.513 0.621 80
18.551 5.521 0.601 87
18.601 5.520 0.558 62
18.619 5.520 0.542 52
18.455 5.497 0.585 65
18.440 5.497 0.595 72
18.481 5.514 0.629 85
18.500 5.524 0.652 90
18.490 5.512 0.616 77
18.461 5.496 0.577 60
18.518 5.514 0.601 90
18.587 5.521 0.573 76
18.598 5.516 0.547 46
18.545 5.528 0.632 88
18.581 5.515 0.555 58
18.539 5.527 0.635 90
18.425 5.492 0.590 88
18.503 5.524 0.652 89
18.441 5.499 0.603 73
18.548 5.518 0.594 80
18.474 5.505 0.602 80
18.459 5.504 0.608 80
18.486 5.504 0.587 77
18.431 5.497 0.602 83
18.497 5.508 0.596 80
18.502 5.525 0.656 87
18.529 5.512 0.583 76
18.477 5.510 0.617 81
18.522 5.528 0.654 94
18.426 5.491 0.585 78
18.513 5.508 0.582 77
18.472 5.509 0.618 76
18.504 5.523 0.646 86
18.510 5.515 0.611 79
18.539 5.515 0.586 71
18.561 5.512 0.559 63
18.486 5.506 0.595 75
18.494 5.525 0.664 86
18.508 5.508 0.584 80
18.505 5.526 0.657 87
18.493 5.510 0.606 83
18.468 5.506 0.608 76
18.514 5.532 0.673 91
18.480 5.505 0.595 69
18.592 5.523 0.578 78
18.505 5.513 0.609 81
18.549 5.509 0.559 63
18.533 5.509 0.570 72
18.458 5.508 0.625 79
18.565 5.513 0.558 65
18.552 5.529 0.631 97
18.488 5.516 0.633 84
18.549 5.525 0.620 94
18.552 5.522 0.606 84
18.454 5.506 0.621 75
18.479 5.518 0.649 85
18.495 5.508 0.594 78
18.568 5.522 0.592 86
18.593 5.523 0.578 78
18.483 5.518 0.643 79
18.470 5.512 0.630 83
18.441 5.501 0.610 78
18.523 5.505 0.562 64
18.506 5.527 0.662 93
18.508 5.503 0.566 58
18.504 5.510 0.595 78
18.559 5.512 0.560 60
18.541 5.528 0.636 92
18.482 5.512 0.622 82
18.534 5.529 0.646 89
18.435 5.497 0.602 80
18.602 5.523 0.568 70
18.474 5.501 0.584 67
18.521 5.527 0.651 94
18.458 5.498 0.586 64
18.429 5.495 0.596 88
18.549 5.513 0.572 82
18.488 5.512 0.619 80
18.527 5.520 0.616 88
18.594 5.524 0.579 88
18.576 5.515 0.560 64
18.554 5.520 0.597 83
18.498 5.521 0.644 87
18.543 5.512 0.575 70
18.517 5.522 0.634 89
18.510 5.526 0.653 86
18.453 5.504 0.616 76
18.584 5.520 0.572 75
18.562 5.516 0.573 68
18.477 5.509 0.614 80
18.505 5.526 0.660 90
18.560 5.517 0.581 75
18.588 5.517 0.555 71
18.446 5.504 0.618 81
18.522 5.522 0.627 84
18.470 5.499 0.581 74
18.512 5.529 0.665 89
18.578 5.519 0.572 71
18.609 5.517 0.541 54
18.523 5.518 0.612 89
18.538 5.512 0.576 64
18.495 5.514 0.620 79
18.519 5.522 0.630 86
18.525 5.517 0.608 89
18.603 5.522 0.563 68
18.442 5.502 0.616 81
18.480 5.504 0.594 69
18.481 5.519 0.651 85
18.513 5.525 0.649 88
18.460 5.504 0.609 80
18.497 5.511 0.607 86
18.446 5.498 0.596 79
18.480 5.515 0.636 81
18.543 5.509 0.560 65
18.456 5.500 0.594 67
18.565 5.520 0.586 84
18.496 5.502 0.573 59
18.568 5.520 0.583 79
18.564 5.521 0.593 88
18.465 5.503 0.601 73
18.512 5.524 0.646 87
18.538 5.511 0.575 65
18.448 5.501 0.607 74
18.585 5.519 0.569 75
18.478 5.513 0.628 81
18.490 5.500 0.570 61
18.562 5.524 0.603 86
18.606 5.521 0.558 74
18.486 5.505 0.593 71
18.549 5.515 0.581 74
18.450 5.502 0.609 76
18.524 5.508 0.575 70
18.446 5.501 0.608 73
18.547 5.521 0.603 85
18.511 5.512 0.600 80
18.447 5.507 0.630 81
18.454 5.519 0.664 83
18.496 5.533 0.691 93
18.469 5.526 0.681 87
18.466 5.517 0.651 83
18.452 5.528 0.697 96
18.452 5.531 0.708 93
18.437 5.519 0.675 90
18.466 5.514 0.641 82
18.465 5.518 0.657 82
18.488 5.527 0.672 90
18.474 5.527 0.680 86
18.470 5.532 0.701 95
18.446 5.529 0.704 89
18.434 5.506 0.633 81
18.458 5.520 0.666 84
18.466 5.515 0.646 84
18.490 5.529 0.679 87
18.497 5.531 0.681 90
18.423 5.511 0.654 92
18.498 5.529 0.675 87
18.413 5.527 0.716 113
18.438 5.509 0.642 82
18.414 5.513 0.667 101
18.414 5.528 0.718 110
18.439 5.525 0.695 93
18.413 5.490 0.592 72
18.498 5.532 0.683 90
18.428 5.526 0.702 100
18.451 5.509 0.635 83
18.421 5.535 0.737 108
18.412 5.519 0.690 101
18.419 5.506 0.640 92
18.420 5.505 0.636 91
18.478 5.534 0.704 97
18.434 5.512 0.654 94
18.495 5.529 0.677 88
18.449 5.511 0.642 84
18.457 5.514 0.647 88
18.422 5.497 0.610 84
18.475 5.526 0.678 87
18.485 5.528 0.678 90
18.432 5.523 0.691 99
18.428 5.518 0.677 98
18.472 5.519 0.654 86
18.477 5.524 0.668 89
18.474 5.531 0.694 94
18.422 5.508 0.646 90
18.482 5.530 0.688 90
18.451 5.520 0.672 86
18.468 5.526 0.681 87
18.449 5.528 0.699 95
18.439 5.521 0.681 89
18.452 5.508 0.628 79
18.424 5.527 0.710 102
18.431 5.510 0.647 91
18.453 5.532 0.709 93
18.444 5.535 0.726 99
18.454 5.534 0.716 92
18.478 5.532 0.695 92
18.439 5.528 0.705 95
18.430 5.503 0.625 73
18.416 5.522 0.696 103
18.485 5.533 0.694 90
18.477 5.527 0.681 86
18.419 5.502 0.628 90
18.498 5.532 0.685 92
18.434 5.535 0.730 101
18.415 5.499 0.620 88
18.421 5.515 0.670 95
18.436 5.518 0.674 89
18.420 5.529 0.720 107
18.420 5.495 0.605 83
18.412 5.522 0.699 106
18.430 5.533 0.726 102
18.414 5.526 0.710 111
18.451 5.511 0.640 84
18.413 5.525 0.709 113
18.427 5.499 0.613 80
18.457 5.533 0.712 94
18.453 5.534 0.716 92
18.420 5.529 0.718 105
18.454 5.521 0.673 86
18.434 5.501 0.615 84
18.449 5.529 0.703 94
18.479 5.533 0.697 94
18.410 5.522 0.695 105
18.403 5.518 0.671 103
18.403 5.533 0.726 110
18.380 5.517 0.632 35
18.404 5.533 0.726 110
18.383 5.520 0.651 59
18.362 5.526 0.635 52
18.374 5.518 0.626 14
18.367 5.524 0.637 56
18.404 5.504 0.624 91
18.410 5.528 0.718 111
18.362 5.530 0.649 88
18.408 5.516 0.674 95
18.369 5.531 0.666 47
18.407 5.515 0.667 97
18.376 5.515 0.622 15
18.392 5.534 0.712 118
18.391 5.512 0.635 94
18.410 5.495 0.603 82
18.394 5.532 0.708 114
18.386 5.533 0.699 107
18.395 5.531 0.704 109
18.408 5.503 0.630 93
18.395 5.533 0.713 119
18.362 5.528 0.644 85
18.412 5.491 0.591 74
18.409 5.499 0.618 84
18.404 5.524 0.695 105
18.408 5.502 0.625 90
18.384 5.526 0.672 81
18.385 5.525 0.668 80
18.384 5.518 0.643 75
18.363 5.524 0.632 35
18.396 5.524 0.683 103
18.382 5.527 0.673 70
18.368 5.530 0.660 74
18.381 5.524 0.658 48
18.408 5.495 0.602 79
18.409 5.497 0.609 87
18.389 5.526 0.679 81
18.397 5.513 0.646 88
18.363 5.524 0.632 35
18.387 5.523 0.664 94
18.373 5.519 0.629 25
18.410 5.497 0.609 87
18.409 5.532 0.730 104
18.362 5.527 0.640 79
18.377 5.528 0.668 55
18.398 5.521 0.676 106
18.411 5.528 0.719 111
18.409 5.534 0.735 107
18.407 5.522 0.692 107
18.407 5.510 0.650 96
18.378 5.505 0.583 29
18.392 5.497 0.571 58
18.368 5.506 0.556 36
18.343 5.522 0.585 99
18.345 5.520 0.578 99
18.367 5.507 0.557 43
18.348 5.517 0.570 101
18.377 5.502 0.560 20
18.374 5.503 0.556 18
18.350 5.516 0.566 108
18.342 5.522 0.586 102
18.358 5.514 0.584 101
18.376 5.505 0.574 15
18.357 5.515 0.583 99
18.342 5.524 0.599 98
18.375 5.506 0.582 18
18.359 5.516 0.597 97
18.359 5.515 0.591 100
18.388 5.500 0.583 70
18.374 5.504 0.563 16
18.383 5.503 0.584 51
18.377 5.504 0.571 19
18.348 5.521 0.598 102
18.369 5.505 0.552 43
18.364 5.512 0.588 80
18.556 5.534 0.681 101
18.588 5.529 0.673 98
18.547 5.532 0.678 96
18.534 5.549 0.707 98
18.556 5.530 0.676 101
18.543 5.539 0.689 100
18.584 5.554 0.713 103
18.548 5.581 0.757 106
18.528 5.597 0.783 100
18.530 5.560 0.724 99
18.526 5.585 0.765 101
18.600 5.540 0.690 105
18.594 5.552 0.709 110
18.529 5.558 0.720 100
18.590 5.539 0.688 103
18.528 5.598 0.785 102
18.521 5.557 0.719 96
18.561 5.553 0.712 100
18.556 5.559 0.722 107
18.587 5.561 0.724 104
18.566 5.537 0.687 99
18.587 5.555 0.715 105
18.520 5.543 0.697 98
18.589 5.542 0.693 106
18.556 5.547 0.703 98
18.576 5.554 0.712 106
18.538 5.580 0.756 102
18.594 5.550 0.706 109
18.530 5.564 0.730 96
18.562 5.538 0.687 104
18.561 5.532 0.678 100
18.585 5.536 0.684 105
18.548 5.554 0.714 104
18.588 5.535 0.681 103
18.586 5.537 0.686 105
18.526 5.587 0.768 100
18.547 5.563 0.728 99
18.581 5.540 0.691 107
18.539 5.588 0.769 106
18.568 5.563 0.728 101
18.527 5.546 0.702 100
18.552 5.548 0.705 100
18.585 5.537 0.685 105
18.608 5.537 0.685 107
18.544 5.595 0.779 107
18.525 5.581 0.758 102
18.642 5.522 0.660 104
18.550 5.556 0.717 103
18.515 5.547 0.704 94
18.534 5.536 0.686 95
18.542 5.590 0.772 104
18.569 5.539 0.689 98
18.561 5.541 0.693 102
18.563 5.569 0.737 108
18.545 5.547 0.702 104
18.571 5.557 0.718 106
18.604 5.527 0.668 100
18.537 5.578 0.753 103
18.593 5.528 0.671 103
18.571 5.544 0.696 99
18.562 5.571 0.740 106
18.550 5.545 0.700 102
18.533 5.556 0.718 101
18.541 5.558 0.720 97
18.592 5.554 0.712 113
18.524 5.538 0.688 93
18.624 5.532 0.676 109
18.578 5.533 0.679 102
18.526 5.553 0.713 102
18.562 5.579 0.753 103
18.528 5.545 0.700 96
18.545 5.534 0.681 95
18.522 5.545 0.700 99
18.558 5.549 0.706 99
18.530 5.580 0.756 103
18.547 5.539 0.689 100
18.531 5.572 0.743 100
18.585 5.540 0.691 108
18.581 5.551 0.708 104
18.576 5.528 0.671 104
18.521 5.550 0.709 102
18.584 5.561 0.725 105
18.522 5.535 0.685 94
18.578 5.531 0.676 104
18.542 5.596 0.782 109
18.555 5.556 0.717 103
18.596 5.557 0.716 113
18.543 5.593 0.776 104
18.551 5.571 0.741 104
18.534 5.553 0.713 97
18.561 5.574 0.745 104
18.552 5.569 0.737 103
18.543 5.549 0.706 105
18.537 5.564 0.731 102
18.466 5.554 0.747 98
18.497 5.552 0.723 95
18.490 5.574 0.766 99
18.460 5.539 0.723 93
18.461 5.545 0.734 94
18.478 5.542 0.717 99
18.508 5.557 0.725 99
18.498 5.561 0.739 97
18.507 5.553 0.720 99
18.448 5.542 0.738 101
18.472 5.572 0.776 104
18.478 5.558 0.745 97
18.510 5.546 0.704 92
18.510 5.567 0.742 96
18.521 5.596 0.785 103
18.475 5.549 0.732 92
18.491 5.541 0.708 94
18.433 5.542 0.746 108
18.482 5.568 0.762 100
18.479 5.570 0.768 98
18.523 5.591 0.775 99
18.462 5.550 0.742 96
18.444 5.539 0.734 103
18.480 5.555 0.739 95
18.428 5.540 0.746 105
18.482 5.541 0.713 99
18.519 5.575 0.750 104
18.522 5.585 0.767 100
18.450 5.545 0.741 100
18.502 5.537 0.693 94
18.493 5.551 0.723 94
18.440 5.548 0.753 107
18.448 5.554 0.758 103
18.506 5.557 0.726 99
18.484 5.565 0.755 101
18.448 5.554 0.758 103
18.506 5.559 0.730 99
18.511 5.539 0.691 95
18.469 5.564 0.764 100
18.499 5.584 0.779 100
18.482 5.573 0.770 99
18.499 5.566 0.746 104
18.468 5.545 0.730 95
18.504 5.540 0.697 99
18.464 5.541 0.726 94
18.482 5.577 0.777 99
18.505 5.549 0.712 100
18.494 5.560 0.740 97
18.497 5.584 0.781 100
18.454 5.558 0.763 102
18.492 5.568 0.756 95
18.471 5.545 0.728 96
18.452 5.552 0.753 102
18.458 5.545 0.737 96
18.511 5.555 0.719 99
18.463 5.556 0.752 101
18.467 5.552 0.743 99
18.484 5.539 0.708 96
18.439 5.546 0.749 101
18.430 5.543 0.750 107
18.514 5.590 0.780 102
18.478 5.567 0.763 98
18.506 5.559 0.730 99
18.520 5.590 0.776 101
18.516 5.583 0.767 103
18.492 5.564 0.747 97
18.459 5.553 0.749 103
18.477 5.538 0.712 96
18.509 5.551 0.713 99
18.460 5.565 0.771 101
18.466 5.545 0.731 95
18.485 5.557 0.740 91
18.510 5.536 0.687 94
18.511 5.560 0.728 99
18.503 5.583 0.774 100
18.476 5.563 0.757 100
18.510 5.536 0.687 94
18.474 5.547 0.730 94
18.635 5.591 0.793 118
18.714 5.585 0.792 113
18.721 5.567 0.780 108
18.601 5.589 0.790 102
18.719 5.577 0.787 112
18.710 5.559 0.773 114
18.657 5.589 0.792 120
18.572 5.599 0.795 111
18.554 5.601 0.796 107
18.613 5.587 0.789 105
18.734 5.559 0.775 113
18.588 5.597 0.794 111
18.655 5.594 0.796 118
18.553 5.604 0.797 109
18.688 5.586 0.792 109
18.689 5.567 0.778 113
18.730 5.569 0.782 107
18.603 5.588 0.789 102
18.672 5.579 0.786 113
18.711 5.582 0.790 114
18.682 5.585 0.791 111
18.701 5.581 0.789 111
18.658 5.576 0.783 109
18.680 5.587 0.792 115
18.673 5.592 0.796 115
18.647 5.588 0.791 107
18.718 5.566 0.779 112
18.724 5.574 0.785 103
18.661 5.581 0.787 104
18.659 5.573 0.781 111
18.665 5.571 0.780 107
18.682 5.577 0.785 105
18.706 5.587 0.793 111
18.712 5.570 0.782 115
18.591 5.596 0.794 115
18.613 5.588 0.789 109
18.731 5.578 0.788 109
18.687 5.580 0.787 108
18.739 5.554 0.772 110
18.717 5.585 0.792 114
18.725 5.586 0.794 111
18.611 5.586 0.788 105
18.580 5.601 0.797 106
18.675 5.586 0.791 117
18.721 5.574 0.785 106
18.577 5.599 0.795 105
18.579 5.599 0.795 105
18.557 5.597 0.789 101
18.613 5.557 0.726 105
18.684 5.530 0.698 104
18.729 5.549 0.760 113
18.674 5.562 0.764 107
18.647 5.572 0.776 112
18.662 5.555 0.742 109
18.584 5.582 0.769 110
18.625 5.545 0.703 108
18.611 5.552 0.714 112
18.670 5.533 0.696 120
18.679 5.560 0.761 113
18.664 5.543 0.717 112
18.560 5.595 0.787 103
18.658 5.525 0.674 114
18.647 5.550 0.725 117
18.581 5.584 0.772 105
18.682 5.557 0.756 116
18.572 5.578 0.753 111
18.695 5.555 0.759 115
18.648 5.553 0.732 118
18.631 5.556 0.732 110
18.611 5.554 0.718 108
18.708 5.538 0.727 120
18.647 5.570 0.770 114
18.625 5.564 0.745 107
18.592 5.564 0.732 107
18.694 5.552 0.751 115
18.591 5.574 0.753 110
18.643 5.547 0.716 112
18.613 5.577 0.770 106
18.658 5.563 0.760 113
18.629 5.550 0.717 109
18.626 5.544 0.701 111
18.631 5.568 0.757 110
18.600 5.585 0.782 101
18.601 5.557 0.719 113
18.660 5.525 0.674 114
18.598 5.580 0.770 110
18.647 5.568 0.765 113
18.590 5.579 0.763 102
18.705 5.537 0.721 120
18.581 5.585 0.774 105
18.745 5.549 0.767 116
18.690 5.536 0.712 110
18.629 5.559 0.737 112
18.631 5.542 0.699 120
18.696 5.534 0.712 115
18.657 5.561 0.755 118
18.691 5.554 0.754 109
18.655 5.558 0.747 120
18.553 5.591 0.775 102
18.689 5.541 0.724 116
18.689 5.547 0.736 118
18.615 5.574 0.765 108
18.706 5.540 0.730 119
18.654 5.529 0.680 105
18.687 5.530 0.698 107
18.634 5.553 0.725 108
18.612 5.554 0.717 110
18.649 5.523 0.664 105
18.715 5.551 0.758 113
18.699 5.557 0.766 114
18.593 5.561 0.726 104
18.639 5.552 0.725 118
18.681 5.533 0.702 113
18.718 5.539 0.733 114
18.669 5.531 0.691 113
18.647 5.544 0.710 107
18.568 5.592 0.783 104
18.640 5.541 0.700 109
18.572 5.575 0.747 107
18.674 5.540 0.715 115
18.615 5.558 0.728 108
18.665 5.531 0.690 109
18.622 5.571 0.760 111
18.650 5.552 0.732 115
18.693 5.539 0.722 111
18.618 5.571 0.760 112
18.633 5.561 0.744 116
18.642 5.551 0.725 120
18.588 5.570 0.742 116
18.607 5.557 0.722 106
18.639 5.571 0.769 113
18.644 5.548 0.718 114
18.697 5.552 0.752 119
18.636 5.546 0.710 116
18.688 5.541 0.724 116
18.678 5.560 0.761 115
18.641 5.541 0.701 108
18.719 5.538 0.731 112
18.726 5.547 0.754 112
18.694 5.532 0.707 112
18.676 5.541 0.717 112
18.621 5.567 0.752 107
18.638 5.570 0.766 112
18.696 5.543 0.732 116
18.672 5.551 0.738 119
18.714 5.547 0.749 117
18.602 5.579 0.770 114
18.661 5.539 0.707 116
18.618 5.542 0.693 105
18.737 5.543 0.750 119
18.566 5.588 0.774 105
18.606 5.581 0.777 114
18.593 5.572 0.750 111
18.662 5.557 0.746 113
18.586 5.569 0.740 114
18.613 5.559 0.730 104
18.550 5.594 0.779 100
18.571 5.589 0.778 100
18.703 5.534 0.715 115
18.571 5.595 0.792 112
18.580 5.592 0.789 104
18.715 5.555 0.767 110
18.632 5.563 0.747 117
18.642 5.541 0.703 108
18.625 5.544 0.701 107
18.670 5.554 0.744 114
18.605 5.566 0.743 108
18.592 5.589 0.787 107
18.631 5.532 0.676 100
18.639 5.559 0.741 109
18.646 5.561 0.749 104
18.707 5.559 0.773 117
18.634 5.556 0.732 109
18.628 5.578 0.779 112
18.580 5.591 0.786 105
18.676 5.530 0.693 111
18.653 5.546 0.719 108
18.648 5.554 0.734 118
18.708 5.548 0.747 114
18.639 5.550 0.722 114
18.564 5.595 0.788 107
18.613 5.566 0.745 109
18.585 5.589 0.784 110
18.710 5.535 0.720 112
18.575 5.575 0.747 106
18.650 5.539 0.703 112
18.569 5.579 0.754 110
18.644 5.575 0.780 108
18.654 5.557 0.744 118
18.580 5.577 0.756 103
18.695 5.533 0.708 115
18.725 5.542 0.742 113
18.576 5.581 0.762 109
18.634 5.548 0.715 113
18.628 5.539 0.691 112
18.714 5.553 0.763 110
18.591 5.564 0.730 106
18.694 5.548 0.741 117
18.603 5.578 0.768 113
18.581 5.578 0.758 103
18.614 5.573 0.762 103
18.576 5.587 0.775 100
18.548 5.593 0.777 102
18.719 5.547 0.751 118
18.694 5.552 0.750 117
18.644 5.541 0.703 106
18.472 5.513 0.557 41
18.416 5.531 0.541 103
18.517 5.504 0.563 55
18.551 5.531 0.531 61
18.437 5.495 0.580 63
18.480 5.539 0.527 80
18.459 5.518 0.552 66
18.598 5.525 0.533 56
18.447 5.542 0.527 85
18.445 5.517 0.555 51
18.526 5.525 0.539 69
18.426 5.531 0.540 104
18.450 5.506 0.566 56
18.567 5.528 0.532 60
18.487 5.502 0.568 62
18.414 5.540 0.532 106
18.477 5.515 0.554 61
18.539 5.533 0.529 65
18.473 5.532 0.535 83
18.520 5.525 0.539 67
18.522 5.524 0.541 65
18.441 5.543 0.526 88
18.458 5.503 0.569 65
18.449 5.496 0.578 71
18.598 5.516 0.543 56
18.434 5.492 0.583 63
18.421 5.522 0.551 93
18.426 5.534 0.537 105
18.610 5.522 0.536 55
18.429 5.538 0.533 99
18.491 5.533 0.533 74
18.515 5.517 0.549 56
18.472 5.509 0.561 49
18.518 5.522 0.543 68
18.456 5.535 0.534 87
18.437 5.532 0.539 101
18.425 5.520 0.552 71
18.421 5.524 0.548 107
18.492 5.509 0.560 57
18.627 5.520 0.536 69
18.451 5.506 0.566 56
18.421 5.550 0.520 101
18.593 5.519 0.540 60
18.577 5.515 0.545 53
18.562 5.520 0.541 61
18.591 5.515 0.545 60
18.454 5.538 0.531 89
18.542 5.519 0.544 62
18.465 5.502 0.570 58
18.517 5.509 0.558 54
18.538 5.524 0.539 63
18.435 5.542 0.527 97
18.458 5.497 0.576 60
18.571 5.526 0.535 59
18.501 5.523 0.544 69
18.519 5.521 0.543 65
18.423 5.509 0.565 53
18.416 5.518 0.556 67
18.438 5.542 0.527 94
18.560 5.521 0.540 61
18.481 5.516 0.552 58
18.476 5.503 0.567 54
18.524 5.517 0.548 53
18.500 5.524 0.543 74
18.528 5.509 0.557 46
18.416 5.499 0.577 67
18.415 5.544 0.527 107
18.444 5.517 0.555 57
18.434 5.512 0.561 66
18.595 5.520 0.539 59
18.559 5.520 0.542 59
18.427 5.508 0.566 47
18.506 5.525 0.541 76
18.458 5.507 0.565 63
18.515 5.517 0.549 56
18.582 5.525 0.534 62
18.499 5.508 0.561 58
18.536 5.524 0.539 63
18.536 5.533 0.529 62
18.448 5.504 0.569 59
18.597 5.521 0.537 58
18.419 5.511 0.563 60
18.447 5.544 0.524 83
18.450 5.544 0.524 83
18.514 5.518 0.547 61
18.502 5.520 0.547 67
18.536 5.531 0.531 61
18.544 5.516 0.547 52
18.512 5.510 0.557 46
18.442 5.525 0.545 103
18.415 5.549 0.521 103
18.491 5.520 0.548 69
18.511 5.513 0.554 41
18.425 5.507 0.567 52
18.548 5.524 0.539 65
18.562 5.520 0.541 61
18.421 5.499 0.577 77
18.523 5.528 0.536 68
18.434 5.511 0.562 66
18.462 5.504 0.568 58
18.450 5.508 0.564 55
18.466 5.500 0.572 61
18.411 5.504 0.571 66
18.400 5.535 0.530 105
18.399 5.497 0.573 72
18.392 5.499 0.567 61
18.387 5.507 0.555 104
18.385 5.504 0.558 71
18.385 5.510 0.552 100
18.398 5.500 0.569 72
18.386 5.524 0.537 114
18.412 5.498 0.578 60
18.396 5.529 0.535 98
18.411 5.490 0.586 62
18.404 5.519 0.551 108
18.396 5.516 0.550 112
18.387 5.522 0.539 120
18.397 5.530 0.535 98
18.381 5.501 0.560 35
18.404 5.532 0.536 115
18.403 5.528 0.540 109
18.398 5.503 0.565 54
18.396 5.525 0.540 105
18.393 5.520 0.544 108
18.395 5.519 0.546 111
18.406 5.509 0.562 48
18.389 5.505 0.559 101
18.394 5.534 0.529 95
18.624 5.558 0.507 76
18.811 5.560 0.525 161
18.636 5.521 0.535 93
18.682 5.539 0.526 96
18.658 5.530 0.530 95
18.653 5.559 0.509 17
18.667 5.555 0.513 15
18.745 5.553 0.523 31
18.694 5.545 0.523 103
18.662 5.535 0.527 98
18.743 5.548 0.526 41
18.643 5.540 0.522 54
18.661 5.531 0.530 96
18.733 5.553 0.521 67
18.632 5.525 0.532 95
18.722 5.541 0.529 102
18.668 5.559 0.510 21
18.696 5.556 0.516 102
18.682 5.538 0.527 104
18.731 5.557 0.518 76
18.790 5.555 0.526 159
18.677 5.549 0.519 56
18.722 5.552 0.521 94
18.719 5.539 0.530 112
18.714 5.548 0.523 108
18.696 5.553 0.517 96
18.723 5.547 0.525 95
18.670 5.538 0.526 105
18.669 5.550 0.517 17
18.750 5.557 0.521 47
18.668 5.553 0.514 15
18.697 5.554 0.517 94
18.736 5.555 0.520 55
18.659 5.545 0.520 13
18.789 5.555 0.526 156
18.639 5.537 0.523 86
18.696 5.542 0.525 105
18.631 5.529 0.529 83
18.725 5.553 0.521 87
18.696 5.556 0.515 102
18.670 5.542 0.523 107
18.648 5.556 0.510 18
18.715 5.553 0.520 97
18.652 5.541 0.522 27
18.756 5.547 0.528 44
18.666 5.548 0.518 28
18.660 5.549 0.517 13
18.684 5.545 0.523 102
18.556 5.548 0.516 59
18.564 5.530 0.530 64
18.616 5.524 0.533 53
18.550 5.540 0.523 62
18.570 5.537 0.525 59
18.580 5.558 0.508 72
18.587 5.552 0.512 67
18.566 5.540 0.523 61
18.610 5.526 0.532 54
18.566 5.538 0.523 61
18.588 5.556 0.509 64
18.568 5.550 0.514 56
18.572 5.550 0.515 58
18.525 5.538 0.525 62
18.604 5.527 0.531 57
18.509 5.553 0.514 65
18.620 5.540 0.520 75
18.575 5.530 0.530 57
18.537 5.543 0.521 63
18.460 5.553 0.516 85
18.580 5.532 0.528 62
18.567 5.538 0.523 61
18.601 5.548 0.515 51
18.596 5.545 0.517 54
18.574 5.551 0.513 61
18.544 5.541 0.522 62
18.485 5.542 0.524 73
18.477 5.554 0.515 79
18.589 5.536 0.524 63
18.529 5.548 0.518 71
18.568 5.552 0.513 58
18.550 5.543 0.521 62
18.490 5.551 0.517 72
18.492 5.542 0.523 71
18.606 5.525 0.532 55
18.439 5.550 0.519 90
18.533 5.556 0.511 69
18.609 5.531 0.528 50
18.570 5.539 0.523 59
18.588 5.545 0.517 59
18.619 5.536 0.523 70
18.559 5.535 0.526 64
18.522 5.540 0.524 65
18.586 5.556 0.509 54
18.468 5.548 0.520 84
18.430 5.549 0.520 93
18.617 5.539 0.521 70
18.457 5.550 0.518 88
18.592 5.539 0.522 56
18.564 5.532 0.529 64
18.605 5.539 0.522 53
18.627 5.531 0.527 75
18.721 5.538 0.531 115
18.715 5.523 0.537 103
18.714 5.519 0.539 103
18.724 5.539 0.531 102
18.699 5.530 0.534 109
18.702 5.522 0.537 109
18.719 5.524 0.537 103
18.710 5.515 0.540 108
18.661 5.522 0.535 99
18.707 5.529 0.534 102
18.697 5.513 0.540 106
18.696 5.517 0.539 105
18.685 5.518 0.538 101
18.718 5.519 0.539 102
18.680 5.524 0.535 101
18.643 5.522 0.535 95
18.675 5.513 0.540 94
18.706 5.522 0.537 108
18.660 5.522 0.535 100
18.663 5.522 0.535 99
18.723 5.528 0.535 110
18.644 5.105 0.428 79
18.578 5.098 0.441 108
18.499 5.100 0.425 78
18.644 5.113 0.406 65
18.729 5.109 0.425 59
18.710 5.111 0.420 59
18.501 5.099 0.427 78
18.689 5.115 0.403 65
18.696 5.114 0.408 49
18.545 5.102 0.425 78
18.568 5.104 0.420 72
18.580 5.099 0.438 113
18.608 5.108 0.414 67
18.681 5.107 0.427 62
18.686 5.103 0.439 73
18.629 5.104 0.430 85
18.695 5.113 0.410 49
18.726 5.101 0.448 86
18.750 5.104 0.442 69
18.710 5.120 0.392 54
18.525 5.096 0.440 107
18.677 5.098 0.451 107
18.702 5.104 0.438 86
18.525 5.098 0.435 89
18.505 5.096 0.435 86
18.678 5.103 0.438 98
18.606 5.100 0.436 95
18.561 5.100 0.431 96
18.674 5.106 0.430 82
18.582 5.106 0.417 80
18.545 5.105 0.416 74
18.628 5.104 0.429 89
18.554 5.101 0.428 92
18.463 5.095 0.433 37
18.493 5.095 0.437 86
18.681 5.111 0.414 60
18.550 5.098 0.436 84
18.692 5.110 0.419 80
18.627 5.101 0.436 105
18.590 5.103 0.426 76
18.560 5.104 0.420 79
18.598 5.101 0.434 92
18.668 5.117 0.398 65
18.517 5.097 0.435 97
18.699 5.116 0.403 55
18.700 5.113 0.411 53
18.724 5.107 0.431 67
18.517 5.101 0.423 79
18.709 5.102 0.443 71
18.666 5.105 0.430 87
18.691 5.118 0.397 61
18.607 5.111 0.407 69
18.526 5.103 0.419 77
18.613 5.102 0.432 88
18.697 5.110 0.420 77
18.534 5.096 0.441 88
18.469 5.097 0.430 31
18.601 5.103 0.429 81
18.527 5.103 0.419 77
18.741 5.105 0.440 79
18.523 5.099 0.431 92
18.655 5.109 0.419 84
18.665 5.111 0.412 52
18.731 5.109 0.426 61
18.585 5.099 0.436 111
18.562 5.106 0.416 64
18.528 5.101 0.424 79
18.671 5.116 0.399 59
18.717 5.103 0.443 83
18.556 5.106 0.415 65
18.693 5.108 0.424 80
18.656 5.104 0.431 68
18.499 5.099 0.426 78
18.687 5.113 0.411 58
18.557 5.098 0.437 95
18.709 5.105 0.436 76
18.630 5.107 0.421 81
18.672 5.099 0.448 97
18.681 5.105 0.433 84
18.655 5.101 0.439 90
18.589 5.107 0.416 60
18.629 5.103 0.432 96
18.604 5.104 0.426 86
18.577 5.106 0.415 70
18.629 5.102 0.433 93
18.662 5.107 0.425 82
18.691 5.102 0.442 79
18.642 5.106 0.424 77
18.715 5.110 0.421 71
18.493 5.095 0.437 86
18.725 5.104 0.440 79
18.721 5.108 0.427 73
18.731 5.099 0.453 93
18.468 5.095 0.434 26
18.623 5.109 0.414 70
18.613 5.109 0.413 72
18.455 5.095 0.432 24
18.602 5.102 0.431 81
18.683 5.111 0.415 73
18.453 5.095 0.433 63
18.638 5.101 0.438 87
18.664 5.111 0.412 52
18.595 5.110 0.409 73
18.608 5.108 0.415 73
18.473 5.097 0.429 60
18.572 5.106 0.417 67
18.694 5.101 0.446 87
18.566 5.101 0.430 94
18.484 5.096 0.435 89
18.586 5.100 0.436 107
18.596 5.099 0.439 99
18.595 5.099 0.439 99
18.679 5.112 0.413 60
18.624 5.107 0.421 87
18.578 5.109 0.402 74
18.462 5.097 0.425 26
18.499 5.101 0.422 74
18.443 5.095 0.429 84
18.563 5.107 0.405 76
18.579 5.109 0.403 73
18.557 5.106 0.412 71
18.505 5.101 0.420 75
18.642 5.114 0.400 72
18.544 5.106 0.407 76
18.534 5.105 0.408 70
18.597 5.110 0.402 68
18.661 5.116 0.395 10
18.713 5.121 0.390 51
18.448 5.096 0.429 89
18.576 5.109 0.400 74
18.602 5.111 0.400 72
18.630 5.113 0.400 70
18.628 5.113 0.403 71
18.546 5.106 0.404 75
18.448 5.096 0.422 93
18.442 5.095 0.418 79
18.525 5.104 0.405 71
18.476 5.099 0.409 79
18.452 5.096 0.421 78
18.458 5.097 0.422 22
18.459 5.097 0.418 14
18.468 5.098 0.415 14
18.441 5.095 0.429 86
18.452 5.096 0.418 74
18.513 5.103 0.408 65
18.446 5.095 0.412 83
18.509 5.102 0.403 65
18.802 5.149 0.427 16
18.763 5.106 0.451 69
18.773 5.132 0.423 39
18.772 5.115 0.447 68
18.796 5.164 0.398 39
18.791 5.146 0.420 24
18.771 5.121 0.436 63
18.801 5.137 0.445 18
18.786 5.136 0.430 33
18.808 5.154 0.427 18
18.793 5.129 0.449 58
18.794 5.151 0.416 33
18.785 5.161 0.391 57
18.775 5.128 0.431 47
18.785 5.146 0.414 21
18.785 5.157 0.397 58
18.816 5.162 0.422 40
18.825 5.166 0.426 12
18.779 5.127 0.436 57
18.778 5.128 0.434 51
18.826 5.162 0.433 8
18.796 5.162 0.400 19
18.791 5.157 0.403 44
18.803 5.146 0.433 8
18.804 5.145 0.436 21
18.793 5.144 0.425 15
18.796 5.160 0.403 26
18.787 5.157 0.399 60
18.780 5.141 0.417 13
18.775 5.121 0.441 61
18.783 5.146 0.412 26
18.775 5.143 0.408 51
18.774 5.115 0.450 67
18.769 5.109 0.454 71
18.790 5.141 0.427 13
18.764 5.111 0.446 66
18.807 5.165 0.409 89
18.751 5.135 0.397 58
18.728 5.122 0.395 59
18.766 5.153 0.385 62
18.774 5.145 0.404 57
18.758 5.120 0.427 63
18.768 5.153 0.386 61
18.775 5.145 0.404 57
18.763 5.146 0.392 69
18.754 5.143 0.388 63
18.769 5.132 0.419 59
18.744 5.112 0.425 58
18.761 5.148 0.387 63
18.756 5.117 0.429 59
18.765 5.140 0.403 52
18.745 5.119 0.414 59
18.758 5.112 0.437 69
18.745 5.112 0.425 58
18.741 5.117 0.414 61
18.769 5.138 0.409 59
18.755 5.133 0.404 59
18.747 5.116 0.421 56
18.773 5.154 0.389 65
18.764 5.144 0.396 66
18.777 5.151 0.398 55
18.739 5.129 0.396 64
18.743 5.112 0.423 66
18.761 5.139 0.400 69
18.757 5.142 0.393 65
18.761 5.119 0.430 66
18.813 5.490 0.596 64
18.814 5.487 0.634 45
18.815 5.487 0.645 36
18.817 5.498 0.623 33
18.809 5.478 0.584 76
18.819 5.503 0.631 23
18.816 5.499 0.609 45
18.822 5.514 0.629 26
18.820 5.506 0.644 29
18.818 5.497 0.646 28
18.808 5.478 0.581 66
18.818 5.504 0.623 30
18.818 5.496 0.649 31
18.811 5.487 0.588 84
18.819 5.505 0.632 23
18.811 5.481 0.614 63
18.820 5.504 0.646 29
18.821 5.508 0.639 27
18.817 5.493 0.660 40
18.821 5.512 0.632 24
18.813 5.482 0.641 61
18.809 5.483 0.574 130
18.818 5.504 0.609 35
18.820 5.503 0.661 36
18.820 5.511 0.617 25
18.808 5.479 0.572 164
18.811 5.488 0.586 87
18.817 5.491 0.654 37
18.820 5.501 0.660 36
18.806 5.473 0.564 172
18.815 5.492 0.628 37
18.821 5.509 0.649 29
18.811 5.479 0.617 63
18.813 5.484 0.640 54
18.810 5.482 0.580 71
18.819 5.526 0.573 115
18.815 5.509 0.575 114
18.821 5.549 0.544 155
18.818 5.529 0.561 127
18.811 5.504 0.549 85
18.812 5.508 0.547 112
18.822 5.524 0.602 27
18.820 5.533 0.568 125
18.823 5.541 0.572 131
18.815 5.521 0.549 128
18.810 5.487 0.572 124
18.823 5.541 0.578 131
18.814 5.519 0.546 141
18.822 5.524 0.598 131
18.812 5.504 0.561 120
18.816 5.525 0.551 126
18.814 5.508 0.568 131
18.819 5.522 0.579 120
18.810 5.496 0.553 69
18.818 5.545 0.532 159
18.821 5.549 0.546 145
18.822 5.528 0.590 133
18.816 5.521 0.559 128
18.820 5.545 0.547 134
18.816 5.523 0.552 127
18.819 5.537 0.554 124
18.820 5.514 0.600 38
18.809 5.483 0.573 130
18.810 5.487 0.575 80
18.819 5.515 0.591 138
18.819 5.527 0.570 122
18.811 5.496 0.560 82
18.819 5.528 0.567 125
18.814 5.506 0.565 129
18.819 5.533 0.558 124
18.823 5.511 0.671 42
18.823 5.515 0.648 33
18.826 5.522 0.665 38
18.824 5.514 0.670 38
18.825 5.520 0.665 38
18.821 5.502 0.670 44
18.822 5.509 0.664 45
18.826 5.521 0.670 35
18.827 5.528 0.663 41
18.823 5.513 0.653 34
18.821 5.507 0.659 35
18.825 5.525 0.631 25
18.823 5.530 0.707 92
18.823 5.532 0.707 94
18.822 5.522 0.703 113
18.822 5.516 0.697 80
18.818 5.511 0.718 82
18.820 5.517 0.708 81
18.820 5.533 0.723 94
18.820 5.515 0.707 82
18.817 5.534 0.741 117
18.820 5.527 0.719 87
18.819 5.519 0.715 83
18.821 5.520 0.707 84
18.821 5.507 0.694 53
18.820 5.515 0.711 76
18.821 5.509 0.700 78
18.819 5.513 0.712 73
18.821 5.540 0.723 105
18.824 5.528 0.700 148
18.818 5.521 0.725 87
18.822 5.554 0.552 121
18.821 5.560 0.526 159
18.822 5.559 0.537 155
18.826 5.552 0.610 24
18.825 5.558 0.594 23
18.826 5.545 0.612 25
18.823 5.555 0.570 19
18.825 5.548 0.601 23
18.824 5.537 0.593 131
18.822 5.555 0.555 118
18.823 5.550 0.568 133
18.824 5.541 0.596 138
18.823 5.558 0.558 21
18.829 5.531 0.661 47
18.828 5.532 0.640 46
18.828 5.531 0.647 43
18.828 5.530 0.658 42
18.830 5.535 0.626 134
18.387 5.540 0.708 117
18.394 5.553 0.729 117
18.369 5.569 0.689 101
18.389 5.551 0.718 120
18.366 5.565 0.682 64
18.372 5.554 0.687 76
18.377 5.539 0.687 67
18.407 5.541 0.749 116
18.367 5.539 0.666 52
18.375 5.543 0.686 63
18.405 5.537 0.741 115
18.369 5.586 0.700 119
18.369 5.542 0.673 55
18.392 5.548 0.723 118
18.377 5.539 0.687 67
18.387 5.550 0.713 118
18.390 5.542 0.715 120
18.366 5.543 0.666 63
18.381 5.535 0.693 85
18.368 5.543 0.671 54
18.405 5.543 0.744 112
18.377 5.566 0.703 117
18.378 5.569 0.708 112
18.374 5.573 0.702 115
18.378 5.550 0.695 107
18.381 5.569 0.714 114
18.362 5.532 0.652 90
18.379 5.543 0.692 87
18.386 5.556 0.716 122
18.382 5.574 0.718 108
18.359 5.537 0.650 92
18.388 5.559 0.721 114
18.389 5.564 0.726 116
18.367 5.541 0.669 50
18.362 5.536 0.656 122
18.380 5.535 0.691 85
18.380 5.533 0.689 65
18.383 5.572 0.719 110
18.427 5.550 0.761 107
18.480 5.595 0.785 104
18.477 5.584 0.781 102
18.426 5.562 0.764 111
18.521 5.601 0.795 112
18.496 5.597 0.789 103
18.426 5.579 0.770 113
18.461 5.577 0.776 99
18.484 5.588 0.784 97
18.441 5.563 0.767 111
18.426 5.588 0.772 115
18.462 5.570 0.774 101
18.468 5.590 0.781 99
18.429 5.566 0.766 108
18.458 5.584 0.777 100
18.458 5.578 0.775 99
18.434 5.572 0.769 106
18.446 5.566 0.769 107
18.461 5.595 0.781 100
18.412 5.541 0.755 119
18.492 5.592 0.786 102
18.501 5.591 0.788 106
18.421 5.547 0.758 116
18.459 5.590 0.779 103
18.424 5.568 0.766 114
18.480 5.592 0.784 103
18.428 5.567 0.766 108
18.441 5.570 0.769 108
18.386 5.571 0.724 114
18.375 5.584 0.711 110
18.391 5.584 0.730 107
18.397 5.565 0.737 109
18.377 5.590 0.714 107
18.391 5.588 0.730 107
18.398 5.582 0.739 106
18.399 5.585 0.740 117
18.407 5.559 0.750 119
18.383 5.579 0.720 111
18.382 5.575 0.719 109
18.405 5.590 0.748 116
18.391 5.589 0.731 108
18.409 5.560 0.752 119
18.406 5.561 0.749 119
18.386 5.576 0.724 113
18.391 5.589 0.730 108
18.415 5.586 0.761 115
18.402 5.580 0.744 119
18.413 5.549 0.757 120
18.388 5.588 0.727 110
18.401 5.590 0.744 117
18.398 5.586 0.740 117
18.352 5.560 0.407 41
18.646 5.597 0.797 109
18.617 5.605 0.798 115
18.681 5.601 0.798 120
18.572 5.602 0.797 112
18.636 5.614 0.801 116
18.595 5.609 0.799 111
18.649 5.596 0.796 108
18.674 5.594 0.796 112
18.651 5.609 0.800 106
18.631 5.611 0.800 108
18.679 5.593 0.796 118
18.663 5.609 0.800 120
18.549 5.614 0.800 111
18.628 5.600 0.797 107
18.533 5.609 0.799 108
18.638 5.613 0.801 118
18.553 5.612 0.800 111
18.625 5.607 0.799 108
18.683 5.595 0.797 116
18.575 5.602 0.797 111
18.660 5.599 0.797 113
18.608 5.614 0.801 106
18.608 5.601 0.797 108
18.591 5.613 0.800 110
18.637 5.597 0.797 119
18.628 5.612 0.801 108
18.582 5.604 0.798 105
18.348 5.563 0.410 102
18.357 5.559 0.407 35
18.380 5.563 0.411 17
18.351 5.563 0.410 87
18.376 5.557 0.406 28
18.355 5.563 0.410 67
18.369 5.563 0.410 13
18.372 5.484 0.411 22
18.376 5.411 0.406 19
18.364 5.435 0.419 14
18.371 5.424 0.412 17
18.371 5.449 0.413 14
18.376 5.468 0.407 20
18.373 5.437 0.409 17
18.375 5.420 0.407 21
18.370 5.448 0.413 14
18.372 5.467 0.412 17
18.375 5.486 0.408 21
18.372 5.446 0.411 14
18.371 5.475 0.412 19
18.377 5.423 0.405 27
18.384 5.558 0.414 10
18.382 5.550 0.406 35
18.381 5.552 0.404 32
18.391 5.561 0.427 12
18.397 5.561 0.439 19
18.389 5.556 0.422 15
18.411 5.516 0.446 126
18.382 5.558 0.409 24
18.386 5.555 0.415 14
18.412 5.511 0.446 130
18.409 5.542 0.454 141
18.412 5.507 0.444 144
18.386 5.549 0.413 14
18.403 5.539 0.440 58
18.388 5.560 0.422 8
18.405 5.537 0.444 119
18.399 5.533 0.431 62
18.415 5.500 0.448 131
18.400 5.569 0.448 33
18.396 5.530 0.424 18
18.396 5.560 0.437 10
18.402 5.531 0.435 56
18.399 5.552 0.440 20
18.403 5.524 0.434 57
18.398 5.559 0.440 13
18.392 5.565 0.431 20
18.403 5.544 0.442 59
18.404 5.568 0.456 73
18.409 5.513 0.442 120
18.418 5.503 0.454 150
18.396 5.553 0.434 20
18.409 5.546 0.455 65
18.412 5.119 0.419 80
18.398 5.142 0.406 85
18.397 5.128 0.420 63
18.396 5.127 0.422 76
18.350 5.179 0.403 24
18.385 5.142 0.414 84
18.364 5.168 0.404 18
18.365 5.164 0.407 22
18.372 5.151 0.415 20
18.345 5.182 0.403 27
18.391 5.145 0.408 79
18.347 5.178 0.406 29
18.396 5.141 0.408 81
18.423 5.097 0.432 78
18.394 5.129 0.422 78
18.384 5.141 0.416 70
18.382 5.190 0.387 77
18.362 5.173 0.400 18
18.377 5.179 0.393 79
18.372 5.177 0.396 27
18.365 5.189 0.393 23
18.383 5.186 0.388 74
18.381 5.169 0.395 81
18.373 5.170 0.398 18
18.387 5.187 0.386 75
18.374 5.186 0.391 65
18.364 5.174 0.400 22
18.383 5.193 0.385 79
18.372 5.178 0.395 27
18.381 5.355 0.393 52
18.383 5.375 0.395 90
18.385 5.348 0.388 20
18.392 5.332 0.380 71
18.372 5.341 0.399 30
18.394 5.335 0.379 48
18.380 5.382 0.398 75
18.372 5.367 0.402 88
18.397 5.329 0.375 56
18.386 5.368 0.391 84
18.372 5.363 0.402 82
18.377 5.365 0.398 91
18.372 5.353 0.400 70
18.370 5.353 0.402 69
18.375 5.338 0.395 31
18.379 5.348 0.393 25
18.396 5.337 0.378 32
18.404 5.362 0.374 74
18.404 5.402 0.380 86
18.405 5.347 0.371 26
18.395 5.395 0.387 86
18.410 5.349 0.367 24
18.415 5.379 0.366 73
18.405 5.338 0.369 39
18.416 5.402 0.369 77
18.414 5.405 0.372 82
18.399 5.330 0.374 72
18.392 5.363 0.385 81
18.406 5.334 0.369 57
18.421 5.389 0.363 72
18.384 5.392 0.396 83
18.391 5.373 0.387 81
18.413 5.360 0.366 79
18.387 5.378 0.392 93
18.415 5.396 0.369 77
18.410 5.358 0.368 69
18.390 5.406 0.392 87
18.399 5.337 0.375 41
18.385 5.391 0.395 83
18.408 5.347 0.368 27
18.400 5.387 0.382 78
18.401 5.335 0.373 65
18.395 5.402 0.388 85
18.414 5.380 0.368 74
18.408 5.406 0.377 88
18.424 5.403 0.362 74
18.397 5.372 0.382 80
18.369 5.371 0.408 69
18.364 5.358 0.416 37
18.354 5.334 0.430 26
18.365 5.365 0.414 22
18.375 5.401 0.407 40
18.362 5.343 0.413 22
18.353 5.326 0.428 9
18.369 5.382 0.412 18
18.364 5.364 0.416 28
18.368 5.372 0.412 44
18.360 5.336 0.415 28
18.356 5.350 0.428 18
18.366 5.413 0.418 13
18.366 5.375 0.417 16
18.373 5.408 0.409 14
18.359 5.392 0.425 12
18.359 5.394 0.424 12
18.360 5.398 0.424 13
18.365 5.390 0.418 13
18.365 5.405 0.418 13
18.362 5.407 0.422 13
18.356 5.363 0.428 14
18.358 5.388 0.425 12
18.365 5.384 0.418 13
18.363 5.389 0.421 12
18.781 5.492 0.552 50
18.801 5.488 0.555 69
18.777 5.523 0.539 113
18.792 5.536 0.534 116
18.797 5.519 0.541 61
18.799 5.480 0.558 97
18.809 5.497 0.551 63
18.809 5.544 0.532 165
18.791 5.506 0.547 94
18.807 5.557 0.526 163
18.788 5.526 0.538 68
18.746 5.536 0.533 49
18.797 5.496 0.551 72
18.776 5.515 0.543 78
18.770 5.532 0.535 91
18.820 5.554 0.528 156
18.789 5.491 0.553 89
18.798 5.532 0.536 129
18.792 5.517 0.542 63
18.783 5.514 0.543 107
18.770 5.509 0.544 32
18.778 5.528 0.537 100
18.791 5.548 0.529 153
18.757 5.546 0.529 56
18.764 5.541 0.531 68
18.790 5.535 0.535 80
18.786 5.513 0.543 98
18.792 5.529 0.537 68
18.794 5.527 0.538 79
18.760 5.525 0.538 32
18.774 5.516 0.542 59
18.790 5.538 0.533 120
18.780 5.528 0.537 80
18.762 5.525 0.538 30
18.817 5.552 0.529 161
18.739 5.543 0.530 67
18.790 5.486 0.555 89
18.747 5.540 0.531 42
18.772 5.542 0.531 101
18.774 5.499 0.549 32
18.803 5.513 0.544 67
18.796 5.486 0.555 94
18.792 5.527 0.538 68
18.731 5.501 0.547 110
18.785 5.478 0.558 34
18.725 5.512 0.542 107
18.743 5.521 0.539 80
18.723 5.498 0.547 108
18.769 5.500 0.548 31
18.733 5.534 0.533 87
18.768 5.500 0.548 31
18.753 5.515 0.542 61
18.773 5.494 0.551 26
18.726 5.513 0.541 111
18.732 5.521 0.539 111
18.777 5.481 0.557 40
18.749 5.490 0.552 114
18.757 5.510 0.544 53
18.791 5.479 0.558 82
18.745 5.503 0.546 106
18.722 5.505 0.544 103
18.753 5.506 0.545 77
18.733 5.506 0.544 114
18.745 5.524 0.538 77
