19.121 1.139 0.241 48
19.132 1.116 0.236 61
19.125 1.141 0.241 58
19.134 1.144 0.240 64
19.122 1.149 0.242 55
19.131 1.118 0.236 60
19.128 1.132 0.239 59
19.116 1.174 0.247 100
19.114 1.170 0.247 60
19.116 1.169 0.247 72
19.131 1.148 0.241 59
19.136 1.117 0.235 68
19.078 1.077 0.056 21
19.126 1.070 0.071 30
19.084 1.076 0.065 31
19.090 1.075 0.069 33
19.081 1.076 0.059 24
19.101 1.073 0.068 32
19.091 1.075 0.056 33
19.205 1.339 0.098 38
19.208 1.309 0.084 38
19.204 1.335 0.093 38
19.206 1.327 0.092 38
19.205 1.340 0.100 37
19.208 1.328 0.099 37
19.205 1.336 0.097 38
19.198 1.355 0.094 38
19.203 1.330 0.089 40
19.205 1.306 0.076 39
19.210 1.329 0.103 35
19.210 1.301 0.082 37
19.205 1.324 0.087 40
19.199 1.341 0.087 41
19.197 1.359 0.095 38
19.207 1.331 0.098 38
19.200 1.355 0.098 37
19.090 1.454 0.351 104
19.048 1.413 0.344 42
19.070 1.434 0.342 31
19.057 1.421 0.337 44
19.060 1.424 0.337 41
19.057 1.421 0.344 43
19.045 1.411 0.349 44
19.059 1.425 0.351 51
19.051 1.417 0.351 46
19.090 1.455 0.351 119
19.064 1.428 0.338 49
19.093 1.458 0.353 124
19.182 1.434 0.093 48
19.189 1.414 0.102 51
19.184 1.415 0.094 50
19.175 1.447 0.081 52
19.189 1.417 0.104 55
19.184 1.450 0.100 36
19.184 1.452 0.099 37
19.196 1.427 0.118 86
19.204 1.431 0.135 87
19.191 1.431 0.110 69
19.197 1.418 0.119 80
19.196 1.400 0.113 65
19.188 1.404 0.098 52
19.192 1.423 0.110 59
19.188 1.442 0.106 46
19.210 1.432 0.147 92
19.200 1.429 0.127 85
19.194 1.443 0.118 133
19.190 1.417 0.105 55
19.201 1.428 0.129 87
19.200 1.409 0.124 76
19.178 1.434 0.086 49
19.197 1.419 0.119 80
19.192 1.430 0.111 69
19.186 1.427 0.100 49
19.178 1.432 0.085 51
19.190 1.389 0.101 49
19.228 1.302 0.065 35
19.227 1.247 0.052 35
19.219 1.251 0.056 32
19.236 1.308 0.063 75
19.230 1.317 0.068 44
19.230 1.225 0.045 32
19.227 1.236 0.049 31
19.228 1.213 0.042 31
19.224 1.253 0.055 36
19.228 1.230 0.047 33
19.224 1.261 0.057 38
19.223 1.231 0.050 35
19.224 1.284 0.062 38
19.232 1.298 0.062 45
19.231 1.321 0.068 36
19.235 1.318 0.066 38
19.233 1.307 0.064 45
19.220 1.286 0.065 38
19.233 1.249 0.050 76
19.220 1.300 0.068 38
19.212 1.356 0.084 39
19.216 1.281 0.065 38
19.212 1.322 0.076 41
19.223 1.300 0.067 38
19.227 1.340 0.075 40
19.207 1.308 0.075 38
19.207 1.358 0.087 40
19.207 1.304 0.074 38
19.198 1.358 0.091 39
19.208 1.297 0.072 38
19.200 1.348 0.087 40
19.200 1.338 0.085 41
19.226 1.348 0.077 39
19.206 1.348 0.085 40
19.214 1.302 0.071 39
19.233 1.334 0.071 43
19.230 1.325 0.070 45
19.209 1.300 0.072 37
19.211 1.318 0.076 41
19.203 1.358 0.088 39
19.218 1.335 0.077 40
19.194 1.381 0.098 40
19.196 1.375 0.095 39
19.233 1.374 0.089 42
19.212 1.391 0.100 58
19.210 1.411 0.111 70
19.222 1.413 0.110 81
19.232 1.402 0.104 71
19.215 1.420 0.114 87
19.229 1.384 0.094 57
19.202 1.384 0.098 45
19.225 1.361 0.083 39
19.208 1.398 0.104 61
19.227 1.429 0.118 84
19.233 1.360 0.082 38
19.213 1.373 0.091 38
19.231 1.351 0.077 39
19.226 1.356 0.081 39
19.219 1.375 0.091 40
19.215 1.418 0.114 85
19.227 1.349 0.077 39
19.222 1.422 0.115 87
19.230 1.372 0.088 39
19.219 1.366 0.087 39
19.222 1.398 0.102 64
19.227 1.371 0.088 39
19.221 1.380 0.094 46
19.224 1.412 0.109 83
19.225 1.422 0.114 87
19.227 1.352 0.079 39
19.149 1.059 0.068 23
19.134 1.057 0.059 35
19.102 1.066 0.050 30
19.086 1.062 0.036 49
19.121 1.065 0.059 29
19.098 1.068 0.049 31
19.119 1.056 0.050 29
19.089 1.067 0.042 27
19.131 1.061 0.060 28
19.084 1.064 0.037 40
19.118 1.062 0.054 26
19.076 1.070 0.038 15
19.095 1.066 0.045 29
19.112 1.071 0.060 33
19.112 1.063 0.052 34
19.067 1.077 0.039 96
19.104 1.062 0.047 31
19.081 1.066 0.037 30
19.046 1.142 0.195 32
19.055 1.082 0.200 29
19.048 1.158 0.109 34
19.033 1.214 0.240 34
19.041 1.155 0.255 32
19.026 1.289 0.171 41
19.013 1.384 0.166 47
19.041 1.186 0.178 33
19.049 1.132 0.173 31
19.025 1.299 0.165 42
19.035 1.238 0.147 34
19.018 1.340 0.191 42
19.033 1.259 0.119 37
19.037 1.233 0.121 33
19.049 1.094 0.268 31
19.036 1.206 0.203 33
19.035 1.237 0.137 34
19.036 1.216 0.187 34
19.055 1.089 0.174 31
19.040 1.165 0.253 33
19.013 1.378 0.171 47
19.022 1.323 0.155 43
19.013 1.381 0.167 47
19.030 1.269 0.158 39
19.047 1.141 0.178 32
19.046 1.178 0.089 30
19.033 1.212 0.247 34
19.032 1.264 0.136 37
19.059 1.095 0.087 28
19.061 1.081 0.086 26
19.050 1.120 0.185 30
19.037 1.185 0.246 33
19.048 1.096 0.286 29
19.024 1.311 0.146 42
19.049 1.140 0.137 32
19.049 1.160 0.079 30
19.021 1.308 0.215 39
19.032 1.267 0.115 37
19.039 1.210 0.150 34
19.038 1.174 0.272 32
19.047 1.107 0.279 30
19.031 1.264 0.142 36
19.038 1.201 0.180 33
19.024 1.316 0.136 41
19.041 1.187 0.159 34
19.056 1.091 0.157 32
19.056 1.116 0.068 28
19.040 1.157 0.264 31
19.023 1.308 0.184 41
19.054 1.121 0.103 31
19.032 1.255 0.147 35
19.052 1.135 0.109 31
19.036 1.217 0.186 34
19.042 1.139 0.276 30
19.022 1.318 0.161 42
19.039 1.217 0.125 31
19.027 1.263 0.223 35
19.035 1.238 0.141 35
19.053 1.118 0.120 31
19.046 1.183 0.091 31
19.015 1.366 0.164 45
19.040 1.165 0.242 32
19.053 1.130 0.097 30
19.042 1.142 0.275 30
19.056 1.092 0.136 35
19.041 1.190 0.163 33
19.024 1.314 0.135 41
19.049 1.146 0.129 33
19.051 1.149 0.088 30
19.048 1.168 0.089 31
19.050 1.132 0.151 32
19.039 1.169 0.267 32
19.027 1.265 0.224 35
19.054 1.119 0.106 31
19.047 1.148 0.153 33
19.045 1.175 0.118 33
19.018 1.341 0.194 43
19.041 1.185 0.180 33
19.019 1.330 0.195 42
19.048 1.110 0.240 30
19.025 1.288 0.204 36
19.030 1.256 0.182 36
19.053 1.134 0.082 30
19.049 1.154 0.097 33
19.049 1.088 0.281 30
19.030 1.273 0.149 37
19.053 1.127 0.108 30
19.056 1.124 0.065 25
19.043 1.201 0.091 31
19.047 1.155 0.138 32
19.061 1.086 0.064 26
19.054 1.123 0.094 30
19.041 1.199 0.137 33
19.021 1.313 0.210 40
19.033 1.244 0.174 36
19.045 1.125 0.256 32
19.028 1.259 0.227 35
19.027 1.293 0.149 40
19.042 1.141 0.282 31
19.030 1.252 0.206 35
19.017 1.354 0.166 44
19.046 1.183 0.092 31
19.046 1.152 0.167 32
19.054 1.101 0.150 32
19.022 1.307 0.200 40
19.047 1.151 0.159 34
19.037 1.207 0.182 33
19.026 1.288 0.180 40
19.053 1.131 0.099 30
19.051 1.111 0.182 31
19.021 1.323 0.170 42
19.053 1.135 0.090 31
19.045 1.152 0.195 33
19.055 1.116 0.107 31
19.053 1.140 0.073 30
19.036 1.187 0.259 32
19.037 1.226 0.142 35
19.020 1.339 0.144 44
19.053 1.133 0.082 30
19.045 1.175 0.128 34
19.011 1.392 0.175 49
19.047 1.146 0.172 32
19.051 1.120 0.171 32
19.027 1.283 0.170 40
19.049 1.091 0.290 30
19.043 1.184 0.140 33
19.024 1.299 0.191 38
19.038 1.213 0.162 34
19.022 1.304 0.210 39
19.046 1.135 0.211 30
19.056 1.086 0.156 32
19.024 1.319 0.138 40
19.035 1.229 0.164 35
19.017 1.348 0.179 44
19.037 1.225 0.147 35
19.045 1.144 0.215 31
19.029 1.276 0.149 37
19.052 1.090 0.221 29
19.043 1.167 0.184 30
19.025 1.290 0.192 37
19.032 1.257 0.150 35
19.049 1.136 0.161 32
19.046 1.158 0.144 33
19.039 1.187 0.203 32
19.038 1.208 0.167 34
19.043 1.191 0.115 33
19.029 1.289 0.126 38
19.061 1.086 0.071 25
19.036 1.228 0.154 34
19.061 1.092 0.056 14
19.045 1.133 0.243 31
19.056 1.118 0.078 29
19.019 1.338 0.166 43
19.060 1.094 0.068 28
19.026 1.299 0.141 40
19.051 1.098 0.220 30
19.040 1.216 0.107 33
19.011 1.392 0.176 49
19.029 1.283 0.126 38
19.025 1.280 0.221 37
19.023 1.314 0.161 41
19.037 1.235 0.115 34
19.033 1.245 0.168 37
19.054 1.120 0.105 31
19.037 1.203 0.193 33
19.061 1.093 0.052 12
19.041 1.156 0.249 32
19.045 1.113 0.288 30
19.027 1.293 0.154 40
19.032 1.226 0.239 33
19.021 1.324 0.170 42
19.041 1.154 0.258 32
19.026 1.281 0.188 38
19.059 1.104 0.058 15
19.039 1.199 0.174 34
19.044 1.146 0.218 31
19.030 1.264 0.167 39
19.046 1.104 0.300 28
19.044 1.177 0.129 34
19.041 1.167 0.234 32
19.043 1.140 0.269 30
19.023 1.298 0.202 38
19.021 1.320 0.176 42
19.046 1.138 0.209 30
19.039 1.201 0.168 34
19.035 1.222 0.187 34
19.042 1.176 0.175 33
19.057 1.086 0.144 31
19.031 1.246 0.203 35
19.053 1.099 0.183 31
19.031 1.259 0.163 38
19.048 1.099 0.284 28
19.038 1.208 0.160 34
19.021 1.307 0.211 39
19.052 1.122 0.134 33
19.035 1.217 0.202 33
19.022 1.326 0.140 42
19.052 1.085 0.242 29
19.047 1.141 0.176 32
19.047 1.168 0.109 34
19.048 1.149 0.136 33
19.048 1.130 0.192 31
19.043 1.192 0.114 33
19.046 1.152 0.166 33
19.044 1.136 0.246 31
19.039 1.194 0.188 33
19.036 1.212 0.199 33
19.033 1.216 0.249 34
19.050 1.085 0.275 30
19.019 1.350 0.148 45
19.041 1.181 0.177 33
19.055 1.106 0.118 30
19.053 1.107 0.151 31
19.047 1.122 0.234 31
19.044 1.169 0.163 32
19.052 1.115 0.161 32
19.048 1.126 0.201 30
19.058 1.088 0.126 31
19.032 1.228 0.221 35
19.036 1.204 0.226 34
19.017 1.347 0.193 44
19.050 1.110 0.206 29
19.037 1.205 0.195 32
19.047 1.144 0.171 33
19.017 1.357 0.157 45
19.042 1.149 0.258 32
19.043 1.152 0.226 31
19.042 1.183 0.170 32
19.054 1.131 0.067 26
19.052 1.138 0.089 31
19.038 1.228 0.115 34
19.049 1.111 0.218 31
19.035 1.209 0.230 33
19.050 1.131 0.146 31
19.021 1.316 0.192 41
19.044 1.160 0.194 31
19.055 1.114 0.109 31
19.015 1.366 0.176 46
19.053 1.111 0.154 31
19.054 1.090 0.184 29
19.039 1.223 0.104 33
19.049 1.095 0.262 31
19.049 1.155 0.108 34
19.056 1.102 0.126 31
19.052 1.111 0.162 32
19.058 1.085 0.118 32
19.049 1.085 0.291 29
19.041 1.157 0.250 33
19.038 1.203 0.185 33
19.041 1.204 0.131 33
19.050 1.100 0.229 31
19.036 1.199 0.239 34
19.044 1.126 0.280 31
19.057 1.099 0.106 28
19.039 1.203 0.155 34
19.042 1.157 0.236 31
19.027 1.275 0.200 37
19.037 1.227 0.137 35
19.047 1.130 0.220 31
19.017 1.361 0.152 47
19.049 1.149 0.112 34
19.023 1.307 0.185 41
19.061 1.085 0.069 25
19.048 1.119 0.231 31
19.040 1.179 0.220 32
19.051 1.135 0.113 30
19.035 1.236 0.155 36
19.051 1.147 0.083 31
19.037 1.204 0.199 32
19.057 1.092 0.125 32
19.043 1.147 0.238 31
19.048 1.154 0.119 34
19.041 1.164 0.225 31
19.045 1.172 0.133 33
19.047 1.136 0.199 31
19.050 1.149 0.097 31
19.060 1.084 0.085 25
19.021 1.308 0.211 40
19.038 1.218 0.134 34
19.059 1.102 0.064 26
19.014 1.372 0.172 46
19.046 1.162 0.142 33
19.035 1.205 0.239 33
19.050 1.115 0.202 30
19.040 1.176 0.212 31
19.061 1.082 0.066 26
19.049 1.158 0.100 33
19.025 1.290 0.198 37
19.035 1.224 0.180 33
19.019 1.346 0.149 44
19.021 1.314 0.200 41
19.048 1.153 0.136 33
19.045 1.149 0.195 33
19.045 1.169 0.141 33
19.051 1.113 0.182 30
19.020 1.338 0.149 44
19.056 1.113 0.089 30
19.047 1.168 0.112 34
19.026 1.275 0.219 36
19.036 1.229 0.145 35
19.048 1.118 0.218 31
19.034 1.239 0.163 36
19.037 1.232 0.116 34
19.036 1.209 0.195 33
19.055 1.115 0.106 31
19.059 1.088 0.091 30
19.035 1.214 0.204 34
19.026 1.296 0.147 41
19.036 1.197 0.244 32
19.049 1.111 0.231 31
19.050 1.090 0.258 30
19.043 1.138 0.268 30
19.031 1.239 0.219 35
19.049 1.165 0.078 29
19.053 1.136 0.074 28
19.047 1.155 0.146 33
19.038 1.220 0.144 34
19.053 1.107 0.160 32
19.052 1.140 0.078 29
19.046 1.130 0.228 31
19.019 1.328 0.206 41
19.023 1.306 0.191 39
19.012 1.390 0.172 49
19.020 1.327 0.177 43
19.031 1.231 0.231 34
19.038 1.221 0.127 34
19.045 1.120 0.277 31
19.057 1.090 0.131 32
19.049 1.127 0.186 30
19.041 1.174 0.199 31
19.043 1.189 0.130 33
19.042 1.184 0.158 34
19.039 1.206 0.159 34
19.054 1.129 0.070 28
19.029 1.284 0.129 38
19.033 1.234 0.186 35
19.047 1.146 0.171 33
19.046 1.124 0.256 32
19.018 1.348 0.156 45
19.050 1.134 0.135 32
19.046 1.139 0.210 30
19.037 1.220 0.155 35
19.022 1.306 0.196 39
19.053 1.100 0.176 31
19.058 1.088 0.115 30
19.011 1.395 0.173 47
19.031 1.258 0.157 36
19.035 1.235 0.146 34
19.041 1.193 0.162 33
19.052 1.124 0.127 29
19.044 1.159 0.191 31
19.053 1.121 0.117 30
19.054 1.084 0.212 29
19.035 1.237 0.149 34
19.049 1.137 0.151 32
19.043 1.174 0.169 32
19.046 1.164 0.141 32
19.036 1.223 0.166 35
19.043 1.199 0.089 31
19.049 1.130 0.179 31
19.043 1.187 0.127 34
19.061 1.090 0.049 47
19.041 1.210 0.109 32
19.050 1.125 0.161 31
19.029 1.249 0.232 34
19.035 1.225 0.179 34
19.034 1.220 0.212 33
19.056 1.088 0.150 32
19.035 1.221 0.182 33
19.037 1.238 0.110 34
19.048 1.165 0.094 31
19.042 1.194 0.137 33
19.044 1.193 0.103 31
19.057 1.109 0.080 29
19.043 1.138 0.264 31
19.042 1.173 0.184 33
19.041 1.153 0.266 31
19.045 1.182 0.105 31
19.030 1.277 0.126 37
19.031 1.263 0.151 36
19.049 1.114 0.211 30
19.046 1.128 0.246 31
19.046 1.129 0.237 31
19.038 1.196 0.197 34
19.024 1.310 0.155 41
19.037 1.218 0.161 35
19.058 1.095 0.095 30
19.049 1.085 0.295 29
19.048 1.109 0.241 30
19.035 1.248 0.122 36
19.029 1.249 0.234 34
19.047 1.150 0.148 34
19.019 1.343 0.167 43
19.040 1.189 0.188 32
19.042 1.194 0.134 32
19.021 1.330 0.148 43
19.032 1.237 0.198 35
19.047 1.117 0.248 31
19.036 1.213 0.188 34
19.025 1.280 0.227 35
19.043 1.136 0.277 30
19.057 1.091 0.119 30
19.039 1.202 0.168 34
19.056 1.100 0.132 31
19.056 1.082 0.163 31
19.046 1.123 0.259 32
19.060 1.094 0.063 23
19.040 1.200 0.148 34
19.058 1.085 0.120 32
19.043 1.199 0.099 31
19.047 1.154 0.151 34
19.053 1.096 0.198 30
19.029 1.274 0.153 37
19.056 1.102 0.117 29
19.038 1.196 0.203 33
19.031 1.277 0.120 38
19.036 1.216 0.182 34
19.034 1.228 0.189 34
19.051 1.141 0.109 31
19.035 1.249 0.117 36
19.045 1.160 0.163 34
19.048 1.091 0.302 28
19.037 1.187 0.238 33
19.051 1.101 0.210 29
19.037 1.223 0.142 34
19.035 1.207 0.221 34
19.044 1.136 0.258 31
19.009 1.410 0.168 48
19.033 1.234 0.185 35
19.056 1.105 0.098 29
19.053 1.102 0.173 30
19.032 1.236 0.214 35
19.032 1.237 0.203 35
19.036 1.242 0.117 34
19.048 1.138 0.174 32
19.022 1.327 0.153 42
19.037 1.212 0.178 34
19.046 1.158 0.148 34
19.032 1.235 0.213 35
19.015 1.360 0.191 44
19.050 1.121 0.177 32
19.042 1.172 0.196 31
19.045 1.177 0.128 34
19.059 1.101 0.062 26
19.053 1.122 0.117 30
19.057 1.115 0.060 31
19.031 1.235 0.228 34
19.022 1.299 0.217 37
19.019 1.344 0.150 44
19.029 1.277 0.155 38
19.047 1.145 0.163 32
19.039 1.204 0.165 34
19.045 1.115 0.290 30
19.050 1.154 0.094 31
19.049 1.150 0.112 33
19.043 1.203 0.091 31
19.057 1.082 0.145 31
19.042 1.170 0.194 31
19.031 1.255 0.174 37
19.024 1.213 0.350 86
19.035 1.157 0.330 60
19.030 1.216 0.279 33
19.017 1.309 0.258 36
19.045 1.102 0.313 23
19.023 1.227 0.336 92
19.014 1.306 0.294 35
19.025 1.216 0.334 59
19.020 1.271 0.295 34
19.015 1.293 0.312 33
19.033 1.188 0.295 31
19.035 1.163 0.321 28
19.040 1.143 0.303 29
19.028 1.216 0.299 32
19.020 1.285 0.270 34
19.022 1.300 0.223 36
19.023 1.283 0.236 35
19.013 1.332 0.266 38
19.032 1.218 0.254 34
19.030 1.228 0.255 33
19.025 1.238 0.304 30
19.019 1.289 0.274 35
19.017 1.291 0.298 33
19.020 1.312 0.217 39
19.016 1.347 0.204 43
19.042 1.123 0.320 23
19.025 1.225 0.317 30
19.012 1.366 0.211 44
19.015 1.331 0.244 39
19.027 1.236 0.284 32
19.030 1.214 0.285 32
19.017 1.271 0.324 33
19.022 1.232 0.342 117
19.022 1.278 0.260 34
19.038 1.147 0.316 23
19.012 1.348 0.250 40
19.021 1.259 0.300 33
19.030 1.206 0.294 32
19.028 1.201 0.328 19
19.018 1.291 0.279 34
19.021 1.280 0.263 34
19.015 1.318 0.268 37
19.024 1.230 0.325 30
19.012 1.365 0.211 44
19.015 1.333 0.236 39
19.024 1.240 0.309 31
19.021 1.281 0.267 34
19.024 1.221 0.342 119
19.023 1.244 0.315 31
19.033 1.201 0.271 32
19.016 1.325 0.243 38
19.032 1.219 0.255 33
19.037 1.145 0.325 34
19.024 1.278 0.236 35
19.035 1.189 0.277 31
19.026 1.218 0.321 30
19.033 1.181 0.312 31
19.026 1.263 0.239 35
19.031 1.213 0.277 31
19.019 1.322 0.213 41
19.040 1.142 0.299 29
19.013 1.342 0.243 40
19.024 1.231 0.326 30
19.044 1.110 0.314 26
19.031 1.215 0.273 32
19.015 1.302 0.301 34
19.043 1.118 0.313 30
19.018 1.324 0.224 38
19.025 1.243 0.296 31
19.013 1.362 0.205 43
19.031 1.204 0.296 31
19.017 1.275 0.327 26
19.017 1.332 0.223 40
19.022 1.263 0.286 34
19.030 1.192 0.322 27
19.014 1.303 0.302 34
19.017 1.260 0.354 73
19.017 1.314 0.248 38
19.013 1.328 0.272 37
19.021 1.243 0.338 112
19.020 1.243 0.343 120
19.026 1.261 0.246 34
19.032 1.177 0.329 29
19.019 1.247 0.350 96
19.031 1.229 0.250 33
19.019 1.264 0.318 32
19.018 1.291 0.282 34
19.021 1.309 0.220 39
19.014 1.320 0.275 37
19.015 1.326 0.256 37
19.017 1.273 0.321 32
19.022 1.226 0.350 96
19.026 1.214 0.336 119
19.037 1.166 0.291 39
19.027 1.210 0.326 28
19.024 1.241 0.307 31
19.024 1.232 0.324 30
19.028 1.231 0.271 32
19.030 1.225 0.263 33
19.033 1.178 0.311 30
19.026 1.263 0.245 35
19.015 1.301 0.303 33
19.021 1.303 0.230 35
19.040 1.135 0.315 28
19.035 1.184 0.281 31
19.023 1.227 0.337 92
19.018 1.300 0.265 35
19.020 1.313 0.221 39
19.027 1.240 0.271 33
19.031 1.184 0.333 118
19.033 1.205 0.270 32
19.028 1.212 0.312 30
19.025 1.214 0.337 119
19.015 1.333 0.237 40
19.027 1.219 0.313 30
19.022 1.245 0.322 32
19.025 1.220 0.330 24
19.039 1.140 0.315 28
19.024 1.269 0.256 34
19.030 1.185 0.335 118
19.021 1.271 0.280 34
19.026 1.268 0.236 35
19.023 1.224 0.351 68
19.039 1.146 0.309 29
19.030 1.219 0.275 32
19.033 1.170 0.326 22
19.020 1.257 0.323 32
19.025 1.247 0.287 32
19.038 1.158 0.301 28
19.041 1.127 0.312 27
19.014 1.352 0.212 43
19.040 1.150 0.291 31
19.022 1.242 0.326 29
19.036 1.173 0.295 32
19.035 1.178 0.291 31
19.026 1.214 0.328 20
19.021 1.286 0.261 34
19.021 1.302 0.230 35
19.015 1.354 0.200 45
19.039 1.149 0.307 27
19.013 1.357 0.217 43
19.022 1.270 0.274 34
19.019 1.294 0.264 35
19.021 1.293 0.249 35
19.019 1.245 0.354 57
19.034 1.184 0.297 30
19.027 1.258 0.242 34
19.041 1.137 0.295 29
19.034 1.185 0.288 30
19.015 1.299 0.307 33
19.021 1.298 0.231 35
19.015 1.353 0.207 43
19.024 1.216 0.349 85
19.019 1.287 0.274 35
19.016 1.305 0.279 36
19.047 1.092 0.310 28
19.035 1.166 0.318 29
19.018 1.300 0.268 36
19.016 1.279 0.326 28
19.034 1.170 0.315 29
19.014 1.327 0.264 37
19.022 1.270 0.272 34
19.023 1.271 0.257 34
19.027 1.234 0.282 32
19.020 1.271 0.299 34
19.032 1.198 0.289 30
19.032 1.207 0.278 31
19.016 1.339 0.216 42
19.032 1.218 0.254 34
19.035 1.176 0.299 31
19.025 1.215 0.340 128
19.029 1.231 0.270 32
19.009 1.406 0.175 47
19.020 1.255 0.323 32
19.034 1.167 0.329 41
19.040 1.139 0.310 27
19.035 1.189 0.272 32
19.031 1.194 0.312 29
19.022 1.232 0.340 117
19.038 1.164 0.288 35
19.012 1.361 0.225 43
19.022 1.265 0.288 34
19.029 1.242 0.247 33
19.030 1.224 0.261 33
19.042 1.127 0.310 33
19.032 1.200 0.293 30
19.013 1.325 0.277 37
19.033 1.199 0.281 31
19.017 1.279 0.312 33
19.021 1.274 0.280 34
19.036 1.179 0.276 31
19.018 1.269 0.319 31
19.019 1.294 0.262 35
19.039 1.146 0.306 28
19.027 1.232 0.288 32
19.041 1.133 0.309 32
19.023 1.242 0.312 31
19.021 1.244 0.337 86
19.027 1.228 0.300 32
19.025 1.262 0.260 34
19.023 1.245 0.308 32
19.030 1.197 0.316 30
19.020 1.286 0.273 35
19.029 1.227 0.269 32
19.024 1.232 0.322 30
19.027 1.209 0.327 24
19.015 1.307 0.289 35
19.020 1.306 0.226 37
19.014 1.345 0.232 41
19.031 1.196 0.303 30
19.025 1.299 0.064 40
19.030 1.266 0.048 37
19.041 1.207 0.043 43
19.057 1.113 0.043 45
19.033 1.254 0.051 37
19.025 1.308 0.122 39
19.048 1.165 0.053 4
19.052 1.146 0.059 24
19.036 1.237 0.071 32
19.025 1.297 0.064 40
19.039 1.221 0.068 29
19.045 1.188 0.065 31
19.025 1.301 0.071 40
19.023 1.306 0.042 49
19.029 1.268 0.024 113
19.034 1.245 0.058 32
19.029 1.285 0.102 39
19.041 1.214 0.088 31
19.027 1.292 0.075 39
19.049 1.157 0.036 36
19.042 1.203 0.075 31
19.037 1.227 0.044 15
19.028 1.287 0.080 39
19.019 1.335 0.074 43
19.035 1.234 0.030 73
19.037 1.235 0.088 31
19.009 1.406 0.162 48
19.033 1.253 0.060 31
19.029 1.282 0.085 38
19.031 1.272 0.108 37
19.055 1.128 0.053 28
19.040 1.215 0.066 28
19.051 1.146 0.037 66
19.024 1.297 0.042 49
19.039 1.224 0.073 30
19.039 1.219 0.057 27
19.015 1.369 0.132 47
19.028 1.279 0.035 103
19.018 1.357 0.143 45
19.049 1.162 0.063 22
19.027 1.280 0.040 78
19.019 1.339 0.098 44
19.019 1.351 0.142 45
19.035 1.239 0.055 34
19.018 1.351 0.134 45
19.028 1.277 0.041 40
19.032 1.254 0.030 97
19.023 1.315 0.084 43
19.016 1.355 0.105 45
19.038 1.228 0.068 30
19.037 1.234 0.073 32
19.030 1.269 0.062 35
19.043 1.194 0.038 44
19.045 1.186 0.069 31
19.014 1.372 0.121 46
19.026 1.307 0.124 39
19.022 1.333 0.135 43
19.015 1.370 0.132 46
19.030 1.278 0.099 38
19.019 1.341 0.117 43
19.021 1.327 0.094 43
19.031 1.272 0.111 38
19.035 1.239 0.039 40
19.048 1.171 0.074 31
19.023 1.308 0.042 51
19.039 1.226 0.087 31
19.043 1.198 0.074 31
19.013 1.382 0.140 48
19.016 1.362 0.123 45
19.027 1.294 0.093 39
19.033 1.252 0.047 34
19.033 1.263 0.108 38
19.020 1.324 0.057 44
19.044 1.191 0.046 40
19.026 1.286 0.029 106
19.037 1.232 0.068 31
19.034 1.245 0.062 29
19.014 1.370 0.124 46
19.015 1.368 0.119 45
19.040 1.218 0.087 31
19.043 1.191 0.044 32
19.020 1.340 0.140 44
19.014 1.379 0.140 48
19.023 1.308 0.058 43
19.031 1.267 0.086 38
19.039 1.217 0.064 28
19.034 1.250 0.063 33
19.021 1.327 0.088 44
19.029 1.281 0.090 38
19.020 1.329 0.077 43
19.034 1.256 0.104 37
19.011 1.392 0.141 49
19.059 1.102 0.047 73
19.018 1.352 0.132 45
19.046 1.180 0.047 37
19.056 1.120 0.041 47
19.010 1.403 0.161 48
19.025 1.288 0.022 114
19.038 1.229 0.072 31
19.025 1.296 0.052 38
19.032 1.260 0.073 35
19.024 1.309 0.089 42
19.034 1.242 0.025 68
19.041 1.210 0.059 25
19.024 1.309 0.091 41
19.033 1.259 0.084 35
19.014 1.372 0.131 47
19.048 1.169 0.074 31
19.045 1.182 0.052 19
19.060 1.096 0.039 40
19.031 1.263 0.061 30
19.041 1.203 0.034 51
19.052 1.144 0.035 66
19.036 1.231 0.040 27
19.030 1.264 0.040 67
19.029 1.282 0.103 39
19.023 1.308 0.054 42
19.052 1.143 0.053 41
19.034 1.242 0.025 68
19.054 1.136 0.058 25
19.050 1.163 0.070 30
19.031 1.257 0.034 105
19.048 1.166 0.035 53
19.021 1.325 0.087 44
19.024 1.303 0.054 38
19.050 1.156 0.044 42
19.032 1.257 0.047 34
19.019 1.340 0.099 44
19.012 1.386 0.145 48
19.009 1.406 0.162 48
19.025 1.309 0.103 40
19.041 1.208 0.061 24
19.048 1.170 0.064 29
19.025 1.299 0.065 40
19.018 1.351 0.140 45
19.021 1.326 0.075 43
19.030 1.267 0.035 103
19.045 1.181 0.049 33
19.015 1.371 0.133 46
19.021 1.331 0.105 42
19.025 1.310 0.122 39
19.034 1.247 0.065 33
19.015 1.371 0.131 47
19.028 1.292 0.110 38
19.012 1.388 0.144 48
19.040 1.217 0.083 33
19.034 1.249 0.067 33
19.025 1.307 0.092 41
19.036 1.243 0.078 34
19.040 1.218 0.067 29
19.026 1.295 0.086 38
19.058 1.109 0.040 27
19.032 1.264 0.078 36
19.056 1.124 0.056 21
19.035 1.240 0.042 30
19.012 1.391 0.150 49
19.041 1.207 0.063 24
19.041 1.216 0.087 33
19.034 1.252 0.092 35
19.038 1.231 0.095 33
19.028 1.276 0.039 79
19.044 1.191 0.057 11
19.043 1.199 0.065 29
19.059 1.105 0.038 36
19.060 1.096 0.046 73
19.032 1.252 0.028 73
19.022 1.327 0.121 42
19.026 1.303 0.125 39
19.018 1.348 0.102 44
19.028 1.296 0.121 39
19.021 1.327 0.088 44
19.011 1.396 0.161 48
19.026 1.299 0.087 39
19.034 1.246 0.045 32
18.986 1.426 0.353 100
19.010 1.349 0.262 40
19.001 1.390 0.274 47
19.009 1.326 0.309 39
19.003 1.418 0.207 43
19.005 1.333 0.337 43
19.010 1.348 0.262 40
18.997 1.407 0.281 46
18.993 1.419 0.300 45
19.008 1.411 0.181 45
18.991 1.403 0.344 40
18.992 1.425 0.294 45
19.001 1.363 0.323 41
19.008 1.325 0.319 36
19.008 1.383 0.222 45
19.002 1.385 0.272 45
19.012 1.318 0.300 37
19.010 1.342 0.278 40
19.010 1.364 0.240 41
19.010 1.333 0.295 37
19.001 1.386 0.286 44
18.996 1.386 0.323 41
19.012 1.335 0.272 39
19.013 1.285 0.344 123
19.010 1.306 0.335 37
19.002 1.388 0.268 47
19.009 1.405 0.182 47
19.003 1.352 0.319 39
19.008 1.342 0.292 40
18.991 1.430 0.294 51
18.991 1.420 0.320 45
19.003 1.407 0.227 48
19.015 1.271 0.353 80
19.001 1.342 0.360 104
19.014 1.268 0.362 92
18.984 1.443 0.343 119
19.008 1.305 0.355 98
19.009 1.300 0.356 95
19.004 1.346 0.328 37
19.007 1.366 0.263 42
18.987 1.422 0.344 68
18.987 1.425 0.343 64
18.999 1.354 0.354 124
18.995 1.409 0.298 43
19.008 1.406 0.187 49
19.000 1.375 0.309 41
18.995 1.416 0.286 46
19.001 1.374 0.301 42
19.002 1.394 0.259 47
19.011 1.301 0.339 86
18.993 1.400 0.327 42
18.994 1.399 0.327 42
18.984 1.440 0.342 50
18.992 1.405 0.331 42
18.998 1.365 0.345 116
18.988 1.426 0.332 48
18.999 1.411 0.258 50
19.003 1.351 0.324 35
18.991 1.408 0.335 44
18.994 1.376 0.360 122
19.001 1.402 0.256 48
19.012 1.325 0.287 37
19.015 1.275 0.340 70
19.016 1.263 0.354 73
18.989 1.417 0.336 41
19.010 1.296 0.354 104
19.003 1.383 0.269 44
19.001 1.411 0.242 52
18.990 1.417 0.331 41
19.003 1.369 0.297 42
19.007 1.306 0.363 90
18.995 1.395 0.322 42
18.987 1.425 0.347 90
19.009 1.328 0.306 40
18.982 1.443 0.361 114
18.999 1.420 0.244 52
19.004 1.327 0.356 100
19.008 1.387 0.213 45
19.007 1.372 0.248 44
18.999 1.385 0.306 42
18.993 1.428 0.283 50
18.988 1.420 0.344 73
18.991 1.411 0.330 45
18.997 1.404 0.292 45
19.007 1.340 0.308 38
19.014 1.284 0.335 59
19.009 1.299 0.358 91
19.004 1.374 0.273 43
19.008 1.381 0.228 45
19.007 1.325 0.332 30
18.997 1.423 0.260 50
19.016 1.266 0.348 108
19.003 1.390 0.262 46
18.993 1.383 0.356 125
18.991 1.411 0.327 42
19.009 1.327 0.309 39
18.996 1.390 0.317 41
19.005 1.335 0.335 26
19.012 1.292 0.341 91
19.002 1.341 0.348 104
19.008 1.404 0.186 49
19.012 1.334 0.270 39
19.008 1.363 0.255 42
19.004 1.385 0.259 46
19.006 1.382 0.241 45
18.989 1.429 0.316 48
19.008 1.320 0.332 27
19.002 1.416 0.218 50
19.004 1.399 0.234 47
19.013 1.330 0.273 37
18.989 1.409 0.347 89
19.013 1.323 0.284 37
19.005 1.406 0.209 47
18.997 1.358 0.362 103
18.990 1.407 0.348 92
19.003 1.377 0.283 44
18.998 1.359 0.356 123
19.003 1.360 0.305 40
18.984 1.443 0.341 146
19.007 1.367 0.263 43
19.012 1.331 0.275 38
19.009 1.383 0.215 46
19.004 1.361 0.297 42
19.014 1.285 0.338 81
18.987 1.432 0.329 47
19.006 1.318 0.349 124
19.003 1.404 0.230 45
18.999 1.380 0.309 41
18.995 1.398 0.318 42
18.995 1.427 0.265 49
19.012 1.295 0.341 87
19.008 1.383 0.223 45
18.984 1.432 0.362 102
18.983 1.434 0.362 102
19.016 1.265 0.352 103
19.005 1.318 0.360 101
18.989 1.412 0.351 103
19.007 1.373 0.246 44
19.014 1.292 0.322 33
19.003 1.407 0.227 44
18.997 1.357 0.364 109
18.992 1.398 0.343 45
19.001 1.374 0.299 42
19.004 1.328 0.349 110
18.995 1.393 0.326 42
18.995 1.424 0.276 49
18.983 1.436 0.363 96
19.005 1.373 0.271 43
19.006 1.355 0.292 42
19.004 1.418 0.202 47
19.005 1.384 0.250 47
19.000 1.353 0.344 99
18.993 1.419 0.299 45
19.011 1.325 0.295 37
18.999 1.419 0.247 49
19.012 1.318 0.297 37
19.014 1.275 0.352 85
19.008 1.355 0.269 41
19.011 1.324 0.298 37
19.004 1.401 0.231 47
18.999 1.356 0.356 125
19.005 1.334 0.335 26
18.996 1.374 0.347 106
19.008 1.306 0.359 93
19.003 1.340 0.341 76
19.002 1.361 0.316 41
19.003 1.401 0.243 48
18.994 1.408 0.309 44
19.005 1.403 0.216 47
19.012 1.283 0.359 78
18.994 1.379 0.361 127
18.988 1.430 0.329 44
18.993 1.389 0.353 83
19.006 1.373 0.258 44
18.989 1.415 0.342 43
19.001 1.409 0.240 49
18.999 1.375 0.323 41
19.007 1.311 0.351 132
18.985 1.422 0.364 124
19.003 1.342 0.341 76
19.012 1.338 0.263 39
18.998 1.415 0.258 51
18.999 1.415 0.247 51
19.007 1.374 0.245 43
19.014 1.286 0.330 26
18.992 1.388 0.361 135
19.002 1.373 0.297 42
18.999 1.398 0.279 47
18.996 1.427 0.256 51
19.009 1.304 0.352 105
18.987 1.431 0.335 45
19.001 1.411 0.242 52
18.994 1.426 0.278 51
18.997 1.374 0.341 32
19.011 1.417 0.035 48
19.011 1.404 0.091 49
19.010 1.406 0.114 50
19.017 1.351 0.071 47
19.013 1.380 0.089 47
19.010 1.412 0.101 48
19.014 1.377 0.076 48
19.016 1.357 0.085 46
19.010 1.420 0.065 52
19.013 1.387 0.075 47
19.010 1.407 0.125 50
19.008 1.413 0.161 52
19.012 1.404 0.045 52
19.010 1.406 0.125 50
19.014 1.376 0.076 47
19.014 1.378 0.064 48
19.014 1.373 0.082 47
19.011 1.412 0.064 50
19.009 1.418 0.124 53
19.010 1.418 0.068 50
19.016 1.363 0.080 47
19.013 1.392 0.068 49
19.013 1.387 0.058 47
19.012 1.387 0.129 48
19.010 1.419 0.069 50
19.011 1.395 0.113 49
19.009 1.427 0.037 69
19.017 1.352 0.044 39
19.012 1.389 0.126 49
19.017 1.346 0.076 46
19.009 1.425 0.085 53
19.009 1.418 0.096 49
19.010 1.406 0.137 49
19.008 1.413 0.159 52
19.009 1.430 0.061 63
19.018 1.345 0.038 74
19.012 1.389 0.124 49
19.018 1.341 0.052 41
19.016 1.355 0.085 46
19.017 1.353 0.041 44
19.009 1.408 0.152 52
19.010 1.406 0.105 48
19.014 1.380 0.072 47
19.009 1.414 0.118 51
19.014 1.379 0.083 47
19.015 1.368 0.061 49
19.012 1.392 0.081 47
19.013 1.386 0.077 47
19.013 1.396 0.023 109
19.010 1.403 0.125 50
19.009 1.419 0.078 49
19.018 1.340 0.073 45
19.015 1.368 0.055 50
19.019 1.341 0.023 104
19.021 1.322 0.027 90
19.013 1.392 0.042 47
19.015 1.366 0.073 47
19.015 1.371 0.054 53
19.011 1.397 0.138 49
19.011 1.394 0.121 49
19.012 1.403 0.037 43
19.012 1.405 0.037 41
19.010 1.419 0.033 48
19.010 1.412 0.067 49
19.017 1.353 0.054 45
19.011 1.409 0.052 49
19.013 1.392 0.047 48
19.015 1.365 0.106 45
19.011 1.411 0.042 47
19.009 1.416 0.125 53
19.017 1.359 0.043 39
19.018 1.341 0.076 45
19.014 1.368 0.110 46
19.009 1.417 0.134 51
19.011 1.415 0.039 45
19.014 1.372 0.116 46
19.015 1.375 0.027 112
19.009 1.406 0.152 50
19.017 1.356 0.027 132
19.010 1.413 0.061 52
19.022 1.314 0.023 119
19.011 1.395 0.120 50
19.012 1.401 0.031 96
19.013 1.377 0.115 47
19.016 1.362 0.061 49
19.012 1.393 0.105 47
19.011 1.407 0.081 53
19.017 1.362 0.028 105
19.016 1.360 0.072 47
19.009 1.419 0.122 51
19.016 1.357 0.068 46
19.012 1.391 0.124 49
19.022 1.316 0.030 117
19.014 1.385 0.034 66
19.021 1.321 0.032 105
19.011 1.404 0.067 49
19.008 1.419 0.128 49
19.017 1.347 0.079 46
19.021 1.324 0.023 116
19.019 1.344 0.027 97
19.010 1.404 0.140 49
19.179 1.457 0.115 58
19.206 1.436 0.152 90
19.183 1.455 0.134 28
19.199 1.442 0.150 107
19.181 1.455 0.106 29
19.188 1.450 0.144 161
19.180 1.456 0.126 34
19.196 1.445 0.164 111
19.181 1.457 0.149 31
19.180 1.456 0.125 34
19.187 1.451 0.134 176
19.173 1.460 0.084 90
19.206 1.435 0.141 88
19.194 1.444 0.121 116
19.198 1.442 0.136 127
19.193 1.448 0.172 112
19.178 1.457 0.097 65
19.180 1.455 0.103 38
19.182 1.454 0.107 29
19.194 1.446 0.165 131
19.193 1.446 0.134 144
19.177 1.458 0.092 124
19.188 1.449 0.115 198
19.204 1.437 0.142 98
19.039 1.447 0.138 43
19.061 1.456 0.114 44
19.101 1.458 0.066 42
19.089 1.448 0.078 47
19.025 1.439 0.154 60
19.032 1.426 0.142 52
19.046 1.443 0.129 47
19.045 1.452 0.132 45
19.098 1.460 0.070 41
19.092 1.454 0.076 44
19.018 1.429 0.160 29
19.014 1.422 0.163 51
19.050 1.458 0.127 44
19.116 1.461 0.048 30
19.050 1.446 0.124 44
19.035 1.440 0.141 42
19.095 1.452 0.071 36
19.030 1.426 0.145 52
19.082 1.451 0.087 45
19.035 1.435 0.140 44
19.040 1.430 0.133 54
19.063 1.437 0.108 51
19.034 1.446 0.144 44
19.034 1.426 0.140 52
19.092 1.455 0.077 40
19.083 1.452 0.086 45
19.048 1.432 0.125 53
19.012 1.420 0.165 51
19.034 1.433 0.141 44
19.036 1.434 0.140 44
19.039 1.451 0.138 44
19.126 1.462 0.037 100
19.023 1.428 0.153 51
19.099 1.454 0.068 38
18.992 1.442 0.298 139
19.006 1.432 0.214 56
19.012 1.440 0.200 40
18.990 1.445 0.312 131
18.993 1.443 0.295 123
19.002 1.446 0.258 59
19.011 1.453 0.230 45
18.993 1.434 0.276 53
19.010 1.452 0.233 48
19.003 1.437 0.236 105
19.007 1.438 0.218 31
19.002 1.427 0.223 43
19.022 1.446 0.167 47
18.986 1.449 0.337 159
19.006 1.441 0.233 83
18.992 1.446 0.306 139
18.997 1.428 0.245 53
19.013 1.434 0.184 26
19.004 1.450 0.259 60
19.016 1.448 0.199 38
19.008 1.431 0.202 61
18.993 1.447 0.303 41
18.989 1.439 0.307 76
19.008 1.450 0.243 63
18.988 1.443 0.320 114
19.010 1.446 0.221 41
19.010 1.420 0.168 50
19.016 1.441 0.185 49
19.002 1.423 0.214 40
19.000 1.434 0.246 55
19.002 1.425 0.215 44
18.989 1.445 0.318 138
19.012 1.434 0.188 10
19.014 1.431 0.173 32
19.007 1.450 0.245 63
19.021 1.442 0.161 56
19.000 1.427 0.233 50
19.017 1.441 0.180 41
19.015 1.452 0.209 42
19.014 1.452 0.214 40
19.008 1.447 0.234 82
19.015 1.444 0.195 47
19.014 1.435 0.183 46
19.002 1.423 0.214 40
19.021 1.448 0.173 46
19.004 1.422 0.203 43
19.013 1.434 0.183 26
19.151 1.458 0.243 50
19.151 1.458 0.249 50
19.138 1.459 0.258 52
19.151 1.457 0.239 50
19.130 1.460 0.277 54
19.153 1.458 0.245 47
19.153 1.458 0.240 50
19.173 1.459 0.243 61
19.113 1.460 0.288 56
19.144 1.460 0.263 54
19.179 1.456 0.215 80
19.171 1.457 0.229 59
19.166 1.457 0.226 50
19.174 1.456 0.213 68
19.180 1.457 0.219 78
19.167 1.459 0.242 52
19.129 1.460 0.276 54
19.100 1.461 0.299 56
19.158 1.465 0.052 43
19.134 1.467 0.032 103
19.152 1.465 0.052 36
19.140 1.461 0.088 44
19.154 1.464 0.063 42
19.109 1.463 0.068 41
19.138 1.465 0.052 38
19.098 1.459 0.113 45
19.154 1.465 0.047 45
19.140 1.467 0.031 94
19.145 1.464 0.058 42
19.091 1.462 0.087 44
19.122 1.461 0.089 43
19.097 1.460 0.109 45
19.104 1.462 0.086 45
19.096 1.460 0.109 45
19.160 1.463 0.070 41
19.159 1.464 0.063 45
19.134 1.467 0.030 100
19.130 1.465 0.053 36
19.153 1.465 0.055 37
19.140 1.465 0.054 38
19.129 1.465 0.055 41
19.100 1.460 0.108 44
19.063 1.458 0.130 45
19.152 1.462 0.084 42
19.109 1.463 0.068 41
19.153 1.464 0.056 37
19.149 1.464 0.064 37
19.063 1.459 0.120 44
19.146 1.467 0.031 101
19.111 1.463 0.069 41
19.146 1.463 0.068 41
19.061 1.458 0.130 45
19.153 1.466 0.043 108
19.079 1.460 0.103 45
19.072 1.460 0.108 44
19.143 1.465 0.051 38
19.132 1.461 0.091 42
19.142 1.467 0.028 100
19.140 1.463 0.076 39
19.064 1.460 0.112 44
19.155 1.465 0.048 33
19.159 1.464 0.061 45
19.139 1.465 0.052 35
19.161 1.462 0.077 40
19.143 1.466 0.044 27
19.137 1.461 0.088 44
19.127 1.466 0.045 29
19.107 1.461 0.095 44
19.147 1.456 0.172 52
19.155 1.459 0.117 48
19.117 1.458 0.130 46
19.137 1.455 0.176 48
19.120 1.456 0.163 44
19.174 1.458 0.143 71
19.086 1.456 0.153 46
19.053 1.457 0.145 44
19.165 1.457 0.149 47
19.103 1.459 0.117 45
19.165 1.459 0.119 53
19.086 1.458 0.123 45
19.103 1.459 0.117 45
19.121 1.460 0.102 44
19.159 1.460 0.110 50
19.062 1.456 0.154 44
19.057 1.457 0.145 44
19.179 1.457 0.158 33
19.090 1.456 0.155 46
19.067 1.457 0.134 45
19.080 1.458 0.135 45
19.048 1.457 0.142 45
19.138 1.461 0.097 43
19.083 1.458 0.122 45
19.087 1.456 0.166 47
19.167 1.459 0.128 56
19.167 1.460 0.105 52
19.139 1.457 0.154 45
19.105 1.459 0.115 45
19.140 1.456 0.162 47
19.118 1.459 0.122 46
19.162 1.455 0.182 54
19.179 1.456 0.168 47
19.160 1.460 0.111 50
19.150 1.456 0.175 53
19.102 1.456 0.157 46
19.064 1.458 0.133 45
19.130 1.457 0.147 43
19.157 1.462 0.082 44
19.170 1.461 0.094 49
19.102 1.456 0.166 46
19.179 1.456 0.170 27
19.101 1.459 0.116 45
19.130 1.457 0.149 43
19.057 1.457 0.136 44
19.174 1.460 0.116 65
19.074 1.458 0.132 44
19.080 1.456 0.153 45
19.146 1.461 0.096 43
19.149 1.460 0.111 44
19.153 1.460 0.105 46
19.132 1.459 0.127 43
19.162 1.458 0.141 50
19.121 1.455 0.175 47
19.099 1.456 0.167 46
19.174 1.455 0.189 59
19.159 1.459 0.123 50
19.149 1.458 0.139 49
19.101 1.458 0.132 46
19.115 1.456 0.159 44
19.162 1.455 0.177 51
19.162 1.457 0.154 50
19.129 1.460 0.108 43
19.160 1.459 0.122 50
19.170 1.462 0.079 78
19.159 1.462 0.086 42
19.060 1.456 0.151 44
19.150 1.456 0.169 53
19.173 1.459 0.126 75
19.146 1.456 0.161 49
19.182 1.455 0.181 71
19.160 1.456 0.165 50
19.166 1.460 0.115 51
19.180 1.456 0.166 36
19.111 1.457 0.147 46
19.149 1.462 0.087 42
19.159 1.460 0.103 46
19.136 1.458 0.131 44
19.162 1.459 0.122 53
19.138 1.458 0.144 44
19.142 1.460 0.106 42
19.159 1.459 0.132 52
19.180 1.455 0.190 83
19.164 1.460 0.112 49
19.184 1.455 0.188 75
19.134 1.460 0.107 42
19.123 1.460 0.107 44
19.116 1.460 0.106 45
19.143 1.461 0.100 41
19.106 1.455 0.169 46
19.043 1.456 0.157 47
19.056 1.458 0.201 45
19.136 1.456 0.208 55
19.056 1.457 0.180 46
19.115 1.456 0.195 49
19.119 1.456 0.199 50
19.131 1.456 0.196 54
19.080 1.456 0.176 47
19.097 1.460 0.287 54
19.119 1.455 0.179 48
19.094 1.456 0.191 47
19.167 1.455 0.194 57
19.120 1.456 0.205 50
19.096 1.459 0.246 50
19.111 1.455 0.174 47
19.100 1.458 0.230 49
19.076 1.458 0.213 47
19.127 1.457 0.213 55
19.129 1.458 0.252 51
19.084 1.457 0.197 48
19.092 1.460 0.291 53
19.178 1.455 0.202 78
19.066 1.458 0.205 47
19.070 1.456 0.177 46
19.165 1.456 0.211 55
19.131 1.457 0.227 53
19.155 1.456 0.219 54
19.084 1.457 0.196 48
19.128 1.458 0.241 52
19.145 1.455 0.188 53
19.085 1.460 0.278 51
19.103 1.456 0.200 48
19.099 1.459 0.268 51
19.105 1.458 0.228 49
19.095 1.459 0.254 49
19.162 1.455 0.203 55
19.054 1.456 0.167 44
19.112 1.457 0.216 51
19.177 1.455 0.203 78
19.082 1.460 0.265 49
19.154 1.456 0.218 54
19.113 1.457 0.210 50
19.174 1.455 0.209 69
19.082 1.460 0.265 49
19.067 1.456 0.180 47
19.099 1.459 0.253 50
19.093 1.456 0.173 48
19.046 1.457 0.179 46
19.118 1.457 0.217 51
19.134 1.456 0.195 55
19.122 1.457 0.227 54
19.146 1.456 0.207 54
19.048 1.456 0.165 44
19.060 1.457 0.196 45
19.101 1.457 0.205 47
19.055 1.456 0.170 45
19.078 1.458 0.230 47
19.067 1.457 0.204 47
19.099 1.456 0.198 47
19.070 1.458 0.231 46
19.111 1.458 0.252 51
19.059 1.456 0.174 46
19.082 1.460 0.263 49
19.092 1.456 0.181 49
19.093 1.456 0.180 49
19.095 1.459 0.250 50
19.053 1.457 0.182 46
19.076 1.456 0.180 46
19.134 1.457 0.234 53
19.103 1.457 0.203 48
19.099 1.458 0.235 49
19.094 1.461 0.297 54
19.091 1.457 0.213 47
19.117 1.455 0.180 48
19.121 1.457 0.225 53
19.078 1.457 0.188 47
19.103 1.460 0.287 54
19.049 1.456 0.168 44
19.049 1.457 0.178 46
19.060 1.458 0.208 45
19.122 1.456 0.208 53
19.116 1.455 0.177 48
19.143 1.457 0.233 52
19.097 1.458 0.226 50
19.109 1.458 0.251 51
19.115 1.457 0.217 51
19.077 1.456 0.169 45
19.064 1.456 0.161 45
19.075 1.456 0.176 46
19.129 1.458 0.246 51
19.072 1.459 0.237 47
19.071 1.457 0.188 46
19.066 1.456 0.165 44
19.117 1.456 0.200 50
19.092 1.459 0.247 50
19.144 1.457 0.235 51
19.077 1.459 0.239 48
19.138 1.457 0.241 51
19.174 1.455 0.191 53
19.082 1.458 0.230 47
19.132 1.456 0.203 56
19.111 1.458 0.230 50
19.088 1.458 0.220 47
19.105 1.456 0.185 49
19.033 1.456 0.185 42
19.033 1.456 0.166 45
19.047 1.456 0.271 47
19.037 1.455 0.259 45
19.057 1.457 0.256 46
19.022 1.455 0.189 46
19.084 1.460 0.287 52
19.038 1.456 0.183 44
19.021 1.454 0.257 47
19.047 1.457 0.224 46
19.014 1.452 0.340 55
19.056 1.458 0.234 46
18.992 1.450 0.313 62
19.000 1.450 0.354 61
19.059 1.458 0.229 47
19.044 1.457 0.194 45
19.027 1.454 0.280 46
19.000 1.451 0.305 53
19.024 1.454 0.281 48
19.036 1.456 0.178 47
19.026 1.455 0.232 49
19.016 1.453 0.301 49
19.010 1.453 0.267 44
19.028 1.456 0.168 46
19.025 1.455 0.205 49
19.027 1.455 0.234 49
19.042 1.457 0.196 45
19.032 1.456 0.200 45
19.069 1.459 0.263 47
19.042 1.455 0.327 50
19.040 1.455 0.292 48
19.049 1.457 0.219 46
19.043 1.456 0.227 46
19.007 1.451 0.346 49
19.019 1.453 0.341 49
19.011 1.453 0.266 44
19.034 1.455 0.295 50
19.039 1.455 0.292 47
19.006 1.452 0.266 42
19.014 1.454 0.222 37
19.026 1.454 0.296 49
19.041 1.456 0.247 46
19.034 1.455 0.298 50
19.035 1.455 0.293 50
19.012 1.452 0.318 52
19.050 1.457 0.227 46
19.013 1.453 0.265 44
19.039 1.455 0.281 48
19.041 1.456 0.217 46
19.062 1.458 0.295 49
19.036 1.456 0.172 47
19.048 1.457 0.206 45
19.008 1.451 0.349 43
19.039 1.455 0.293 47
19.039 1.456 0.230 46
19.016 1.452 0.343 53
19.065 1.458 0.288 49
19.072 1.459 0.270 48
19.081 1.459 0.294 52
19.044 1.456 0.289 47
19.031 1.455 0.244 49
19.018 1.453 0.288 47
19.012 1.452 0.290 46
19.033 1.455 0.229 49
19.028 1.454 0.333 48
19.065 1.458 0.305 50
19.064 1.459 0.234 47
19.016 1.452 0.328 47
19.023 1.453 0.324 49
19.041 1.457 0.185 42
19.069 1.459 0.262 47
19.037 1.456 0.236 46
19.034 1.455 0.249 46
19.029 1.456 0.181 43
18.996 1.450 0.344 84
19.053 1.457 0.253 46
19.001 1.451 0.319 63
19.020 1.455 0.194 41
19.047 1.457 0.206 45
18.998 1.451 0.327 73
19.014 1.452 0.329 49
19.058 1.458 0.251 46
19.028 1.455 0.206 46
19.068 1.458 0.283 50
19.011 1.452 0.321 52
19.051 1.458 0.206 45
19.033 1.455 0.266 46
19.051 1.457 0.262 47
19.064 1.459 0.231 47
19.008 1.452 0.260 42
19.053 1.456 0.306 50
19.071 1.459 0.278 50
19.080 1.459 0.295 52
19.026 1.455 0.192 47
19.047 1.457 0.213 46
19.022 1.454 0.255 49
19.034 1.455 0.292 50
19.036 1.456 0.229 47
19.043 1.456 0.223 46
19.055 1.457 0.284 49
19.003 1.451 0.324 62
19.067 1.458 0.295 49
19.031 1.455 0.275 46
19.064 1.458 0.277 48
19.068 1.458 0.276 49
19.010 1.452 0.301 48
19.035 1.455 0.304 49
19.022 1.453 0.330 49
19.071 1.437 0.323 54
19.073 1.438 0.345 70
19.098 1.463 0.338 61
19.085 1.451 0.339 52
19.096 1.461 0.335 62
19.054 1.420 0.351 141
19.094 1.459 0.353 50
19.089 1.454 0.332 59
19.098 1.463 0.332 58
19.061 1.427 0.335 41
19.056 1.422 0.345 203
19.081 1.446 0.346 61
19.086 1.451 0.318 55
19.093 1.458 0.348 51
19.078 1.443 0.328 54
19.096 1.462 0.346 57
19.069 1.435 0.353 174
19.096 1.461 0.310 57
19.104 1.469 0.353 62
19.069 1.434 0.328 54
19.089 1.454 0.350 53
19.083 1.448 0.326 55
19.085 1.451 0.332 54
19.048 1.414 0.342 170
19.070 1.435 0.336 56
19.080 1.446 0.315 53
19.080 1.445 0.321 54
19.049 1.414 0.346 139
19.175 1.478 0.358 71
19.156 1.470 0.319 59
19.165 1.476 0.355 48
19.160 1.474 0.346 53
19.177 1.464 0.269 44
19.170 1.470 0.310 63
19.155 1.466 0.297 66
19.136 1.463 0.290 59
19.149 1.461 0.270 56
19.117 1.464 0.309 60
19.179 1.470 0.307 57
19.171 1.470 0.312 63
19.179 1.475 0.339 51
19.171 1.470 0.315 62
19.142 1.471 0.333 59
19.165 1.473 0.334 56
19.144 1.463 0.286 60
19.136 1.466 0.311 65
19.177 1.462 0.257 58
19.129 1.467 0.319 65
19.177 1.466 0.280 51
19.154 1.472 0.333 57
19.155 1.467 0.300 65
19.175 1.478 0.363 51
19.155 1.467 0.302 67
19.120 1.464 0.304 60
19.143 1.463 0.286 60
19.133 1.461 0.281 56
19.169 1.471 0.319 58
19.168 1.463 0.270 63
19.169 1.476 0.349 50
19.168 1.465 0.286 58
19.112 1.461 0.294 57
19.138 1.464 0.298 64
19.162 1.472 0.330 56
19.149 1.464 0.290 64
19.146 1.467 0.308 67
19.155 1.473 0.340 55
19.171 1.477 0.357 58
19.138 1.467 0.316 64
19.169 1.465 0.281 61
19.175 1.463 0.264 60
19.171 1.461 0.257 58
19.174 1.470 0.308 65
19.151 1.471 0.328 59
19.176 1.471 0.317 61
19.169 1.463 0.271 63
19.170 1.476 0.353 68
19.160 1.475 0.351 52
19.171 1.474 0.335 64
19.155 1.466 0.299 66
19.137 1.469 0.325 64
19.167 1.471 0.319 59
19.108 1.465 0.324 61
19.125 1.468 0.332 64
19.145 1.475 0.364 50
19.102 1.464 0.317 58
19.105 1.463 0.312 57
19.108 1.470 0.353 56
19.132 1.472 0.350 58
19.113 1.469 0.344 62
19.135 1.474 0.360 58
19.167 1.477 0.358 47
19.137 1.474 0.362 54
19.106 1.466 0.332 60
19.145 1.473 0.349 55
19.138 1.470 0.335 62
19.103 1.465 0.325 60
19.129 1.469 0.334 64
19.110 1.469 0.346 60
19.143 1.472 0.344 62
19.116 1.469 0.345 63
19.124 1.472 0.357 60
19.104 1.463 0.314 57
19.128 1.471 0.349 62
19.051 1.055 0.038 46
19.070 1.070 0.037 92
19.067 1.056 0.035 71
19.055 1.058 0.038 36
19.079 1.054 0.031 47
19.051 1.071 0.038 33
19.045 1.068 0.037 58
19.221 1.118 0.341 53
19.218 1.134 0.298 48
19.216 1.133 0.276 40
19.223 1.215 0.359 89
19.221 1.110 0.350 56
19.222 1.172 0.358 46
19.222 1.131 0.357 48
19.222 1.196 0.350 45
19.217 1.156 0.277 50
19.222 1.148 0.356 54
19.222 1.110 0.358 66
19.219 1.117 0.310 58
19.218 1.118 0.308 64
19.218 1.151 0.301 47
19.221 1.099 0.356 66
19.216 1.141 0.262 36
19.219 1.162 0.309 46
19.222 1.100 0.368 58
19.222 1.147 0.354 54
19.216 1.129 0.276 57
19.216 1.136 0.268 40
19.218 1.161 0.299 46
19.220 1.163 0.331 50
19.220 1.161 0.330 49
19.219 1.113 0.319 61
19.219 1.149 0.308 44
19.222 1.147 0.364 45
19.222 1.171 0.352 72
19.222 1.133 0.363 49
19.216 1.148 0.268 49
19.222 1.103 0.363 65
19.220 1.113 0.330 61
19.222 1.114 0.359 52
19.218 1.127 0.302 51
19.219 1.134 0.312 46
19.222 1.143 0.361 44
19.218 1.139 0.291 49
19.217 1.140 0.279 47
19.217 1.151 0.281 53
19.217 1.148 0.280 52
19.221 1.176 0.336 43
19.217 1.125 0.290 41
19.220 1.132 0.326 50
19.220 1.147 0.335 45
19.220 1.165 0.332 51
19.222 1.202 0.346 45
19.221 1.106 0.352 54
19.221 1.146 0.341 45
19.221 1.134 0.341 49
19.219 1.147 0.314 44
19.219 1.177 0.314 44
19.222 1.103 0.361 66
19.222 1.194 0.350 45
19.222 1.208 0.353 58
19.218 1.134 0.293 46
19.222 1.140 0.363 55
19.221 1.158 0.346 49
19.222 1.112 0.361 51
19.216 1.148 0.269 53
19.222 1.101 0.361 69
19.220 1.113 0.333 52
19.219 1.146 0.313 44
19.218 1.167 0.293 46
19.220 1.160 0.323 47
19.217 1.154 0.285 52
19.217 1.127 0.290 41
19.219 1.122 0.311 46
19.223 1.179 0.364 42
19.219 1.176 0.313 43
19.220 1.186 0.329 42
19.222 1.100 0.368 62
19.219 1.133 0.316 48
19.062 1.080 0.040 26
19.062 1.081 0.039 26
19.049 1.080 0.037 78
19.043 1.093 0.036 42
19.044 1.099 0.037 33
19.216 1.193 0.306 40
19.213 1.173 0.273 46
19.218 1.196 0.318 42
19.209 1.167 0.250 46
19.215 1.161 0.271 50
19.223 1.215 0.358 89
19.218 1.190 0.313 40
19.218 1.204 0.328 46
19.214 1.173 0.279 44
19.215 1.145 0.260 42
19.212 1.157 0.252 46
19.211 1.185 0.273 42
19.219 1.190 0.316 42
19.213 1.169 0.270 45
19.208 1.189 0.265 40
19.215 1.204 0.313 52
19.216 1.182 0.297 46
19.212 1.180 0.276 44
19.208 1.182 0.258 45
19.209 1.172 0.254 46
19.215 1.174 0.287 47
19.216 1.184 0.299 44
19.213 1.157 0.257 47
19.214 1.186 0.293 38
19.209 1.168 0.252 47
19.212 1.199 0.293 40
19.209 1.190 0.272 43
19.210 1.181 0.268 43
19.216 1.173 0.289 47
19.217 1.190 0.307 40
19.059 1.097 0.038 38
19.030 1.176 0.031 86
19.045 1.128 0.036 49
19.023 1.224 0.027 12
19.060 1.095 0.038 36
19.048 1.135 0.035 30
19.044 1.183 0.030 57
19.047 1.162 0.032 30
19.022 1.222 0.027 55
19.037 1.163 0.033 22
19.039 1.207 0.028 39
19.024 1.281 0.022 88
19.041 1.130 0.035 28
19.029 1.267 0.023 99
19.027 1.269 0.023 99
19.037 1.166 0.032 39
19.031 1.179 0.031 51
19.015 1.249 0.025 43
19.047 1.115 0.037 60
19.042 1.131 0.035 42
19.049 1.123 0.036 20
19.045 1.145 0.034 56
19.021 1.279 0.022 98
19.053 1.104 0.038 33
19.047 1.165 0.032 43
19.038 1.136 0.035 27
19.050 1.110 0.037 21
19.034 1.233 0.026 54
19.020 1.283 0.022 103
19.041 1.133 0.035 28
19.059 1.100 0.038 36
19.206 1.261 0.322 88
19.211 1.222 0.308 89
19.202 1.273 0.314 88
19.203 1.227 0.273 90
19.201 1.273 0.308 97
19.193 1.326 0.319 91
19.198 1.296 0.314 87
19.207 1.220 0.287 88
19.218 1.219 0.338 88
19.213 1.250 0.346 84
19.217 1.230 0.343 87
19.205 1.214 0.275 87
19.201 1.255 0.295 93
19.201 1.229 0.270 92
19.207 1.250 0.314 90
19.215 1.226 0.330 88
19.216 1.210 0.323 74
19.196 1.308 0.319 89
19.195 1.287 0.296 90
19.205 1.244 0.303 92
19.204 1.222 0.275 87
19.201 1.229 0.270 92
19.209 1.275 0.348 86
19.221 1.223 0.359 89
19.206 1.245 0.306 100
19.193 1.334 0.328 89
19.202 1.292 0.330 88
19.214 1.252 0.350 86
19.206 1.219 0.283 86
19.201 1.274 0.309 121
19.219 1.214 0.341 84
19.204 1.225 0.277 87
19.203 1.204 0.254 59
19.205 1.261 0.314 89
19.203 1.259 0.303 93
19.206 1.254 0.314 93
19.199 1.271 0.300 89
19.211 1.242 0.330 86
19.209 1.241 0.315 89
19.206 1.277 0.336 86
19.212 1.260 0.351 88
19.198 1.320 0.340 90
19.205 1.285 0.339 87
19.203 1.256 0.301 93
19.210 1.231 0.311 97
19.214 1.233 0.335 90
19.194 1.340 0.336 92
19.209 1.238 0.316 90
19.211 1.259 0.342 87
19.218 1.238 0.358 87
19.204 1.284 0.333 88
19.201 1.272 0.307 97
19.197 1.269 0.288 91
19.188 1.359 0.327 98
19.195 1.302 0.309 131
19.203 1.294 0.339 87
19.219 1.214 0.338 83
19.204 1.297 0.345 87
19.200 1.260 0.291 92
19.199 1.263 0.289 92
19.201 1.229 0.268 92
19.207 1.264 0.329 85
19.200 1.263 0.293 92
19.205 1.214 0.274 87
19.211 1.229 0.315 90
19.209 1.220 0.297 93
19.201 1.233 0.272 91
19.206 1.205 0.271 59
19.203 1.265 0.312 99
19.214 1.239 0.341 83
19.214 1.211 0.314 73
19.221 1.221 0.355 88
19.207 1.194 0.263 43
19.202 1.288 0.330 88
19.217 1.226 0.342 83
19.192 1.322 0.312 99
19.201 1.290 0.327 89
19.209 1.238 0.314 89
19.219 1.216 0.342 80
19.205 1.201 0.260 47
19.210 1.231 0.314 92
19.217 1.222 0.339 85
19.220 1.226 0.357 91
19.199 1.277 0.305 90
19.207 1.264 0.329 85
19.215 1.250 0.353 87
19.212 1.256 0.347 84
19.195 1.282 0.291 89
19.208 1.263 0.332 85
19.202 1.269 0.308 96
19.210 1.231 0.315 88
19.205 1.203 0.265 53
19.204 1.204 0.259 60
19.195 1.304 0.308 94
19.213 1.222 0.320 89
19.210 1.267 0.348 87
19.214 1.224 0.328 89
19.208 1.221 0.292 87
19.197 1.394 0.344 53
19.217 1.349 0.348 93
19.217 1.375 0.354 89
19.235 1.307 0.351 163
19.198 1.384 0.343 57
19.215 1.338 0.344 95
19.188 1.375 0.334 55
19.212 1.361 0.347 101
19.203 1.393 0.348 46
19.209 1.375 0.348 39
19.203 1.396 0.349 45
19.229 1.319 0.350 150
19.230 1.313 0.349 99
19.214 1.345 0.345 91
19.200 1.365 0.339 89
19.207 1.365 0.345 75
19.202 1.407 0.350 47
19.204 1.354 0.340 95
19.205 1.382 0.347 59
19.204 1.405 0.352 45
19.214 1.333 0.342 98
19.191 1.378 0.336 60
19.203 1.388 0.347 50
19.220 1.356 0.351 111
19.198 1.397 0.345 49
19.195 1.328 0.225 70
19.188 1.364 0.308 74
19.200 1.238 0.263 82
19.200 1.244 0.246 78
19.193 1.336 0.242 78
19.193 1.340 0.230 69
19.187 1.370 0.320 50
19.193 1.334 0.237 76
19.196 1.286 0.256 85
19.197 1.283 0.243 80
19.199 1.269 0.233 76
19.199 1.268 0.238 77
19.190 1.354 0.281 89
19.196 1.274 0.277 88
19.199 1.257 0.252 85
19.191 1.329 0.310 105
19.196 1.301 0.235 78
19.191 1.330 0.293 88
19.200 1.253 0.242 79
19.194 1.308 0.280 92
19.194 1.319 0.251 82
19.191 1.327 0.308 103
19.199 1.247 0.268 91
19.191 1.344 0.284 87
19.191 1.358 0.238 74
19.192 1.343 0.256 84
19.196 1.306 0.230 75
19.188 1.359 0.304 96
19.193 1.338 0.245 79
19.199 1.259 0.244 79
19.200 1.247 0.251 83
19.199 1.252 0.268 93
19.190 1.340 0.295 95
19.195 1.299 0.254 90
19.191 1.345 0.281 88
19.190 1.346 0.303 94
19.191 1.342 0.286 90
19.191 1.366 0.243 49
19.189 1.349 0.312 96
19.189 1.348 0.315 98
19.188 1.364 0.316 80
19.198 1.268 0.246 82
19.203 1.203 0.251 59
19.194 1.303 0.272 89
19.194 1.306 0.276 90
19.194 1.331 0.231 74
19.196 1.291 0.257 90
19.199 1.264 0.247 82
19.193 1.313 0.273 89
19.193 1.342 0.231 68
19.194 1.327 0.240 74
19.201 1.227 0.259 85
19.192 1.331 0.280 91
19.192 1.333 0.281 91
19.196 1.297 0.246 83
19.197 1.300 0.228 74
19.196 1.294 0.256 89
19.193 1.307 0.284 91
19.194 1.295 0.286 90
19.196 1.284 0.260 88
19.196 1.298 0.239 80
19.198 1.270 0.238 77
19.201 1.233 0.257 81
19.191 1.323 0.301 94
19.193 1.312 0.291 91
19.198 1.254 0.272 94
19.195 1.305 0.254 89
19.197 1.285 0.233 76
19.196 1.310 0.226 71
19.193 1.318 0.273 88
19.197 1.267 0.281 87
19.201 1.225 0.257 84
19.196 1.284 0.274 88
19.196 1.288 0.253 87
19.192 1.318 0.292 91
19.194 1.299 0.297 91
19.198 1.272 0.239 77
19.194 1.320 0.252 82
19.190 1.344 0.289 89
19.193 1.308 0.284 91
19.196 1.294 0.261 96
19.190 1.360 0.261 86
19.188 1.354 0.314 102
19.196 1.292 0.256 88
19.193 1.337 0.231 70
19.190 1.348 0.289 94
19.193 1.346 0.231 67
19.187 1.367 0.317 49
19.198 1.273 0.248 84
19.189 1.351 0.302 96
19.200 1.256 0.236 78
19.189 1.360 0.292 90
19.190 1.362 0.267 66
19.197 1.275 0.268 110
19.190 1.335 0.305 103
19.193 1.311 0.281 92
19.201 1.239 0.240 76
19.196 1.280 0.282 91
19.196 1.290 0.259 89
19.190 1.360 0.268 81
19.189 1.368 0.286 55
19.189 1.370 0.269 38
19.194 1.323 0.244 80
19.195 1.299 0.255 90
19.195 1.317 0.241 80
19.166 1.388 0.253 33
19.177 1.380 0.281 45
19.151 1.399 0.285 44
19.187 1.372 0.230 31
19.157 1.394 0.260 50
19.185 1.375 0.328 46
19.178 1.379 0.310 45
19.142 1.406 0.289 67
19.175 1.381 0.252 36
19.169 1.386 0.316 45
19.170 1.385 0.303 42
19.180 1.377 0.256 39
19.169 1.386 0.265 39
19.152 1.398 0.288 48
19.177 1.380 0.263 40
19.178 1.379 0.287 43
19.174 1.382 0.254 38
19.188 1.371 0.233 32
19.156 1.395 0.259 50
19.165 1.389 0.298 45
19.168 1.387 0.275 43
19.188 1.371 0.248 36
19.142 1.406 0.291 66
19.156 1.395 0.254 50
19.186 1.372 0.227 38
19.181 1.378 0.325 53
19.183 1.375 0.261 43
19.182 1.376 0.241 34
19.188 1.371 0.249 36
19.184 1.375 0.293 40
19.142 1.405 0.273 46
19.187 1.373 0.289 38
19.171 1.384 0.256 35
19.177 1.380 0.259 37
19.181 1.376 0.232 33
19.144 1.404 0.268 51
19.156 1.395 0.288 50
19.172 1.384 0.315 44
19.139 1.408 0.263 53
19.179 1.379 0.294 42
19.166 1.388 0.294 43
19.182 1.376 0.261 43
19.140 1.407 0.274 46
19.174 1.382 0.290 45
19.160 1.393 0.286 45
19.183 1.374 0.226 28
19.174 1.383 0.300 42
19.170 1.394 0.319 47
19.160 1.410 0.310 46
19.134 1.419 0.286 43
19.190 1.398 0.338 52
19.187 1.400 0.336 54
19.191 1.402 0.340 50
19.181 1.416 0.331 52
19.186 1.401 0.335 50
19.159 1.417 0.310 53
19.154 1.403 0.303 40
19.134 1.412 0.285 47
19.192 1.404 0.340 54
19.182 1.387 0.329 49
19.154 1.401 0.303 43
19.181 1.398 0.329 47
19.135 1.417 0.286 43
19.176 1.399 0.324 50
19.193 1.403 0.341 54
19.137 1.418 0.289 45
19.172 1.394 0.320 47
19.180 1.391 0.328 52
19.199 1.415 0.349 47
19.159 1.417 0.310 53
19.181 1.390 0.329 52
19.179 1.395 0.327 50
19.167 1.407 0.316 46
19.078 1.076 0.070 21
19.076 1.077 0.112 32
19.062 1.080 0.135 30
19.062 1.080 0.125 34
19.072 1.078 0.122 31
19.068 1.078 0.067 28
19.073 1.078 0.112 33
19.058 1.081 0.156 32
19.067 1.078 0.049 4
19.062 1.080 0.212 29
19.053 1.082 0.256 31
19.078 1.077 0.085 29
19.068 1.079 0.132 29
19.072 1.078 0.064 28
19.065 1.080 0.197 27
19.069 1.078 0.052 22
19.052 1.082 0.277 30
19.063 1.080 0.201 27
19.071 1.078 0.069 32
19.070 1.078 0.135 30
19.082 1.076 0.081 30
19.062 1.080 0.208 28
19.067 1.078 0.051 4
19.057 1.081 0.223 29
19.053 1.082 0.257 32
19.063 1.079 0.097 28
19.067 1.079 0.093 28
19.058 1.081 0.169 28
19.080 1.076 0.087 30
19.060 1.080 0.162 29
19.076 1.077 0.079 29
19.076 1.077 0.094 31
19.073 1.078 0.089 29
19.079 1.066 0.194 30
19.083 1.074 0.095 32
19.069 1.077 0.192 29
19.063 1.076 0.252 30
19.079 1.073 0.137 32
19.066 1.076 0.222 27
19.081 1.067 0.163 29
19.067 1.071 0.251 31
19.079 1.072 0.143 31
19.082 1.073 0.115 30
19.080 1.073 0.136 32
19.075 1.064 0.232 31
19.055 1.079 0.290 27
19.056 1.079 0.280 30
19.075 1.067 0.214 31
19.071 1.073 0.210 31
19.078 1.069 0.181 28
19.073 1.073 0.182 29
19.059 1.080 0.252 30
19.069 1.070 0.244 31
19.081 1.064 0.188 29
19.068 1.075 0.218 30
19.073 1.071 0.205 29
19.079 1.069 0.160 30
19.063 1.076 0.244 31
19.082 1.065 0.178 28
19.077 1.064 0.218 30
19.077 1.073 0.157 31
19.070 1.071 0.227 35
19.070 1.075 0.193 29
19.072 1.077 0.162 30
19.075 1.077 0.145 31
19.071 1.073 0.205 30
19.075 1.073 0.167 30
19.069 1.065 0.272 35
19.073 1.062 0.260 29
19.081 1.059 0.225 32
19.074 1.061 0.257 29
19.065 1.066 0.294 33
19.075 1.058 0.270 31
19.075 1.057 0.275 30
19.073 1.057 0.290 32
19.078 1.062 0.230 31
19.060 1.072 0.294 27
19.061 1.074 0.280 31
19.062 1.070 0.291 26
19.067 1.060 0.312 121
19.054 1.078 0.301 29
19.059 1.075 0.285 29
19.066 1.069 0.270 28
19.054 1.078 0.302 28
19.229 1.135 0.366 53
19.226 1.205 0.363 51
19.230 1.217 0.361 145
19.226 1.148 0.366 84
19.225 1.157 0.366 43
19.229 1.216 0.361 123
19.227 1.221 0.361 86
19.227 1.201 0.363 45
19.229 1.230 0.360 131
19.049 1.258 0.342 128
19.045 1.220 0.348 113
19.033 1.217 0.356 54
19.045 1.257 0.344 94
19.062 1.200 0.340 131
19.029 1.253 0.355 51
19.053 1.240 0.340 140
19.038 1.235 0.351 62
19.037 1.261 0.349 53
19.051 1.177 0.349 110
19.042 1.230 0.349 76
19.033 1.228 0.355 50
19.051 1.265 0.340 139
19.031 1.248 0.354 47
19.051 1.201 0.346 133
19.060 1.203 0.340 138
19.027 1.236 0.359 53
19.029 1.245 0.356 52
19.063 1.210 0.338 142
19.055 1.185 0.345 134
19.046 1.239 0.345 105
19.034 1.226 0.355 50
19.036 1.247 0.351 54
19.060 1.243 0.335 142
19.037 1.231 0.352 54
19.058 1.255 0.335 146
19.065 1.242 0.333 138
19.054 1.237 0.340 142
19.049 1.260 0.341 128
19.060 1.256 0.334 146
19.048 1.210 0.348 106
19.032 1.256 0.353 46
19.046 1.239 0.346 105
19.061 1.225 0.337 154
19.063 1.246 0.333 138
19.029 1.228 0.358 44
19.215 1.269 0.353 88
19.222 1.288 0.350 88
19.226 1.279 0.352 95
19.231 1.302 0.349 94
19.227 1.256 0.356 100
19.197 1.338 0.339 92
19.213 1.290 0.349 90
19.224 1.271 0.353 89
19.209 1.295 0.348 88
19.221 1.237 0.359 82
19.229 1.273 0.353 96
19.221 1.300 0.348 92
19.226 1.263 0.355 86
19.223 1.316 0.345 88
19.223 1.275 0.352 88
19.216 1.309 0.346 92
19.197 1.335 0.339 93
19.221 1.278 0.352 88
19.230 1.285 0.351 105
19.218 1.304 0.347 91
19.205 1.296 0.347 85
19.211 1.333 0.341 98
19.225 1.294 0.349 92
19.223 1.238 0.359 84
19.227 1.270 0.354 96
19.211 1.327 0.342 95
19.228 1.258 0.356 106
19.048 1.284 0.340 143
19.040 1.266 0.347 76
19.055 1.306 0.335 97
19.059 1.277 0.333 150
19.052 1.327 0.338 68
19.048 1.336 0.341 73
19.035 1.298 0.350 150
19.040 1.270 0.347 69
19.047 1.298 0.342 144
19.034 1.374 0.350 37
19.031 1.357 0.352 71
19.046 1.288 0.342 127
19.024 1.306 0.358 138
19.042 1.360 0.345 60
19.048 1.276 0.341 136
19.030 1.344 0.354 86
19.062 1.309 0.330 69
19.029 1.330 0.354 125
19.028 1.330 0.355 96
19.030 1.274 0.354 46
19.054 1.303 0.336 96
19.036 1.378 0.349 47
19.064 1.287 0.329 76
19.042 1.279 0.345 131
19.058 1.312 0.334 75
19.057 1.278 0.334 150
19.040 1.319 0.346 91
19.042 1.353 0.345 72
19.031 1.305 0.352 164
19.039 1.306 0.347 136
19.027 1.298 0.356 96
19.036 1.274 0.349 76
19.030 1.277 0.354 52
19.033 1.329 0.351 90
19.026 1.315 0.356 149
19.034 1.356 0.350 68
19.029 1.346 0.354 86
19.034 1.308 0.351 149
19.031 1.274 0.353 58
19.037 1.267 0.349 67
19.050 1.295 0.339 124
19.028 1.341 0.355 87
19.048 1.291 0.341 135
19.044 1.282 0.344 134
19.029 1.317 0.354 148
19.034 1.344 0.350 77
19.001 1.412 0.360 106
18.996 1.409 0.362 125
19.015 1.353 0.359 139
19.006 1.396 0.359 109
19.021 1.321 0.358 158
19.010 1.390 0.359 127
19.003 1.374 0.361 64
19.007 1.364 0.361 62
19.015 1.350 0.359 111
19.025 1.362 0.355 76
19.000 1.373 0.362 73
18.993 1.402 0.363 88
19.017 1.271 0.362 58
19.014 1.402 0.357 90
19.015 1.319 0.361 47
18.997 1.385 0.363 116
19.012 1.370 0.359 120
19.008 1.339 0.362 54
19.007 1.316 0.363 59
19.004 1.324 0.364 80
19.002 1.362 0.362 54
19.002 1.390 0.361 86
19.022 1.400 0.355 46
19.021 1.406 0.355 49
19.024 1.328 0.357 139
19.002 1.420 0.360 116
19.001 1.407 0.361 104
19.005 1.330 0.363 67
19.011 1.397 0.358 122
19.013 1.310 0.362 49
19.019 1.333 0.359 128
19.029 1.400 0.352 56
19.011 1.386 0.359 125
19.013 1.324 0.361 54
19.012 1.331 0.361 54
19.022 1.323 0.358 142
18.999 1.385 0.362 84
19.021 1.326 0.358 145
19.019 1.367 0.357 116
19.024 1.401 0.354 46
19.019 1.316 0.359 145
19.004 1.398 0.360 113
19.016 1.340 0.359 111
19.150 1.287 0.248 84
19.147 1.317 0.240 127
19.176 1.351 0.224 68
19.168 1.321 0.235 77
19.173 1.329 0.231 69
19.147 1.312 0.241 118
19.156 1.302 0.243 70
19.184 1.358 0.220 61
19.160 1.321 0.236 71
19.157 1.323 0.236 67
19.149 1.292 0.247 79
19.177 1.341 0.227 73
19.156 1.326 0.236 139
19.049 1.363 0.337 44
19.074 1.311 0.315 101
19.078 1.323 0.307 137
19.065 1.333 0.323 75
19.055 1.341 0.334 73
19.077 1.322 0.309 117
19.059 1.356 0.325 71
19.068 1.296 0.325 76
19.049 1.354 0.339 68
19.061 1.338 0.327 73
19.065 1.323 0.324 70
19.039 1.381 0.346 62
19.062 1.356 0.322 76
19.069 1.343 0.315 93
19.057 1.345 0.330 76
19.061 1.322 0.330 67
19.072 1.305 0.319 101
19.075 1.332 0.309 84
19.078 1.323 0.307 137
19.060 1.340 0.327 73
19.070 1.318 0.319 73
19.070 1.346 0.313 109
19.061 1.349 0.324 74
19.066 1.339 0.319 75
19.052 1.368 0.332 32
19.079 1.335 0.303 108
19.045 1.363 0.342 56
19.080 1.319 0.305 135
19.122 1.388 0.270 63
19.127 1.359 0.261 65
19.127 1.368 0.262 36
19.123 1.336 0.262 114
19.127 1.393 0.266 60
19.115 1.363 0.273 40
19.138 1.333 0.246 115
19.114 1.356 0.273 68
19.123 1.353 0.264 69
19.123 1.375 0.267 51
19.124 1.333 0.260 114
19.108 1.336 0.276 113
19.105 1.365 0.283 35
19.097 1.349 0.289 72
19.124 1.412 0.272 48
19.124 1.364 0.265 34
19.131 1.363 0.258 45
19.095 1.347 0.291 75
19.110 1.382 0.281 37
19.122 1.366 0.267 38
19.116 1.357 0.272 68
19.117 1.347 0.269 85
19.125 1.402 0.270 44
19.114 1.364 0.275 38
19.123 1.412 0.274 48
19.117 1.344 0.268 92
19.092 1.343 0.292 95
19.095 1.338 0.288 108
19.113 1.371 0.277 32
19.117 1.333 0.267 117
19.131 1.360 0.257 61
19.125 1.353 0.262 73
19.119 1.365 0.270 39
19.117 1.362 0.271 33
19.099 1.344 0.286 88
19.133 1.360 0.255 58
19.114 1.356 0.273 68
19.129 1.381 0.263 56
19.117 1.349 0.269 74
19.097 1.371 0.292 32
19.066 1.389 0.321 65
19.103 1.385 0.288 58
19.076 1.382 0.311 58
19.097 1.371 0.292 32
19.079 1.408 0.312 44
19.053 1.384 0.332 64
19.056 1.386 0.329 66
19.072 1.347 0.311 114
19.060 1.371 0.324 38
19.115 1.407 0.280 45
19.063 1.405 0.326 44
19.059 1.392 0.327 57
19.096 1.392 0.295 60
19.087 1.384 0.302 57
19.076 1.354 0.308 85
19.106 1.410 0.288 46
19.073 1.386 0.315 64
19.067 1.389 0.320 62
19.054 1.401 0.333 45
19.092 1.401 0.300 48
19.065 1.358 0.318 89
19.054 1.372 0.329 30
19.065 1.360 0.318 84
19.094 1.410 0.299 45
19.106 1.407 0.288 47
19.110 1.394 0.283 51
19.062 1.370 0.322 51
19.077 1.351 0.307 91
19.081 1.408 0.310 43
19.084 1.381 0.304 59
19.078 1.378 0.309 64
19.070 1.397 0.319 47
19.100 1.393 0.291 58
19.062 1.387 0.324 70
19.074 1.384 0.313 66
19.074 1.367 0.311 29
19.088 1.352 0.297 73
19.117 1.411 0.279 47
19.072 1.360 0.312 65
19.081 1.340 0.302 129
19.062 1.390 0.325 57
19.061 1.374 0.324 43
19.039 1.393 0.345 65
19.066 1.366 0.318 30
19.081 1.341 0.302 129
19.107 1.391 0.285 65
19.058 1.389 0.328 59
19.094 1.385 0.296 49
19.101 1.402 0.292 43
19.137 1.376 0.255 47
19.175 1.366 0.227 33
19.163 1.366 0.235 34
19.174 1.370 0.228 36
19.157 1.370 0.240 33
19.146 1.340 0.241 106
19.136 1.396 0.260 52
19.143 1.379 0.251 39
19.140 1.360 0.250 43
19.134 1.392 0.261 53
19.146 1.396 0.253 53
19.150 1.347 0.239 71
19.144 1.348 0.244 76
19.153 1.357 0.240 56
19.143 1.360 0.247 59
19.143 1.353 0.245 67
19.129 1.413 0.269 48
19.141 1.402 0.259 47
19.143 1.359 0.247 59
19.147 1.345 0.241 78
19.147 1.384 0.250 39
19.146 1.336 0.239 107
19.154 1.379 0.244 29
19.148 1.395 0.252 55
19.170 1.380 0.233 33
19.137 1.372 0.254 41
19.168 1.383 0.235 37
19.157 1.383 0.243 34
19.174 1.374 0.229 29
19.150 1.380 0.247 35
19.126 1.406 0.269 46
19.052 1.405 0.335 45
19.081 1.413 0.310 37
19.041 1.403 0.344 137
19.113 1.419 0.283 46
19.082 1.415 0.309 40
19.052 1.407 0.334 45
19.087 1.419 0.304 40
19.061 1.418 0.325 40
19.072 1.409 0.318 40
19.215 1.445 0.114 137
19.195 1.431 0.100 49
19.198 1.442 0.101 81
19.186 1.408 0.094 51
19.182 1.426 0.089 48
19.196 1.451 0.098 63
19.220 1.449 0.119 194
19.192 1.450 0.095 41
19.202 1.412 0.107 66
19.172 1.456 0.077 16
19.215 1.438 0.115 98
19.184 1.423 0.091 49
19.204 1.420 0.108 74
19.180 1.438 0.086 50
19.197 1.456 0.099 77
19.208 1.432 0.110 80
19.185 1.457 0.088 100
19.206 1.428 0.109 74
19.214 1.429 0.116 89
19.213 1.445 0.113 173
19.182 1.428 0.089 47
19.200 1.413 0.106 61
19.189 1.451 0.092 48
19.212 1.421 0.115 87
19.186 1.456 0.089 100
19.192 1.404 0.100 52
19.217 1.441 0.117 117
19.036 1.433 0.341 38
19.027 1.407 0.352 36
19.012 1.440 0.351 66
19.039 1.440 0.337 52
18.987 1.447 0.362 148
19.009 1.444 0.351 62
19.014 1.433 0.352 110
19.054 1.425 0.333 47
19.050 1.419 0.337 109
19.021 1.438 0.347 67
19.031 1.412 0.349 143
19.051 1.438 0.332 54
19.060 1.449 0.324 50
19.035 1.434 0.341 38
19.041 1.436 0.337 51
19.040 1.412 0.344 151
19.077 1.453 0.315 51
19.015 1.427 0.353 53
19.054 1.425 0.333 47
19.037 1.407 0.347 135
19.040 1.443 0.336 51
19.041 1.445 0.335 55
19.043 1.442 0.335 57
18.999 1.441 0.357 86
19.038 1.409 0.346 131
19.016 1.421 0.354 40
19.019 1.441 0.347 64
19.070 1.448 0.319 52
19.040 1.411 0.345 151
19.016 1.451 0.346 50
19.028 1.415 0.349 134
19.033 1.419 0.346 172
19.026 1.414 0.351 41
19.004 1.439 0.355 110
19.078 1.454 0.314 51
19.035 1.450 0.336 49
19.205 1.457 0.104 203
19.205 1.469 0.099 168
19.188 1.473 0.084 83
19.206 1.466 0.101 154
19.173 1.474 0.072 196
19.204 1.471 0.098 140
19.186 1.463 0.087 99
19.184 1.472 0.081 71
19.213 1.458 0.109 235
19.189 1.475 0.084 77
19.175 1.465 0.078 27
19.185 1.463 0.086 101
19.193 1.474 0.087 86
19.201 1.456 0.102 168
19.172 1.469 0.073 167
19.149 1.472 0.026 90
19.160 1.477 0.048 165
19.163 1.479 0.053 161
19.161 1.470 0.052 83
19.148 1.470 0.023 95
19.150 1.483 0.024 86
19.159 1.480 0.045 173
19.165 1.475 0.060 154
19.159 1.479 0.044 173
19.150 1.474 0.027 91
19.231 1.071 0.356 91
19.230 1.125 0.367 52
19.224 1.099 0.369 64
19.097 1.054 0.363 115
19.128 1.078 0.362 67
19.067 1.113 0.354 80
19.072 1.072 0.359 62
19.060 1.056 0.360 69
19.101 1.098 0.357 60
19.101 1.060 0.362 86
19.084 1.080 0.359 68
19.102 1.086 0.359 68
19.063 1.131 0.351 117
19.067 1.071 0.359 84
19.098 1.076 0.360 68
19.114 1.091 0.359 61
19.087 1.109 0.355 58
19.101 1.099 0.357 60
19.111 1.105 0.357 70
19.116 1.081 0.361 65
19.148 1.066 0.364 95
19.103 1.098 0.358 65
19.063 1.088 0.356 114
19.109 1.066 0.362 85
19.058 1.085 0.356 73
19.115 1.059 0.363 94
19.119 1.082 0.361 60
19.052 1.060 0.359 57
19.068 1.090 0.356 53
19.106 1.086 0.359 57
19.057 1.129 0.351 94
19.057 1.146 0.349 86
19.073 1.125 0.352 41
19.093 1.116 0.355 50
19.096 1.114 0.355 48
19.121 1.087 0.360 58
19.061 1.065 0.359 94
19.072 1.129 0.352 33
19.104 1.063 0.362 85
19.095 1.060 0.362 83
19.104 1.063 0.362 85
19.063 1.125 0.352 123
19.092 1.076 0.360 66
19.129 1.080 0.361 63
19.058 1.082 0.357 73
19.083 1.076 0.359 79
19.109 1.102 0.357 65
19.075 1.112 0.354 55
19.064 1.075 0.358 129
19.129 1.067 0.363 70
19.097 1.061 0.362 81
19.119 1.085 0.360 56
19.067 1.100 0.355 106
19.080 1.090 0.357 65
19.060 1.134 0.351 131
19.082 1.054 0.362 105
19.126 1.069 0.363 75
19.106 1.054 0.363 105
19.089 1.067 0.360 68
19.086 1.062 0.361 79
19.138 1.068 0.363 96
19.121 1.069 0.362 75
19.079 1.101 0.356 44
19.085 1.064 0.361 81
19.111 1.088 0.359 56
19.085 1.083 0.358 64
19.109 1.096 0.358 62
19.122 1.142 0.254 92
19.141 1.094 0.288 51
19.130 1.106 0.242 84
19.140 1.098 0.288 57
19.118 1.158 0.257 89
19.132 1.108 0.256 48
19.136 1.105 0.274 47
19.118 1.155 0.256 92
19.151 1.084 0.325 64
19.118 1.155 0.256 92
19.133 1.128 0.295 37
19.158 1.069 0.342 70
19.133 1.129 0.299 45
19.145 1.088 0.301 50
19.127 1.124 0.254 91
19.126 1.145 0.286 121
19.142 1.103 0.305 51
19.131 1.117 0.269 123
19.114 1.170 0.254 115
19.150 1.079 0.313 63
19.142 1.105 0.310 47
19.149 1.091 0.330 71
19.125 1.137 0.266 31
19.115 1.167 0.260 90
19.119 1.154 0.262 83
19.138 1.113 0.297 40
19.130 1.112 0.253 64
19.135 1.121 0.299 39
19.132 1.127 0.289 52
19.136 1.102 0.270 104
19.128 1.116 0.245 131
19.131 1.124 0.277 51
19.145 1.092 0.306 62
19.148 1.077 0.295 67
19.133 1.110 0.262 41
19.124 1.131 0.250 113
19.137 1.095 0.262 111
19.126 1.145 0.282 85
19.128 1.128 0.265 46
19.143 1.104 0.312 50
19.149 1.090 0.327 68
19.153 1.072 0.320 71
19.148 1.084 0.311 52
19.130 1.132 0.288 92
19.123 1.139 0.256 93
19.117 1.158 0.255 121
19.133 1.095 0.239 105
19.137 1.094 0.263 111
19.154 1.071 0.325 71
19.124 1.135 0.259 91
19.132 1.110 0.257 32
19.120 1.147 0.252 102
19.158 1.073 0.347 72
19.117 1.157 0.253 130
19.137 1.104 0.279 96
19.123 1.146 0.268 54
19.160 1.067 0.350 83
19.146 1.099 0.326 63
19.157 1.072 0.339 66
19.156 1.077 0.346 75
19.127 1.112 0.236 24
19.145 1.080 0.284 70
19.130 1.101 0.234 25
19.158 1.068 0.342 70
19.142 1.101 0.307 51
19.125 1.127 0.247 113
19.136 1.112 0.288 50
19.118 1.161 0.276 48
19.099 1.176 0.307 132
19.118 1.148 0.308 36
19.078 1.221 0.275 18
19.110 1.181 0.256 96
19.119 1.161 0.273 55
19.142 1.107 0.325 48
19.127 1.127 0.328 53
19.086 1.212 0.266 29
19.124 1.132 0.328 60
19.118 1.146 0.314 36
19.110 1.176 0.269 80
19.117 1.158 0.288 125
19.083 1.210 0.282 114
19.118 1.145 0.315 36
19.092 1.191 0.296 72
19.128 1.132 0.313 58
19.098 1.197 0.260 24
19.159 1.071 0.352 69
19.113 1.157 0.303 64
19.083 1.213 0.275 38
19.098 1.196 0.261 24
19.083 1.215 0.271 24
19.121 1.138 0.322 50
19.083 1.214 0.273 22
19.092 1.190 0.298 59
19.140 1.101 0.343 57
19.117 1.147 0.316 46
19.123 1.150 0.285 52
19.087 1.209 0.269 13
19.111 1.164 0.297 132
19.120 1.158 0.276 49
19.144 1.102 0.330 68
19.080 1.214 0.284 128
19.126 1.136 0.308 61
19.126 1.140 0.298 59
19.120 1.156 0.280 48
19.124 1.139 0.309 59
19.137 1.118 0.316 38
19.092 1.193 0.290 89
19.144 1.095 0.345 64
19.153 1.078 0.354 74
19.116 1.151 0.310 62
19.128 1.140 0.295 56
19.114 1.149 0.319 38
19.122 1.153 0.285 51
19.081 1.210 0.289 86
19.101 1.193 0.260 29
19.089 1.199 0.287 28
19.109 1.169 0.290 72
19.089 1.203 0.279 113
19.077 1.217 0.285 116
19.097 1.193 0.274 109
19.107 1.179 0.273 57
19.116 1.161 0.285 72
19.128 1.134 0.309 62
19.117 1.158 0.286 81
19.113 1.163 0.292 118
19.083 1.172 0.321 135
19.085 1.164 0.327 102
19.097 1.173 0.311 128
19.118 1.126 0.337 49
19.127 1.107 0.348 51
19.121 1.101 0.356 65
19.083 1.164 0.328 102
19.067 1.230 0.283 27
19.088 1.141 0.344 56
19.087 1.195 0.299 69
19.065 1.165 0.339 126
19.123 1.097 0.359 71
19.068 1.170 0.333 93
19.102 1.138 0.337 65
19.076 1.183 0.317 73
19.119 1.131 0.332 58
19.072 1.219 0.288 80
19.106 1.133 0.339 53
19.077 1.147 0.347 49
19.127 1.100 0.354 62
19.109 1.153 0.321 54
19.067 1.180 0.325 73
19.089 1.185 0.306 73
19.084 1.158 0.333 58
19.068 1.214 0.296 126
19.143 1.083 0.358 75
19.061 1.170 0.338 77
19.077 1.194 0.307 57
19.146 1.075 0.362 77
19.097 1.156 0.325 48
19.081 1.185 0.312 74
19.066 1.217 0.294 51
19.132 1.100 0.351 68
19.131 1.106 0.346 52
19.117 1.123 0.340 45
19.089 1.137 0.347 56
19.075 1.205 0.299 89
19.067 1.210 0.299 131
19.125 1.117 0.340 54
19.065 1.156 0.347 63
19.111 1.142 0.329 41
19.109 1.134 0.336 62
19.084 1.171 0.322 128
19.062 1.186 0.323 50
19.111 1.139 0.331 55
19.095 1.160 0.323 58
19.065 1.164 0.340 126
19.068 1.205 0.304 100
19.107 1.116 0.354 44
19.104 1.146 0.330 39
19.117 1.135 0.331 59
19.099 1.167 0.315 104
19.095 1.177 0.309 133
19.062 1.186 0.324 50
19.151 1.069 0.364 81
19.082 1.156 0.336 50
19.080 1.156 0.337 50
19.121 1.124 0.336 50
19.080 1.171 0.324 131
19.082 1.190 0.307 75
19.098 1.167 0.315 104
19.085 1.172 0.320 136
19.074 1.157 0.341 77
19.130 1.107 0.345 52
19.070 1.180 0.323 65
19.079 1.175 0.321 120
19.049 1.072 0.345 29
19.050 1.085 0.346 72
19.053 1.115 0.343 112
19.049 1.076 0.341 30
19.050 1.084 0.343 30
19.052 1.105 0.343 109
19.053 1.120 0.346 126
19.055 1.139 0.338 108
19.055 1.140 0.347 91
19.050 1.094 0.316 22
19.053 1.124 0.340 109
19.052 1.107 0.339 48
19.050 1.086 0.336 55
19.051 1.091 0.347 130
19.055 1.143 0.348 66
19.050 1.081 0.338 32
19.051 1.097 0.345 99
19.050 1.097 0.324 128
19.051 1.105 0.327 112
19.052 1.104 0.352 53
19.055 1.145 0.340 113
19.050 1.096 0.330 82
19.051 1.086 0.349 119
19.053 1.128 0.332 48
19.164 1.190 0.250 45
19.164 1.207 0.257 53
19.118 1.221 0.266 44
19.138 1.189 0.250 42
19.131 1.224 0.266 156
19.196 1.191 0.249 42
19.182 1.188 0.248 42
19.191 1.193 0.249 45
19.130 1.201 0.256 43
19.160 1.207 0.257 45
19.130 1.196 0.254 42
19.171 1.199 0.253 31
19.128 1.200 0.256 43
19.193 1.194 0.250 42
19.111 1.187 0.251 38
19.169 1.207 0.257 45
19.122 1.197 0.255 42
19.154 1.196 0.253 41
19.119 1.212 0.261 43
19.155 1.189 0.250 42
19.149 1.200 0.255 42
19.131 1.220 0.264 149
19.165 1.196 0.252 44
19.152 1.200 0.255 42
19.137 1.203 0.257 43
19.155 1.208 0.258 52
19.097 1.220 0.268 43
19.102 1.204 0.260 42
19.105 1.231 0.272 44
19.108 1.204 0.259 42
19.099 1.232 0.273 43
19.111 1.234 0.272 89
19.092 1.224 0.270 43
19.101 1.201 0.258 42
19.108 1.205 0.259 42
19.084 1.230 0.275 43
19.089 1.218 0.268 43
19.093 1.223 0.270 43
19.108 1.201 0.258 42
19.047 1.140 0.333 51
19.033 1.182 0.343 92
19.049 1.162 0.343 91
19.030 1.223 0.357 54
19.043 1.148 0.334 91
19.027 1.226 0.357 83
19.037 1.194 0.349 80
19.031 1.206 0.351 74
19.039 1.153 0.335 97
19.048 1.105 0.319 32
19.046 1.099 0.316 25
19.030 1.192 0.345 90
19.054 1.133 0.334 32
19.051 1.136 0.333 30
19.044 1.165 0.342 30
19.038 1.196 0.351 64
19.032 1.209 0.353 74
19.026 1.227 0.357 83
19.042 1.170 0.342 35
19.021 1.244 0.361 52
19.021 1.234 0.357 50
19.055 1.163 0.346 60
19.033 1.177 0.341 91
19.181 1.210 0.252 58
19.138 1.250 0.261 101
19.142 1.257 0.258 132
19.185 1.212 0.250 74
19.182 1.216 0.250 75
19.153 1.234 0.258 79
19.128 1.233 0.268 130
19.170 1.215 0.255 74
19.133 1.244 0.264 139
19.142 1.223 0.264 92
19.168 1.218 0.255 75
19.136 1.235 0.265 142
19.127 1.244 0.266 108
19.144 1.248 0.259 88
19.142 1.226 0.264 101
19.133 1.243 0.264 142
19.140 1.239 0.262 127
19.134 1.228 0.266 140
19.192 1.199 0.250 42
19.184 1.207 0.251 50
19.163 1.237 0.254 76
19.169 1.282 0.242 76
19.170 1.287 0.241 75
19.190 1.227 0.245 81
19.186 1.313 0.229 67
19.189 1.294 0.232 70
19.190 1.314 0.227 70
19.200 1.221 0.242 80
19.168 1.250 0.249 79
19.179 1.251 0.244 76
19.199 1.254 0.236 79
19.199 1.266 0.233 76
19.155 1.254 0.253 79
19.174 1.272 0.242 73
19.165 1.267 0.247 75
19.174 1.319 0.233 66
19.176 1.306 0.235 67
19.160 1.246 0.253 80
19.184 1.347 0.223 67
19.193 1.290 0.231 71
19.156 1.271 0.250 72
19.184 1.340 0.225 69
19.196 1.284 0.231 74
19.197 1.285 0.230 74
19.167 1.261 0.247 76
19.202 1.220 0.241 79
19.166 1.264 0.247 74
19.192 1.348 0.220 68
19.163 1.293 0.243 75
19.173 1.315 0.234 67
19.188 1.313 0.228 70
19.147 1.269 0.253 86
19.196 1.311 0.226 71
19.189 1.245 0.241 76
19.181 1.345 0.225 68
19.196 1.262 0.235 75
19.179 1.225 0.249 78
19.158 1.289 0.246 73
19.152 1.266 0.252 76
19.190 1.301 0.230 72
19.156 1.268 0.250 79
19.198 1.228 0.241 78
19.183 1.221 0.249 80
19.161 1.293 0.243 73
19.167 1.298 0.240 84
19.194 1.265 0.236 75
19.197 1.294 0.229 73
19.185 1.248 0.242 76
19.183 1.236 0.246 77
19.191 1.305 0.229 72
19.165 1.296 0.241 81
19.193 1.206 0.248 58
19.193 1.203 0.248 51
19.187 1.296 0.232 70
19.201 1.236 0.239 76
19.176 1.234 0.249 78
19.092 1.452 0.046 41
19.049 1.440 0.059 41
19.028 1.424 0.141 47
19.105 1.455 0.043 24
19.030 1.428 0.113 37
19.011 1.423 0.117 109
19.074 1.441 0.091 45
19.051 1.439 0.066 44
19.103 1.454 0.046 38
19.014 1.424 0.113 114
19.073 1.450 0.025 117
19.093 1.451 0.057 42
19.037 1.429 0.122 39
19.047 1.438 0.070 42
19.009 1.422 0.118 103
19.070 1.442 0.079 43
19.013 1.420 0.144 11
19.027 1.425 0.134 48
19.072 1.442 0.080 44
19.025 1.432 0.075 106
19.027 1.431 0.089 53
19.017 1.424 0.121 110
19.067 1.449 0.028 112
19.031 1.429 0.107 46
19.056 1.445 0.033 88
19.044 1.435 0.089 41
19.063 1.444 0.052 43
19.040 1.428 0.132 47
19.023 1.438 0.031 103
19.082 1.449 0.048 46
19.058 1.446 0.029 118
19.067 1.447 0.037 43
19.018 1.437 0.028 113
19.059 1.444 0.043 43
19.033 1.436 0.065 45
19.061 1.447 0.030 106
19.041 1.432 0.107 41
19.069 1.448 0.038 30
19.012 1.424 0.113 109
19.043 1.434 0.093 43
19.025 1.423 0.145 59
19.018 1.421 0.146 27
19.108 1.455 0.050 44
19.127 1.463 0.028 114
19.103 1.454 0.053 43
19.050 1.440 0.061 41
19.077 1.449 0.045 47
19.103 1.458 0.023 99
19.053 1.446 0.024 113
19.112 1.456 0.049 37
19.109 1.456 0.044 36
19.100 1.457 0.026 106
19.024 1.428 0.101 74
19.042 1.436 0.074 41
19.085 1.448 0.063 44
19.030 1.435 0.063 64
19.033 1.427 0.127 43
19.019 1.435 0.045 105
19.018 1.432 0.065 114
19.038 1.437 0.064 45
19.036 1.434 0.079 43
19.058 1.437 0.100 44
19.081 1.449 0.050 45
19.065 1.443 0.062 45
19.010 1.428 0.081 111
19.031 1.438 0.042 97
19.059 1.439 0.083 41
19.019 1.421 0.142 39
19.013 1.421 0.133 43
19.033 1.441 0.026 113
19.080 1.452 0.027 121
19.059 1.441 0.066 43
19.087 1.447 0.075 44
19.065 1.440 0.084 43
19.053 1.440 0.066 43
19.008 1.420 0.138 12
19.046 1.437 0.078 42
19.033 1.430 0.104 40
19.082 1.446 0.072 45
19.082 1.450 0.039 31
19.045 1.444 0.023 114
19.047 1.443 0.033 83
19.042 1.430 0.123 44
19.101 1.452 0.060 41
19.081 1.446 0.073 45
19.054 1.444 0.035 66
19.014 1.433 0.049 116
19.032 1.430 0.103 43
19.103 1.453 0.058 42
19.097 1.452 0.053 44
19.048 1.442 0.041 39
19.013 1.424 0.115 114
19.105 1.455 0.043 35
19.046 1.443 0.035 83
19.064 1.442 0.072 42
19.048 1.444 0.025 116
19.018 1.434 0.049 107
19.016 1.435 0.039 117
19.052 1.435 0.098 43
19.209 1.420 0.359 136
19.217 1.444 0.377 180
19.221 1.437 0.377 208
19.214 1.432 0.368 136
19.221 1.444 0.380 178
19.202 1.453 0.370 141
19.222 1.426 0.372 194
19.217 1.443 0.376 180
19.206 1.455 0.375 182
19.204 1.456 0.373 143
19.212 1.452 0.377 151
19.210 1.447 0.373 183
19.199 1.464 0.373 156
19.223 1.438 0.379 209
19.105 1.438 0.315 37
19.110 1.445 0.321 91
19.077 1.428 0.324 44
19.064 1.425 0.329 47
19.111 1.447 0.323 107
19.116 1.434 0.300 51
19.102 1.443 0.324 47
19.108 1.457 0.340 137
19.091 1.444 0.334 72
19.102 1.421 0.294 44
19.115 1.434 0.301 51
19.098 1.441 0.324 39
19.108 1.457 0.338 114
19.103 1.431 0.307 46
19.095 1.433 0.316 47
19.076 1.428 0.325 44
19.103 1.420 0.291 44
19.114 1.438 0.308 34
19.113 1.444 0.317 91
19.096 1.453 0.343 107
19.093 1.425 0.306 44
19.070 1.434 0.337 44
19.110 1.445 0.320 91
19.094 1.451 0.342 102
19.092 1.456 0.351 115
19.114 1.426 0.291 41
19.074 1.420 0.316 40
19.060 1.423 0.331 39
19.069 1.431 0.335 36
19.081 1.423 0.314 46
19.086 1.441 0.335 37
19.138 1.423 0.297 47
19.150 1.434 0.330 73
19.154 1.433 0.334 73
19.148 1.442 0.345 79
19.149 1.420 0.302 71
19.115 1.458 0.345 122
19.149 1.445 0.354 68
19.147 1.429 0.317 53
19.148 1.435 0.332 73
19.141 1.422 0.297 53
19.142 1.446 0.347 55
19.124 1.422 0.281 52
19.165 1.432 0.342 52
19.143 1.436 0.328 61
19.130 1.443 0.329 52
19.124 1.456 0.349 107
19.116 1.441 0.312 50
19.123 1.435 0.307 60
19.146 1.430 0.319 53
19.143 1.441 0.339 66
19.116 1.456 0.341 119
19.184 1.422 0.340 48
19.115 1.455 0.339 110
19.157 1.433 0.336 70
19.128 1.436 0.313 54
19.158 1.420 0.311 65
19.183 1.420 0.335 49
19.171 1.429 0.342 49
19.186 1.424 0.347 49
19.185 1.422 0.342 50
19.139 1.433 0.318 55
19.162 1.441 0.357 53
19.139 1.447 0.346 56
19.127 1.446 0.332 48
19.182 1.420 0.334 49
19.123 1.435 0.306 60
19.108 1.467 0.355 189
19.121 1.441 0.317 49
19.141 1.445 0.344 64
19.150 1.426 0.315 64
19.127 1.455 0.350 111
19.139 1.420 0.291 50
19.131 1.424 0.291 47
19.153 1.436 0.338 71
19.130 1.457 0.357 116
19.199 1.419 0.351 47
19.134 1.434 0.315 55
19.177 1.423 0.336 49
19.130 1.444 0.331 52
19.118 1.448 0.327 100
19.127 1.457 0.355 116
19.153 1.464 0.363 132
19.161 1.471 0.365 186
19.134 1.469 0.362 190
19.126 1.469 0.361 161
19.185 1.439 0.359 52
19.136 1.466 0.362 169
19.148 1.465 0.363 126
19.146 1.454 0.359 62
19.175 1.454 0.362 99
19.198 1.437 0.360 93
19.138 1.466 0.362 144
19.135 1.465 0.361 118
19.142 1.463 0.361 119
19.188 1.452 0.363 112
19.167 1.447 0.360 54
19.142 1.453 0.359 59
19.117 1.471 0.361 191
19.153 1.469 0.364 173
19.191 1.433 0.359 57
19.163 1.463 0.364 117
19.173 1.475 0.368 212
19.182 1.475 0.369 191
19.153 1.454 0.360 86
19.160 1.451 0.360 96
19.175 1.444 0.360 63
19.170 1.478 0.369 207
19.155 1.057 0.089 30
19.154 1.061 0.069 23
19.152 1.060 0.083 28
19.066 1.226 0.305 98
19.070 1.268 0.323 145
19.062 1.199 0.324 81
19.066 1.234 0.332 136
19.060 1.183 0.330 78
19.058 1.168 0.343 84
19.068 1.239 0.295 124
19.071 1.273 0.320 157
19.067 1.230 0.290 54
19.060 1.182 0.337 91
19.067 1.235 0.304 87
19.068 1.249 0.314 83
19.068 1.247 0.326 120
19.065 1.220 0.302 115
19.064 1.220 0.332 147
19.069 1.254 0.299 100
19.065 1.226 0.321 46
19.068 1.240 0.288 77
19.066 1.224 0.300 112
19.065 1.220 0.320 85
19.064 1.214 0.318 67
19.065 1.227 0.318 92
19.068 1.247 0.299 102
19.066 1.232 0.328 123
19.068 1.243 0.311 50
19.067 1.236 0.315 89
19.068 1.247 0.305 54
19.068 1.249 0.323 120
19.067 1.240 0.328 142
19.068 1.249 0.312 101
19.065 1.221 0.324 41
19.066 1.227 0.289 22
19.215 1.385 0.355 96
19.217 1.406 0.354 108
19.233 1.342 0.352 195
19.222 1.395 0.353 141
19.232 1.326 0.352 170
19.234 1.385 0.351 155
19.233 1.374 0.351 166
19.218 1.380 0.354 93
19.217 1.400 0.354 111
19.226 1.375 0.353 159
19.237 1.352 0.351 206
19.230 1.374 0.352 161
19.226 1.364 0.353 184
19.222 1.086 0.366 67
19.225 1.080 0.362 69
19.189 1.062 0.364 39
19.223 1.086 0.366 67
19.198 1.064 0.362 29
19.200 1.065 0.363 30
19.154 1.099 0.255 55
19.202 1.110 0.300 51
19.188 1.100 0.303 36
19.204 1.112 0.299 56
19.197 1.120 0.268 51
19.193 1.118 0.267 58
19.194 1.127 0.247 44
19.176 1.103 0.279 43
19.213 1.110 0.316 75
19.219 1.096 0.358 73
19.187 1.112 0.275 52
19.160 1.098 0.266 65
19.214 1.114 0.310 86
19.220 1.105 0.339 76
19.206 1.111 0.304 64
19.139 1.097 0.239 106
19.210 1.122 0.283 83
19.192 1.120 0.261 62
19.154 1.104 0.243 52
19.204 1.118 0.285 56
19.192 1.120 0.259 53
19.180 1.118 0.247 31
19.167 1.097 0.280 43
19.164 1.108 0.249 109
19.163 1.095 0.277 53
19.212 1.124 0.280 91
19.211 1.120 0.290 83
19.188 1.119 0.258 64
19.147 1.095 0.253 98
19.174 1.101 0.281 44
19.162 1.102 0.260 131
19.136 1.096 0.236 75
19.206 1.124 0.274 56
19.199 1.114 0.287 65
19.175 1.105 0.274 35
19.172 1.107 0.262 36
19.204 1.118 0.285 56
19.200 1.122 0.266 51
19.151 1.104 0.239 38
19.211 1.132 0.260 72
19.204 1.121 0.277 44
19.218 1.094 0.363 64
19.174 1.108 0.262 36
19.186 1.108 0.281 51
19.210 1.134 0.255 84
19.172 1.111 0.251 134
19.206 1.097 0.339 54
19.188 1.095 0.315 53
19.191 1.119 0.262 62
19.214 1.124 0.284 70
19.173 1.112 0.251 99
19.218 1.117 0.308 58
19.213 1.108 0.321 83
19.170 1.109 0.254 127
19.178 1.097 0.297 47
19.151 1.096 0.259 55
19.216 1.107 0.327 78
19.199 1.096 0.330 62
19.139 1.096 0.241 95
19.189 1.114 0.271 56
19.152 1.082 0.289 50
19.179 1.086 0.322 65
19.202 1.085 0.359 63
19.215 1.094 0.359 67
19.170 1.070 0.339 79
19.209 1.089 0.361 62
19.173 1.083 0.318 70
19.186 1.074 0.354 70
19.167 1.066 0.342 76
19.192 1.079 0.355 74
19.169 1.075 0.329 70
19.184 1.083 0.334 78
19.217 1.092 0.366 68
19.181 1.090 0.315 59
19.157 1.075 0.309 63
19.164 1.074 0.322 55
19.168 1.065 0.346 85
19.178 1.083 0.327 72
19.169 1.076 0.327 64
19.153 1.094 0.266 127
19.134 1.094 0.238 128
19.181 1.092 0.312 56
19.181 1.081 0.334 73
19.184 1.091 0.318 55
19.189 1.085 0.337 67
19.159 1.071 0.321 64
19.154 1.085 0.286 46
19.167 1.091 0.293 67
19.167 1.080 0.314 68
19.152 1.072 0.308 79
19.172 1.092 0.300 69
19.161 1.091 0.285 65
19.177 1.081 0.327 70
19.177 1.067 0.356 105
19.135 1.090 0.247 90
19.205 1.082 0.369 73
19.185 1.071 0.361 85
19.138 1.094 0.242 95
19.164 1.069 0.332 59
19.176 1.074 0.340 72
19.165 1.072 0.328 58
19.202 1.089 0.350 63
19.158 1.065 0.332 77
19.169 1.065 0.347 79
19.179 1.079 0.335 78
19.196 1.077 0.365 72
19.182 1.069 0.358 98
19.206 1.091 0.350 69
19.180 1.084 0.326 72
19.171 1.142 0.243 135
19.208 1.138 0.250 73
19.147 1.128 0.238 64
19.155 1.130 0.239 68
19.200 1.134 0.248 80
19.164 1.116 0.240 119
19.157 1.142 0.241 103
19.144 1.138 0.238 80
19.176 1.138 0.244 111
19.161 1.128 0.240 111
19.171 1.134 0.243 119
19.197 1.134 0.247 59
19.137 1.103 0.234 81
19.151 1.117 0.237 55
19.194 1.140 0.247 82
19.190 1.126 0.245 52
19.157 1.108 0.238 58
19.150 1.120 0.237 67
