18.611 1.072 0.403 39
18.672 1.071 0.399 59
18.657 1.079 0.403 77
18.685 1.088 0.406 96
18.654 1.087 0.408 90
18.687 1.085 0.405 95
18.598 1.072 0.404 52
18.701 1.077 0.400 105
18.687 1.074 0.399 81
18.646 1.085 0.407 93
18.708 1.070 0.396 61
18.695 1.070 0.397 72
18.683 1.080 0.402 80
18.692 1.070 0.397 52
18.680 1.082 0.404 84
18.677 1.083 0.404 83
18.608 1.077 0.406 40
18.672 1.087 0.406 88
18.709 1.070 0.396 61
18.668 1.071 0.399 50
18.610 1.085 0.409 71
18.595 1.082 0.409 73
18.648 1.100 0.414 79
18.580 1.078 0.408 87
18.622 1.087 0.410 89
18.582 1.076 0.407 77
18.587 1.078 0.408 66
18.605 1.080 0.407 45
18.582 1.088 0.413 109
18.632 1.092 0.412 84
18.627 1.083 0.407 99
18.664 1.095 0.411 92
18.640 1.092 0.411 96
18.642 1.093 0.412 98
18.648 1.089 0.409 97
18.541 0.952 0.024 115
18.543 0.986 0.023 111
18.547 0.963 0.023 75
18.546 1.006 0.022 111
18.546 0.924 0.025 110
18.545 1.015 0.022 103
18.538 0.924 0.025 124
18.541 0.947 0.024 131
18.749 1.108 0.060 21
18.707 1.108 0.041 29
18.701 1.114 0.036 145
18.776 1.105 0.074 18
18.722 1.110 0.047 20
18.738 1.099 0.060 18
18.727 1.123 0.043 112
18.713 1.111 0.042 32
18.781 1.103 0.077 16
18.760 1.112 0.063 23
18.767 1.122 0.061 19
18.747 1.098 0.064 17
18.767 1.099 0.072 22
18.778 1.121 0.067 14
18.696 1.116 0.032 128
18.686 1.118 0.026 134
18.701 1.112 0.036 131
18.769 1.104 0.071 19
18.764 1.115 0.063 19
18.775 1.103 0.075 18
18.750 1.100 0.064 20
18.701 1.120 0.032 122
18.778 1.117 0.069 15
18.705 1.109 0.039 73
18.774 1.121 0.065 12
18.785 1.122 0.069 2
18.728 1.113 0.048 22
18.781 1.089 0.084 16
18.759 1.105 0.066 20
18.741 1.108 0.056 21
18.737 1.109 0.054 20
18.692 1.114 0.031 139
18.771 1.101 0.073 22
18.773 1.117 0.067 17
18.714 1.122 0.037 139
18.759 1.107 0.065 22
18.694 1.112 0.033 141
18.779 1.091 0.082 17
18.758 0.919 0.327 60
18.759 0.923 0.294 35
18.773 0.925 0.253 38
18.792 0.924 0.230 39
18.789 0.918 0.278 42
18.796 0.920 0.253 51
18.750 0.922 0.319 68
18.786 0.924 0.243 43
18.802 0.913 0.296 53
18.756 0.923 0.300 44
18.764 0.922 0.294 36
18.755 0.925 0.282 34
18.768 0.918 0.320 50
18.754 0.922 0.310 52
18.801 0.917 0.268 52
18.792 0.913 0.318 42
18.780 0.922 0.268 39
18.749 0.926 0.290 39
18.780 0.914 0.329 48
18.762 0.924 0.284 35
18.797 0.915 0.294 50
18.769 0.915 0.342 50
18.773 0.914 0.340 51
18.774 0.925 0.253 38
18.793 0.913 0.315 46
18.768 0.926 0.256 42
18.780 0.924 0.252 39
18.765 0.923 0.282 35
18.762 0.926 0.266 38
18.776 0.918 0.302 40
18.751 0.922 0.314 57
18.741 0.925 0.306 62
18.805 0.918 0.255 55
18.801 0.913 0.296 52
18.772 0.923 0.270 39
18.765 0.925 0.271 34
18.779 0.913 0.339 49
18.758 0.920 0.317 52
18.787 0.918 0.285 39
18.772 0.913 0.352 62
18.806 0.916 0.265 55
18.741 0.925 0.307 62
18.793 0.914 0.305 43
18.765 0.926 0.258 40
18.759 0.921 0.312 49
18.747 0.926 0.290 35
18.802 0.917 0.267 52
18.767 0.920 0.305 41
18.757 0.924 0.289 39
18.787 0.922 0.255 37
18.786 0.924 0.241 39
18.769 0.921 0.290 36
18.773 0.913 0.348 57
18.764 0.916 0.341 62
18.772 0.913 0.350 61
18.770 0.920 0.297 35
18.783 0.913 0.333 53
18.790 0.923 0.241 41
18.775 0.925 0.251 39
18.799 0.923 0.227 47
18.787 0.913 0.322 43
18.791 0.914 0.305 43
18.763 0.922 0.292 37
18.803 0.913 0.296 53
18.792 0.972 0.153 29
18.773 0.961 0.177 35
18.792 0.936 0.197 55
18.787 0.937 0.199 59
18.769 0.970 0.168 41
18.773 0.954 0.185 28
18.771 0.948 0.193 39
18.789 0.974 0.153 30
18.759 0.976 0.166 49
18.783 0.961 0.172 41
18.757 0.958 0.189 32
18.791 0.939 0.193 46
18.790 0.956 0.174 42
18.736 0.977 0.177 79
18.731 0.976 0.181 82
18.779 0.970 0.162 45
18.764 0.953 0.191 31
18.756 0.962 0.185 37
18.793 0.958 0.169 44
18.775 0.947 0.193 39
18.766 0.969 0.170 38
18.761 0.960 0.185 31
18.775 0.957 0.180 31
18.767 0.954 0.188 29
18.800 0.928 0.202 50
18.778 0.962 0.173 38
18.763 0.970 0.171 43
18.750 0.973 0.174 65
18.784 0.941 0.194 48
18.749 0.940 0.212 36
18.706 0.930 0.243 82
18.765 0.930 0.216 33
18.734 0.953 0.206 47
18.732 0.938 0.223 42
18.705 0.938 0.235 75
18.750 0.947 0.205 33
18.756 0.927 0.224 38
18.742 0.936 0.220 30
18.709 0.931 0.240 80
18.781 0.937 0.201 59
18.732 0.958 0.201 52
18.725 0.926 0.239 76
18.705 0.939 0.233 74
18.740 0.936 0.221 35
18.729 0.965 0.194 73
18.755 0.954 0.194 36
18.732 0.944 0.216 35
18.710 0.941 0.229 63
18.769 0.942 0.201 38
18.774 0.926 0.216 34
18.722 0.935 0.230 52
18.734 0.939 0.220 39
18.749 0.927 0.227 47
18.763 0.934 0.212 32
18.734 0.946 0.213 37
18.720 0.963 0.201 71
18.746 0.939 0.215 36
18.757 0.946 0.203 34
18.735 0.970 0.186 79
18.724 0.943 0.221 45
18.739 0.952 0.204 48
18.723 0.945 0.218 41
18.771 0.940 0.203 38
18.732 0.965 0.193 65
18.741 0.934 0.222 38
18.757 0.925 0.225 36
18.777 0.935 0.205 55
18.727 0.953 0.208 57
18.764 0.940 0.205 31
18.741 0.966 0.187 53
18.729 0.958 0.202 56
18.772 0.926 0.218 33
18.738 0.946 0.211 40
18.737 0.926 0.269 61
18.710 0.924 0.256 75
18.736 0.928 0.284 63
18.759 0.925 0.232 32
18.743 0.925 0.243 51
18.776 0.926 0.239 45
18.785 0.926 0.223 48
18.725 0.926 0.268 71
18.711 0.925 0.274 75
18.766 0.925 0.230 34
18.745 0.925 0.240 53
18.697 0.923 0.256 83
18.769 0.925 0.224 36
18.736 0.927 0.278 64
18.730 0.926 0.266 69
18.707 0.925 0.269 75
18.727 0.924 0.247 72
18.775 0.926 0.232 46
18.745 0.926 0.253 48
18.773 0.926 0.241 43
18.773 0.925 0.228 42
18.725 0.927 0.286 78
18.732 0.928 0.298 64
18.745 0.924 0.234 54
18.753 0.927 0.262 35
18.769 0.926 0.246 41
18.715 0.926 0.276 72
18.757 0.925 0.242 33
18.758 0.927 0.256 38
18.759 0.925 0.234 33
18.763 0.926 0.240 36
18.732 0.928 0.294 61
18.685 0.919 0.384 90
18.668 0.918 0.397 102
18.696 0.919 0.376 90
18.595 0.929 0.396 91
18.619 0.925 0.400 98
18.704 0.914 0.397 111
18.712 0.916 0.378 98
18.682 0.917 0.394 90
18.672 0.925 0.360 92
18.717 0.924 0.333 81
18.679 0.922 0.369 87
18.716 0.928 0.315 78
18.708 0.921 0.356 80
18.759 0.914 0.353 95
18.703 0.924 0.342 81
18.748 0.913 0.368 97
18.632 0.926 0.381 99
18.726 0.923 0.331 81
18.635 0.927 0.374 97
18.686 0.915 0.405 110
18.637 0.926 0.381 96
18.673 0.924 0.367 91
18.712 0.916 0.380 98
18.671 0.927 0.351 93
18.624 0.925 0.396 100
18.751 0.914 0.363 99
18.650 0.928 0.359 88
18.764 0.914 0.354 83
18.654 0.925 0.375 102
18.611 0.926 0.399 88
18.754 0.914 0.356 90
18.647 0.925 0.380 100
18.733 0.919 0.346 88
18.754 0.915 0.351 91
18.653 0.920 0.400 113
18.741 0.915 0.361 97
18.731 0.915 0.369 102
18.702 0.920 0.362 82
18.609 0.927 0.397 92
18.717 0.919 0.358 87
18.719 0.927 0.313 78
18.729 0.914 0.375 103
18.681 0.916 0.399 95
18.743 0.913 0.373 100
18.703 0.923 0.349 82
18.634 0.923 0.399 103
18.697 0.917 0.386 95
18.612 0.927 0.392 93
18.603 0.928 0.392 91
18.651 0.923 0.383 107
18.677 0.923 0.369 87
18.689 0.924 0.355 85
18.676 0.927 0.348 93
18.659 0.919 0.401 132
18.665 0.927 0.354 94
18.748 0.917 0.346 87
18.679 0.918 0.390 95
18.676 0.925 0.357 89
18.731 0.925 0.317 76
18.715 0.921 0.349 82
18.643 0.928 0.368 93
18.702 0.918 0.376 89
18.706 0.920 0.361 83
18.682 0.928 0.337 91
18.682 0.927 0.342 88
18.750 0.916 0.349 91
18.718 0.915 0.382 99
18.685 0.925 0.350 87
18.721 0.923 0.332 82
18.657 0.928 0.355 86
18.751 0.916 0.352 88
18.699 0.927 0.331 81
18.686 0.916 0.396 94
18.705 0.918 0.371 89
18.633 0.926 0.382 99
18.660 0.920 0.398 132
18.691 0.921 0.370 86
18.748 0.913 0.369 98
18.599 0.928 0.396 93
18.674 0.927 0.350 93
18.720 0.926 0.318 80
18.733 0.923 0.326 80
18.732 0.925 0.316 76
18.637 0.925 0.386 99
18.681 0.924 0.361 87
18.739 0.916 0.358 97
18.680 0.928 0.338 91
18.710 0.917 0.376 94
18.641 0.922 0.400 102
18.688 0.928 0.336 88
18.618 0.928 0.385 95
18.676 0.913 0.410 103
18.648 0.917 0.407 115
18.675 0.916 0.407 105
18.673 0.913 0.410 103
18.600 0.920 0.406 91
18.602 0.922 0.404 91
18.624 0.920 0.405 105
18.668 0.913 0.410 107
18.677 0.914 0.408 100
18.687 0.913 0.409 107
18.625 0.928 0.360 98
18.711 0.927 0.299 78
18.697 0.923 0.261 79
18.701 0.925 0.277 74
18.690 0.928 0.321 83
18.621 0.928 0.372 96
18.660 0.928 0.343 87
18.662 0.927 0.331 86
18.676 0.926 0.303 88
18.696 0.928 0.315 83
18.658 0.926 0.315 87
18.706 0.925 0.273 75
18.678 0.927 0.313 80
18.689 0.927 0.311 77
18.714 0.926 0.286 74
18.687 0.924 0.279 80
18.628 0.928 0.368 97
18.702 0.926 0.293 72
18.678 0.924 0.282 84
18.646 0.926 0.328 92
18.609 0.928 0.378 93
18.677 0.924 0.285 85
18.716 0.927 0.290 76
18.702 0.924 0.270 74
18.661 0.928 0.340 86
18.682 0.927 0.312 78
18.684 0.925 0.291 78
18.618 0.928 0.370 98
18.665 0.925 0.300 87
18.632 0.927 0.351 99
18.609 0.928 0.377 93
18.697 0.924 0.268 74
18.684 0.924 0.281 83
18.665 0.927 0.322 86
18.685 0.926 0.299 77
18.606 0.929 0.385 90
18.695 0.927 0.312 82
18.706 0.927 0.294 72
18.666 0.928 0.334 86
18.625 0.928 0.370 96
18.669 0.927 0.326 83
18.609 0.928 0.376 93
18.631 0.928 0.356 99
18.706 0.927 0.297 75
18.706 0.925 0.272 74
18.715 0.927 0.298 78
18.701 0.926 0.286 75
18.803 0.983 0.211 35
18.798 0.985 0.164 29
18.800 0.994 0.177 36
18.801 0.967 0.193 29
18.800 0.992 0.181 32
18.803 1.005 0.210 42
18.803 0.980 0.211 35
18.798 0.981 0.164 27
18.800 0.950 0.189 35
18.800 0.967 0.185 30
18.801 0.942 0.205 32
18.804 1.016 0.217 64
18.800 0.975 0.180 31
18.800 0.976 0.181 31
18.801 0.951 0.198 36
18.799 0.985 0.173 31
18.802 0.996 0.199 39
18.800 0.977 0.189 30
18.800 0.960 0.185 34
18.798 0.973 0.158 25
18.799 0.961 0.173 31
18.803 0.989 0.209 36
18.800 0.971 0.189 29
18.800 0.969 0.182 30
18.799 0.986 0.167 30
18.801 0.995 0.191 40
18.802 0.966 0.205 30
18.801 0.951 0.195 36
18.800 0.984 0.184 31
18.800 0.940 0.194 30
18.799 0.963 0.170 31
18.800 0.990 0.180 33
18.817 0.969 0.214 38
18.809 0.954 0.211 36
18.809 0.975 0.213 36
18.811 0.946 0.210 31
18.817 0.989 0.217 42
18.808 0.963 0.212 35
18.821 0.990 0.218 44
18.807 0.969 0.212 36
18.825 0.982 0.217 43
18.805 0.962 0.211 35
18.804 0.956 0.210 36
18.829 0.986 0.219 43
18.804 0.953 0.210 35
18.803 0.981 0.213 35
18.813 0.971 0.214 34
18.808 0.995 0.216 41
18.820 0.978 0.216 41
18.814 0.999 0.218 45
18.803 0.952 0.209 35
18.825 0.962 0.215 39
18.806 1.004 0.217 45
18.827 0.968 0.216 38
18.735 0.986 0.185 70
18.745 1.002 0.206 32
18.732 0.991 0.203 56
18.745 1.000 0.200 32
18.737 1.009 0.237 29
18.736 1.015 0.253 27
18.739 1.002 0.216 27
18.740 0.993 0.194 49
18.737 1.001 0.218 30
18.737 1.006 0.228 30
18.747 1.006 0.213 33
18.738 1.014 0.246 28
18.747 1.003 0.234 28
18.749 1.004 0.214 31
18.746 1.006 0.227 28
18.745 1.007 0.234 28
18.747 1.005 0.224 29
18.751 1.000 0.217 26
18.593 1.106 0.214 22
18.603 1.101 0.121 25
18.572 1.073 0.113 27
18.583 1.089 0.162 21
18.554 1.046 0.034 29
18.603 1.099 0.114 24
18.605 1.095 0.075 23
18.606 1.094 0.061 31
18.578 1.078 0.113 23
18.578 1.079 0.113 23
18.602 1.097 0.104 23
18.592 1.106 0.220 22
18.583 1.095 0.198 21
18.596 1.090 0.091 25
18.555 1.046 0.026 37
18.600 1.094 0.096 23
18.579 1.079 0.113 23
18.582 1.091 0.176 21
18.593 1.084 0.066 40
18.578 1.084 0.151 18
18.569 1.070 0.107 32
18.585 1.090 0.154 20
18.571 1.063 0.050 39
18.599 1.088 0.057 42
18.593 1.095 0.142 21
18.585 1.097 0.200 21
18.598 1.087 0.060 42
18.566 1.065 0.090 41
18.590 1.099 0.187 21
18.579 1.073 0.077 38
18.580 1.093 0.204 20
18.570 1.074 0.127 24
18.561 1.054 0.043 30
18.590 1.093 0.151 21
18.591 1.100 0.187 21
18.585 1.101 0.226 20
18.592 1.106 0.220 22
18.608 1.095 0.060 29
18.591 1.096 0.162 24
18.583 1.096 0.209 21
18.604 1.094 0.071 26
18.593 1.084 0.068 37
18.570 1.074 0.132 21
18.587 1.079 0.065 43
18.604 1.094 0.076 24
18.575 1.066 0.048 41
18.586 1.079 0.079 35
18.580 1.086 0.154 19
18.561 1.056 0.053 34
18.599 1.092 0.086 26
18.587 1.088 0.128 20
18.579 1.089 0.182 20
18.583 1.094 0.191 21
18.587 1.080 0.072 39
18.585 1.082 0.104 24
18.567 1.067 0.104 37
18.586 1.089 0.141 20
18.598 1.093 0.101 22
18.601 1.101 0.133 24
18.574 1.071 0.087 38
18.583 1.078 0.080 35
18.604 1.095 0.083 23
18.581 1.090 0.178 21
18.572 1.073 0.108 30
18.579 1.091 0.192 20
18.573 1.077 0.136 19
18.585 1.084 0.113 22
18.583 1.075 0.064 42
18.595 1.091 0.103 22
18.580 1.085 0.146 19
18.562 1.059 0.072 38
18.594 1.090 0.100 22
18.586 1.098 0.202 21
18.589 1.098 0.187 21
18.572 1.071 0.099 34
18.589 1.097 0.182 22
18.578 1.084 0.149 18
18.594 1.083 0.052 50
18.575 1.075 0.109 25
18.596 1.090 0.090 25
18.604 1.093 0.065 31
18.585 1.087 0.136 19
18.575 1.070 0.079 39
18.557 1.062 0.147 22
18.568 1.079 0.198 19
18.575 1.097 0.297 16
18.574 1.095 0.290 16
18.556 1.055 0.094 37
18.560 1.082 0.326 48
18.568 1.088 0.291 17
18.553 1.061 0.187 17
18.551 1.043 0.026 77
18.563 1.083 0.306 14
18.560 1.069 0.190 17
18.567 1.086 0.285 17
18.568 1.093 0.341 68
18.558 1.080 0.326 54
18.567 1.075 0.165 18
18.567 1.091 0.325 63
18.560 1.063 0.130 28
18.555 1.074 0.302 13
18.576 1.088 0.196 20
18.578 1.101 0.302 17
18.571 1.096 0.335 72
18.564 1.073 0.183 17
18.558 1.061 0.138 26
18.562 1.080 0.278 17
18.552 1.044 0.030 37
18.567 1.075 0.164 18
18.557 1.069 0.221 18
18.557 1.075 0.280 17
18.552 1.046 0.040 24
18.556 1.082 0.359 31
18.561 1.066 0.139 23
18.554 1.059 0.160 19
18.562 1.076 0.235 18
18.553 1.060 0.175 17
18.555 1.064 0.200 19
18.569 1.093 0.323 21
18.580 1.095 0.221 20
18.558 1.059 0.111 36
18.552 1.047 0.059 25
18.562 1.070 0.173 15
18.569 1.091 0.313 12
18.556 1.071 0.252 18
18.562 1.070 0.178 16
18.565 1.081 0.254 19
18.553 1.062 0.207 17
18.558 1.057 0.086 37
18.561 1.070 0.194 19
18.565 1.081 0.254 19
18.577 1.093 0.230 19
18.571 1.083 0.204 20
18.556 1.073 0.269 17
18.558 1.072 0.249 17
18.574 1.095 0.291 16
18.572 1.090 0.258 17
18.575 1.097 0.299 16
18.565 1.083 0.272 19
18.556 1.078 0.321 42
18.552 1.055 0.137 29
18.564 1.068 0.131 24
18.558 1.071 0.233 19
18.576 1.098 0.294 16
18.553 1.066 0.243 20
18.572 1.085 0.208 19
18.556 1.062 0.168 18
18.554 1.063 0.191 18
18.557 1.086 0.392 84
18.558 1.081 0.328 54
18.582 1.102 0.273 17
18.572 1.090 0.266 18
18.576 1.089 0.209 20
18.557 1.062 0.151 21
18.556 1.067 0.210 17
18.567 1.081 0.224 20
18.557 1.069 0.221 18
18.563 1.082 0.283 17
18.571 1.091 0.285 16
18.567 1.091 0.326 63
18.557 1.066 0.200 20
18.554 1.081 0.386 71
18.559 1.058 0.089 38
18.584 1.101 0.238 20
18.566 1.082 0.250 17
18.567 1.081 0.221 21
18.581 1.096 0.217 20
18.565 1.070 0.139 22
18.556 1.080 0.346 37
18.555 1.069 0.249 18
18.568 1.079 0.195 19
18.566 1.090 0.339 68
18.569 1.081 0.215 20
18.562 1.061 0.092 39
18.556 1.067 0.217 18
18.562 1.081 0.292 16
18.566 1.083 0.265 18
18.571 1.086 0.228 21
18.586 1.106 0.264 18
18.554 1.049 0.053 30
18.568 1.082 0.233 19
18.571 1.083 0.206 19
18.565 1.083 0.266 18
18.553 1.073 0.314 17
18.569 1.087 0.269 18
18.565 1.073 0.169 17
18.559 1.056 0.071 35
18.583 1.102 0.258 17
18.565 1.090 0.336 70
18.805 1.090 0.354 28
18.767 1.119 0.411 50
18.809 1.101 0.384 43
18.773 1.116 0.406 57
18.785 1.108 0.391 51
18.807 1.091 0.358 24
18.816 1.091 0.361 21
18.797 1.101 0.379 43
18.810 1.098 0.379 33
18.801 1.096 0.367 22
18.782 1.109 0.393 52
18.796 1.104 0.388 54
18.792 1.108 0.394 50
18.810 1.099 0.381 33
18.800 1.102 0.384 50
18.804 1.099 0.377 30
18.798 1.100 0.377 35
18.782 1.088 0.144 18
18.762 1.092 0.118 19
18.762 1.093 0.189 32
18.779 1.090 0.236 29
18.779 1.090 0.233 29
18.761 1.093 0.216 33
18.795 1.086 0.196 23
18.786 1.087 0.108 13
18.785 1.088 0.206 28
18.743 1.096 0.162 28
18.784 1.089 0.208 28
18.738 1.097 0.139 24
18.749 1.095 0.142 24
18.785 1.088 0.147 19
18.737 1.097 0.167 29
18.740 1.097 0.163 28
18.762 1.093 0.256 30
18.757 1.094 0.199 33
18.709 1.102 0.153 24
18.771 1.092 0.237 32
18.777 1.089 0.115 16
18.781 1.088 0.102 15
18.769 1.091 0.129 18
18.793 1.088 0.290 19
18.799 1.087 0.282 18
18.800 1.087 0.301 18
18.767 1.092 0.179 33
18.777 1.090 0.240 28
18.781 1.090 0.267 26
18.722 1.100 0.156 27
18.755 1.093 0.128 20
18.773 1.089 0.102 16
18.794 1.087 0.217 23
18.758 1.093 0.133 21
18.733 1.098 0.163 27
18.793 1.086 0.177 23
18.798 1.087 0.281 18
18.742 1.096 0.133 22
18.784 1.087 0.103 16
18.772 1.092 0.260 27
18.739 1.096 0.130 21
18.753 1.094 0.129 21
18.731 1.099 0.198 33
18.778 1.091 0.259 27
18.759 1.093 0.175 32
18.778 1.088 0.100 16
18.734 1.098 0.181 34
18.751 1.094 0.157 28
18.773 1.090 0.126 17
18.757 1.093 0.161 28
18.754 1.094 0.192 34
18.756 1.094 0.224 33
18.807 1.086 0.318 22
18.784 1.089 0.212 26
18.803 1.086 0.282 19
18.760 1.093 0.214 33
18.785 1.089 0.252 23
18.776 1.091 0.248 27
18.771 1.092 0.263 27
18.782 1.088 0.170 26
18.752 1.094 0.164 29
18.720 1.100 0.139 23
18.770 1.091 0.192 32
18.777 1.089 0.167 26
18.766 1.091 0.161 27
18.796 1.086 0.220 23
18.751 1.094 0.127 21
18.789 1.087 0.151 19
18.789 1.089 0.292 21
18.768 1.092 0.261 28
18.782 1.089 0.218 27
18.715 1.101 0.146 24
18.790 1.089 0.289 21
18.765 1.091 0.130 19
18.768 1.092 0.259 28
18.787 1.089 0.260 24
18.781 1.089 0.187 29
18.738 1.097 0.166 29
18.732 1.098 0.178 32
18.763 1.092 0.121 19
18.751 1.095 0.184 34
18.743 1.097 0.224 31
18.778 1.091 0.279 25
18.782 1.090 0.270 24
18.727 1.099 0.196 32
18.764 1.092 0.195 33
18.797 1.087 0.291 18
18.781 1.090 0.274 24
18.792 1.087 0.184 25
18.772 1.090 0.148 23
18.790 1.088 0.263 23
18.768 1.091 0.119 17
18.774 1.090 0.197 30
18.748 1.095 0.154 28
18.791 1.088 0.290 19
18.777 1.090 0.219 31
18.746 1.095 0.136 22
18.790 1.088 0.276 21
18.793 1.087 0.239 24
18.760 1.093 0.151 26
18.786 1.088 0.161 22
18.779 1.090 0.261 26
18.803 1.086 0.311 18
18.795 1.087 0.280 19
18.779 1.090 0.273 25
18.772 1.091 0.227 33
18.783 1.089 0.185 27
18.754 1.094 0.187 34
18.767 1.092 0.205 33
18.749 1.094 0.133 21
18.735 1.098 0.206 31
18.785 1.088 0.194 28
18.724 1.099 0.137 23
18.735 1.097 0.152 26
18.726 1.099 0.143 24
18.772 1.091 0.189 32
18.774 1.107 0.374 43
18.753 1.106 0.329 88
18.733 1.111 0.311 20
18.753 1.106 0.329 88
18.804 1.087 0.340 24
18.767 1.098 0.316 25
18.759 1.113 0.371 34
18.770 1.103 0.348 41
18.779 1.109 0.389 60
18.742 1.107 0.311 21
18.755 1.107 0.334 99
18.751 1.103 0.310 22
18.764 1.105 0.342 35
18.736 1.106 0.297 21
18.749 1.102 0.302 20
18.764 1.109 0.361 35
18.768 1.105 0.349 51
18.767 1.107 0.357 41
18.737 1.111 0.318 19
18.766 1.112 0.380 67
18.749 1.113 0.351 42
18.741 1.111 0.327 60
18.773 1.111 0.387 69
18.739 1.105 0.299 22
18.768 1.110 0.377 53
18.754 1.116 0.374 36
18.763 1.121 0.412 52
18.790 1.097 0.355 31
18.741 1.114 0.340 99
18.755 1.118 0.384 88
18.793 1.090 0.331 58
18.740 1.112 0.330 96
18.730 1.108 0.293 19
18.754 1.106 0.331 101
18.727 1.108 0.288 18
18.774 1.107 0.373 43
18.788 1.093 0.336 43
18.757 1.105 0.331 99
18.749 1.102 0.301 20
18.736 1.110 0.314 20
18.772 1.108 0.374 43
18.762 1.112 0.373 37
18.772 1.097 0.323 62
18.808 1.086 0.342 23
18.758 1.112 0.365 33
18.736 1.112 0.324 22
18.782 1.105 0.378 51
18.750 1.111 0.343 36
18.759 1.111 0.362 35
18.757 1.116 0.380 64
18.732 1.109 0.302 21
18.784 1.102 0.368 35
18.792 1.094 0.350 32
18.718 1.103 0.050 22
18.644 1.101 0.053 21
18.721 1.093 0.072 19
18.740 1.092 0.075 20
18.684 1.104 0.047 15
18.632 1.106 0.040 58
18.667 1.110 0.032 132
18.684 1.108 0.039 70
18.684 1.099 0.058 18
18.702 1.103 0.049 21
18.651 1.097 0.060 18
18.684 1.108 0.039 74
18.707 1.099 0.057 18
18.691 1.109 0.037 125
18.740 1.096 0.066 18
18.658 1.100 0.054 17
18.669 1.095 0.066 19
18.655 1.098 0.058 18
18.698 1.104 0.047 23
18.676 1.102 0.052 19
18.698 1.102 0.052 22
18.682 1.104 0.047 18
18.749 1.094 0.069 19
18.645 1.098 0.058 23
18.682 1.104 0.046 12
18.654 1.100 0.054 16
18.674 1.114 0.024 120
18.678 1.100 0.055 19
18.635 1.096 0.062 18
18.722 1.100 0.055 20
18.716 1.097 0.063 18
18.644 1.107 0.038 102
18.639 1.097 0.059 19
18.685 1.111 0.031 136
18.692 1.105 0.044 22
18.667 1.098 0.059 20
18.697 1.094 0.068 18
18.744 1.091 0.077 21
18.739 1.091 0.077 21
18.676 1.100 0.054 19
18.737 1.092 0.074 20
18.651 1.110 0.032 122
18.706 1.104 0.047 19
18.730 1.092 0.074 20
18.666 1.108 0.037 118
18.629 1.097 0.060 19
18.674 1.097 0.062 18
18.644 1.100 0.053 17
18.746 1.097 0.064 18
18.778 1.093 0.315 23
18.725 1.103 0.225 28
18.770 1.092 0.278 24
18.776 1.092 0.296 23
18.763 1.095 0.279 25
18.729 1.101 0.224 29
18.729 1.105 0.264 23
18.781 1.092 0.312 22
18.719 1.106 0.240 26
18.742 1.102 0.278 23
18.744 1.100 0.268 24
18.726 1.100 0.196 32
18.782 1.091 0.300 22
18.730 1.103 0.250 26
18.724 1.106 0.265 22
18.765 1.096 0.302 25
18.718 1.106 0.241 26
18.752 1.097 0.260 26
18.746 1.099 0.261 25
18.774 1.094 0.310 24
18.773 1.095 0.314 22
18.726 1.104 0.248 26
18.761 1.096 0.285 24
18.736 1.103 0.268 23
18.744 1.097 0.228 32
18.750 1.096 0.241 29
18.728 1.105 0.268 23
18.739 1.103 0.277 23
18.734 1.103 0.258 25
18.786 1.091 0.315 23
18.730 1.102 0.241 28
18.752 1.098 0.269 25
18.728 1.101 0.224 29
18.741 1.099 0.243 29
18.788 1.091 0.326 78
18.761 1.096 0.285 24
18.722 1.101 0.195 31
18.721 1.106 0.255 23
18.736 1.102 0.256 25
18.780 1.093 0.316 35
18.739 1.100 0.251 25
18.750 1.099 0.277 23
18.742 1.101 0.267 24
18.756 1.098 0.287 22
18.787 1.090 0.311 21
18.788 1.091 0.325 78
18.714 1.102 0.177 27
18.771 1.095 0.305 24
18.755 1.096 0.266 26
18.734 1.101 0.244 28
18.651 1.110 0.286 20
18.691 1.115 0.342 83
18.751 1.119 0.390 89
18.729 1.115 0.342 100
18.736 1.117 0.363 31
18.689 1.114 0.329 115
18.704 1.108 0.280 19
18.701 1.110 0.292 18
18.743 1.116 0.356 66
18.693 1.113 0.322 19
18.712 1.110 0.296 22
18.600 1.108 0.261 21
18.622 1.110 0.286 20
18.662 1.108 0.272 20
18.721 1.116 0.359 44
18.734 1.114 0.338 115
18.733 1.118 0.376 44
18.751 1.120 0.401 63
18.696 1.114 0.329 109
18.721 1.109 0.284 18
18.651 1.112 0.309 20
18.628 1.110 0.289 20
18.704 1.116 0.355 96
18.681 1.111 0.298 19
18.628 1.109 0.276 19
18.684 1.110 0.289 19
18.711 1.110 0.292 22
18.725 1.111 0.312 19
18.704 1.111 0.304 22
18.679 1.110 0.290 19
18.637 1.111 0.290 20
18.642 1.111 0.294 18
18.692 1.114 0.330 111
18.731 1.117 0.365 30
18.673 1.114 0.334 129
18.743 1.118 0.382 71
18.746 1.119 0.392 72
18.707 1.116 0.348 65
18.702 1.117 0.359 53
18.706 1.117 0.364 30
18.699 1.108 0.279 20
18.649 1.110 0.288 20
18.666 1.112 0.310 19
18.717 1.111 0.303 19
18.684 1.115 0.337 148
18.677 1.108 0.275 19
18.709 1.108 0.278 20
18.649 1.112 0.304 20
18.695 1.115 0.339 134
18.690 1.109 0.281 19
18.734 1.117 0.365 32
18.690 1.114 0.332 145
18.639 1.110 0.289 20
18.614 1.108 0.263 21
18.723 1.113 0.324 27
18.710 1.112 0.311 19
18.698 1.116 0.353 84
18.720 1.115 0.348 43
18.660 1.110 0.289 19
18.734 1.115 0.343 64
18.721 1.112 0.315 19
18.751 1.118 0.378 44
18.633 1.110 0.285 20
18.679 1.112 0.307 19
18.671 1.111 0.301 19
18.669 1.110 0.287 19
18.709 1.111 0.309 20
18.688 1.108 0.278 20
18.620 1.109 0.272 21
18.727 1.114 0.336 132
18.660 1.111 0.296 18
18.713 1.109 0.283 18
18.655 1.109 0.282 20
18.710 1.112 0.317 17
18.694 1.108 0.277 20
18.643 1.112 0.304 20
18.704 1.115 0.345 70
18.738 1.118 0.379 61
18.712 1.117 0.359 42
18.737 1.113 0.332 108
18.663 1.109 0.279 20
18.666 1.110 0.291 19
18.663 1.109 0.275 20
18.652 1.111 0.299 19
18.701 1.109 0.282 19
18.729 1.111 0.304 21
18.706 1.111 0.308 21
18.699 1.115 0.346 60
18.670 1.110 0.293 19
18.678 1.101 0.123 21
18.666 1.095 0.076 19
18.680 1.099 0.108 23
18.740 1.095 0.113 22
18.700 1.097 0.107 21
18.701 1.092 0.074 19
18.760 1.089 0.086 21
18.726 1.094 0.099 22
18.658 1.100 0.104 24
18.704 1.097 0.111 21
18.760 1.090 0.095 20
18.668 1.094 0.070 19
18.688 1.103 0.138 21
18.706 1.096 0.103 22
18.739 1.092 0.092 22
18.651 1.098 0.087 19
18.684 1.102 0.129 20
18.716 1.095 0.105 22
18.746 1.095 0.116 20
18.696 1.098 0.108 22
18.673 1.101 0.117 21
18.659 1.097 0.080 19
18.768 1.090 0.097 17
18.712 1.097 0.111 20
18.674 1.095 0.075 20
18.702 1.092 0.075 19
18.743 1.093 0.104 20
18.618 1.097 0.061 21
18.715 1.094 0.092 22
18.718 1.092 0.086 23
18.699 1.094 0.087 23
18.733 1.096 0.121 21
18.691 1.094 0.078 20
18.686 1.098 0.108 23
18.629 1.096 0.062 19
18.706 1.099 0.125 22
18.684 1.101 0.124 21
18.656 1.096 0.076 19
18.676 1.101 0.122 21
18.725 1.095 0.106 22
18.767 1.090 0.096 17
18.684 1.093 0.073 20
18.694 1.094 0.084 23
18.649 1.099 0.091 18
18.698 1.094 0.083 23
18.675 1.098 0.096 24
18.707 1.099 0.122 21
18.665 1.100 0.105 23
18.734 1.096 0.120 21
18.697 1.101 0.133 21
18.723 1.099 0.133 22
18.689 1.096 0.090 25
18.720 1.097 0.120 21
18.760 1.090 0.095 19
18.728 1.098 0.129 22
18.718 1.096 0.113 21
18.686 1.097 0.099 24
18.716 1.098 0.125 21
18.721 1.098 0.128 21
18.690 1.096 0.092 25
18.682 1.102 0.130 20
18.678 1.101 0.121 21
18.688 1.096 0.091 25
18.698 1.102 0.140 22
18.690 1.099 0.118 21
18.707 1.097 0.110 21
18.696 1.093 0.074 19
18.683 1.100 0.120 21
18.698 1.100 0.126 21
18.746 1.093 0.102 21
18.614 1.102 0.133 23
18.612 1.103 0.169 21
18.614 1.106 0.221 20
18.693 1.103 0.148 22
18.617 1.100 0.104 20
18.683 1.103 0.135 21
18.620 1.103 0.153 22
18.679 1.105 0.174 23
18.634 1.102 0.141 21
18.644 1.102 0.129 21
18.629 1.104 0.168 21
18.674 1.104 0.160 22
18.669 1.104 0.174 22
18.643 1.102 0.140 21
18.591 1.107 0.238 20
18.650 1.102 0.124 20
18.635 1.099 0.089 19
18.619 1.100 0.095 20
18.597 1.105 0.204 24
18.672 1.105 0.174 22
18.636 1.103 0.148 21
18.612 1.099 0.086 28
18.644 1.106 0.201 20
18.681 1.103 0.139 21
18.606 1.101 0.122 28
18.676 1.103 0.138 21
18.615 1.104 0.185 22
18.621 1.105 0.202 21
18.601 1.104 0.180 24
18.620 1.103 0.158 22
18.600 1.107 0.233 21
18.652 1.104 0.164 20
18.614 1.098 0.072 27
18.600 1.106 0.226 22
18.658 1.105 0.190 22
18.630 1.104 0.170 21
18.643 1.105 0.188 21
18.655 1.102 0.138 22
18.669 1.103 0.144 21
18.664 1.104 0.169 21
18.643 1.101 0.114 21
18.613 1.101 0.119 23
18.614 1.105 0.200 23
18.669 1.103 0.140 21
18.662 1.102 0.136 22
18.608 1.102 0.138 22
18.608 1.101 0.120 28
18.627 1.099 0.088 16
18.644 1.105 0.186 21
18.665 1.104 0.171 21
18.617 1.105 0.200 22
18.614 1.103 0.158 21
18.659 1.105 0.178 21
18.627 1.103 0.164 21
18.612 1.100 0.107 25
18.623 1.104 0.173 21
18.643 1.100 0.106 19
18.646 1.104 0.179 20
18.619 1.105 0.205 21
18.636 1.106 0.207 20
18.672 1.104 0.169 22
18.613 1.100 0.100 27
18.615 1.103 0.166 22
18.619 1.106 0.210 21
18.615 1.104 0.187 22
18.683 1.104 0.155 22
18.600 1.104 0.186 24
18.606 1.103 0.164 22
18.599 1.105 0.205 24
18.641 1.100 0.099 20
18.597 1.106 0.222 22
18.647 1.102 0.134 22
18.634 1.106 0.216 20
18.664 1.102 0.130 21
18.617 1.104 0.184 21
18.608 1.104 0.178 20
18.638 1.105 0.188 19
18.636 1.102 0.129 23
18.684 1.104 0.157 21
18.608 1.102 0.149 26
18.648 1.101 0.124 20
18.598 1.107 0.246 22
18.626 1.105 0.197 20
18.682 1.103 0.142 21
18.623 1.106 0.210 21
18.636 1.101 0.118 22
18.657 1.101 0.112 22
18.691 1.104 0.150 22
18.663 1.104 0.169 21
18.600 1.107 0.244 22
18.625 1.107 0.224 21
18.627 1.105 0.194 20
18.629 1.102 0.134 21
18.631 1.102 0.129 21
18.646 1.102 0.130 21
18.616 1.101 0.123 22
18.670 1.102 0.135 21
18.667 1.102 0.127 21
18.672 1.102 0.129 21
18.610 1.102 0.148 23
18.616 1.101 0.121 21
18.655 1.103 0.147 22
18.711 1.107 0.257 23
18.697 1.106 0.207 26
18.654 1.106 0.219 19
18.667 1.108 0.260 21
18.678 1.106 0.211 22
18.621 1.107 0.241 20
18.625 1.107 0.237 20
18.700 1.106 0.218 26
18.707 1.106 0.231 26
18.674 1.108 0.270 20
18.654 1.106 0.210 20
18.621 1.108 0.252 20
18.703 1.106 0.229 26
18.611 1.107 0.241 21
18.684 1.107 0.234 22
18.620 1.107 0.238 20
18.645 1.107 0.229 20
18.650 1.107 0.233 20
18.701 1.106 0.204 26
18.701 1.107 0.254 23
18.639 1.107 0.240 21
18.702 1.105 0.192 27
18.634 1.107 0.229 20
18.657 1.108 0.255 20
18.683 1.107 0.244 21
18.654 1.106 0.215 20
18.661 1.107 0.251 20
18.649 1.108 0.265 20
18.700 1.108 0.270 21
18.642 1.106 0.222 20
18.667 1.105 0.186 21
18.644 1.108 0.255 20
18.613 1.108 0.258 21
18.709 1.108 0.274 21
18.672 1.107 0.254 20
18.655 1.106 0.214 20
18.616 1.108 0.253 20
18.662 1.106 0.220 21
18.688 1.107 0.232 25
18.675 1.106 0.200 22
18.702 1.107 0.244 24
18.652 1.106 0.216 20
18.628 1.107 0.241 21
18.718 1.107 0.263 22
18.683 1.105 0.174 22
18.658 1.106 0.218 20
18.693 1.105 0.179 26
18.717 1.108 0.266 22
18.689 1.106 0.209 24
18.688 1.105 0.180 25
18.665 1.106 0.215 22
18.672 1.107 0.249 20
18.690 1.107 0.237 24
18.669 1.105 0.186 21
18.716 1.107 0.237 26
18.703 1.104 0.168 26
18.647 1.107 0.251 20
18.634 1.108 0.254 21
18.687 1.105 0.173 23
18.699 1.107 0.257 22
18.607 1.108 0.254 21
18.662 1.106 0.205 21
18.711 1.108 0.268 22
18.633 1.107 0.233 20
18.653 1.106 0.202 20
18.677 1.108 0.264 20
18.649 1.106 0.220 20
18.665 1.107 0.228 22
18.677 1.108 0.264 20
18.699 1.107 0.260 22
18.691 1.105 0.185 24
18.673 1.105 0.192 21
18.621 1.107 0.235 20
18.695 1.106 0.212 25
18.691 1.105 0.190 24
18.675 1.108 0.267 20
18.702 1.107 0.249 23
18.683 1.106 0.211 23
18.681 1.107 0.245 21
18.642 1.108 0.260 20
18.626 1.107 0.245 21
18.675 1.109 0.387 91
18.578 1.095 0.355 39
18.739 1.119 0.406 71
18.641 1.106 0.360 76
18.588 1.091 0.405 74
18.601 1.108 0.282 24
18.680 1.107 0.415 55
18.612 1.094 0.413 79
18.576 1.090 0.389 54
18.575 1.097 0.328 61
18.686 1.113 0.369 30
18.613 1.103 0.340 41
18.609 1.107 0.298 25
18.689 1.114 0.370 34
18.725 1.115 0.412 60
18.637 1.108 0.335 92
18.688 1.112 0.378 71
18.594 1.095 0.380 61
18.719 1.115 0.403 73
18.609 1.094 0.407 54
18.581 1.094 0.362 56
18.603 1.107 0.293 24
18.597 1.096 0.373 55
18.556 1.085 0.402 60
18.577 1.090 0.390 54
18.620 1.109 0.301 16
18.560 1.085 0.408 55
18.576 1.090 0.391 73
18.626 1.103 0.362 62
18.583 1.093 0.377 57
18.621 1.105 0.335 41
18.711 1.113 0.409 65
18.572 1.094 0.348 36
18.687 1.113 0.374 47
18.612 1.107 0.305 42
18.644 1.102 0.401 61
18.680 1.107 0.409 65
18.598 1.107 0.280 21
18.702 1.116 0.373 41
18.581 1.103 0.289 18
18.604 1.103 0.328 57
18.579 1.100 0.315 18
18.669 1.112 0.350 79
18.634 1.106 0.348 73
18.727 1.118 0.393 65
18.585 1.093 0.379 69
18.676 1.106 0.413 50
18.570 1.093 0.358 41
18.697 1.113 0.391 74
18.629 1.109 0.315 12
18.587 1.101 0.320 53
18.617 1.106 0.320 91
18.611 1.099 0.371 57
18.658 1.109 0.362 33
18.679 1.109 0.390 78
18.624 1.100 0.381 55
18.646 1.104 0.384 67
18.563 1.090 0.369 35
18.668 1.114 0.332 129
18.630 1.108 0.320 18
18.567 1.087 0.398 64
18.581 1.093 0.377 57
18.590 1.099 0.338 36
18.687 1.116 0.351 78
18.653 1.104 0.392 74
18.753 1.120 0.414 61
18.618 1.098 0.389 37
18.599 1.095 0.386 70
18.573 1.094 0.350 35
18.572 1.090 0.381 70
18.583 1.099 0.328 77
18.754 1.121 0.414 60
18.699 1.114 0.383 92
18.582 1.095 0.355 32
18.623 1.098 0.399 90
18.571 1.093 0.355 42
18.590 1.101 0.318 73
18.578 1.094 0.359 36
18.591 1.091 0.407 79
18.722 1.118 0.386 83
18.627 1.103 0.360 65
18.680 1.115 0.346 77
18.591 1.092 0.397 49
18.578 1.094 0.359 36
18.609 1.094 0.411 72
18.584 1.101 0.310 22
18.693 1.110 0.409 66
18.673 1.112 0.358 56
18.583 1.093 0.379 60
18.673 1.108 0.389 80
18.600 1.105 0.305 18
18.710 1.117 0.372 34
18.619 1.098 0.395 83
18.696 1.116 0.362 38
18.583 1.101 0.308 16
18.613 1.104 0.328 45
18.592 1.098 0.346 34
18.618 1.104 0.343 53
18.648 1.112 0.321 19
18.606 1.101 0.343 46
18.678 1.109 0.393 68
18.708 1.114 0.400 53
18.590 1.108 0.261 19
18.606 1.109 0.278 22
18.589 1.090 0.411 95
18.645 1.112 0.311 20
18.705 1.111 0.415 65
18.675 1.107 0.402 67
18.663 1.105 0.403 66
18.626 1.097 0.411 64
18.697 1.111 0.402 74
18.630 1.111 0.299 15
18.637 1.110 0.319 23
18.575 1.090 0.394 65
18.569 1.090 0.382 74
18.569 1.089 0.391 59
18.721 1.117 0.396 59
18.593 1.098 0.352 60
18.676 1.108 0.400 62
18.694 1.114 0.372 35
18.676 1.113 0.353 90
18.623 1.100 0.381 55
18.593 1.093 0.393 72
18.682 1.110 0.390 76
18.680 1.108 0.407 65
18.666 1.114 0.335 131
18.676 1.109 0.387 89
18.628 1.102 0.375 68
18.583 1.103 0.295 18
18.619 1.109 0.301 21
18.639 1.101 0.397 63
18.633 1.100 0.400 55
18.681 1.110 0.387 83
18.636 1.105 0.360 75
18.577 1.097 0.337 41
18.649 1.109 0.348 89
18.604 1.108 0.280 23
18.735 1.119 0.393 69
18.612 1.101 0.352 76
18.648 1.103 0.396 62
18.670 1.105 0.414 59
18.625 1.103 0.358 68
18.617 1.101 0.362 58
18.636 1.103 0.375 67
18.623 1.108 0.311 11
18.721 1.115 0.408 68
18.636 1.100 0.406 60
18.672 1.110 0.372 40
18.693 1.111 0.396 59
18.598 1.106 0.294 23
18.690 1.114 0.373 33
18.612 1.097 0.393 38
18.659 1.103 0.413 65
18.632 1.111 0.303 25
18.696 1.112 0.398 57
18.577 1.089 0.399 67
18.604 1.105 0.306 42
18.604 1.107 0.292 24
18.624 1.103 0.358 68
18.692 1.114 0.373 33
18.585 1.094 0.371 70
18.597 1.101 0.335 33
18.646 1.110 0.336 114
18.731 1.118 0.404 70
18.723 1.118 0.385 85
18.582 1.067 0.027 113
18.609 1.091 0.043 19
18.588 1.071 0.026 114
18.603 1.081 0.027 102
18.625 1.101 0.037 68
18.592 1.077 0.036 45
18.619 1.093 0.026 124
18.602 1.088 0.047 37
18.569 1.055 0.023 117
18.612 1.087 0.022 139
18.616 1.098 0.048 22
18.580 1.068 0.035 43
18.610 1.093 0.048 38
18.611 1.091 0.037 44
18.593 1.073 0.023 124
18.591 1.075 0.032 59
18.586 1.073 0.039 42
18.604 1.081 0.024 125
18.582 1.066 0.025 133
18.602 1.080 0.023 118
18.631 1.101 0.023 126
18.567 1.055 0.026 28
18.624 1.097 0.029 120
18.631 1.104 0.034 121
18.601 1.085 0.043 40
18.824 0.984 0.069 14
18.823 0.995 0.064 15
18.820 0.994 0.066 15
18.822 0.984 0.070 14
18.815 0.984 0.074 15
18.828 0.964 0.076 17
18.825 0.990 0.066 15
18.829 0.956 0.079 18
18.708 0.960 0.217 69
18.705 0.969 0.217 81
18.714 0.961 0.209 72
18.716 0.968 0.202 82
18.707 0.960 0.219 83
18.691 0.948 0.248 23
18.698 0.940 0.243 86
18.719 0.969 0.197 88
18.696 0.935 0.249 114
18.694 0.944 0.245 16
18.695 0.947 0.244 30
18.704 0.942 0.233 73
18.709 0.952 0.220 105
18.700 0.945 0.238 74
18.723 0.971 0.191 84
18.677 0.960 0.262 148
18.672 0.979 0.260 21
18.688 0.942 0.256 154
18.677 0.975 0.255 20
18.673 0.979 0.259 21
18.692 0.929 0.256 71
18.676 0.962 0.262 115
18.676 0.970 0.259 23
18.654 0.964 0.293 72
18.658 0.981 0.278 119
18.672 0.952 0.274 81
18.643 0.975 0.305 27
18.669 0.946 0.281 85
18.675 0.959 0.266 128
18.633 0.978 0.317 86
18.634 0.979 0.315 80
18.650 0.966 0.299 81
18.648 0.993 0.288 114
18.670 0.971 0.266 110
18.683 0.938 0.265 74
18.634 0.979 0.315 80
18.634 0.992 0.309 29
18.637 0.990 0.305 34
18.671 0.965 0.269 145
18.671 0.963 0.269 127
18.633 0.987 0.313 27
18.648 0.992 0.288 118
18.634 0.992 0.309 32
18.659 0.986 0.275 135
18.670 0.965 0.271 134
18.683 0.935 0.267 80
18.664 0.963 0.280 72
18.667 0.959 0.278 67
18.625 0.989 0.323 42
18.669 0.951 0.279 88
18.648 0.971 0.299 24
18.673 0.948 0.274 87
18.666 0.974 0.272 140
18.652 0.967 0.296 25
18.673 0.926 0.285 83
18.609 0.961 0.359 81
18.675 0.939 0.276 79
18.620 0.953 0.348 85
18.664 0.926 0.298 86
18.602 0.951 0.374 89
18.656 0.931 0.307 86
18.656 0.938 0.303 81
18.653 0.957 0.299 82
18.674 0.928 0.283 81
18.663 0.945 0.290 78
18.643 0.967 0.309 83
18.602 0.937 0.380 95
18.669 0.943 0.283 78
18.598 0.941 0.385 100
18.626 0.973 0.330 83
18.660 0.940 0.298 80
18.685 0.924 0.269 83
18.630 0.974 0.324 84
18.639 0.965 0.315 85
18.663 0.949 0.289 82
18.667 0.935 0.289 82
18.628 0.943 0.341 87
18.603 0.956 0.371 86
18.604 0.934 0.379 94
18.678 0.930 0.276 80
18.644 0.926 0.326 90
18.659 0.944 0.297 76
18.606 0.949 0.369 90
18.631 0.937 0.339 86
18.672 0.936 0.282 82
18.644 0.948 0.317 79
18.601 0.936 0.384 93
18.653 0.949 0.303 78
18.620 0.964 0.342 74
18.598 0.929 0.391 86
18.637 0.956 0.323 75
18.614 0.947 0.359 88
18.622 0.959 0.342 79
18.623 0.981 0.331 77
18.629 0.979 0.323 80
18.608 0.949 0.366 88
18.606 0.956 0.367 84
18.607 0.966 0.360 77
18.629 0.946 0.338 85
18.652 0.927 0.314 85
18.606 0.960 0.365 81
18.638 0.948 0.324 81
18.612 0.940 0.365 96
18.647 0.959 0.307 81
18.662 0.951 0.290 85
18.609 0.935 0.371 100
18.637 0.961 0.320 80
18.608 0.955 0.365 84
18.604 0.966 0.364 77
18.624 0.980 0.330 78
18.642 0.938 0.324 85
18.607 0.950 0.367 88
18.635 0.931 0.337 91
18.613 0.940 0.363 97
18.609 0.987 0.347 83
18.603 1.012 0.352 113
18.605 0.988 0.356 80
18.598 0.972 0.374 76
18.603 0.966 0.367 77
18.609 0.983 0.350 82
18.598 0.982 0.372 77
18.610 0.996 0.343 89
18.598 0.999 0.366 82
18.601 1.005 0.359 94
18.601 0.959 0.373 83
18.598 0.962 0.377 83
18.594 0.943 0.390 99
18.609 0.993 0.346 84
18.602 0.993 0.360 80
18.592 1.032 0.394 80
18.595 0.968 0.386 82
18.596 1.029 0.373 88
18.593 1.017 0.390 101
18.594 1.043 0.378 85
18.595 0.960 0.383 86
18.591 1.019 0.396 91
18.592 1.041 0.392 92
18.595 1.008 0.378 93
18.598 1.024 0.364 103
18.597 1.020 0.369 112
18.593 0.934 0.396 81
18.597 0.997 0.373 79
18.597 1.019 0.371 120
18.592 1.008 0.395 75
18.594 1.021 0.381 105
18.599 1.024 0.359 96
18.595 0.970 0.382 81
18.589 1.068 0.403 72
18.594 0.940 0.394 93
18.597 1.032 0.369 85
18.591 1.041 0.393 92
18.592 1.055 0.390 81
18.593 1.004 0.388 77
18.594 1.020 0.386 97
18.598 1.005 0.367 86
18.593 1.021 0.389 97
18.593 1.030 0.385 87
18.593 1.031 0.386 87
18.591 1.061 0.394 78
18.591 1.018 0.397 91
18.593 0.975 0.393 81
18.593 1.023 0.388 97
18.594 0.981 0.390 78
18.556 0.987 0.414 76
18.571 1.001 0.410 77
18.574 1.020 0.409 107
18.555 0.990 0.414 92
18.570 1.020 0.410 86
18.579 1.051 0.407 81
18.564 0.990 0.412 119
18.576 1.038 0.408 103
18.808 1.061 0.056 7
18.817 1.002 0.065 16
18.816 1.028 0.059 14
18.816 1.054 0.052 19
18.816 1.067 0.049 26
18.815 1.092 0.044 59
18.822 1.053 0.048 24
18.823 1.031 0.053 2
18.826 1.013 0.056 16
18.808 1.078 0.052 55
18.823 1.040 0.051 17
18.807 1.087 0.051 11
18.826 1.017 0.055 17
18.814 1.085 0.046 30
18.811 1.097 0.045 49
18.818 1.030 0.057 15
18.827 1.028 0.051 7
18.816 1.002 0.065 16
18.808 1.061 0.057 7
18.809 1.001 0.071 15
18.576 1.064 0.408 91
18.561 1.072 0.411 43
18.552 1.023 0.414 59
18.572 1.069 0.408 86
18.552 1.011 0.415 66
18.573 1.050 0.409 89
18.552 1.027 0.414 66
18.579 1.056 0.407 69
18.568 1.036 0.410 108
18.571 1.066 0.409 66
18.567 1.031 0.410 113
18.567 1.053 0.410 62
18.556 1.024 0.413 66
18.581 1.074 0.406 73
18.560 1.059 0.412 121
18.552 1.040 0.414 84
18.555 1.063 0.413 50
18.581 1.019 0.406 91
18.581 0.974 0.404 84
18.586 0.954 0.401 99
18.578 1.023 0.408 107
18.592 0.958 0.399 92
18.589 0.958 0.400 93
18.582 0.990 0.405 76
18.581 0.999 0.405 80
18.575 0.970 0.407 87
18.588 0.978 0.402 81
18.580 0.968 0.405 87
18.578 0.980 0.406 81
18.584 0.979 0.404 81
18.577 1.006 0.408 80
18.571 0.977 0.409 77
18.590 0.943 0.399 99
18.580 0.966 0.405 89
18.589 1.042 0.403 79
18.578 1.008 0.407 82
18.579 1.030 0.407 99
18.828 1.004 0.415 129
18.832 0.915 0.417 84
18.829 0.989 0.415 87
18.830 0.975 0.415 65
18.818 0.975 0.077 16
18.830 0.950 0.084 18
18.819 0.977 0.080 15
18.811 0.990 0.075 15
18.819 0.989 0.105 20
18.830 0.973 0.105 19
18.821 0.981 0.091 16
18.823 0.984 0.113 22
18.829 0.980 0.128 21
18.826 0.979 0.108 20
18.829 0.974 0.107 20
18.825 0.983 0.117 22
18.817 1.028 0.158 23
18.812 1.019 0.202 17
18.802 1.037 0.177 24
18.820 1.024 0.165 21
18.805 1.039 0.165 24
18.805 1.035 0.177 23
18.812 1.032 0.163 25
18.811 1.028 0.181 21
18.811 1.020 0.203 17
18.813 1.038 0.144 26
18.803 1.034 0.184 23
18.813 1.017 0.205 16
18.812 1.021 0.197 18
18.821 1.025 0.158 23
18.807 1.041 0.151 26
18.815 1.018 0.196 16
18.804 1.026 0.205 21
18.809 1.038 0.155 25
18.819 1.010 0.209 15
18.811 1.034 0.161 25
18.806 1.039 0.160 25
18.806 1.033 0.176 23
18.824 1.013 0.184 15
18.816 1.029 0.161 23
18.822 1.007 0.207 17
18.803 1.051 0.135 20
18.810 1.035 0.161 26
18.799 1.050 0.150 25
18.789 1.072 0.114 15
18.812 1.027 0.180 21
18.817 1.027 0.165 22
18.815 1.024 0.178 21
18.795 1.067 0.110 15
18.804 1.031 0.189 22
18.797 1.064 0.114 15
18.809 1.037 0.158 26
18.822 1.007 0.208 17
18.800 1.037 0.186 23
18.817 1.027 0.164 21
18.793 1.061 0.136 19
18.799 1.039 0.181 23
18.814 1.030 0.164 24
18.795 1.054 0.148 23
18.825 0.955 0.225 18
18.813 0.935 0.209 17
18.822 0.949 0.220 15
18.822 0.943 0.213 16
18.816 1.014 0.123 20
18.813 1.038 0.141 24
18.803 1.028 0.090 13
18.790 1.072 0.092 15
18.808 1.037 0.120 17
18.808 1.020 0.100 16
18.818 0.993 0.104 19
18.811 1.012 0.101 17
18.809 1.004 0.085 16
18.817 1.014 0.126 21
18.828 1.002 0.157 19
18.793 1.060 0.089 15
18.800 1.041 0.094 14
18.828 1.007 0.163 21
18.822 0.989 0.117 23
18.804 1.042 0.110 16
18.794 1.063 0.095 13
18.814 1.012 0.113 21
18.828 1.008 0.161 21
18.796 1.055 0.095 13
18.794 1.055 0.087 16
18.826 0.986 0.129 21
18.812 1.002 0.092 17
18.818 1.000 0.116 22
18.809 0.997 0.075 15
18.798 1.060 0.108 15
18.825 1.010 0.152 21
18.796 1.049 0.087 13
18.819 1.011 0.131 23
18.811 1.019 0.111 19
18.822 1.023 0.158 23
18.810 1.007 0.090 16
18.814 1.006 0.104 18
18.823 0.991 0.123 22
18.811 1.032 0.126 19
18.808 1.041 0.125 19
18.809 0.998 0.079 15
18.801 1.036 0.091 14
18.809 1.012 0.094 16
18.818 1.006 0.120 22
18.823 1.010 0.147 21
18.808 1.005 0.082 15
18.807 1.015 0.092 15
18.819 1.011 0.133 24
18.813 1.039 0.141 24
18.821 1.004 0.130 23
18.824 0.991 0.128 22
18.806 1.005 0.074 16
18.812 1.023 0.118 19
18.813 1.035 0.135 20
18.816 1.000 0.105 19
18.825 1.016 0.160 21
18.827 0.991 0.140 21
18.820 1.003 0.125 24
18.828 0.999 0.152 19
18.804 1.014 0.077 13
18.810 1.016 0.103 17
18.794 1.063 0.095 13
18.795 1.067 0.106 14
18.814 1.000 0.100 18
18.821 1.025 0.156 23
18.817 1.023 0.138 24
18.820 1.018 0.144 23
18.808 1.003 0.080 14
18.814 1.004 0.268 15
18.822 0.974 0.242 15
18.807 0.966 0.238 18
18.820 0.980 0.247 15
18.823 0.994 0.258 16
18.816 1.012 0.275 14
18.811 0.956 0.229 17
18.820 0.993 0.258 15
18.826 0.965 0.233 20
18.822 0.959 0.229 16
18.814 1.003 0.268 15
18.812 1.002 0.267 15
18.823 0.969 0.237 16
18.829 0.985 0.249 19
18.821 1.015 0.276 16
18.827 1.001 0.263 17
18.815 1.014 0.277 14
18.826 1.002 0.264 17
18.817 0.947 0.220 17
18.809 0.939 0.215 19
18.814 0.974 0.243 16
18.817 0.978 0.246 14
18.828 0.961 0.229 20
18.825 1.026 0.294 21
18.820 1.024 0.288 13
18.799 1.108 0.404 45
18.801 1.102 0.402 47
18.808 1.095 0.398 43
18.804 1.108 0.402 47
18.796 1.105 0.404 45
18.788 1.107 0.406 44
18.789 1.107 0.406 44
18.794 1.093 0.413 47
18.825 1.068 0.406 67
18.801 1.091 0.408 48
18.802 1.095 0.403 39
18.812 1.078 0.410 45
18.801 1.088 0.412 45
18.783 1.107 0.411 41
18.821 1.070 0.409 51
18.782 1.108 0.411 51
18.786 1.103 0.413 52
18.805 1.095 0.400 45
18.801 1.099 0.401 45
18.787 1.101 0.413 47
18.819 1.079 0.402 55
18.765 1.120 0.417 52
18.816 1.073 0.336 29
18.819 1.052 0.316 71
18.813 1.061 0.322 60
18.812 1.068 0.328 37
18.813 1.062 0.323 53
18.817 1.080 0.343 33
18.815 1.077 0.338 30
18.822 1.052 0.318 88
18.817 1.044 0.307 66
18.821 1.033 0.300 79
18.820 1.031 0.297 44
18.800 1.035 0.195 23
18.793 1.071 0.158 22
18.798 1.053 0.190 22
18.798 1.056 0.192 23
18.794 1.068 0.169 24
18.789 1.075 0.123 16
18.794 1.062 0.164 24
18.793 1.058 0.148 22
18.796 1.068 0.189 23
18.793 1.069 0.159 23
18.798 1.078 0.214 20
18.795 1.071 0.183 23
18.800 1.050 0.211 24
18.800 1.048 0.206 24
18.795 1.085 0.187 24
18.798 1.051 0.192 23
18.793 1.066 0.152 21
18.794 1.071 0.168 24
18.793 1.068 0.158 22
18.800 1.039 0.201 23
18.797 1.074 0.204 23
18.790 1.068 0.128 16
18.797 1.060 0.187 22
18.793 1.079 0.166 23
18.791 1.072 0.139 18
18.795 1.056 0.166 24
18.796 1.069 0.185 23
18.790 1.067 0.126 16
18.799 1.040 0.191 23
18.797 1.072 0.202 23
18.795 1.083 0.188 24
18.788 1.079 0.122 15
18.789 1.080 0.130 16
18.797 1.084 0.209 22
18.791 1.075 0.144 18
18.794 1.068 0.167 24
18.797 1.055 0.179 23
18.799 1.059 0.206 22
18.797 1.045 0.175 23
18.791 1.069 0.140 19
18.790 1.077 0.138 18
18.803 1.027 0.216 19
18.799 1.083 0.063 9
18.799 1.057 0.071 15
18.806 1.016 0.072 13
18.805 1.087 0.053 47
18.795 1.095 0.066 3
18.797 1.095 0.063 6
18.791 1.089 0.074 16
18.799 1.105 0.057 73
18.803 1.102 0.052 27
18.787 1.079 0.083 13
18.790 1.069 0.081 17
18.799 1.040 0.075 14
18.799 1.074 0.065 8
18.800 1.106 0.054 47
18.806 1.043 0.064 12
18.794 1.089 0.069 13
18.793 1.062 0.079 16
18.795 1.082 0.070 8
18.795 1.050 0.080 13
18.805 1.033 0.068 14
18.790 1.092 0.076 14
18.804 1.057 0.062 12
18.793 1.094 0.069 10
18.548 0.957 0.050 34
18.549 0.997 0.091 35
18.546 0.935 0.203 27
18.547 0.938 0.143 26
18.546 0.930 0.274 43
18.548 0.966 0.045 35
18.550 1.017 0.063 32
18.546 0.914 0.193 41
18.546 0.917 0.195 37
18.550 1.012 0.043 30
18.547 0.953 0.244 26
18.546 0.934 0.204 27
18.545 0.922 0.295 46
18.546 0.933 0.290 43
18.548 0.960 0.151 22
18.546 0.914 0.122 20
18.548 0.967 0.110 29
18.547 0.936 0.136 24
18.547 0.943 0.092 34
18.546 0.919 0.242 45
18.547 0.953 0.224 28
18.547 0.937 0.066 33
18.548 0.970 0.186 25
18.547 0.939 0.043 32
18.546 0.929 0.266 44
18.545 0.918 0.338 89
18.547 0.927 0.107 24
18.547 0.952 0.214 26
18.550 1.023 0.061 31
18.546 0.921 0.176 23
18.548 0.981 0.164 23
18.546 0.932 0.247 40
18.549 0.998 0.117 31
18.548 0.974 0.113 29
18.547 0.959 0.203 26
18.548 0.953 0.100 30
18.548 0.950 0.078 31
18.547 0.950 0.159 25
18.546 0.928 0.235 42
18.545 0.917 0.339 103
18.548 0.983 0.118 29
18.548 0.966 0.069 33
18.548 0.940 0.032 45
18.547 0.915 0.055 29
18.548 0.979 0.181 25
18.547 0.955 0.227 27
18.547 0.923 0.070 31
18.547 0.928 0.037 33
18.549 0.985 0.064 32
18.549 0.981 0.038 31
18.548 0.970 0.064 33
18.546 0.917 0.246 47
18.549 0.991 0.083 38
18.549 0.989 0.139 23
18.548 0.948 0.086 32
18.549 0.998 0.108 33
18.547 0.947 0.150 23
18.545 0.924 0.294 45
18.548 0.972 0.095 33
18.546 0.933 0.192 24
18.550 1.026 0.048 30
18.547 0.951 0.165 24
18.547 0.936 0.029 41
18.548 0.972 0.081 34
18.547 0.933 0.152 25
18.546 0.920 0.225 45
18.547 0.921 0.060 32
18.547 0.942 0.130 24
18.546 0.938 0.244 35
18.548 0.961 0.142 24
18.546 0.919 0.229 49
18.547 0.915 0.046 25
18.547 0.957 0.211 27
18.546 0.921 0.111 22
18.548 0.969 0.113 29
18.547 0.928 0.119 23
18.546 0.929 0.199 29
18.549 0.973 0.048 34
18.549 1.000 0.062 37
18.546 0.931 0.166 24
18.549 0.983 0.118 29
18.548 0.960 0.034 22
18.547 0.925 0.081 28
18.546 0.926 0.229 42
18.547 0.961 0.215 27
18.546 0.912 0.109 19
18.547 0.918 0.043 27
18.545 0.913 0.350 81
18.546 0.912 0.100 21
18.546 0.916 0.195 37
18.546 0.931 0.168 24
18.545 0.924 0.323 105
18.548 0.974 0.175 25
18.546 0.917 0.253 48
18.547 0.953 0.140 25
18.548 0.956 0.056 34
18.550 1.026 0.058 26
18.546 0.937 0.292 40
18.548 0.971 0.093 33
18.547 0.936 0.120 23
18.545 0.914 0.290 47
18.546 0.927 0.148 24
18.550 1.013 0.066 34
18.547 0.949 0.247 28
18.549 0.998 0.098 35
18.548 0.969 0.129 22
18.545 0.913 0.258 47
18.551 1.036 0.030 25
18.547 0.955 0.231 28
18.551 1.034 0.028 22
18.548 0.976 0.186 25
18.550 1.021 0.040 30
18.549 0.994 0.051 34
18.548 0.967 0.198 24
18.548 0.974 0.197 26
18.549 0.987 0.053 34
18.550 1.023 0.044 30
18.546 0.919 0.142 18
18.547 0.943 0.168 21
18.545 0.914 0.351 81
18.547 0.938 0.168 23
18.547 0.945 0.084 30
18.549 1.005 0.090 36
18.548 0.979 0.178 24
18.548 0.970 0.054 33
18.547 0.935 0.147 26
18.547 0.957 0.221 29
18.546 0.915 0.092 23
18.547 0.930 0.099 26
18.546 0.928 0.258 41
18.546 0.915 0.216 48
18.546 0.937 0.285 42
18.548 0.945 0.052 32
18.547 0.930 0.154 24
18.548 0.984 0.135 23
18.548 0.969 0.111 29
18.547 0.929 0.101 26
18.548 0.974 0.095 33
18.548 0.941 0.032 46
18.546 0.927 0.209 36
18.548 0.973 0.066 32
18.549 0.987 0.064 33
18.547 0.943 0.158 26
18.550 1.016 0.044 31
18.547 0.950 0.137 25
18.548 0.955 0.107 28
18.548 0.962 0.112 28
18.549 0.994 0.047 34
18.550 1.003 0.037 29
18.546 0.913 0.084 23
18.545 0.912 0.326 125
18.546 0.931 0.233 38
18.546 0.930 0.218 36
18.549 0.996 0.126 30
18.546 0.922 0.206 32
18.547 0.953 0.162 24
18.547 0.954 0.126 25
18.550 1.010 0.040 31
18.546 0.912 0.213 50
18.549 1.001 0.072 34
18.548 0.967 0.144 22
18.548 0.975 0.183 26
18.548 0.975 0.080 35
18.547 0.955 0.222 29
18.549 1.001 0.054 35
18.547 0.940 0.090 31
18.546 0.944 0.244 32
18.547 0.927 0.061 32
18.545 0.912 0.301 45
18.547 0.931 0.121 23
18.549 0.980 0.037 31
18.549 0.984 0.104 32
18.547 0.948 0.250 28
18.547 0.930 0.149 24
18.546 0.921 0.150 23
18.546 0.912 0.076 23
18.548 0.966 0.140 23
18.548 0.967 0.109 30
18.545 0.915 0.302 45
18.547 0.923 0.075 29
18.548 0.959 0.121 25
18.547 0.919 0.044 27
18.550 1.023 0.064 31
18.548 0.945 0.063 34
18.550 1.011 0.071 34
18.545 0.914 0.259 47
18.547 0.946 0.234 29
18.549 0.984 0.040 32
18.547 0.935 0.133 23
18.548 0.974 0.072 33
18.549 1.001 0.061 37
18.548 0.987 0.145 21
18.548 0.971 0.086 32
18.549 0.997 0.035 31
18.549 0.999 0.131 26
18.547 0.940 0.062 35
18.549 0.978 0.060 33
18.549 0.997 0.123 30
18.547 0.938 0.125 22
18.546 0.939 0.264 37
18.546 0.920 0.198 39
18.547 0.951 0.107 26
18.547 0.945 0.226 29
18.547 0.949 0.217 27
18.546 0.925 0.261 44
18.547 0.955 0.180 22
18.547 0.939 0.119 22
18.547 0.933 0.042 35
18.548 0.958 0.106 29
18.546 0.939 0.235 32
18.547 0.952 0.172 23
18.547 0.923 0.046 31
18.803 1.052 0.338 56
18.819 1.053 0.373 78
18.809 1.039 0.315 48
18.791 1.055 0.322 87
18.822 1.059 0.396 41
18.807 1.058 0.364 64
18.807 1.037 0.305 52
18.818 1.044 0.345 50
18.821 1.052 0.373 77
18.809 1.046 0.334 54
18.802 1.055 0.343 75
18.821 1.058 0.391 48
18.823 1.056 0.390 46
18.799 1.045 0.313 50
18.814 1.034 0.311 39
18.817 1.046 0.349 47
18.816 1.047 0.352 49
18.798 1.048 0.316 52
18.808 1.046 0.332 75
18.812 1.048 0.345 59
18.806 1.052 0.342 67
18.808 1.055 0.356 61
18.550 1.022 0.074 34
18.547 0.953 0.367 78
18.550 1.018 0.204 20
18.552 1.063 0.278 17
18.549 0.996 0.188 22
18.548 0.987 0.318 116
18.552 1.052 0.361 62
18.548 0.979 0.282 23
18.546 0.942 0.314 76
18.550 1.017 0.187 19
18.549 1.000 0.171 20
18.551 1.046 0.132 28
18.548 0.983 0.229 25
18.547 0.957 0.302 28
18.552 1.052 0.262 18
18.547 0.949 0.348 71
18.549 1.004 0.154 21
18.551 1.038 0.093 35
18.551 1.043 0.183 17
18.546 0.928 0.338 76
18.550 1.013 0.288 20
18.550 1.021 0.369 88
18.548 0.971 0.285 23
18.550 1.012 0.254 23
18.551 1.047 0.082 34
18.550 1.019 0.279 19
18.549 0.998 0.363 64
18.553 1.071 0.400 48
18.550 1.020 0.354 61
18.552 1.054 0.208 18
18.550 1.016 0.184 19
18.546 0.933 0.326 115
18.546 0.944 0.278 37
18.548 0.974 0.318 120
18.550 1.015 0.218 22
18.551 1.032 0.346 38
18.551 1.048 0.381 52
18.551 1.032 0.156 19
18.547 0.967 0.257 24
18.551 1.048 0.084 35
18.549 0.998 0.277 21
18.551 1.041 0.070 31
18.552 1.056 0.411 37
18.552 1.051 0.275 16
18.551 1.038 0.128 28
18.549 0.990 0.308 77
18.548 0.969 0.350 67
18.551 1.032 0.166 18
18.548 0.969 0.299 23
18.548 0.974 0.375 108
18.550 1.016 0.113 34
18.550 1.012 0.160 20
18.549 1.003 0.315 90
18.552 1.055 0.226 19
18.548 0.977 0.293 21
18.551 1.044 0.338 31
18.551 1.045 0.346 32
18.547 0.954 0.300 31
18.546 0.934 0.407 51
18.547 0.949 0.375 103
18.549 1.002 0.240 24
18.551 1.033 0.088 34
18.548 0.984 0.376 109
18.546 0.941 0.285 39
18.550 1.018 0.375 89
18.548 0.972 0.394 96
18.552 1.064 0.312 21
18.552 1.048 0.402 42
18.547 0.961 0.257 25
18.547 0.962 0.389 103
18.550 1.026 0.378 82
18.549 0.999 0.291 17
18.547 0.949 0.272 31
18.548 0.987 0.203 27
18.551 1.033 0.118 33
18.553 1.071 0.313 17
18.548 0.973 0.228 26
18.549 1.001 0.291 20
18.550 1.009 0.364 79
18.547 0.959 0.318 125
18.551 1.044 0.108 38
18.545 0.920 0.394 124
18.548 0.983 0.316 119
18.552 1.051 0.178 17
18.548 0.984 0.331 59
18.548 0.977 0.381 114
18.549 0.994 0.214 26
18.550 1.013 0.385 82
18.551 1.036 0.109 35
18.551 1.030 0.365 72
18.549 0.989 0.296 18
18.552 1.054 0.390 55
18.551 1.044 0.242 18
18.550 1.027 0.064 31
18.551 1.042 0.088 34
18.551 1.050 0.149 22
18.552 1.063 0.317 54
18.550 1.013 0.219 22
18.547 0.951 0.376 103
18.547 0.956 0.390 105
18.550 1.015 0.138 24
18.550 1.016 0.154 20
18.552 1.063 0.384 54
18.551 1.035 0.208 18
18.550 1.026 0.405 94
18.548 0.985 0.387 93
18.550 1.018 0.274 20
18.548 0.980 0.413 93
18.551 1.050 0.119 35
18.551 1.038 0.348 34
18.547 0.955 0.381 115
18.550 1.025 0.139 24
18.551 1.039 0.098 35
18.550 1.021 0.156 20
18.546 0.938 0.394 112
18.550 1.012 0.107 36
18.551 1.048 0.237 19
18.549 0.988 0.362 73
18.549 0.996 0.341 49
18.548 0.981 0.212 25
18.547 0.964 0.400 95
18.551 1.038 0.057 27
18.545 0.916 0.416 122
18.547 0.954 0.407 64
18.550 1.018 0.377 94
18.549 0.990 0.240 25
18.551 1.042 0.326 31
18.549 0.994 0.380 102
18.551 1.040 0.176 18
18.550 1.011 0.179 19
18.548 0.972 0.267 23
18.552 1.063 0.383 76
18.549 0.998 0.350 89
18.547 0.967 0.266 24
18.545 0.924 0.411 78
18.548 0.981 0.295 19
18.550 1.016 0.120 31
18.550 1.020 0.360 72
18.552 1.053 0.263 18
18.550 1.009 0.343 47
18.549 0.997 0.371 102
18.546 0.943 0.392 110
18.546 0.936 0.309 32
18.550 1.022 0.341 42
18.550 1.028 0.260 18
18.546 0.934 0.374 74
18.546 0.947 0.375 100
18.550 1.009 0.248 22
18.551 1.036 0.247 19
18.546 0.944 0.375 96
18.547 0.968 0.235 26
18.553 1.071 0.350 30
18.547 0.958 0.364 77
18.551 1.048 0.353 30
18.546 0.943 0.365 79
18.549 1.004 0.186 21
18.546 0.945 0.368 76
18.549 1.006 0.225 23
18.551 1.046 0.390 72
18.547 0.947 0.391 115
18.549 0.992 0.241 25
18.548 0.974 0.279 24
18.550 1.010 0.291 17
18.552 1.050 0.324 80
18.550 1.027 0.373 82
18.549 0.998 0.321 113
18.548 0.973 0.404 55
18.550 1.021 0.280 20
18.550 1.015 0.225 21
18.552 1.053 0.237 19
18.546 0.943 0.384 122
18.548 0.979 0.333 63
18.551 1.033 0.393 71
18.550 1.011 0.318 98
18.551 1.028 0.403 62
18.551 1.039 0.069 32
18.547 0.952 0.262 29
18.552 1.061 0.402 78
18.549 0.995 0.214 25
18.550 1.024 0.298 22
18.551 1.048 0.157 20
18.551 1.032 0.268 18
18.547 0.953 0.416 115
18.551 1.035 0.046 27
18.551 1.039 0.100 35
18.552 1.056 0.173 17
18.551 1.048 0.087 34
18.552 1.052 0.406 34
18.551 1.037 0.196 17
18.551 1.032 0.223 20
18.548 0.970 0.254 23
18.552 1.064 0.322 48
18.550 1.025 0.377 82
18.550 1.013 0.320 98
18.549 0.990 0.399 74
18.551 1.035 0.316 84
18.552 1.050 0.254 17
18.551 1.047 0.304 27
18.550 1.026 0.233 20
18.551 1.034 0.093 34
18.549 1.002 0.145 23
18.548 0.984 0.360 65
18.549 0.989 0.351 83
18.546 0.945 0.318 117
18.546 0.943 0.327 110
18.551 1.029 0.336 39
18.550 1.027 0.333 35
18.550 1.012 0.251 22
18.552 1.053 0.179 18
18.551 1.033 0.300 42
18.547 0.958 0.335 62
18.550 1.020 0.361 72
18.551 1.047 0.138 27
18.549 1.003 0.379 97
18.550 1.014 0.108 36
18.549 0.992 0.169 22
18.550 1.026 0.190 19
18.551 1.036 0.058 26
18.545 0.919 0.345 70
18.550 1.020 0.359 72
18.552 1.053 0.172 17
18.547 0.964 0.399 95
18.550 1.025 0.263 18
18.549 1.002 0.391 86
18.552 1.056 0.228 19
18.547 0.955 0.404 59
18.549 1.002 0.245 23
18.548 0.986 0.401 60
18.551 1.035 0.338 36
18.550 1.024 0.183 19
18.552 1.056 0.333 32
18.551 1.037 0.225 19
18.550 1.028 0.307 83
18.551 1.048 0.323 74
18.551 1.036 0.373 71
18.549 1.003 0.187 21
18.547 0.965 0.256 24
18.551 1.047 0.131 28
18.549 1.007 0.116 31
18.552 1.064 0.232 19
18.551 1.035 0.281 18
18.549 0.997 0.244 24
18.547 0.961 0.316 112
18.549 0.992 0.200 24
18.551 1.040 0.306 63
18.550 1.015 0.180 19
18.548 0.977 0.195 26
18.549 0.988 0.396 85
18.551 1.039 0.050 25
18.548 0.983 0.385 93
18.545 0.922 0.377 109
18.549 1.007 0.315 98
18.546 0.933 0.396 109
18.549 1.004 0.131 27
18.550 1.016 0.399 49
18.548 0.987 0.212 27
18.550 1.010 0.349 62
18.550 1.011 0.142 24
18.552 1.058 0.305 16
18.546 0.931 0.352 75
18.548 0.977 0.391 90
18.550 1.024 0.194 18
18.548 0.969 0.269 23
18.550 1.026 0.244 21
18.549 1.002 0.396 80
18.551 1.044 0.259 15
18.550 1.012 0.364 80
18.551 1.041 0.398 47
18.549 1.007 0.185 20
18.551 1.034 0.059 27
18.552 1.058 0.183 18
18.547 0.962 0.298 26
18.548 0.981 0.261 22
18.548 0.976 0.410 82
18.549 1.009 0.212 21
18.551 1.044 0.263 17
18.547 0.958 0.297 30
18.552 1.048 0.412 110
18.548 0.984 0.320 121
18.550 1.016 0.149 23
18.545 0.918 0.389 134
18.551 1.036 0.323 43
18.553 1.074 0.335 79
18.551 1.041 0.167 18
18.545 0.923 0.366 76
18.549 1.007 0.325 62
18.548 0.973 0.404 55
18.550 1.030 0.141 23
18.551 1.041 0.108 35
18.545 0.926 0.357 76
18.547 0.962 0.245 25
18.547 0.963 0.246 25
18.550 1.017 0.264 20
18.548 0.986 0.317 116
18.548 0.978 0.416 87
18.550 1.015 0.297 19
18.545 0.915 0.360 86
18.550 1.025 0.397 47
18.551 1.038 0.164 18
18.547 0.950 0.411 80
18.551 1.044 0.371 71
18.549 0.995 0.284 21
18.549 1.005 0.242 23
18.551 1.048 0.360 52
18.548 0.971 0.302 19
18.550 1.021 0.184 19
18.549 1.005 0.228 23
18.551 1.047 0.254 17
18.551 1.038 0.336 36
18.549 0.993 0.177 21
18.551 1.043 0.238 18
18.551 1.038 0.096 35
18.551 1.040 0.252 18
18.553 1.070 0.352 30
18.552 1.050 0.134 29
18.549 0.989 0.276 22
18.551 1.040 0.392 72
18.547 0.958 0.261 26
18.552 1.058 0.172 17
18.547 0.950 0.320 129
18.548 0.977 0.194 26
18.548 0.979 0.310 100
18.552 1.057 0.402 70
18.551 1.036 0.315 84
18.546 0.947 0.325 121
18.550 1.020 0.080 34
18.547 0.951 0.281 34
18.550 1.017 0.252 20
18.549 1.005 0.270 31
18.551 1.041 0.243 18
18.550 1.016 0.276 19
18.553 1.070 0.305 15
18.551 1.030 0.407 110
18.547 0.969 0.259 24
18.552 1.052 0.114 38
18.548 0.981 0.248 23
18.549 0.999 0.321 89
18.550 1.014 0.183 19
18.549 0.994 0.207 24
18.551 1.045 0.049 32
18.547 0.966 0.237 26
18.549 1.007 0.312 93
18.548 0.977 0.196 26
18.547 0.966 0.378 113
18.545 0.919 0.379 87
18.549 1.003 0.177 20
18.548 0.974 0.246 25
18.552 1.055 0.238 19
18.548 0.987 0.295 18
18.548 0.979 0.249 24
18.552 1.051 0.354 31
18.548 0.975 0.310 49
18.547 0.964 0.245 25
18.547 0.958 0.364 77
18.550 1.013 0.408 81
18.550 1.027 0.300 49
18.552 1.066 0.404 78
18.548 0.988 0.192 24
18.552 1.056 0.374 73
18.549 0.990 0.159 22
18.550 1.025 0.135 25
18.550 1.013 0.363 80
18.551 1.036 0.302 67
18.552 1.056 0.227 19
18.553 1.078 0.409 61
18.547 0.948 0.300 37
18.551 1.043 0.164 18
18.551 1.046 0.266 18
18.549 0.997 0.413 85
18.550 1.024 0.151 22
18.551 1.043 0.145 23
18.551 1.043 0.271 18
18.551 1.049 0.247 19
18.796 1.035 0.293 49
18.794 1.028 0.281 43
18.784 1.033 0.284 48
18.790 1.028 0.279 43
18.800 1.031 0.289 47
18.789 1.039 0.295 59
18.804 1.033 0.293 46
18.792 1.037 0.293 51
18.786 1.034 0.286 47
18.801 1.059 0.356 64
18.773 1.062 0.371 56
18.745 1.065 0.380 51
18.764 1.063 0.373 46
18.787 1.062 0.385 52
18.791 1.061 0.373 58
18.762 1.063 0.362 58
18.802 1.062 0.401 91
18.765 1.065 0.395 55
18.794 1.058 0.338 56
18.807 1.062 0.405 51
18.772 1.064 0.395 47
18.789 1.058 0.332 68
18.737 1.066 0.385 42
18.809 1.060 0.385 81
18.807 1.062 0.405 56
18.792 1.061 0.377 56
18.792 1.060 0.367 69
18.786 1.063 0.402 62
18.754 1.064 0.379 46
18.773 1.060 0.340 69
18.804 1.060 0.377 54
18.799 1.060 0.365 59
18.763 1.065 0.397 55
18.764 1.062 0.351 59
18.783 1.061 0.361 64
18.795 1.061 0.383 49
18.810 1.061 0.395 86
18.807 1.059 0.369 57
18.742 1.066 0.388 52
18.801 1.059 0.361 59
18.790 1.061 0.372 59
18.807 1.060 0.383 72
18.761 1.062 0.354 58
18.791 1.063 0.402 71
18.792 1.058 0.337 56
18.806 1.060 0.373 56
18.800 1.060 0.370 58
18.787 1.059 0.334 65
18.743 1.065 0.380 55
18.796 1.062 0.396 77
18.797 1.060 0.369 58
18.762 1.062 0.352 59
18.809 1.061 0.388 78
18.768 1.071 0.403 58
18.738 1.087 0.402 118
18.772 1.087 0.409 86
18.815 1.063 0.409 46
18.782 1.095 0.413 104
18.772 1.090 0.409 109
18.774 1.096 0.412 93
18.752 1.082 0.403 78
18.741 1.075 0.399 47
18.807 1.076 0.412 87
18.776 1.103 0.414 70
18.737 1.078 0.399 66
18.779 1.083 0.409 75
18.758 1.085 0.406 73
18.807 1.079 0.413 98
18.760 1.111 0.413 51
18.773 1.091 0.410 117
18.783 1.098 0.414 75
18.756 1.085 0.405 73
18.732 1.068 0.396 50
18.806 1.076 0.411 63
18.757 1.078 0.403 79
18.781 1.075 0.407 65
18.752 1.067 0.399 74
18.786 1.095 0.414 87
18.763 1.070 0.402 50
18.769 1.114 0.416 71
18.778 1.079 0.407 74
18.799 1.081 0.412 71
18.813 1.064 0.409 37
18.767 1.078 0.405 74
18.757 1.120 0.417 59
18.694 1.108 0.415 61
18.676 1.103 0.414 64
18.680 1.105 0.415 59
18.737 1.116 0.416 63
18.739 1.094 0.406 101
18.678 1.096 0.410 85
18.725 1.080 0.399 71
18.736 1.110 0.413 49
18.733 1.112 0.414 52
18.703 1.103 0.412 61
18.724 1.098 0.408 70
18.706 1.091 0.406 104
18.727 1.101 0.409 67
18.724 1.104 0.411 63
18.749 1.105 0.410 55
18.719 1.073 0.397 44
18.733 1.092 0.405 95
18.724 1.106 0.412 61
18.690 1.096 0.410 82
18.721 1.074 0.397 48
18.747 1.108 0.411 51
18.722 1.094 0.407 81
18.716 1.108 0.414 63
18.725 1.091 0.405 106
18.815 0.927 0.329 35
18.820 0.924 0.375 48
18.809 0.916 0.279 57
18.808 0.926 0.263 38
18.811 0.976 0.280 53
18.817 0.930 0.346 40
18.805 0.943 0.233 33
18.803 0.924 0.219 48
18.808 0.970 0.261 45
18.814 0.987 0.302 46
18.813 0.938 0.310 31
18.816 0.927 0.340 36
18.813 0.916 0.314 34
18.812 0.982 0.286 54
18.809 0.956 0.273 39
18.812 0.951 0.292 39
18.814 0.986 0.310 50
18.814 0.969 0.309 49
18.816 0.972 0.329 38
18.810 0.979 0.270 52
18.806 0.944 0.245 37
18.814 0.969 0.306 47
18.809 0.947 0.270 31
18.808 0.922 0.266 45
18.815 0.920 0.326 40
18.819 0.945 0.360 44
18.803 0.936 0.218 34
18.812 0.981 0.293 55
18.810 0.964 0.272 47
18.802 0.933 0.216 34
18.811 0.932 0.288 35
18.809 0.982 0.267 48
18.813 0.999 0.296 50
18.815 0.986 0.316 38
18.821 0.931 0.381 59
18.808 0.974 0.258 51
18.822 0.920 0.395 51
18.812 1.005 0.289 42
18.813 0.996 0.292 53
18.816 0.945 0.335 51
18.816 0.951 0.329 50
18.815 0.966 0.317 42
18.802 0.930 0.210 44
18.819 0.951 0.359 41
18.812 0.940 0.303 33
18.809 0.974 0.268 49
18.819 0.913 0.365 46
18.808 0.940 0.262 40
18.806 0.953 0.242 41
18.809 0.979 0.265 43
18.819 0.928 0.364 51
18.818 0.963 0.351 42
18.806 0.966 0.244 33
18.812 0.943 0.294 32
18.817 0.971 0.339 39
18.807 0.974 0.247 36
18.806 0.950 0.245 39
18.821 0.939 0.375 36
18.815 0.988 0.311 46
18.811 0.935 0.288 32
18.818 0.953 0.348 42
18.811 0.991 0.277 50
18.812 0.984 0.290 55
18.821 0.930 0.383 59
18.813 0.925 0.311 36
18.814 0.932 0.319 32
18.811 0.936 0.292 31
18.804 0.935 0.226 29
18.810 0.960 0.274 46
18.814 0.976 0.311 45
18.812 0.933 0.299 31
18.816 0.942 0.330 45
18.811 0.923 0.291 36
18.808 0.972 0.261 51
18.808 0.974 0.252 41
18.810 0.973 0.274 51
18.804 0.943 0.231 34
18.815 0.941 0.327 43
18.812 0.925 0.301 35
18.814 0.946 0.317 43
18.818 0.920 0.354 40
18.812 0.964 0.294 50
18.804 0.929 0.234 38
18.814 0.946 0.314 41
18.808 0.980 0.256 47
18.819 0.918 0.363 43
18.802 0.930 0.214 41
18.813 0.966 0.298 48
18.814 0.976 0.310 45
18.812 0.928 0.302 32
18.819 0.922 0.361 42
18.809 0.983 0.260 46
18.807 0.964 0.249 31
18.812 0.917 0.305 39
18.810 0.971 0.276 52
18.818 0.923 0.360 43
18.803 0.931 0.224 34
18.812 0.967 0.290 51
18.815 0.945 0.326 47
18.818 0.917 0.361 43
18.809 0.987 0.262 43
18.813 0.964 0.300 50
18.814 0.988 0.302 46
18.811 0.947 0.291 38
18.812 0.996 0.282 48
18.808 0.926 0.271 36
18.813 0.993 0.295 52
18.809 0.980 0.262 45
18.810 0.992 0.269 47
18.811 0.987 0.278 49
18.808 0.934 0.263 37
18.808 0.953 0.260 36
18.809 0.976 0.264 43
18.817 0.933 0.345 42
18.818 0.920 0.353 40
18.806 0.926 0.247 39
18.818 0.924 0.352 38
18.825 1.001 0.403 36
18.823 0.922 0.401 94
18.824 1.041 0.378 62
18.826 1.000 0.404 37
18.822 1.016 0.368 81
18.824 0.938 0.404 37
18.823 0.960 0.388 37
18.822 1.015 0.370 83
18.814 1.029 0.301 57
18.816 1.014 0.319 61
18.825 1.015 0.396 34
18.823 0.971 0.390 30
18.823 1.049 0.369 77
18.819 0.990 0.346 56
18.814 1.028 0.298 56
18.824 0.944 0.402 44
18.822 0.926 0.394 56
18.825 1.041 0.389 35
18.818 1.018 0.330 37
18.824 0.992 0.389 32
18.825 0.960 0.410 41
18.816 1.030 0.314 64
18.818 1.017 0.336 97
18.820 0.981 0.360 105
18.819 1.019 0.345 100
18.821 0.948 0.378 82
18.820 0.976 0.358 79
18.817 1.003 0.333 69
18.827 1.018 0.410 39
18.824 0.938 0.408 43
18.825 1.038 0.394 35
18.826 0.965 0.414 43
18.825 1.054 0.389 50
18.820 1.025 0.352 42
18.817 0.991 0.330 49
18.822 1.003 0.369 53
18.824 1.040 0.377 65
18.823 1.005 0.382 108
18.826 1.004 0.411 41
18.824 1.032 0.381 70
18.825 1.017 0.393 30
18.823 1.028 0.372 109
18.822 0.928 0.390 64
18.823 1.001 0.382 96
18.823 0.974 0.387 44
18.827 1.034 0.408 35
18.815 1.008 0.306 52
18.817 1.030 0.324 62
18.822 0.966 0.380 101
18.823 1.046 0.371 67
18.822 0.932 0.392 90
18.823 0.953 0.392 23
18.825 0.994 0.402 37
18.824 0.954 0.403 39
18.823 0.961 0.390 37
18.818 1.008 0.338 36
18.820 1.023 0.346 72
18.825 0.966 0.403 41
18.823 0.923 0.399 74
18.821 0.997 0.363 31
18.824 1.047 0.380 54
18.820 0.980 0.358 73
18.822 0.955 0.387 154
18.824 0.917 0.406 78
18.815 1.011 0.312 70
18.823 0.977 0.390 31
18.827 1.013 0.410 39
18.825 1.023 0.396 35
18.815 1.011 0.307 49
18.825 0.959 0.410 41
18.816 1.030 0.316 64
18.821 0.978 0.369 124
18.823 0.926 0.402 122
18.822 1.024 0.370 77
18.822 0.963 0.385 82
18.823 0.975 0.391 31
18.823 1.002 0.380 58
18.822 0.948 0.389 87
18.822 0.981 0.378 86
18.825 0.958 0.409 41
18.823 1.015 0.381 70
18.822 0.969 0.379 61
18.825 1.041 0.387 51
18.825 0.986 0.405 41
18.823 1.047 0.370 67
18.822 0.932 0.387 53
18.822 1.034 0.367 91
18.825 0.982 0.406 42
18.824 0.962 0.398 41
18.824 1.001 0.386 78
18.827 1.034 0.406 35
18.823 0.986 0.385 65
18.825 0.950 0.414 42
18.815 1.005 0.312 52
18.821 1.030 0.359 47
18.826 0.994 0.408 41
18.825 1.020 0.395 34
18.818 0.977 0.343 41
18.826 1.028 0.403 40
18.818 0.975 0.343 36
18.793 1.121 0.062 29
18.789 1.117 0.069 7
18.802 1.063 0.241 17
18.806 1.053 0.273 17
18.805 1.069 0.271 17
18.807 1.064 0.286 18
18.803 1.068 0.254 16
18.805 1.080 0.286 18
18.810 1.082 0.333 37
18.804 1.083 0.281 18
18.804 1.053 0.253 16
18.805 1.062 0.271 18
18.804 1.059 0.260 17
18.803 1.085 0.276 18
18.800 1.070 0.223 23
18.802 1.072 0.250 16
18.804 1.074 0.266 18
18.805 1.049 0.257 16
18.803 1.052 0.239 14
18.805 1.036 0.241 18
18.803 1.083 0.269 18
18.803 1.076 0.266 18
18.804 1.029 0.224 16
18.798 1.083 0.220 24
18.803 1.045 0.236 14
18.806 1.050 0.264 18
18.806 1.074 0.287 18
18.804 1.040 0.241 18
18.805 1.068 0.278 18
18.806 1.085 0.303 14
18.801 1.079 0.245 21
18.803 1.043 0.228 14
18.807 1.075 0.299 15
18.805 1.046 0.249 15
18.808 1.071 0.305 14
18.805 1.032 0.236 17
18.804 1.051 0.251 15
18.803 1.071 0.253 16
18.803 1.077 0.260 19
18.801 1.051 0.217 21
18.805 1.040 0.251 19
18.798 1.084 0.216 24
18.800 1.076 0.231 24
18.807 1.072 0.300 14
18.811 1.038 0.292 15
18.811 1.047 0.298 15
18.810 1.040 0.281 13
18.811 1.033 0.286 14
18.809 1.028 0.263 17
18.810 1.054 0.301 17
18.810 1.080 0.338 20
18.809 1.041 0.275 17
18.810 1.069 0.323 81
18.810 1.044 0.289 14
18.808 1.038 0.269 17
18.808 1.056 0.287 15
18.808 1.029 0.258 17
18.808 1.033 0.262 17
18.811 1.047 0.302 28
18.806 1.032 0.249 18
18.810 1.032 0.275 15
18.809 1.042 0.282 13
18.807 1.049 0.277 17
18.600 0.919 0.408 96
18.586 0.915 0.407 82
18.602 0.914 0.413 102
18.588 0.923 0.401 85
18.583 0.915 0.407 92
18.599 0.916 0.410 100
18.766 0.987 0.171 32
18.766 0.989 0.173 29
18.751 0.988 0.179 47
18.759 0.991 0.179 37
18.753 1.001 0.191 36
18.772 0.986 0.167 30
18.762 0.988 0.174 33
18.789 0.978 0.152 36
18.789 0.979 0.152 36
18.750 0.982 0.174 55
18.761 0.983 0.170 46
18.751 0.979 0.171 63
18.775 0.994 0.177 32
18.777 1.003 0.192 27
18.779 1.010 0.203 44
18.796 0.993 0.173 32
18.786 1.009 0.199 43
18.773 0.993 0.176 34
18.790 0.996 0.179 27
18.785 1.005 0.194 44
18.773 0.997 0.182 33
18.794 1.010 0.201 46
18.769 0.996 0.180 36
18.796 0.988 0.165 33
18.795 1.010 0.201 52
18.800 0.995 0.176 34
18.803 1.018 0.213 72
18.763 1.004 0.194 33
18.796 0.994 0.176 31
18.782 0.985 0.161 27
18.792 0.992 0.172 31
18.798 1.009 0.199 51
18.771 1.004 0.247 28
18.780 1.016 0.263 19
18.781 1.014 0.261 20
18.762 0.999 0.239 27
18.783 1.013 0.261 42
18.798 1.023 0.277 44
18.773 1.016 0.259 24
18.739 1.018 0.260 20
18.754 1.013 0.255 24
18.743 1.009 0.249 20
18.742 1.011 0.251 20
18.754 0.995 0.232 24
18.757 1.019 0.263 22
18.774 1.024 0.269 23
18.752 1.014 0.256 23
18.753 1.010 0.251 21
18.762 1.015 0.257 21
18.567 0.939 0.410 90
18.571 0.933 0.408 55
18.589 0.930 0.399 83
18.574 0.940 0.407 82
18.566 0.921 0.410 65
18.558 0.928 0.414 119
18.559 0.938 0.414 112
18.555 0.913 0.415 129
18.571 0.950 0.409 86
18.565 0.954 0.411 112
18.584 0.941 0.402 86
18.587 0.925 0.400 83
18.566 0.916 0.410 127
18.560 0.924 0.413 81
18.577 0.955 0.406 95
18.569 0.938 0.409 78
18.578 0.921 0.404 55
18.550 0.916 0.417 139
18.555 0.977 0.415 82
18.547 0.922 0.418 111
18.564 0.976 0.412 91
18.557 0.969 0.414 92
18.553 0.980 0.415 84
18.551 0.949 0.416 91
18.547 0.934 0.417 131
18.548 0.927 0.417 126
